1	0.8782156365502339
2	0.9838981538483189
3	1.0
4	0.9371316004437271
5	0.8925879504044915
6	0.9524680951766599
7	0.9524680951766599
8	0.7967132492073022
9	0.9071954723294419
10	1.0
11	1.0
12	0.9838981538483189
13	0.9838981538483189
14	1.0
15	0.9838981538483189
16	0.9071954723294419
17	0.8501615448994048
18	0.9071954723294419
19	1.0
20	0.9838981538483189
21	0.9838981538483189
22	0.9524680951766599
23	0.9371316004437271
24	0.03828064801966439
25	0.022404439747548983
26	0.007429233258548931
27	0.002715520127955534
28	0.09975178733729329
29	0.9680555771461301
30	0.9680555771461301
31	0.020657835589543778
32	0.00013478140409426653
33	8.982218558500615e-05
34	0.0030422997831473643
35	0.04651334071458728
36	0.8925879504044915
37	0.9071954723294419
38	0.1972488898661499
39	0.11733274450692358
40	0.11175569566235918
41	0.03361866366814549
42	0.10818572446379239
43	0.03954385360034535
44	0.007429233258548931
45	0.0015637163575655457
46	0.001094110495432293
47	0.0005101736581558181
48	3.678253276172603e-05
49	0.0010088158858740138
50	0.0012458335400746356
51	0.0010591597671173467
52	0.006214348384488035
53	0.11733274450692358
54	0.9838981538483189
55	0.04804821315291625
56	0.004419250868277081
57	0.003299523896879449
58	0.002271457569431769
59	0.000650827425746295
60	0.0015385376373511798
61	0.0001585362275004046
62	0.001641751955245846
63	0.010968329737619282
64	0.019359110527732544
65	0.05838153282986845
66	0.22827757824649536
67	0.823003625015039
68	0.8925879504044915
69	0.22098538275893193
70	0.1472709844146121
71	0.12520412762878458
72	0.15972263321475677
73	0.33159647562093936
74	0.2819105719970956
75	0.19094788792080922
76	0.2037578156903402
77	0.10818572446379239
78	0.305745894681384
79	0.823003625015039
80	0.8501615448994048
81	0.823003625015039
82	0.7967132492073022
83	0.2685108255202363
84	0.33159647562093936
85	0.2912132099152574
86	0.19094788792080922
87	0.14027091400017713
88	0.7346031188276403
89	0.17043778391330164
90	0.24359180518339563
91	0.2685108255202363
92	0.11358461770178932
93	0.21048152657828498
94	0.6144752151203912
95	0.7466251623243612
96	0.6664286233595221
97	0.7466251623243612
98	0.8097517472627709
99	0.6996860333005861
100	0.7227746524257325
101	0.7227746524257325
102	0.4230169025093204
103	0.35384195289533515
104	0.3008228213237163
105	0.6347520014624478
106	0.9071954723294419
107	0.9680555771461301
108	0.9371316004437271
109	0.8925879504044915
110	0.9524680951766599
111	0.9524680951766599
112	0.9838981538483189
113	0.7111366461700487
114	0.6245313223904189
115	0.6245313223904189
116	0.513991542262758
117	0.7466251623243612
118	0.6045810297425014
119	0.5665719880005149
120	0.783884695041549
121	0.6245313223904189
122	0.6996860333005861
123	0.7967132492073022
124	0.4369758436353279
125	0.5948461590153712
126	0.585268037678979
127	0.783884695041549
128	0.48956054519591574
129	0.6664286233595221
130	0.9220420515895167
131	0.8364723744993472
132	0.677334966787895
133	0.37757978999725095
134	0.35384195289533515
135	0.3596327033558848
136	0.823003625015039
137	0.5758441417787838
138	0.23966952741252573
139	0.25993340216897615
140	0.5309525138815143
141	0.48956054519591574
142	0.7466251623243612
143	0.9524680951766599
144	0.9838981538483189
145	0.9838981538483189
146	0.9838981538483189
147	0.9838981538483189
148	0.9680555771461301
149	0.5309525138815143
150	0.5224031981891384
151	0.513991542262758
152	0.8501615448994048
153	0.277371291338266
154	0.08343961441458082
155	0.018142034232021265
156	0.003520875718327174
157	0.008881624169591297
158	0.010446984132459602
159	0.005198130749138962
160	0.0012869442307717569
161	0.0024635075651007273
162	0.0029933131400917898
163	0.004209195456615611
164	0.0472745482168648
165	0.9838981538483189
166	0.11358461770178932
167	0.0058236622472702445
168	0.0011302145468318695
169	0.0012662220527620764
170	0.0010088158858740138
171	3.678253276172603e-05
172	0.0005185228330395549
173	0.0011120160060804065
174	0.0015637163575655457
175	0.007799981223697674
176	0.03890712455342853
177	0.34253867592860743
178	0.8097517472627709
179	0.7588439508744759
180	0.22098538275893193
181	0.11175569566235918
182	0.024696375181437153
183	0.10138426111191785
184	0.9371316004437271
185	1.0
186	0.10304345090533384
187	0.0029933131400917898
188	0.0003871421943870452
189	0.0005101736581558181
190	0.025928821455018843
191	1.0
192	1.0
193	0.9680555771461301
194	0.1789432998085799
195	0.042887256098759645
196	0.04430247303072529
197	0.0472745482168648
198	0.06331764666180247
199	0.9838981538483189
200	0.9371316004437271
