1	0.27290510147824404
2	0.14256649781436606
3	0.1472709844146142
4	0.1272531380804732
5	0.13360357026643588
6	0.12318811002814868
7	0.154620385880011
8	0.21392613224755636
9	1.0
10	1.0
11	0.8501615448993928
12	0.7712627042813325
13	0.9220420515895035
14	0.7227746524257324
15	0.6556978921951105
16	0.677334966787895
17	0.9220420515895035
18	0.6347520014624386
19	0.10995622264422977
20	0.40950387170122843
21	0.4369758436353278
22	0.2865241396118646
23	0.27737129133826594
24	0.34814444420780405
25	0.6144752151203823
26	0.5758441417787756
27	0.7967132492072908
28	0.9680555771461301
29	0.9524680951766462
30	0.699686033300596
31	0.03828064801966439
32	0.00932485215470036
33	0.023522509426831248
34	0.02204368690561934
35	0.030997821620274372
36	0.4369758436353278
37	0.9680555771461301
38	0.783884695041549
39	0.783884695041549
40	0.8230036250150273
41	0.9838981538483048
42	0.8925879504044913
43	0.7967132492072908
44	0.783884695041549
45	0.8501615448993928
46	0.9371316004437404
47	0.9524680951766462
48	0.6451399456130031
49	0.548473172838661
50	0.34814444420780405
51	0.42993972582911066
52	0.6556978921951105
53	0.5057153295259778
54	0.46629079995640094
55	0.42301690250932045
56	0.1117556956623576
57	0.2320134226836728
58	0.37150005830873106
59	0.9838981538483048
60	0.699686033300596
61	0.37150005830873106
62	0.13145230613269226
63	0.1272531380804732
64	0.305745894681384
65	0.48956054519591574
66	0.548473172838661
67	1.0
68	0.9680555771461301
69	0.9524680951766462
70	0.9524680951766462
71	0.3775797899972509
72	0.3775797899972509
73	0.3210038175868511
74	0.37150005830873106
75	0.48956054519591574
76	0.25574799451756464
77	0.5224031981891457
78	0.677334966787895
79	0.699686033300596
80	0.699686033300596
81	0.9680555771461301
82	0.5948461590153626
83	0.481677716615238
84	0.0612950009827268
85	0.21392613224755636
86	0.24757827243666986
87	0.5396417421912961
88	0.2435918051833956
89	0.23581040555488308
90	0.9524680951766462
91	0.8925879504044913
92	0.8925879504044913
93	0.34814444420780405
94	0.06867110513305613
95	0.011147830387442765
96	0.048834539393112344
97	0.04804821315291556
98	0.3370231708678045
99	0.048834539393112344
100	0.0472745482168648
101	0.002851035264810493
102	0.015932618141390686
103	0.04576439005840027
104	0.27290510147824404
105	0.9220420515895035
106	0.25993340216897615
107	0.06435386265758035
108	0.0861930000553915
109	0.41620554942555466
110	0.6884197964379
111	0.6664286233595221
112	0.6664286233595221
113	0.25162997965624534
114	0.25162997965624534
115	0.1272531380804732
116	0.12933568132305814
117	0.9838981538483048
118	0.746625162324361
119	0.7227746524257324
120	0.7346031188276297
121	0.9838981538483048
122	0.9838981538483048
123	1.0
124	1.0
125	0.08077418408895644
126	0.06756537356313774
127	0.04651334071458662
128	0.03954385360034535
129	0.7346031188276297
130	0.15715080394779132
131	0.36551822152450336
132	0.3538419528953301
133	0.5139915422627507
134	0.9071954723294418
135	0.27737129133826594
136	0.2685108255202324
137	0.027222771645920248
138	0.030997821620274372
139	0.8230036250150273
140	0.9524680951766462
141	0.9838981538483048
142	1.0
143	0.45139540946972445
144	0.008189230970776996
145	0.020325206299054217
146	0.2685108255202324
147	0.006015834611932686
148	0.0069621692536538235
149	0.0376642589146651
150	0.45878265723355216
151	1.0
152	0.9680555771461301
153	0.7227746524257324
154	0.9524680951766462
155	1.0
156	1.0
157	0.9838981538483048
158	0.22827757824649536
159	0.17894329980857734
160	0.17322705937262783
161	0.16499324727369863
162	0.1676934209382962
163	0.09049436982916054
164	0.09197534264619776
165	0.23581040555488308
166	0.8230036250150273
167	0.8640747434825012
168	0.9220420515895035
169	0.8925879504044913
170	0.9838981538483048
171	0.8782156365502339
172	0.8782156365502339
173	0.8925879504044913
174	1.0
175	0.22460188780169194
176	0.05044600800408381
177	0.007927630713798489
178	0.00010565307984570665
179	0.0005101736581558108
180	2.6157406985813598e-05
181	1.6336119975154778e-05
182	5.007129947995231e-05
183	0.00010738213038866317
184	0.01469054391828022
185	1.0
186	1.0
187	1.0
188	1.0
189	1.0
190	1.0
191	0.01567607357528453
192	0.0010421053394971728
193	4.4693038576900104e-05
194	8.815652244038559e-06
195	1.9849390061746404e-05
196	0.0005443991622033086
197	0.00024976089423135706
198	0.0069621692536538235
199	0.05044600800408381
200	0.23581040555488308
