1	0.3900393726467363
2	0.1357900406092586
3	0.16499324727369863
4	0.9220420515895166
5	0.14727098441461417
6	0.027668282067045122
7	0.00947745670446487
8	0.009632558682416177
9	0.0547111792972134
10	0.14027091400017713
11	0.9220420515895166
12	0.8782156365502339
13	0.8640747434825136
14	0.8501615448993927
15	0.8782156365502339
16	0.15972263321475674
17	0.18187177108593947
18	0.9524680951766462
19	0.9524680951766462
20	0.13360357026643588
21	0.02551131956105572
22	0.004278080449843506
23	0.003520875718327174
24	0.0045650797047264175
25	0.015423659850313085
26	0.015175310452307482
27	0.013766972933527001
28	0.01814203423202126
29	0.020657835589543774
30	0.10644373457266823
31	0.9524680951766462
32	1.0
33	1.0
34	1.0
35	1.0
36	0.9838981538483188
37	0.9838981538483188
38	0.9838981538483188
39	0.07819389939674361
40	0.22460188780169194
41	0.20375781569034307
42	0.21742711012398033
43	0.21048152657828498
44	0.21392613224755938
45	0.01248933551297767
46	0.0022714575694317367
47	0.00018647776819776454
48	0.0013957543786134268
49	0.003944570074838709
50	0.0675653735631387
51	0.836472374499359
52	0.8640747434825136
53	0.8230036250150389
54	0.8925879504044915
55	0.011515692539375738
56	0.008738613623635485
57	0.008597905811488843
58	0.09348055211451997
59	0.9524680951766462
60	0.9838981538483188
61	0.9838981538483188
62	0.9838981538483188
63	0.9838981538483188
64	0.9524680951766462
65	0.9838981538483188
66	0.10472979393476875
67	0.030007614098887924
68	0.008189230970776996
69	0.01044698413245945
70	0.9071954723294416
71	0.8925879504044915
72	0.8925879504044915
73	0.8501615448993927
74	0.8782156365502339
75	0.43697584363533404
76	0.305745894681384
77	0.26418730551764474
78	0.27290510147824404
79	0.31074953590015464
80	0.9071954723294416
81	0.8925879504044915
82	0.6347520014624387
83	0.5665719880005069
84	0.8501615448993927
85	0.585268037678987
86	0.08903724340857805
87	0.04151724745489865
88	0.0769348332586572
89	0.030997821620274372
90	0.03416884515602848
91	0.8782156365502339
92	0.8925879504044915
93	0.40291010336057753
94	0.3900393726467363
95	0.37150005830873106
96	0.37150005830873106
97	0.4975723790934037
98	0.5057153295259778
99	0.18787327440651988
100	0.15213071221465965
101	0.1496811268916314
102	0.06435386265758125
103	0.38375901867528034
104	0.19407281858793526
105	0.305745894681384
106	0.46629079995640094
107	0.42993972582911677
108	0.12120455403276079
109	0.09975178733729186
110	0.13145230613269226
111	0.7111366461700385
112	0.7712627042813434
113	0.6451399456130122
114	0.7967132492072908
115	0.8501615448993927
116	0.8640747434825136
117	0.9680555771461439
118	0.9220420515895166
119	0.9371316004437403
120	0.1252041276287828
121	0.12120455403276079
122	0.154620385880011
123	0.16769342093829617
124	0.13145230613269226
125	0.7227746524257427
126	0.7111366461700385
127	0.009790198959862087
128	0.009950419076984586
129	0.009174704819918202
130	0.027668282067045122
131	0.1848481678460135
132	0.836472374499359
133	0.8640747434825136
134	0.9220420515895166
135	0.9371316004437403
136	0.8925879504044915
137	0.8230036250150389
138	0.8230036250150389
139	0.9524680951766462
140	0.9524680951766462
141	0.3262571601860559
142	0.22098538275893195
143	0.20047693868989172
144	0.1272531380804732
145	0.14027091400017713
146	0.8925879504044915
147	0.1252041276287828
148	0.10472979393476875
149	0.10644373457266823
150	0.1848481678460135
151	0.18187177108593947
152	0.9220420515895166
153	0.836472374499359
154	0.8097517472627824
155	0.7967132492072908
156	0.8230036250150389
157	0.9371316004437403
158	0.783884695041549
159	0.9524680951766462
160	0.9220420515895166
161	0.40291010336057753
162	0.40291010336057753
163	0.305745894681384
164	0.14727098441461417
165	0.11175569566235759
166	0.6884197964379097
167	0.6347520014624387
168	0.31583506350196977
169	0.22098538275893195
170	0.25993340216897615
171	0.45878265723355866
172	0.4162055494255546
173	0.15972263321475674
174	0.23581040555488308
175	0.5224031981891458
176	0.43697584363533404
177	0.3262571601860559
178	0.2912132099152615
179	0.2685108255202324
180	0.8097517472627824
181	0.06979493239667436
182	0.08343961441457962
183	0.836472374499359
184	0.9220420515895166
185	0.9371316004437403
186	0.9680555771461439
187	0.9838981538483188
188	0.19724888986614708
189	0.028581295041564064
190	0.0047157206801953155
191	0.005369661486237472
192	0.052110652730084805
193	0.24757827243666986
194	0.9524680951766462
195	0.9220420515895166
196	0.16233655139003353
197	0.16233655139003353
198	0.3596327033558847
199	1.0
200	1.0
