1	0.9838981538483188
2	0.9838981538483188
3	0.9220420515895166
4	0.9071954723294419
5	0.9838981538483188
6	1.0
7	1.0
8	0.9838981538483188
9	0.08209608258032164
10	0.07947357060372962
11	0.10472979393476875
12	0.8640747434825136
13	0.25993340216897615
14	0.2729051014782441
15	0.9220420515895166
16	0.8230036250150389
17	0.9371316004437404
18	1.0
19	0.9838981538483188
20	0.04727454821686548
21	0.019997932954225667
22	0.024696375181437153
23	0.03587400494469159
24	0.005114431247540003
25	0.04084874312373917
26	0.9071954723294419
27	0.9071954723294419
28	0.9838981538483188
29	0.9838981538483188
30	0.9838981538483188
31	0.9838981538483188
32	0.8782156365502338
33	0.057441482370142585
34	0.011515692539375738
35	0.000672303782046231
36	0.0022348829091087073
37	0.0010421053394971801
38	0.00021233710769518583
39	0.001395754378613417
40	0.0015137643410159693
41	0.005823662247270162
42	0.5139915422627579
43	0.3964225068633075
44	1.0
45	0.13145230613269226
46	0.08903724340857931
47	0.08077418408895759
48	0.08903724340857931
49	0.1909478879208092
50	0.9838981538483188
51	0.00335352178878879
52	0.0010591597671173467
53	0.0017518905076602614
54	0.03202070454638285
55	0.9680555771461439
56	0.9838981538483188
57	1.0
58	1.0
59	1.0
60	0.9838981538483188
61	0.9838981538483188
62	0.02168874285044923
63	0.0016959273764898812
64	0.001225773320081767
65	0.003299523896879449
66	1.0
67	0.9371316004437404
68	0.9524680951766463
69	0.3655182215245033
70	0.052110652730084805
71	0.001589307136566305
72	0.0047928951403666395
73	0.0011675099792966424
74	0.0050320794624387636
75	0.03828064801966439
76	1.0
77	1.0
78	0.9838981538483188
79	0.9680555771461439
80	0.8230036250150389
81	0.9838981538483188
82	0.746625162324361
83	0.746625162324361
84	0.07447719441285068
85	0.020325206299054217
86	0.014453999040223557
87	0.024696375181437153
88	0.04288725609875963
89	0.9838981538483188
90	0.9838981538483188
91	0.9838981538483188
92	1.0
93	0.04651334071458662
94	0.024298717947761457
95	0.005546852487609716
96	0.014690543918280221
97	0.15715080394779132
98	0.9838981538483188
99	1.0
100	1.0
101	1.0
102	0.699686033300596
103	0.746625162324361
104	0.746625162324361
105	1.0
106	0.9838981538483188
107	0.04651334071458662
108	0.012489335512977668
109	0.0014418122384338215
110	0.0006403479026656334
111	0.0008576564720537011
112	0.0675653735631387
113	0.3964225068633075
114	0.9524680951766463
115	0.8501615448993927
116	1.0
117	0.27737129133826594
118	0.06331764666180337
119	0.012489335512977668
120	0.008057369233584962
121	0.008189230970776996
122	0.0006403479026656334
123	0.0009004569039077709
124	0.0045650797047264175
125	1.0
126	0.015423659850313085
127	0.015423659850313085
128	0.16769342093829617
129	0.9838981538483188
130	0.4230169025093144
131	0.24757827243666986
132	0.9838981538483188
133	1.0
134	1.0
135	1.0
136	0.25993340216897615
137	0.4230169025093144
138	0.9838981538483188
139	0.15972263321475674
140	0.010617952774480096
141	0.013992274382953425
142	1.0
143	0.0047928951403666395
144	0.0005356333306484069
145	0.006015834611932685
146	0.013992274382953425
147	0.014453999040223557
148	0.017279708787602804
149	0.06867110513305613
150	0.28191057199709557
151	0.9680555771461439
152	0.9680555771461439
153	0.9838981538483188
154	0.9838981538483188
155	0.1732270593726278
156	0.09197534264619775
157	0.08209608258032164
158	0.1099562226442282
159	0.1472709844146121
160	0.9371316004437404
161	0.6664286233595221
162	0.5665719880005069
163	0.6884197964379097
164	0.9838981538483188
165	0.005637628717885326
166	0.0018393167356806218
167	0.0017518905076602614
168	0.00017194034396490111
169	0.0006508274257462995
170	0.0019311058764015323
171	0.0004267461712446184
172	0.008057369233584962
173	0.04804821315291625
174	0.013766972933527001
175	0.07947357060372962
176	0.06331764666180337
177	0.08209608258032164
178	0.0022714575694317367
179	0.024696375181437153
180	0.9071954723294419
181	0.8640747434825136
182	0.9680555771461439
183	0.7588439508744649
184	0.7588439508744649
185	0.1909478879208092
186	0.3158350635019653
187	0.9838981538483188
188	0.16499324727369863
189	0.08209608258032164
190	0.08760357941344458
191	0.9838981538483188
192	0.9680555771461439
193	0.9680555771461439
194	0.9071954723294419
195	0.9071954723294419
196	0.9838981538483188
197	0.9838981538483188
198	1.0
199	0.9838981538483188
200	1.0
