1	0.6045810297425014
2	0.36551822152450336
3	0.47392181612761314
4	0.4895605451959158
5	0.809751747262771
6	0.019047393108381876
7	0.022771096439116737
8	0.03529636723622802
9	0.04358912142584617
10	0.07327797408660716
11	0.03890712455342853
12	0.025511319561055717
13	0.5396417421912961
14	0.9071954723294418
15	0.9838981538483188
16	0.9838981538483188
17	0.9838981538483188
18	0.9838981538483188
19	0.9838981538483188
20	0.9838981538483188
21	0.9838981538483188
22	0.9838981538483188
23	0.9838981538483188
24	0.47392181612761314
25	0.09814559940423298
26	0.09814559940423298
27	0.09814559940423298
28	0.10644373457266823
29	0.10995622264422977
30	0.1212045540327608
31	0.14027091400017913
32	0.8782156365502339
33	0.8640747434825137
34	0.9371316004437271
35	1.0
36	0.47392181612761314
37	0.4369758436353278
38	0.42301690250932045
39	0.48167771661524483
40	0.9524680951766598
41	0.783884695041549
42	0.5224031981891384
43	0.2599334021689762
44	0.23581040555488308
45	0.1212045540327608
46	0.05744148237014259
47	0.015932618141390686
48	0.026784434765055293
49	0.07209806342155774
50	0.7227746524257325
51	0.7346031188276403
52	0.9071954723294418
53	0.8782156365502339
54	0.23966952741252567
55	0.23966952741252567
56	0.048834539393113045
57	0.04430247303072529
58	0.14489964968096344
59	0.6245313223904276
60	0.5484731728386688
61	0.7227746524257325
62	0.6045810297425014
63	0.331596475620944
64	0.31074953590015464
65	0.2599334021689762
66	0.5758441417787837
67	0.6996860333005861
68	0.7588439508744758
69	1.0
70	0.9838981538483188
71	0.8501615448994048
72	0.8501615448994048
73	0.8782156365502339
74	0.746625162324361
75	0.9680555771461301
76	0.41620554942555466
77	0.34814444420780405
78	0.7227746524257325
79	0.12520412762878458
80	0.03202070454638286
81	0.1212045540327608
82	0.09814559940423298
83	0.10472979393477024
84	0.176061982325188
85	0.0370577948122046
86	0.08903724340857931
87	0.823003625015039
88	0.9371316004437271
89	0.3210038175868557
90	0.2819105719970956
91	0.17322705937262783
92	0.07209806342155774
93	0.0997517873372933
94	0.1789432998085799
95	0.21742711012398033
96	0.10818572446379238
97	0.7346031188276403
98	0.26851082552023625
99	0.19407281858793526
100	0.22827757824649536
101	0.25574799451756824
102	0.746625162324361
103	0.7967132492073021
104	0.9371316004437271
105	0.9371316004437271
106	0.8501615448994048
107	0.6996860333005861
108	0.8925879504045041
109	0.9524680951766598
110	0.823003625015039
111	0.08903724340857931
112	0.059336967552506205
113	0.0472745482168648
114	0.07947357060372963
115	0.10472979393477024
116	0.8640747434825137
117	0.8501615448994048
118	0.9524680951766598
119	1.0
120	0.9680555771461301
121	0.16769342093829856
122	0.04084874312373918
123	0.010113261253784643
124	0.0330773411179359
125	0.09049436982916181
126	0.010617952774480095
127	0.005637628717885326
128	0.003944570074838709
129	0.0008302591310470713
130	0.10644373457266823
131	0.10818572446379238
132	0.11358461770178932
133	0.11925293695084216
134	0.01967592931444537
135	0.017849913987938726
136	0.019359110527732818
137	0.02099590847766593
138	0.001869417813710169
139	0.0019000115066771348
140	0.007550815325235631
141	0.9220420515895166
142	0.9220420515895166
143	0.9680555771461301
144	0.9524680951766598
145	1.0
146	0.8640747434825137
147	0.823003625015039
148	0.6996860333005861
149	0.783884695041549
150	0.7712627042813435
151	0.783884695041549
152	0.7712627042813435
153	0.08480513362914895
154	0.02390746372968351
155	0.03202070454638286
156	0.13579004060925667
157	0.10995622264422977
158	1.0
159	0.8925879504045041
160	0.8925879504045041
161	0.8925879504045041
162	0.823003625015039
163	0.8925879504045041
164	0.02133951404984792
165	0.004951053693111611
166	0.048834539393113045
167	0.03472803056127704
168	0.060308038307035794
169	0.8364723744993591
170	0.8640747434825137
171	0.783884695041549
172	0.823003625015039
173	0.9371316004437271
174	0.9680555771461301
175	0.22827757824649536
176	0.10472979393477024
177	0.0006614784499805341
178	0.000600090254865846
179	0.0003399943286790733
180	0.003246395470718101
181	1.0
182	1.0
183	1.0
184	1.0
185	0.002945115272426268
186	7.041023655526897e-05
187	0.0005715668219861406
188	0.0008859578853748352
189	0.07819389939674472
190	0.21392613224755938
191	1.0
192	0.9838981538483188
193	0.9838981538483188
194	0.9680555771461301
195	0.9680555771461301
196	0.8364723744993591
197	0.5852680376789788
198	0.5665719880005149
199	0.7111366461700486
200	1.0
