1	0.758843950874465
2	0.8364723744993472
3	0.3315964756209393
4	0.25574799451756824
5	0.16769342093829617
6	0.1521307122146575
7	0.2819105719970916
8	0.9524680951766461
9	0.9838981538483188
10	0.9838981538483188
11	1.0
12	1.0
13	0.9838981538483188
14	0.9680555771461301
15	0.9838981538483188
16	1.0
17	0.8097517472627594
18	0.13360357026643588
19	0.08480513362914895
20	0.2819105719970916
21	0.09814559940423158
22	0.6451399456130031
23	0.018142034232021265
24	0.049633734144235574
25	0.04651334071458661
26	0.37150005830873106
27	0.3775797899972455
28	0.4029101033605775
29	0.9220420515895165
30	0.40950387170122843
31	0.9838981538483188
32	0.5665719880005068
33	0.3538419528953301
34	0.6045810297425013
35	0.614475215120391
36	0.6347520014624386
37	0.4739218161276064
38	0.6347520014624386
39	0.5057153295259705
40	0.06867110513305613
41	0.6245313223904277
42	0.21392613224755633
43	0.18187177108593688
44	0.10818572446379239
45	0.09975178733729187
46	0.2320134226836728
47	0.20709238541955047
48	0.7967132492072908
49	0.25574799451756824
50	0.14256649781436603
51	0.11358461770178932
52	0.12318811002814868
53	0.30082282132371624
54	0.10818572446379239
55	0.18187177108593688
56	0.5574491330158785
57	0.8097517472627594
58	0.9220420515895165
59	0.7712627042813434
60	0.746625162324361
61	0.16499324727369863
62	0.013992274382953227
63	0.008597905811488721
64	0.0769348332586572
65	0.1496811268916314
66	0.11175569566235759
67	0.8364723744993472
68	0.8782156365502338
69	0.8782156365502338
70	0.8640747434825136
71	0.9524680951766461
72	0.9524680951766461
73	0.746625162324361
74	0.746625162324361
75	0.02133951404984792
76	0.04804821315291624
77	0.0472745482168648
78	0.029524436113288616
79	0.029524436113288616
80	0.16769342093829617
81	0.8925879504044913
82	0.13579004060925667
83	0.10818572446379239
84	0.1272531380804714
85	0.481677716615238
86	0.27737129133826594
87	0.34253867592860743
88	0.8097517472627594
89	0.5309525138815068
90	0.8097517472627594
91	0.8097517472627594
92	0.9071954723294289
93	0.9071954723294289
94	0.758843950874465
95	0.7111366461700385
96	0.7346031188276402
97	0.6451399456130031
98	0.6773349667878853
99	0.9220420515895165
100	0.8364723744993472
101	0.46629079995640094
102	0.699686033300586
103	0.38375901867528034
104	0.08760357941344458
105	0.025928821455018472
106	0.020657835589543483
107	0.015175310452307482
108	0.614475215120391
109	0.5665719880005068
110	0.7967132492072908
111	0.9220420515895165
112	0.937131600443727
113	0.9838981538483188
114	0.9838981538483188
115	0.7227746524257324
116	0.40950387170122843
117	0.13579004060925667
118	0.17894329980857737
119	0.20375781569034018
120	0.22827757824649533
121	0.41620554942555466
122	0.40950387170122843
123	0.5852680376789788
124	0.12520412762878277
125	0.029524436113288616
126	0.020657835589543483
127	0.10818572446379239
128	0.010278768401209682
129	0.1099562226442282
130	0.4029101033605775
131	0.5758441417787837
132	0.30082282132371624
133	0.10818572446379239
134	0.09049436982916181
135	0.9838981538483188
136	0.5665719880005068
137	1.0
138	0.5309525138815068
139	0.4895605451959157
140	0.481677716615238
141	0.3538419528953301
142	0.25574799451756824
143	0.10138426111191784
144	0.746625162324361
145	0.7712627042813434
146	0.9838981538483188
147	0.3370231708678044
148	0.10644373457266672
149	0.12520412762878277
150	0.1272531380804714
151	0.12933568132305998
152	0.3370231708678044
153	0.3370231708678044
154	0.513991542262758
155	0.3900393726467308
156	0.746625162324361
157	0.758843950874465
158	0.746625162324361
159	0.7712627042813434
160	0.758843950874465
161	0.5484731728386688
162	0.1597226332147545
163	0.31583506350196533
164	0.9680555771461301
165	0.9838981538483188
166	0.2959790185358471
167	0.1760619823251855
168	0.3538419528953301
169	0.23966952741252226
170	0.5224031981891383
171	0.3900393726467308
172	0.20047693868989175
173	0.21048152657828198
174	0.2358104055548797
175	0.02390746372968351
176	0.05838153282986846
177	0.10472979393476875
178	0.7712627042813434
179	0.3538419528953301
180	0.9220420515895165
181	0.4975723790934037
182	0.4895605451959157
183	0.3370231708678044
184	0.31074953590015464
185	0.40950387170122843
186	0.3775797899972455
187	0.42993972582911066
188	0.4230169025093144
189	0.18787327440651988
190	0.3315964756209393
191	0.25162997965624534
192	0.16769342093829617
193	0.25993340216897615
194	0.1496811268916314
195	0.09348055211451997
196	0.11733274450692355
197	0.1521307122146575
198	0.18484816784601352
199	0.6884197964379096
200	0.9838981538483188
