1	0.7588439508744703
2	0.6556978921951151
3	0.6773349667878948
4	0.952468095176653
5	0.9371316004437403
6	0.952468095176653
7	0.9838981538483258
8	0.836472374499359
9	0.9680555771461438
10	0.9680555771461438
11	0.13360357026643682
12	0.08480513362915015
13	0.053830228305393
14	0.9371316004437403
15	0.9220420515895165
16	0.7967132492072965
17	1.0
18	0.013766972933527
19	0.005823662247270203
20	0.009632558682416177
21	1.0
22	1.0
23	0.7967132492072965
24	1.0
25	0.003142691241050616
26	3.799630272278663e-05
27	2.615740698581378e-05
28	0.0006198923584893025
29	0.0011120160060804063
30	0.034728030561276796
31	0.436975843635334
32	1.0
33	1.0
34	1.0
35	0.436975843635334
36	0.027222771645920244
37	0.00016113072972067386
38	0.004715720680195349
39	0.0032463954707180774
40	0.0018393167356806086
41	0.006316048424506043
42	0.9838981538483258
43	0.8230036250150448
44	1.0
45	1.0
46	0.022043686905619336
47	0.020325206299054217
48	0.023522509426831414
49	0.9838981538483258
50	0.9220420515895165
51	0.9680555771461438
52	1.0
53	0.9680555771461438
54	0.04219669209918966
55	0.03416884515602847
56	0.09975178733729258
57	0.9071954723294416
58	0.8230036250150448
59	0.5948461590153669
60	0.7967132492072965
61	0.6347520014624431
62	0.5139915422627616
63	0.4162055494255546
64	0.07093715149650967
65	0.23966952741252398
66	0.5224031981891458
67	0.7227746524257325
68	0.7346031188276455
69	0.9371316004437403
70	0.9838981538483258
71	1.0
72	0.9838981538483258
73	0.7346031188276455
74	0.5758441417787837
75	0.6884197964379097
76	0.8501615448993987
77	0.9071954723294416
78	0.9680555771461438
79	0.9838981538483258
80	0.6884197964379097
81	0.3837590186752831
82	0.24359180518339904
83	0.23581040555488308
84	0.33159647562094163
85	0.40950387170123137
86	0.6045810297425013
87	0.7227746524257325
88	0.7712627042813435
89	0.1597226332147556
90	0.4441271100328709
91	0.20047693868989316
92	0.2819105719970956
93	0.2246018878016919
94	0.2516299796562454
95	0.29597901853584924
96	0.6884197964379097
97	0.6664286233595221
98	0.18187177108593947
99	0.11544347070631938
100	0.436975843635334
101	0.8925879504044913
102	0.9371316004437403
103	0.7967132492072965
104	0.7346031188276455
105	0.32100381758685337
106	0.4162055494255546
107	0.2685108255202343
108	0.5852680376789829
109	0.30082282132371624
110	0.10472979393476875
111	0.08077418408895758
112	0.11733274450692356
113	0.11544347070631938
114	0.45139540946972445
115	0.9220420515895165
116	0.9838981538483258
117	0.8640747434825136
118	0.6045810297425013
119	0.5852680376789829
120	0.6451399456130124
121	0.3057458946813862
122	0.2819105719970956
123	0.2773712913382679
124	0.029049038185277504
125	0.3057458946813862
126	0.16769342093829617
127	0.18787327440651988
128	0.6773349667878948
129	0.3057458946813862
130	0.24359180518339904
131	0.952468095176653
132	0.7967132492072965
133	0.7346031188276455
134	0.7227746524257325
135	0.8925879504044913
136	0.87821563655024
137	0.8501615448993987
138	0.176061982325188
139	0.23966952741252398
140	0.7346031188276455
141	0.2475782724366716
142	0.13360357026643682
143	0.10995622264422976
144	0.1972488898661485
145	0.19094788792081055
146	0.34814444420780405
147	0.6347520014624431
148	0.20709238541955194
149	0.07209806342155825
150	0.4162055494255546
151	0.022771096439116734
152	0.15213071221465965
153	0.4441271100328709
154	0.2685108255202343
155	0.2773712913382679
156	0.5309525138815105
157	0.6664286233595221
158	0.8230036250150448
159	0.6664286233595221
160	0.4299397258291168
161	0.19407281858793526
162	0.5665719880005109
163	0.6996860333005959
164	0.7227746524257325
165	0.5224031981891458
166	0.49757237909340374
167	0.48956054519591924
168	0.8640747434825136
169	0.9071954723294416
170	0.9838981538483258
171	0.9371316004437403
172	0.6347520014624431
173	0.5224031981891458
174	0.5139915422627616
175	0.10138426111191928
176	0.0664774463128437
177	0.28652413961187073
178	0.18484816784601482
179	0.20047693868989316
180	0.32100381758685337
181	0.34253867592860987
182	0.49757237909340374
183	0.481677716615238
184	0.3715000583087337
185	0.952468095176653
186	0.8230036250150448
187	0.6556978921951151
188	0.7712627042813435
189	0.3900393726467363
190	0.9371316004437403
191	0.8097517472627709
192	0.5224031981891458
193	0.7111366461700436
194	0.6245313223904276
195	0.3715000583087337
196	0.12520412762878277
197	0.09814559940423297
198	0.11175569566235838
199	0.176061982325188
200	0.6144752151203954
