1	0.8097517472627709
2	0.513991542262758
3	0.5309525138815143
4	0.35963270335588476
5	0.0934805521145213
6	0.16499324727369863
7	0.513991542262758
8	0.9071954723294418
9	0.783884695041549
10	0.7227746524257325
11	0.5224031981891384
12	0.49757237909341073
13	0.699686033300586
14	0.6245313223904277
15	0.6773349667878948
16	0.699686033300586
17	0.6884197964379097
18	0.7967132492073021
19	0.7588439508744758
20	0.6556978921951104
21	0.305745894681384
22	0.27737129133826594
23	0.305745894681384
24	0.5665719880005149
25	0.38375901867528034
26	0.4230169025093204
27	0.31074953590015464
28	0.29121320991526145
29	0.27737129133826594
30	0.6884197964379097
31	0.513991542262758
32	0.48956054519591574
33	0.5396417421913038
34	0.44412711003287414
35	0.176061982325188
36	0.35384195289533515
37	0.09814559940423298
38	0.24359180518339563
39	0.06331764666180247
40	0.5665719880005149
41	0.4230169025093204
42	0.21742711012398033
43	0.1789432998085799
44	0.20047693868989458
45	0.29597901853585135
46	0.3775797899972509
47	0.8640747434825137
48	0.8097517472627709
49	0.9524680951766599
50	0.9220420515895166
51	0.9838981538483188
52	0.23201342268367284
53	0.02099590847766593
54	0.024696375181437153
55	0.052110652730085555
56	0.38375901867528034
57	0.4162055494255546
58	0.5758441417787837
59	0.47392181612761314
60	0.7712627042813435
61	0.5057153295259778
62	0.18787327440652254
63	0.35384195289533515
64	0.5948461590153711
65	0.7227746524257325
66	0.6451399456130124
67	0.7466251623243716
68	0.6884197964379097
69	0.6245313223904277
70	0.9524680951766599
71	0.8097517472627709
72	0.40950387170122843
73	0.3964225068633132
74	0.4162055494255546
75	0.23201342268367284
76	0.699686033300586
77	0.6556978921951104
78	0.5396417421913038
79	0.47392181612761314
80	0.7111366461700486
81	0.027222771645920248
82	0.0370577948122046
83	0.03416884515602847
84	0.1972488898661499
85	0.96805557714613
86	0.9371316004437271
87	0.96805557714613
88	0.5057153295259778
89	0.31074953590015464
90	0.05044600800408453
91	0.10995622264422819
92	0.5665719880005149
93	0.5396417421913038
94	0.3900393726467363
95	0.6556978921951104
96	0.1732270593726278
97	0.154620385880011
98	0.12933568132305998
99	0.15972263321475677
100	0.20047693868989458
101	0.1357900406092586
102	0.1789432998085799
103	0.18787327440652254
104	0.176061982325188
105	0.15972263321475677
106	0.16233655139003356
107	0.823003625015039
108	0.1336035702664378
109	0.06540703669975904
110	0.09656527406216149
111	0.015423659850313085
112	0.11733274450692356
113	0.012693727967806582
114	0.06979493239667536
115	0.22460188780169515
116	0.6773349667878948
117	0.7588439508744758
118	0.4162055494255546
119	0.22827757824649536
120	0.6773349667878948
121	0.892587950404504
122	0.14968112689163354
123	0.07209806342155774
124	0.27737129133826594
125	0.35384195289533515
126	0.9524680951766599
127	0.823003625015039
128	0.823003625015039
129	0.7588439508744758
130	0.4230169025093204
131	0.3008228213237205
132	0.03472803056127704
133	0.04804821315291624
134	0.5758441417787837
135	0.5948461590153711
136	0.9071954723294418
137	0.04883453939311235
138	0.028581295041563655
139	0.09197534264619776
140	0.20047693868989458
141	0.0007780620682611711
142	5.889621776044657e-05
143	0.001225773320081767
144	0.03361866366814549
145	0.3262571601860513
146	0.11175569566235917
147	0.08760357941344458
148	0.07327797408660716
149	0.0015893071365663048
150	0.00755081532523563
151	0.03954385360034535
152	0.09049436982916183
153	0.032544734860148215
154	0.027222771645920248
155	0.09656527406216149
156	0.22827757824649536
157	0.5758441417787837
158	0.6773349667878948
159	0.3964225068633132
160	0.05560654736795844
161	0.09049436982916183
162	0.31583506350196977
163	0.9220420515895166
164	0.8782156365502338
165	0.8640747434825137
166	0.4299397258291168
167	0.305745894681384
168	0.32100381758685564
169	0.331596475620944
170	0.27737129133826594
171	0.7712627042813435
172	0.44412711003287414
173	0.3775797899972509
174	0.29597901853585135
175	0.23581040555488308
176	0.6884197964379097
177	0.4816777166152448
178	0.4029101033605832
179	0.46629079995640094
180	0.6245313223904277
181	0.7346031188276402
182	0.7111366461700486
183	0.32100381758685564
184	0.45139540946972445
185	0.4162055494255546
186	0.2396695274125257
187	0.22098538275893506
188	0.34814444420780405
189	0.45878265723355866
190	0.4816777166152448
191	0.7227746524257325
192	0.96805557714613
193	0.5948461590153711
194	0.305745894681384
195	0.31074953590015464
196	0.5758441417787837
197	0.783884695041549
198	0.96805557714613
199	0.9838981538483188
200	1.0
