1	0.25162997965624895
2	0.006114285902868147
3	0.005114431247540003
4	0.00495105369311161
5	0.007191910689857911
6	0.0036965812672960837
7	0.006739766775034894
8	0.016458371314135665
9	0.01700147357515921
10	0.015932618141390912
11	0.0104469841324596
12	0.9838981538483188
13	0.6347520014624477
14	0.9071954723294418
15	1.0
16	0.9220420515895166
17	0.796713249207302
18	0.8925879504044913
19	0.03646109590141791
20	0.0014185963995909494
21	0.005637628717885325
22	1.0
23	0.0026717952406334
24	0.002851035264810493
25	0.015175310452307482
26	0.04019100294647119
27	0.9220420515895166
28	0.796713249207302
29	1.0
30	1.0
31	1.0
32	1.0
33	0.9680555771461439
34	0.9220420515895166
35	0.8097517472627709
36	0.9838981538483188
37	0.059336967552506205
38	0.025928821455018475
39	0.0013732801563434583
40	0.0026287744047199277
41	1.0
42	0.005729890533725345
43	0.002759960588740131
44	0.0934805521145213
45	0.8097517472627709
46	0.8097517472627709
47	0.5309525138815143
48	0.0050320794624387636
49	0.0010253255196467585
50	5.9860075486559155e-05
51	0.001695927376489869
52	0.006850065475449526
53	0.008189230970777114
54	0.008459463654885606
55	0.0007174059456835128
56	0.00388105521435913
57	0.0036965812672960837
58	0.24757827243666986
59	0.9838981538483188
60	0.9838981538483188
61	0.9838981538483188
62	1.0
63	0.9524680951766598
64	0.9371316004437403
65	0.9680555771461439
66	0.28652413961186873
67	0.03890712455342798
68	0.012693727967806582
69	0.1272531380804732
70	1.0
71	0.03587400494469159
72	0.002586446283687687
73	0.0030422997831473205
74	0.007429233258549035
75	0.8925879504044913
76	0.8640747434825136
77	0.2819105719970956
78	0.20375781569034018
79	0.11925293695084214
80	0.10644373457266823
81	0.010113261253784643
82	0.0029933131400918323
83	0.0026287744047199277
84	0.00023788928317815985
85	0.0004480424839484732
86	0.006962169253653824
87	0.04084874312373917
88	0.00388105521435913
89	0.0004131140110991133
90	0.0001461770684557354
91	0.00037477516042497033
92	0.013766972933527197
93	0.31074953590015464
94	1.0
95	1.0
96	1.0
97	1.0
98	1.0
99	1.0
100	0.31583506350196977
101	0.01619336115132798
102	0.004491573493650751
103	0.0020606560225769396
104	0.00180970034057848
105	0.0020606560225769396
106	0.027668282067045125
107	0.9524680951766598
108	1.0
109	1.0
110	1.0
111	1.0
112	1.0
113	0.9524680951766598
114	0.9680555771461439
115	0.9838981538483188
116	1.0
117	0.001695927376489869
118	0.0033535217887888376
119	0.002715520127955534
120	0.00018347513186353528
121	0.0024238405452939723
122	0.8925879504044913
123	0.07947357060372963
124	0.052110652730084805
125	0.06867110513305613
126	0.14968112689163351
127	0.22098538275893193
128	0.9371316004437403
129	0.8230036250150389
130	0.8640747434825136
131	0.8925879504044913
132	0.8782156365502339
133	0.9838981538483188
134	0.07209806342155774
135	0.027222771645920248
136	0.01228823415401115
137	0.01700147357515921
138	0.03416884515602847
139	0.0512715750169613
140	0.0017805608241138404
141	0.00039347791524235634
142	0.001465408012805456
143	0.009026975134420792
144	1.0
145	1.0
146	1.0
147	1.0
148	1.0
149	1.0
150	0.009026975134420792
151	0.0019311058764015596
152	0.0006403479026656425
153	0.0015637163575655452
154	0.9838981538483188
155	0.034728030561276546
156	0.01814203423202126
157	0.0104469841324596
158	0.02352250942683158
159	0.026353155917209006
160	0.04219669209919026
161	0.31583506350196977
162	0.14489964968096344
163	0.0769348332586572
164	0.012090370898187255
165	0.01619336115132798
166	0.07447719441285175
167	0.02314375359893894
168	0.6773349667878948
169	0.9371316004437403
170	0.8925879504044913
171	1.0
172	0.9838981538483188
173	0.9838981538483188
174	0.9838981538483188
175	0.9680555771461439
176	0.7346031188276402
177	0.796713249207302
178	0.25574799451756824
179	0.24359180518339904
180	0.14027091400017913
181	0.0622981156565685
182	0.07569604040982214
183	0.1272531380804732
184	0.24757827243666986
185	0.8640747434825136
186	0.9371316004437403
187	0.005546852487609716
188	0.0003034748409848093
189	0.0033535217887888376
190	0.03416884515602847
191	1.0
192	0.10644373457266823
193	0.005283200023099468
194	0.03890712455342798
195	0.25993340216897615
196	0.9220420515895166
197	0.9838981538483188
198	0.9838981538483188
199	0.9838981538483188
200	1.0
