1	0.9838981538483189
2	0.7967132492072908
3	0.746625162324361
4	0.9071954723294418
5	0.9220420515895166
6	0.968055577146144
7	0.968055577146144
8	0.7967132492072908
9	0.7838846950415601
10	1.0
11	1.0
12	0.007927630713798602
13	0.004209195456615641
14	0.0005904276939048689
15	0.0024238405452939554
16	0.002346412357984764
17	0.0047157206801953155
18	0.009026975134420856
19	0.05127157501696167
20	0.14968112689163354
21	0.9838981538483189
22	0.2320134226836728
23	0.05211065273008481
24	0.062298115656567614
25	0.06435386265758171
26	0.03766425891466563
27	0.9220420515895166
28	0.9220420515895166
29	0.9220420515895166
30	0.8782156365502338
31	0.9371316004437404
32	0.9071954723294418
33	0.968055577146144
34	0.968055577146144
35	0.746625162324361
36	0.4975723790934037
37	0.4975723790934037
38	0.6773349667878948
39	0.6045810297425099
40	0.566571988000515
41	0.6045810297425099
42	0.699686033300596
43	0.9220420515895166
44	0.8364723744993591
45	0.8501615448994049
46	0.6451399456130124
47	0.6245313223904277
48	0.4895605451959158
49	0.7227746524257428
50	0.7111366461700385
51	0.968055577146144
52	0.9524680951766463
53	0.9371316004437404
54	0.968055577146144
55	0.9524680951766463
56	0.42301690250932045
57	0.30082282132372057
58	0.07947357060373018
59	0.6451399456130124
60	0.6556978921951104
61	0.7111366461700385
62	0.9524680951766463
63	0.9524680951766463
64	0.9371316004437404
65	0.9071954723294418
66	0.9071954723294418
67	0.26851082552023625
68	0.2729051014782441
69	0.4975723790934037
70	0.1818717710859382
71	0.16499324727369982
72	0.13145230613269135
73	0.03472803056127679
74	0.09501039487561831
75	0.8640747434825136
76	0.7588439508744758
77	0.7346031188276403
78	0.7346031188276403
79	0.10818572446379239
80	0.13801229332339157
81	0.24757827243666986
82	0.25162997965624895
83	0.20709238541955047
84	0.08760357941344458
85	0.699686033300596
86	0.7111366461700385
87	0.7588439508744758
88	0.9371316004437404
89	0.7967132492072908
90	0.8501615448994049
91	0.823003625015039
92	0.746625162324361
93	0.8925879504044913
94	0.17606198232518674
95	0.1336035702664378
96	0.0012662220527620853
97	0.0005623635409531105
98	0.011895693606067967
99	0.24359180518339907
100	0.8640747434825136
101	0.17606198232518674
102	0.16769342093829856
103	0.9838981538483189
104	0.9838981538483189
105	0.13801229332339157
106	0.14027091400017713
107	0.14489964968096344
108	0.025100540218357226
109	0.028581295041563856
110	0.032544734860148215
111	0.009477456704464872
112	0.22098538275893195
113	0.17322705937262783
114	0.43697584363533404
115	0.1789432998085799
116	0.2037578156903431
117	0.17606198232518674
118	0.21392613224755938
119	0.5574491330158785
120	0.9220420515895166
121	0.9371316004437404
122	0.9371316004437404
123	0.8925879504044913
124	0.8782156365502338
125	0.5948461590153626
126	0.6045810297425099
127	0.5484731728386688
128	0.14489964968096344
129	0.4975723790934037
130	0.26418730551764474
131	0.18484816784601485
132	0.2912132099152615
133	0.5396417421913038
134	0.746625162324361
135	0.9371316004437404
136	0.9524680951766463
137	0.614475215120391
138	0.614475215120391
139	0.5852680376789872
140	0.823003625015039
141	0.8501615448994049
142	0.9220420515895166
143	0.8364723744993591
144	0.8925879504044913
145	0.8640747434825136
146	0.8364723744993591
147	0.8364723744993591
148	0.10304345090533457
149	0.15715080394779135
150	0.15213071221465857
151	0.1425664978143691
152	0.14027091400017713
153	0.002759960588740131
154	0.002628774404719928
155	0.8501615448994049
156	0.8640747434825136
157	0.07693483325865776
158	0.30082282132372057
159	0.968055577146144
160	0.968055577146144
161	0.8501615448994049
162	0.010446984132459602
163	0.0047157206801953155
164	0.12725313808047412
165	0.13579004060925765
166	0.1425664978143691
167	0.09814559940423229
168	0.9071954723294418
169	1.0
170	0.8640747434825136
171	0.8640747434825136
172	0.8640747434825136
173	0.8640747434825136
174	0.9838981538483189
175	0.9838981538483189
176	0.8501615448994049
177	0.06331764666180291
178	0.025928821455018656
179	0.01727970878760293
180	0.010113261253784643
181	0.014930959938100535
182	0.02678443476505548
183	0.15715080394779135
184	0.05560654736795804
185	0.007927630713798602
186	0.0031941225103010833
187	0.01079171937964315
188	0.009324852154700426
189	0.007674387126047693
190	0.00873861362363561
191	0.016727718463300244
192	0.968055577146144
193	1.0
194	1.0
195	0.9838981538483189
196	0.9838981538483189
197	0.9838981538483189
198	0.9220420515895166
199	0.9371316004437404
200	0.9371316004437404
