1	1.0
2	0.9838981538483187
3	0.9838981538483187
4	0.9220420515895166
5	0.27737129133826594
6	0.0290490381852773
7	0.013112602486345094
8	0.6556978921951104
9	0.08903724340857931
10	0.12520412762878455
11	0.12318811002814867
12	0.12318811002814867
13	0.12318811002814867
14	0.45878265723355866
15	0.06229811565656761
16	0.010278768401209682
17	0.003408403375565008
18	0.025100540218357226
19	0.04883453939311235
20	0.9838981538483187
21	0.0781938993967436
22	0.044302473030725285
23	0.055606547367958434
24	0.9838981538483187
25	0.9838981538483187
26	1.0
27	1.0
28	0.9838981538483187
29	0.9838981538483187
30	0.9838981538483187
31	0.9838981538483187
32	0.9838981538483187
33	1.0
34	1.0
35	1.0
36	0.9838981538483187
37	0.12933568132305998
38	0.08480513362915014
39	0.0781938993967436
40	0.9680555771461439
41	0.9680555771461439
42	0.025511319561055717
43	0.01189569360606805
44	0.0047157206801953155
45	0.010791719379643072
46	0.06540703669975811
47	0.04219669209919026
48	0.03529636723622802
49	0.9838981538483187
50	0.06229811565656761
51	0.002128654667381612
52	9.741658249768637e-05
53	0.00044804248394847315
54	0.0904943698291618
55	0.9680555771461439
56	0.9680555771461439
57	0.04151724745489865
58	0.0015137643410159801
59	0.00016917178699911355
60	0.02812108342598899
61	1.0
62	0.001373280156343458
63	0.00015347187921147434
64	0.01469054391828043
65	0.20047693868989458
66	1.0
67	1.0
68	1.0
69	0.20047693868989458
70	0.014930959938100426
71	0.00015100069862380395
72	0.001373280156343458
73	1.0
74	0.027222771645920244
75	0.00016113072972067502
76	0.0015137643410159801
77	0.006962169253653824
78	1.0
79	0.05651656845829485
80	0.0005443991622033163
81	0.00015347187921147434
82	0.0020274756563298415
83	0.06647744631284418
84	1.0
85	0.03307734111793589
86	0.017562497419084444
87	0.305745894681384
88	0.154620385880011
89	0.14027091400017713
90	0.25574799451756824
91	0.13360357026643777
92	0.6556978921951104
93	0.9071954723294418
94	0.7588439508744756
95	0.22827757824649533
96	0.24359180518339907
97	0.9838981538483187
98	1.0
99	0.02390746372968351
100	0.012288234154010973
101	0.006419412822152425
102	0.0031426912410505935
103	0.010791719379643072
104	0.07327797408660716
105	1.0
106	0.9838981538483187
107	0.9838981538483187
108	0.0769348332586572
109	0.005546852487609715
110	0.0079276307137986
111	0.009950419076984586
112	0.011330268629776647
113	0.017562497419084444
114	1.0
115	1.0
116	0.010113261253784643
117	0.0038810552143591303
118	0.1789432998085799
119	0.12933568132305998
120	0.12933568132305998
121	0.23581040555488308
122	0.3315964756209393
123	0.8782156365502337
124	0.8925879504044913
125	0.9220420515895166
126	0.9071954723294418
127	0.9071954723294418
128	0.9220420515895166
129	0.9220420515895166
130	0.9524680951766598
131	0.9371316004437404
132	0.9524680951766598
133	0.8501615448994049
134	0.8501615448994049
135	0.8925879504044913
136	0.3775797899972509
137	0.055606547367958434
138	0.06979493239667436
139	0.06129500098272679
140	0.03361866366814549
141	0.305745894681384
142	0.9524680951766598
143	0.9220420515895166
144	0.25993340216897615
145	0.19407281858793524
146	0.2819105719970996
147	0.9838981538483187
148	0.9838981538483187
149	0.18484816784601352
150	0.04651334071458661
151	0.03766425891466563
152	1.0
153	0.005114431247540003
154	0.002060656022576939
155	0.0033535217887888367
156	0.017562497419084444
157	1.0
158	1.0
159	1.0
160	1.0
161	1.0
162	1.0
163	1.0
164	0.016727718463300126
165	0.0047157206801953155
166	0.005729890533725346
167	0.006739766775034893
168	0.06229811565656761
169	0.08760357941344458
170	0.03000761409888792
171	0.1472709844146142
172	0.0547111792972134
173	0.009324852154700358
174	0.006850065475449524
175	0.0593369675525062
176	0.06030803830703578
177	0.0769348332586572
178	0.23581040555488308
179	0.9371316004437404
180	0.9371316004437404
181	0.9371316004437404
182	0.9371316004437404
183	0.2959790185358471
184	0.13145230613269226
185	0.0290490381852773
186	0.0091747048199182
187	0.005546852487609715
188	0.007309608887594927
189	0.05838153282986845
190	0.09348055211451997
191	0.7588439508744756
192	0.9220420515895166
193	0.9220420515895166
194	0.9680555771461439
195	0.9838981538483187
196	0.8230036250150389
197	0.699686033300596
198	0.6884197964379097
199	0.7111366461700385
200	0.8230036250150389
