1	0.6347520014624387
2	0.5758441417787756
3	0.5758441417787756
4	0.5758441417787756
5	0.5665719880005069
6	0.9220420515895036
7	0.9371316004437271
8	0.9220420515895036
9	0.823003625015039
10	0.7712627042813326
11	0.9371316004437271
12	0.9680555771461301
13	1.0
14	0.9838981538483188
15	0.8925879504044915
16	0.7111366461700386
17	0.6996860333005861
18	0.1909478879208065
19	0.0876035794134446
20	0.06647744631284323
21	0.08903724340857805
22	0.09975178733729187
23	0.07209806342155775
24	0.030997821620274375
25	0.011515692539375575
26	0.5139915422627507
27	0.1117556956623576
28	0.08209608258032047
29	0.1940728185879353
30	0.6451399456130033
31	0.9220420515895036
32	0.6996860333005861
33	0.20709238541955044
34	0.022771096439116734
35	0.0017518905076602238
36	0.0023086307871880737
37	0.010113261253784643
38	0.8640747434825015
39	0.2685108255202325
40	0.1818717710859369
41	0.44412711003286787
42	0.7838846950415491
43	0.7588439508744649
44	0.7227746524257325
45	0.8640747434825015
46	0.8640747434825015
47	0.04430247303072466
48	0.1940728185879353
49	0.004141419638950832
50	0.009026975134420794
51	0.8097517472627594
52	0.9220420515895036
53	0.6664286233595222
54	0.4369758436353279
55	0.4095038717012226
56	0.6045810297424927
57	0.6556978921951105
58	0.6144752151203824
59	0.9838981538483188
60	0.9838981538483188
61	0.9838981538483188
62	0.9838981538483188
63	0.7227746524257325
64	0.4095038717012226
65	0.34814444420780405
66	0.9220420515895036
67	0.6773349667878853
68	0.6773349667878853
69	0.7346031188276403
70	0.10818572446379239
71	0.15213071221465535
72	0.0031941225103010833
73	0.01672771846329989
74	0.746625162324361
75	0.8640747434825015
76	0.46629079995640094
77	0.44412711003286787
78	0.6773349667878853
79	0.6996860333005861
80	0.8501615448993928
81	0.9071954723294289
82	0.6996860333005861
83	0.8782156365502339
84	0.5224031981891384
85	0.6045810297424927
86	0.5574491330158786
87	0.8640747434825015
88	0.9220420515895036
89	0.481677716615238
90	0.4095038717012226
91	0.8640747434825015
92	0.823003625015039
93	0.8364723744993472
94	0.9680555771461301
95	0.9838981538483188
96	0.9838981538483188
97	0.5224031981891384
98	0.5665719880005069
99	0.8364723744993472
100	0.8097517472627594
101	0.3425386759286026
102	0.25993340216897615
103	0.38375901867527495
104	0.5309525138815068
105	0.1676934209382962
106	0.10472979393476875
107	0.20709238541955044
108	0.8364723744993472
109	0.06979493239667438
110	0.018142034232021265
111	0.027222771645920248
112	0.02551131956105536
113	0.15213071221465535
114	0.18484816784601354
115	0.1818717710859369
116	0.210481526578282
117	0.22460188780169196
118	0.12933568132305998
119	0.08077418408895645
120	0.3210038175868511
121	0.47392181612760637
122	0.4895605451959158
123	0.5139915422627507
124	0.46629079995640094
125	0.6556978921951105
126	0.010968329737619126
127	0.0005270086451645937
128	0.0015137643410159587
129	0.024298717947761457
130	0.042196692099189664
131	0.14489964968096347
132	1.0
133	1.0
134	1.0
135	1.0
136	0.14027091400017716
137	0.018438935128663576
138	0.005457537922228077
139	0.006850065475449525
140	0.007309608887594824
141	0.020995908477665633
142	0.7588439508744649
143	0.5665719880005069
144	0.14968112689163143
145	0.009950419076984305
146	0.009174704819918202
147	0.010791719379643074
148	0.08077418408895645
149	0.7227746524257325
150	0.45139540946971807
151	0.6045810297424927
152	0.6045810297424927
153	0.5057153295259706
154	0.3008228213237163
155	0.15715080394778913
156	0.13579004060925667
157	0.37150005830873106
158	0.5396417421912962
159	0.4895605451959158
160	0.481677716615238
161	0.5665719880005069
162	0.39642250686330754
163	0.8782156365502339
164	0.9680555771461301
165	0.9371316004437271
166	0.9071954723294289
167	0.8925879504044915
168	0.8782156365502339
169	0.8782156365502339
170	0.6556978921951105
171	0.2435918051833956
172	0.5574491330158786
173	0.7588439508744649
174	0.6773349667878853
175	0.5309525138815068
176	0.6996860333005861
177	0.39003937264673083
178	0.21392613224755636
179	0.22460188780169196
180	0.7967132492072908
181	0.6664286233595222
182	0.6664286233595222
183	0.6664286233595222
184	0.14968112689163143
185	0.025100540218356872
186	0.3057458946813797
187	0.12120455403275908
188	0.08343961441457963
189	0.05838153282986846
190	0.22098538275893195
191	0.27737129133826594
192	0.8782156365502339
193	0.8925879504044915
194	0.9220420515895036
195	0.8364723744993472
196	0.823003625015039
197	0.7588439508744649
198	0.8097517472627594
199	0.8925879504044915
200	0.8925879504044915
