1	0.7588439508744704
2	0.6996860333005911
3	0.6884197964379
4	0.6884197964379
5	0.42301690250931745
6	0.4739218161276098
7	0.5574491330158785
8	0.8640747434825014
9	0.8640747434825014
10	0.9524680951766462
11	0.6773349667878901
12	0.5484731728386728
13	0.5224031981891422
14	0.1972488898661485
15	0.21392613224755785
16	0.3370231708678045
17	0.27737129133826594
18	0.06647744631284372
19	0.008738613623635549
20	6.183537071603721e-05
21	1.9215312752222572e-05
22	0.000803736982286617
23	0.008459463654885545
24	0.0045650797047264175
25	0.00018647776819776454
26	0.0021634908644312363
27	0.020995908477665633
28	0.2037578156903388
29	1.0
30	1.0
31	1.0
32	1.0
33	0.2037578156903388
34	0.020995908477665633
35	0.0020274756563298563
36	4.3973398145684344e-05
37	0.004141419638950832
38	0.008057369233584964
39	0.0005185228330395512
40	5.257005429737361e-05
41	0.0001957837424078533
42	0.010113261253784644
43	0.06867110513305662
44	0.30574589468138186
45	0.6245313223904277
46	0.28191057199709363
47	0.20047693868989175
48	0.1878732744065199
49	0.18484816784601488
50	0.19094788792080786
51	0.25574799451756647
52	0.9680555771461302
53	0.9371316004437339
54	0.06647744631284372
55	0.004871332588256381
56	0.002851035264810493
57	0.011704150977755524
58	0.9220420515895036
59	0.3481444442078041
60	0.2641873055176467
61	0.8925879504044915
62	0.8230036250150391
63	0.9524680951766462
64	0.9524680951766462
65	0.9838981538483189
66	0.9371316004437339
67	0.8925879504044915
68	0.9071954723294354
69	0.9220420515895036
70	0.3107495359001547
71	0.3775797899972482
72	0.9524680951766462
73	0.038907124553427985
74	0.05127157501696131
75	0.05296346225090895
76	0.11358461770178933
77	1.0
78	0.8097517472627653
79	0.09197534264619843
80	0.02592882145501866
81	0.020995908477665633
82	0.02204368690561934
83	0.04151724745489895
84	0.30574589468138186
85	0.35963270335587966
86	0.2037578156903388
87	0.07819389939674361
88	0.06756537356313774
89	0.25574799451756647
90	0.7967132492072909
91	0.09348055211451999
92	0.08903724340857869
93	0.12120455403275908
94	0.27290510147824215
95	0.27737129133826594
96	0.9680555771461302
97	0.9524680951766462
98	0.45878265723355544
99	0.45139540946972445
100	0.9524680951766462
101	0.9680555771461302
102	0.12318811002814957
103	0.022771096439116574
104	0.015175310452307376
105	0.014453999040223662
106	0.012901465378461725
107	0.011515692539375656
108	0.8925879504044915
109	0.9524680951766462
110	0.9838981538483189
111	0.9838981538483189
112	0.9838981538483189
113	0.9838981538483189
114	0.9838981538483189
115	0.9838981538483189
116	0.9524680951766462
117	0.9680555771461302
118	0.9680555771461302
119	0.8782156365502402
120	0.9680555771461302
121	0.08619300005539272
122	0.04151724745489895
123	0.031505112088108564
124	0.027222771645920053
125	0.008323250672588899
126	0.08480513362914895
127	0.9524680951766462
128	0.9838981538483189
129	0.9220420515895036
130	0.9524680951766462
131	0.4739218161276098
132	0.41620554942555466
133	0.44412711003286787
134	0.5396417421912961
135	0.8640747434825014
136	0.6664286233595222
137	0.7346031188276455
138	0.7111366461700386
139	0.6996860333005911
140	0.9680555771461302
141	0.7838846950415546
142	0.7712627042813326
143	0.8097517472627653
144	0.9680555771461302
145	0.8501615448993988
146	0.5852680376789829
147	0.7588439508744704
148	0.6556978921951151
149	0.24757827243666988
150	0.15715080394779138
151	0.1425664978143671
152	0.45139540946972445
153	0.9838981538483189
154	0.9680555771461302
155	0.9838981538483189
156	0.7838846950415546
157	0.7712627042813326
158	0.9524680951766462
159	0.8925879504044915
160	0.9071954723294354
161	0.9071954723294354
162	0.8782156365502402
163	0.9071954723294354
164	0.6451399456130033
165	0.6045810297425014
166	0.8097517472627653
167	0.2685108255202325
168	0.3370231708678045
169	0.8364723744993531
170	0.8782156365502402
171	0.11925293695084131
172	0.13360357026643685
173	0.1649932472736998
174	0.14027091400017713
175	0.1252041276287828
176	0.09975178733729259
177	0.15972263321475563
178	0.17043778391330044
179	0.2912132099152594
180	0.17043778391330044
181	0.10818572446379239
182	0.06331764666180247
183	0.06979493239667438
184	0.08903724340857869
185	0.07327797408660665
186	0.19094788792080786
187	0.9371316004437339
188	0.9220420515895036
189	0.9371316004437339
190	0.9524680951766462
191	0.9524680951766462
192	0.9524680951766462
193	0.9838981538483189
194	0.23581040555488142
195	0.10818572446379239
196	0.08619300005539272
197	0.08209608258032106
198	0.08480513362914895
199	0.1252041276287828
200	0.5139915422627543
