1	0.9371316004437404
2	0.9220420515895035
3	0.17894329980857737
4	0.1030434509053353
5	0.06540703669975813
6	0.08343961441457963
7	0.043589121425845555
8	0.008057369233585078
9	0.17894329980857737
10	0.6451399456130033
11	0.29121320991525734
12	0.5139915422627507
13	0.5139915422627507
14	0.21742711012397725
15	0.10472979393476875
16	0.46629079995640094
17	0.09049436982916054
18	0.10644373457266823
19	0.49757237909340374
20	0.9371316004437404
21	0.7967132492072908
22	0.8640747434825014
23	0.9838981538483189
24	0.5057153295259778
25	0.02592882145501884
26	0.016458371314135432
27	0.014221262971401331
28	0.010791719379643228
29	0.002128654667381612
30	0.17606198232518802
31	0.3655182215245033
32	0.08619300005539272
33	0.12725313808047323
34	0.45878265723355866
35	0.33159647562093936
36	0.8501615448994048
37	0.836472374499359
38	0.699686033300596
39	0.6045810297425013
40	0.6556978921951104
41	0.7838846950415601
42	0.1909478879208092
43	0.03766425891466509
44	0.005114431247540004
45	0.0008037369822866172
46	0.005546852487609637
47	0.05044600800408381
48	0.5852680376789788
49	0.02510054021835687
50	0.0008859578853748351
51	0.004491573493650751
52	0.4299397258291108
53	0.9524680951766462
54	1.0
55	0.9680555771461301
56	0.08209608258032164
57	0.07569604040982107
58	0.02592882145501884
59	0.023143753598939273
60	0.08343961441457963
61	0.9071954723294418
62	0.20709238541955047
63	0.0066312440873250705
64	0.008459463654885485
65	0.01248933551297767
66	1.0
67	0.614475215120391
68	0.614475215120391
69	0.9838981538483189
70	0.16769342093829617
71	0.07947357060372963
72	0.09814559940423298
73	0.38375901867527495
74	0.9838981538483189
75	0.9838981538483189
76	0.15213071221465752
77	0.699686033300596
78	0.1030434509053353
79	0.3370231708678045
80	0.35963270335587966
81	0.6664286233595221
82	0.6884197964379
83	1.0
84	1.0
85	1.0
86	0.10138426111191784
87	0.0104469841324596
88	0.002384812237737442
89	0.0010764932965619024
90	0.00010227805318730174
91	5.519350680993034e-05
92	0.0031941225103010833
93	1.0
94	0.06030803830703493
95	0.0003569613831694935
96	0.0003345197923062387
97	0.044302473030725285
98	1.0
99	1.0
100	1.0
101	1.0
102	1.0
103	1.0
104	1.0
105	1.0
106	0.04502749889045374
107	0.00017475420935834547
108	0.00032383375060781954
109	0.06030803830703493
110	1.0
111	1.0
112	0.0036965812672960312
113	0.0007532073245460797
114	0.0008438466194897107
115	0.001025325519646744
116	0.002671795240633401
117	0.010617952774479944
118	0.09501039487561765
119	0.7346031188276403
120	0.7227746524257325
121	0.9838981538483189
122	0.9524680951766462
123	0.12120455403275908
124	0.027668282067045125
125	0.029524436113288616
126	0.4230169025093204
127	0.9680555771461301
128	0.38375901867527495
129	0.34253867592860743
130	0.13360357026643588
131	0.1704377839133016
132	0.7227746524257325
133	0.5758441417787756
134	0.6045810297425013
135	0.9680555771461301
136	0.7967132492072908
137	0.011147830387442765
138	0.00932485215470036
139	0.06756537356313774
140	0.09975178733729187
141	0.9071954723294418
142	0.11925293695084214
143	0.09501039487561765
144	0.05044600800408381
145	0.045764390058400266
146	0.11733274450692356
147	0.9838981538483189
148	0.9838981538483189
149	0.9680555771461301
150	1.0
151	0.5665719880005149
152	0.011515692539375736
153	0.0023086307871880737
154	0.006419412822152426
155	0.20709238541955047
156	1.0
157	0.29121320991525734
158	0.00206065602257691
159	0.0005443991622033086
160	0.008597905811488844
161	0.04019100294647119
162	0.1030434509053353
163	0.6245313223904277
164	0.5057153295259778
165	0.677334966787895
166	0.3262571601860512
167	0.4095038717012285
168	0.29597901853585135
169	0.47392181612761314
170	0.45878265723355866
171	0.45878265723355866
172	0.47392181612761314
173	0.08619300005539272
174	0.09501039487561765
175	0.5139915422627507
176	0.9371316004437404
177	0.45878265723355866
178	0.29121320991525734
179	0.25574799451756824
180	0.4441271100328678
181	0.49757237909340374
182	0.13360357026643588
183	0.12725313808047323
184	0.5139915422627507
185	0.5309525138815068
186	0.5057153295259778
187	0.07093715149650967
188	0.13579004060925667
189	0.13579004060925667
190	0.3655182215245033
191	0.34253867592860743
192	0.5224031981891458
193	0.5948461590153626
194	0.09814559940423298
195	0.10138426111191784
196	0.11733274450692356
197	0.09814559940423298
198	0.02032520629905422
199	0.023522509426831244
200	0.1972488898661499
