1	1.0
2	1.0
3	1.0
4	0.003578496112179884
5	0.00414141963895089
6	0.0045650797047264505
7	0.006739766775034943
8	0.06435386265758172
9	1.0
10	0.0030920881101850054
11	0.001373280156343468
12	0.02429871794776163
13	0.19094788792081055
14	0.9838981538483258
15	0.7227746524257427
16	0.004278080449843506
17	0.002759960588740131
18	0.0021634908644312827
19	0.0019000115066771211
20	0.3425386759286099
21	1.0
22	1.0
23	1.0
24	0.3425386759286099
25	0.0015893071365663163
26	0.0016686198147892288
27	0.003881055214359158
28	0.007429233258549036
29	0.5948461590153669
30	0.5396417421913039
31	0.49757237909340724
32	0.9071954723294482
33	0.19724888986614994
34	0.09348055211452065
35	0.07209806342155825
36	0.016193361151328096
37	0.02429871794776163
38	0.02314375359893927
39	0.0675653735631387
40	0.9371316004437406
41	0.9838981538483258
42	1.0
43	1.0
44	0.9220420515895231
45	0.9071954723294482
46	0.054711179297213405
47	0.02592882145501866
48	0.02592882145501866
49	0.03954385360034591
50	0.09501039487561899
51	0.1154434707063194
52	0.22098538275893354
53	0.9371316004437406
54	0.5224031981891458
55	0.5139915422627616
56	0.5396417421913039
57	0.8925879504044978
58	0.8925879504044978
59	0.9680555771461439
60	0.9680555771461439
61	0.9680555771461439
62	0.9838981538483258
63	0.7712627042813436
64	0.9071954723294482
65	0.03646109590141791
66	0.04358912142584586
67	0.08480513362915015
68	0.1314523061326923
69	0.13801229332339157
70	0.9371316004437406
71	0.8782156365502402
72	0.7967132492072965
73	0.3715000583087337
74	0.3715000583087337
75	0.46629079995640094
76	0.9524680951766666
77	0.7967132492072965
78	0.746625162324361
79	0.33702317086780925
80	0.26851082552023625
81	0.12725313808047503
82	0.2557479945175701
83	0.41620554942555466
84	0.8782156365502402
85	0.7712627042813436
86	0.8501615448994109
87	0.8501615448994109
88	0.3425386759286099
89	0.26851082552023625
90	0.23966952741252742
91	0.29597901853584924
92	0.30082282132372057
93	0.746625162324361
94	0.7346031188276455
95	0.06030803830703621
96	0.08209608258032164
97	0.08619300005539333
98	0.062298115656568065
99	0.01784991398793898
100	0.8230036250150449
101	0.1314523061326923
102	0.6045810297425099
103	0.2819105719970996
104	0.49757237909340724
105	0.26851082552023625
106	0.25162997965624895
107	0.30082282132372057
108	0.27737129133826793
109	0.47392181612760975
110	0.7838846950415602
111	0.8782156365502402
112	0.7227746524257427
113	0.699686033300596
114	0.34814444420780405
115	0.3837590186752831
116	0.8925879504044978
117	0.8925879504044978
118	0.18484816784601485
119	0.09975178733729399
120	0.12318811002814957
121	0.3655182215245085
122	0.3964225068633104
123	0.42993972582911993
124	0.06030803830703621
125	0.10304345090533458
126	0.05933696755250663
127	0.045764390058400266
128	0.0675653735631387
129	0.8640747434825137
130	0.7838846950415602
131	0.7346031188276455
132	0.8364723744993591
133	0.8364723744993591
134	0.8640747434825137
135	0.8640747434825137
136	0.746625162324361
137	0.7588439508744812
138	0.2557479945175701
139	0.06647744631284465
140	0.08209608258032164
141	0.17322705937262906
142	0.2037578156903431
143	0.7227746524257427
144	0.7838846950415602
145	0.7111366461700436
146	0.5224031981891458
147	0.15715080394779135
148	0.25993340216897615
149	0.33702317086780925
150	0.5758441417787837
151	0.5574491330158785
152	0.8782156365502402
153	0.8925879504044978
154	0.6773349667878997
155	0.2004769386898946
156	0.3425386759286099
157	0.22098538275893354
158	0.08619300005539333
159	0.04883453939311235
160	0.057441482370143
161	0.12120455403276079
162	0.2641873055176485
163	0.9071954723294482
164	0.8925879504044978
165	0.9838981538483258
166	0.47392181612760975
167	0.24359180518339907
168	0.228277578246497
169	0.17606198232518802
170	0.14489964968096344
171	0.7967132492072965
172	0.8230036250150449
173	0.8782156365502402
174	0.8782156365502402
175	0.9680555771461439
176	0.8364723744993591
177	0.7967132492072965
178	0.03000761409888814
179	0.02812108342598919
180	0.05296346225091007
181	0.1154434707063194
182	0.1472709844146142
183	0.9680555771461439
184	0.45139540946973084
185	0.9071954723294482
186	0.17043778391330286
187	0.01727970878760305
188	0.002586446283687687
189	0.005198130749138999
190	1.0
191	0.06331764666180337
192	0.005369661486237472
193	0.0037570771454724524
194	0.0038185630603913673
195	0.006962169253653874
196	1.0
197	1.0
198	1.0
199	1.0
200	1.0
