1	1.0
2	0.9838981538483188
3	0.9838981538483188
4	0.9838981538483188
5	0.00495105369311154
6	0.006962169253653725
7	0.002463507565100692
8	0.05838153282986845
9	1.0
10	1.0
11	1.0
12	0.10304345090533384
13	0.03587400494469159
14	0.01967592931444509
15	0.012901465378461633
16	0.008459463654885604
17	0.017562497419084194
18	0.07819389939674361
19	0.023522509426831248
20	0.04358912142584555
21	0.14489964968096344
22	0.937131600443727
23	0.9524680951766462
24	0.9524680951766462
25	0.9220420515895167
26	1.0
27	1.0
28	0.8640747434825012
29	0.8364723744993471
30	0.7967132492072907
31	0.1972488898661471
32	0.1272531380804714
33	0.10644373457266672
34	0.04151724745489865
35	0.01672771846329989
36	0.010113261253784643
37	0.01189569360606788
38	0.015175310452307482
39	0.03705779481220407
40	0.18187177108593688
41	0.9838981538483188
42	0.03890712455342798
43	0.0031941225103010837
44	0.0001805208435176092
45	0.001994829555235368
46	0.00755081532523563
47	0.0031941225103010837
48	0.002586446283687614
49	0.0010088158858739995
50	0.000945393245682171
51	0.04651334071458662
52	0.06979493239667436
53	0.19094788792080647
54	0.19094788792080647
55	0.19407281858793526
56	0.05383022830539263
57	0.04502749889045374
58	0.2435918051833956
59	0.8640747434825012
60	0.8097517472627594
61	0.08760357941344458
62	0.04804821315291625
63	0.07093715149650866
64	0.10644373457266672
65	0.8364723744993471
66	0.8501615448993928
67	0.8782156365502339
68	0.9071954723294288
69	0.937131600443727
70	0.20375781569034018
71	0.09348055211451997
72	0.07209806342155774
73	0.14256649781436603
74	0.9220420515895167
75	0.7838846950415489
76	0.8640747434825012
77	0.1597226332147545
78	0.05471117929721262
79	0.09656527406216149
80	0.0769348332586572
81	0.1135846177017877
82	0.10472979393476875
83	0.8782156365502339
84	0.746625162324361
85	0.1380122933233906
86	0.15213071221465532
87	0.23201342268367278
88	0.8097517472627594
89	0.16769342093829617
90	0.19094788792080647
91	0.27737129133826594
92	0.9220420515895167
93	0.40950387170122843
94	0.27737129133826594
95	0.2685108255202325
96	0.4299397258291107
97	0.14256649781436603
98	0.29121320991525734
99	0.20709238541955047
100	0.002234882909108675
101	0.004792895140366571
102	0.0038185630603913396
103	0.0043480927706903375
104	0.0794735706037285
105	0.5574491330158785
106	0.1972488898661471
107	0.07447719441285068
108	0.04288725609875963
109	0.4975723790934037
110	0.9524680951766462
111	0.9220420515895167
112	0.48167771661523795
113	0.47392181612760637
114	0.4587826572335587
115	0.12120455403275905
116	0.5396417421912961
117	0.451395409469718
118	0.8364723744993471
119	0.4299397258291107
120	0.00495105369311154
121	0.008189230970776996
122	0.007076107650393189
123	0.07819389939674361
124	0.5057153295259705
125	0.5139915422627507
126	0.5665719880005068
127	0.7967132492072907
128	0.4299397258291107
129	0.5396417421912961
130	0.5484731728386688
131	0.699686033300586
132	0.5574491330158785
133	0.7838846950415489
134	0.47392181612760637
135	0.305745894681384
136	0.1597226332147545
137	0.13360357026643588
138	0.46629079995639433
139	0.05838153282986845
140	0.02065783558954348
141	0.008738613623635485
142	0.025928821455018472
143	0.4975723790934037
144	0.5665719880005068
145	0.2959790185358471
146	0.7967132492072907
147	0.9838981538483188
148	1.0
149	0.4587826572335587
150	0.4441271100328678
151	0.4441271100328678
152	0.3775797899972455
153	0.9071954723294288
154	0.48167771661523795
155	0.4895605451959158
156	0.5057153295259705
157	0.18484816784601352
158	0.10304345090533384
159	0.48167771661523795
160	0.4029101033605775
161	0.4230169025093144
162	0.007799981223697562
163	0.009174704819918202
164	0.4441271100328678
165	0.1496811268916314
166	0.11733274450692188
167	0.08903724340857805
168	0.10304345090533384
169	0.4029101033605775
170	0.5758441417787755
171	0.22098538275893195
172	0.22460188780169194
173	0.16499324727369863
174	0.6045810297424927
175	0.6045810297424927
176	0.06867110513305613
177	0.2516299796562454
178	0.210481526578282
179	0.8925879504044915
180	0.210481526578282
181	0.14027091400017713
182	0.14256649781436603
183	0.937131600443727
184	0.9524680951766462
185	0.9680555771461163
186	0.7588439508744649
187	0.7712627042813326
188	0.937131600443727
189	0.9220420515895167
190	0.018740694914959853
191	0.007429233258548824
192	0.0022714575694317367
193	0.0006099109471022964
194	0.0017236818362313128
195	0.0003871421943870397
196	0.013992274382953225
197	0.9680555771461163
198	1.0
199	0.9838981538483188
200	0.9838981538483188
