1	0.0376642589146651
2	0.0300076140988875
3	0.027668282067045132
4	0.009632558682416041
5	0.015676073575284534
6	0.9838981538483049
7	0.9838981538483049
8	0.9838981538483049
9	0.9838981538483049
10	1.0
11	0.9838981538483049
12	0.9838981538483049
13	0.9838981538483049
14	0.02277109643911641
15	0.019047393108381605
16	0.015676073575284534
17	0.008459463654885487
18	0.023143753598938943
19	0.7967132492072909
20	0.566571988000515
21	0.8925879504044915
22	0.3008228213237163
23	0.19094788792080652
24	0.1972488898661499
25	0.22460188780169196
26	0.907195472329442
27	0.8925879504044915
28	0.878215636550234
29	0.9524680951766463
30	0.9838981538483049
31	0.011515692539375738
32	0.010791719379643076
33	0.013545299253376799
34	0.14027091400017716
35	0.809751747262771
36	0.878215636550234
37	0.5309525138815068
38	0.4895605451959158
39	0.5057153295259779
40	0.6144752151203824
41	0.9371316004437272
42	0.03954385360034535
43	0.030997821620274375
44	0.04804821315291557
45	0.9680555771461301
46	0.0076743871260476935
47	0.0023848122377374084
48	0.012090370898187259
49	0.016193361151327752
50	0.1789432998085774
51	0.9371316004437272
52	0.9371316004437272
53	0.9371316004437272
54	0.053830228305391865
55	0.013112602486344912
56	0.0330773411179359
57	0.02352250942683125
58	0.0364610959014174
59	0.035296367236227526
60	0.014221262971401333
61	0.0300076140988875
62	0.0358740049446916
63	0.06756537356313776
64	0.07947357060372964
65	0.176061982325188
66	0.73460311882763
67	0.9680555771461301
68	0.9680555771461301
69	0.9680555771461301
70	0.9524680951766463
71	0.9524680951766463
72	0.878215636550234
73	0.9524680951766463
74	0.9524680951766463
75	0.9524680951766463
76	0.9371316004437272
77	0.8640747434825014
78	0.8925879504044915
79	0.9220420515895035
80	0.9371316004437272
81	0.6347520014624387
82	0.6144752151203824
83	0.1818717710859369
84	0.2959790185358472
85	0.29121320991525734
86	0.2959790185358472
87	0.2959790185358472
88	0.24757827243666636
89	0.16499324727369863
90	0.05471117929721262
91	0.00611428590286806
92	0.0024238405452939728
93	0.0019311058764015327
94	0.006739766775034896
95	0.04651334071458662
96	0.9220420515895035
97	0.8925879504044915
98	0.9680555771461301
99	0.9680555771461301
100	0.9371316004437272
101	0.9371316004437272
102	0.9838981538483049
103	0.9838981538483049
104	0.9838981538483049
105	0.9838981538483049
106	0.9371316004437272
107	0.9524680951766463
108	0.9838981538483049
109	0.9680555771461301
110	0.9838981538483049
111	0.9680555771461301
112	0.9680555771461301
113	0.02551131956105536
114	0.026784434765055293
115	0.8640747434825014
116	0.035296367236227526
117	0.030498699465507463
118	0.019047393108381605
119	0.00041311401109910743
120	0.03361866366814502
121	0.9680555771461301
122	0.9680555771461301
123	0.9680555771461301
124	0.05933696755250621
125	0.027668282067045132
126	0.027668282067045132
127	0.029524436113288612
128	0.035296367236227526
129	0.9838981538483049
130	0.1789432998085774
131	0.16769342093829617
132	0.9220420515895035
133	0.7588439508744651
134	0.7466251623243505
135	0.7466251623243505
136	0.8501615448993929
137	0.21742711012397725
138	0.018740694914959853
139	0.09501039487561766
140	0.09348055211451999
141	0.09501039487561766
142	0.010617952774479945
143	0.0031426912410505944
144	0.0043480927706904
145	0.7466251623243505
146	0.6884197964379001
147	0.8230036250150273
148	0.9838981538483049
149	0.907195472329442
150	0.9838981538483049
151	0.45878265723355216
152	0.32625716018605133
153	0.3775797899972509
154	0.566571988000515
155	0.06435386265758035
156	0.11733274450692358
157	0.019047393108381605
158	0.010446984132459454
159	0.01843893512866384
160	0.1314523061326923
161	0.1336035702664359
162	0.14727098441461212
163	0.878215636550234
164	0.9680555771461301
165	0.878215636550234
166	0.8640747434825014
167	0.04651334071458662
168	0.025100540218356872
169	0.016193361151327752
170	0.02133951404984792
171	0.060308038307034934
172	0.06229811565656762
173	0.042196692099189664
174	0.03202070454638286
175	0.878215636550234
176	0.8640747434825014
177	0.3900393726467309
178	0.176061982325188
179	0.2959790185358472
180	0.1448996496809614
181	0.7227746524257325
182	0.5948461590153628
183	0.6996860333005861
184	0.8925879504044915
185	0.878215636550234
186	0.878215636550234
187	0.7712627042813326
188	0.907195472329442
189	0.34814444420779916
190	0.3210038175868511
191	0.33159647562093464
192	0.45878265723355216
193	0.5948461590153628
194	0.1818717710859369
195	0.052963462250909324
196	0.13579004060925667
197	0.566571988000515
198	0.7967132492072909
199	0.6884197964379001
200	0.809751747262771
