1	0.3481444442077991
2	0.2396695274125223
3	0.07447719441285175
4	0.031505112088108564
5	0.02635315591720863
6	0.04502749889045438
7	0.6773349667878948
8	0.6773349667878948
9	0.21392613224755938
10	0.11925293695084214
11	0.3481444442077991
12	0.2516299796562454
13	0.40291010336057753
14	0.27737129133826594
15	0.2641873055176485
16	0.4587826572335587
17	0.20709238541955044
18	0.2396695274125223
19	0.4369758436353279
20	0.746625162324361
21	0.6773349667878948
22	0.5758441417787756
23	0.5574491330158785
24	0.5309525138815142
25	0.33159647562093936
26	0.3655182215245033
27	0.2396695274125223
28	0.2435918051833956
29	0.45139540946972445
30	0.46629079995639433
31	0.31074953590015025
32	0.22460188780169196
33	0.5309525138815142
34	0.19094788792080922
35	0.3837590186752804
36	0.6144752151203912
37	0.21048152657828498
38	0.15213071221465752
39	0.1252041276287828
40	0.21048152657828498
41	0.6773349667878948
42	0.6773349667878948
43	0.8097517472627709
44	0.8782156365502339
45	0.823003625015039
46	0.823003625015039
47	0.7967132492072908
48	0.3370231708678044
49	0.06435386265758125
50	0.030997821620274812
51	0.013327194928720634
52	0.5484731728386688
53	0.35963270335587966
54	0.41620554942555466
55	0.7712627042813326
56	0.8782156365502339
57	0.9371316004437403
58	0.9838981538483188
59	0.836472374499359
60	0.3655182215245033
61	0.3008228213237163
62	0.6347520014624477
63	0.5309525138815142
64	0.5309525138815142
65	0.49757237909340374
66	0.8782156365502339
67	0.8925879504044915
68	0.9071954723294418
69	0.9220420515895035
70	0.6144752151203912
71	0.20709238541955044
72	0.305745894681384
73	0.45139540946972445
74	0.2037578156903402
75	0.09814559940423298
76	0.1496811268916314
77	0.49757237909340374
78	0.6045810297425014
79	0.7227746524257325
80	0.8501615448994049
81	0.8501615448994049
82	0.746625162324361
83	0.8782156365502339
84	0.05383022830539263
85	0.0019311058764015323
86	0.005198130749138962
87	0.008189230970776997
88	0.015175310452307267
89	0.06435386265758125
90	0.9371316004437403
91	0.5948461590153626
92	0.6045810297425014
93	0.836472374499359
94	0.9220420515895035
95	0.9680555771461301
96	0.9371316004437403
97	0.9371316004437403
98	0.9371316004437403
99	0.513991542262758
100	0.481677716615238
101	0.9220420515895035
102	0.5057153295259778
103	0.46629079995639433
104	0.3964225068633132
105	0.39003937264673083
106	0.39003937264673083
107	0.4299397258291108
108	0.05044600800408382
109	0.061295000982725924
110	0.1252041276287828
111	1.0
112	0.09348055211451999
113	0.0047157206801953155
114	4.1208860981214386e-05
115	1.1065025280814529e-05
116	4.542445618186427e-05
117	4.326534525397591e-05
118	8.815652244038559e-06
119	2.702056328514399e-05
120	0.002503823749912712
121	0.03416884515602799
122	1.0
123	1.0
124	1.0
125	0.03416884515602799
126	0.002503823749912712
127	2.4512932672073774e-05
128	8.534041321022323e-06
129	4.326534525397591e-05
130	4.397339814568434e-05
131	1.3664713065723935e-05
132	5.007129947995302e-05
133	0.003246395470718101
134	0.07947357060372963
135	0.9680555771461301
136	0.09501039487561765
137	0.03529636723622752
138	0.043589121425845555
139	0.5484731728386688
140	0.5309525138815142
141	0.45139540946972445
142	0.29121320991525734
143	0.1972488898661499
144	0.1496811268916314
145	0.19407281858793252
146	0.4587826572335587
147	0.6245313223904277
148	0.6347520014624477
149	0.3964225068633132
150	0.6884197964379
151	0.6451399456130031
152	0.6556978921951104
153	0.4095038717012285
154	0.3964225068633132
155	0.27290510147824404
156	0.3262571601860513
157	0.6451399456130031
158	0.699686033300586
159	0.4095038717012285
160	0.15972263321475674
161	0.2320134226836695
162	0.2475782724366734
163	0.49757237909340374
164	0.5665719880005149
165	0.6556978921951104
166	0.19094788792080922
167	0.17322705937262536
168	0.04288725609875964
169	0.041517247454899237
170	0.05838153282986845
171	0.9838981538483188
172	1.0
173	0.8640747434825012
174	1.0
175	1.0
176	0.9838981538483188
177	0.9838981538483188
178	0.8925879504044915
179	0.8640747434825012
180	0.8501615448994049
181	0.9371316004437403
182	0.9071954723294418
183	0.9838981538483188
184	0.9838981538483188
185	0.19407281858793252
186	0.1252041276287828
187	0.09197534264619776
188	0.09814559940423298
189	0.03202070454638286
190	0.39003937264673083
191	0.0512715750169613
192	0.05044600800408382
193	0.04883453939311235
194	0.27290510147824404
195	0.3481444442077991
196	0.6884197964379
197	0.7346031188276403
198	0.836472374499359
199	0.8925879504044915
200	1.0
