1	0.9220420515895167
2	0.8782156365502339
3	0.9071954723294419
4	0.9838981538483189
5	0.9371316004437404
6	0.9220420515895167
7	0.9371316004437404
8	0.9524680951766598
9	0.8640747434825076
10	0.8925879504044978
11	0.9838981538483189
12	0.9680555771461302
13	0.9524680951766598
14	0.9524680951766598
15	0.9220420515895167
16	0.9220420515895167
17	0.9371316004437404
18	0.9680555771461302
19	1.0
20	0.9220420515895167
21	0.8782156365502339
22	0.8782156365502339
23	0.8925879504044978
24	0.9371316004437404
25	0.8925879504044978
26	0.9071954723294419
27	0.9371316004437404
28	0.9371316004437404
29	0.8230036250150332
30	0.6556978921951105
31	0.6045810297425014
32	0.7712627042813381
33	0.9220420515895167
34	0.9220420515895167
35	0.9680555771461302
36	0.8640747434825076
37	0.8501615448993989
38	0.7588439508744758
39	0.8364723744993591
40	0.22460188780169352
41	0.10138426111191784
42	0.08480513362914896
43	0.07947357060372963
44	0.07693483325865721
45	0.10138426111191784
46	0.566571988000515
47	0.9680555771461302
48	0.9680555771461302
49	0.9371316004437404
50	0.5224031981891458
51	0.08209608258032164
52	0.6884197964379049
53	0.20709238541955194
54	0.1472709844146142
55	0.19094788792080922
56	0.10995622264422977
57	0.07209806342155724
58	0.02133951404984792
59	0.04963373414423629
60	0.045027498890454064
61	0.04084874312373918
62	0.03202070454638286
63	0.8640747434825076
64	0.8364723744993591
65	0.9838981538483189
66	0.24757827243667166
67	0.10138426111191784
68	0.054711179297213405
69	0.08480513362914896
70	0.16233655139003242
71	0.9371316004437404
72	0.22460188780169352
73	0.18484816784601485
74	0.09656527406216081
75	0.8640747434825076
76	0.8364723744993591
77	0.9371316004437404
78	0.9524680951766598
79	0.9524680951766598
80	0.8364723744993591
81	0.046513340714586945
82	0.06756537356313823
83	0.16499324727369982
84	0.8640747434825076
85	0.8782156365502339
86	0.9071954723294419
87	0.04288725609875964
88	0.019675929314445232
89	0.02592882145501866
90	0.15715080394779138
91	0.33159647562094174
92	0.5852680376789788
93	0.35384195289533515
94	0.6347520014624433
95	0.9371316004437404
96	0.09049436982916118
97	0.09049436982916118
98	0.09975178733729259
99	0.677334966787895
100	0.8925879504044978
101	0.2557479945175683
102	0.08480513362914896
103	0.1496811268916325
104	0.27737129133826793
105	0.9838981538483189
106	0.9838981538483189
107	0.5758441417787797
108	0.6451399456130078
109	0.8501615448993989
110	0.8230036250150332
111	0.8230036250150332
112	0.4975723790934073
113	0.3837590186752777
114	0.9680555771461302
115	0.8640747434825076
116	0.012901465378461815
117	0.006419412822152426
118	0.029049038185277508
119	0.3370231708678045
120	0.9220420515895167
121	0.7111366461700436
122	0.7712627042813381
123	0.6451399456130078
124	0.3837590186752777
125	0.3057458946813841
126	0.08209608258032164
127	0.18484816784601485
128	0.27737129133826793
129	0.3596327033558822
130	0.48167771661524145
131	0.09656527406216081
132	0.15462038588001212
133	0.6045810297425014
134	0.6664286233595269
135	0.7712627042813381
136	0.9071954723294419
137	0.7111366461700436
138	0.7712627042813381
139	0.7588439508744758
140	0.677334966787895
141	0.41620554942555765
142	0.566571988000515
143	0.7227746524257325
144	0.26851082552023436
145	0.20375781569034024
146	0.09814559940423298
147	0.1314523061326923
148	0.5852680376789788
149	0.5224031981891458
150	1.0
151	0.9524680951766598
152	1.0
153	0.9680555771461302
154	0.9838981538483189
155	0.5224031981891458
156	0.5852680376789788
157	0.10995622264422977
158	0.023522509426831414
159	0.29597901853584924
160	0.48167771661524145
161	0.9680555771461302
162	0.9524680951766598
163	0.9524680951766598
164	0.6664286233595269
165	0.35384195289533515
166	0.34814444420780405
167	0.3370231708678045
168	0.11925293695084131
169	0.05296346225090933
170	0.07327797408660716
171	0.6045810297425014
172	0.7588439508744758
173	0.6144752151203867
174	0.6045810297425014
175	0.8097517472627711
176	0.8364723744993591
177	0.07327797408660716
178	0.04804821315291625
179	0.10644373457266824
180	0.12933568132305906
181	0.1047297939347695
182	0.04963373414423629
183	0.045027498890454064
184	0.9071954723294419
185	0.24757827243667166
186	0.15715080394779138
187	0.1732270593726266
188	0.699686033300596
189	0.4095038717012285
190	0.09814559940423298
191	0.03529636723622752
192	0.009632558682416179
193	0.014690543918280325
194	0.015175310452307376
195	0.10818572446379161
196	0.210481526578285
197	0.9220420515895167
198	0.8925879504044978
199	1.0
200	1.0
