1	0.9220420515895167
2	0.8925879504044915
3	0.8925879504044915
4	0.3158350635019698
5	0.3425386759286075
6	0.9838981538483189
7	0.8782156365502339
8	0.4587826572335587
9	0.466290799956401
10	0.968055577146144
11	0.04883453939311235
12	0.005198130749139036
13	0.038907124553427985
14	0.005546852487609716
15	0.009174704819918332
16	0.8097517472627825
17	1.0
18	0.8782156365502339
19	0.8097517472627825
20	0.8097517472627825
21	0.823003625015039
22	0.22098538275893195
23	0.07569604040982214
24	0.07209806342155775
25	0.17043778391330405
26	0.16769342093829856
27	1.0
28	0.277371291338266
29	0.4369758436353341
30	1.0
31	0.8782156365502339
32	0.8782156365502339
33	0.3655182215245086
34	0.3315964756209393
35	0.11733274450692356
36	0.02032520629905422
37	0.007927630713798603
38	0.010278768401209684
39	0.024696375181437507
40	0.8097517472627825
41	0.8097517472627825
42	0.9071954723294419
43	0.07093715149651068
44	0.06435386265758127
45	0.0622981156565685
46	0.17894329980857993
47	0.22460188780169513
48	0.9838981538483189
49	0.6347520014624478
50	0.6451399456130125
51	0.9838981538483189
52	0.9838981538483189
53	0.29121320991526156
54	0.15972263321475677
55	0.823003625015039
56	0.2004769386898946
57	0.11544347070631858
58	0.01874069491496012
59	0.03202070454638332
60	0.040848743123739185
61	0.8925879504044915
62	0.07093715149651068
63	0.8782156365502339
64	0.8782156365502339
65	0.06756537356313871
66	0.06979493239667536
67	0.08209608258032165
68	0.0934805521145213
69	0.2037578156903431
70	0.7712627042813436
71	0.6045810297425099
72	0.7588439508744758
73	0.05933696755250705
74	0.03361866366814549
75	0.0358740049446916
76	0.9071954723294419
77	0.9220420515895167
78	0.9838981538483189
79	0.968055577146144
80	0.10304345090533384
81	0.10304345090533384
82	0.0574414823701426
83	0.3837590186752804
84	0.1472709844146142
85	0.17043778391330405
86	0.6884197964379098
87	0.11544347070631858
88	0.06435386265758127
89	0.05296346225091008
90	0.29121320991526156
91	0.9071954723294419
92	0.2685108255202363
93	0.24757827243666988
94	0.2557479945175683
95	0.33702317086780925
96	0.9071954723294419
97	0.8925879504044915
98	0.8640747434825136
99	0.7227746524257428
100	0.04963373414423629
101	0.13579004060925862
102	0.14489964968096347
103	0.0574414823701426
104	0.031505112088109015
105	0.04963373414423629
106	0.6664286233595222
107	0.5758441417787838
108	0.8097517472627825
109	0.823003625015039
110	0.9220420515895167
111	0.7712627042813436
112	0.7838846950415602
113	0.7588439508744758
114	0.6773349667879045
115	0.614475215120391
116	0.8364723744993592
117	0.9071954723294419
118	0.9524680951766599
119	0.9838981538483189
120	0.17043778391330405
121	0.05296346225091008
122	0.04883453939311235
123	0.23201342268367284
124	0.251629979656249
125	0.12725313808047503
126	0.9524680951766599
127	0.968055577146144
128	0.9838981538483189
129	0.7111366461700486
130	0.17606198232518802
131	0.277371291338266
132	0.3210038175868557
133	0.45139540946973095
134	0.12318811002815044
135	0.10644373457266824
136	0.20709238541955047
137	0.19407281858793526
138	0.8501615448994049
139	0.5758441417787838
140	0.6664286233595222
141	0.5396417421913039
142	0.513991542262758
143	0.18484816784601352
144	0.0358740049446916
145	0.017849913987938983
146	0.004209195456615611
147	0.001395754378613427
148	0.00048592413239298047
149	0.043589121425845555
150	1.0
151	1.0
152	1.0
153	1.0
154	1.0
155	0.05560654736795844
156	0.003881055214359186
157	0.0036965812672960846
158	0.007429233258549037
159	0.012090370898187257
160	0.060308038307035794
161	0.18484816784601352
162	0.9220420515895167
163	0.9371316004437406
164	0.9071954723294419
165	0.8364723744993592
166	0.7967132492073022
167	0.3655182215245086
168	0.1972488898661499
169	0.0997517873372933
170	0.0574414823701426
171	0.3158350635019698
172	0.8640747434825136
173	0.8640747434825136
174	0.9220420515895167
175	0.9220420515895167
176	0.32625716018605594
177	0.05560654736795844
178	0.06435386265758127
179	0.10304345090533384
180	0.21742711012398036
181	0.22827757824649536
182	0.18484816784601352
183	0.11175569566235918
184	0.06331764666180337
185	0.10472979393477024
186	0.9220420515895167
187	0.8640747434825136
188	0.04019100294647119
189	0.9071954723294419
190	0.05651656845829486
191	0.09049436982916183
192	0.043589121425845555
193	0.05044600800408454
194	0.0934805521145213
195	0.9524680951766599
196	0.823003625015039
197	0.7967132492073022
198	0.968055577146144
199	0.9524680951766599
200	1.0
