1	0.4230169025093204
2	0.08619300005539395
3	0.02722277164592044
4	0.8097517472627823
5	0.025100540218357406
6	0.0376642589146659
7	0.004009124378788922
8	0.003353521788788837
9	0.024298717947761627
10	0.04358912142584555
11	0.8782156365502463
12	0.8925879504044913
13	0.8925879504044913
14	1.0
15	0.9838981538483328
16	0.04358912142584555
17	0.024298717947761627
18	0.03099782162027481
19	0.1154434707063202
20	0.057441482370143404
21	0.06435386265758217
22	0.10138426111191928
23	0.25162997965624895
24	0.436975843635334
25	0.7967132492072908
26	0.7712627042813434
27	0.8925879504044913
28	0.7967132492072908
29	0.8230036250150389
30	0.8501615448994048
31	0.585268037678987
32	0.4230169025093204
33	0.19724888986614988
34	0.3775797899972562
35	0.666428623359522
36	0.9371316004437403
37	0.7346031188276507
38	0.6347520014624477
39	0.6556978921951198
40	0.666428623359522
41	0.42993972582911677
42	0.0769348332586583
43	0.09049436982916181
44	0.176061982325188
45	0.39642250686331315
46	0.585268037678987
47	0.016193361151328092
48	0.01189569360606805
49	0.009950419076984586
50	0.11358461770179092
51	0.585268037678987
52	0.022043686905619652
53	0.02032520629905436
54	0.1425664978143701
55	0.01756249741908457
56	0.0675653735631387
57	0.699686033300596
58	0.7588439508744864
59	0.9371316004437403
60	0.9220420515895165
61	0.45139540946973084
62	0.42993972582911677
63	0.3596327033558847
64	0.14489964968096344
65	0.27737129133826594
66	0.6045810297425098
67	0.2729051014782479
68	0.10472979393476874
69	0.8230036250150389
70	0.5948461590153626
71	0.7227746524257427
72	0.3262571601860559
73	0.3596327033558847
74	0.6245313223904276
75	0.746625162324361
76	0.5665719880005229
77	0.6245313223904276
78	0.5309525138815142
79	0.18787327440651988
80	0.17043778391330405
81	0.21392613224755935
82	0.20375781569034307
83	0.20375781569034307
84	0.2912132099152615
85	0.8097517472627823
86	0.9371316004437403
87	0.6347520014624477
88	0.5665719880005229
89	0.5484731728386766
90	0.5574491330158785
91	0.1789432998085799
92	0.15972263321475902
93	0.1402709140001771
94	0.12120455403276079
95	0.6451399456130124
96	0.5224031981891458
97	0.3210038175868556
98	0.25162997965624895
99	0.38375901867528034
100	0.10138426111191928
101	0.20375781569034307
102	0.24757827243667335
103	0.16233655139003356
104	0.23581040555488306
105	0.6884197964379096
106	0.6556978921951198
107	0.2246018878016951
108	0.19724888986614988
109	0.25993340216897615
110	0.27737129133826594
111	0.3262571601860559
112	0.9680555771461438
113	0.9220420515895165
114	0.22098538275893506
115	0.15715080394779132
116	0.8097517472627823
117	0.746625162324361
118	0.7967132492072908
119	0.9524680951766596
120	0.9524680951766596
121	0.9371316004437403
122	0.9371316004437403
123	1.0
124	0.9838981538483328
125	0.6556978921951198
126	0.41620554942555466
127	0.012489335512977756
128	0.013327194928720821
129	0.585268037678987
130	0.7712627042813434
131	0.44412711003287414
132	0.28652413961186873
133	0.20709238541955044
134	0.20709238541955044
135	0.27737129133826594
136	0.40950387170123426
137	0.08077418408895758
138	0.04084874312373918
139	0.08077418408895758
140	0.15715080394779132
141	0.1546203858800132
142	0.23581040555488306
143	0.5309525138815142
144	0.5948461590153626
145	0.5139915422627579
146	0.3262571601860559
147	0.3775797899972562
148	0.26851082552023625
149	0.23966952741252567
150	0.2959790185358513
151	0.5396417421913038
152	0.5574491330158785
153	0.9838981538483328
154	0.9220420515895165
155	0.6556978921951198
156	0.48167771661524483
157	0.46629079995640094
158	0.3775797899972562
159	0.5574491330158785
160	0.5224031981891458
161	0.6556978921951198
162	0.49757237909340374
163	0.07569604040982214
164	0.057441482370143404
165	0.5139915422627579
166	0.1789432998085799
167	0.176061982325188
168	0.20047693868989458
169	0.07447719441285174
170	0.27737129133826594
171	0.7346031188276507
172	0.41620554942555466
173	0.5948461590153626
174	0.5948461590153626
175	0.6884197964379096
176	0.15213071221465965
177	0.11358461770179092
178	0.26851082552023625
179	0.28652413961186873
180	0.25993340216897615
181	0.746625162324361
182	0.3107495359001546
183	0.28652413961186873
184	0.10472979393476874
185	0.04084874312373918
186	0.5948461590153626
187	0.04288725609876024
188	0.06867110513305712
189	0.28652413961186873
190	0.4029101033605832
191	0.4739218161276131
192	0.9680555771461438
193	0.9071954723294546
194	0.9680555771461438
195	0.8230036250150389
196	0.6347520014624477
197	0.6045810297425098
198	0.614475215120391
199	0.7111366461700486
200	0.9371316004437403
