1	0.1909478879208119
2	0.00047809985677179956
3	6.183537071603807e-05
4	4.847180071652264e-05
5	1.2396565823905894e-05
6	4.326534525397652e-05
7	0.006962169253653922
8	0.022771096439116734
9	0.022771096439116734
10	0.9220420515895166
11	0.8640747434825135
12	0.9220420515895166
13	0.7466251623243609
14	0.09501039487561899
15	0.1789432998085799
16	0.015932618141390915
17	0.006631244087325165
18	0.34253867592861226
19	0.0622981156565685
20	0.06540703669975811
21	0.5396417421913039
22	0.8097517472627823
23	0.7346031188276506
24	0.585268037678987
25	0.5948461590153626
26	0.566571988000523
27	0.5574491330158785
28	0.3538419528953351
29	0.4299397258291168
30	0.2912132099152615
31	0.08619300005539395
32	0.2912132099152615
33	0.37150005830873106
34	0.27737129133826594
35	0.1732270593726278
36	0.4095038717012342
37	0.4095038717012342
38	0.25574799451757185
39	0.2209853827589351
40	0.46629079995640094
41	0.9220420515895166
42	0.9680555771461439
43	0.823003625015039
44	0.6556978921951198
45	0.6245313223904276
46	0.4299397258291168
47	0.5224031981891458
48	0.27737129133826594
49	0.057441482370143404
50	0.27737129133826594
51	0.6347520014624567
52	0.38375901867528034
53	0.5139915422627579
54	0.3900393726467363
55	0.43697584363533404
56	0.43697584363533404
57	0.7838846950415602
58	0.6451399456130124
59	0.46629079995640094
60	0.5057153295259849
61	0.7712627042813435
62	0.3262571601860559
63	0.566571988000523
64	0.2139261322475624
65	0.3775797899972563
66	0.23581040555488306
67	0.1789432998085799
68	0.27737129133826594
69	0.35963270335588476
70	0.3538419528953351
71	0.49757237909340374
72	0.5139915422627579
73	0.7111366461700486
74	0.6347520014624567
75	0.43697584363533404
76	0.1336035702664378
77	0.45878265723356515
78	0.42301690250932644
79	0.30082282132372057
80	0.18484816784601615
81	0.41620554942555466
82	0.7227746524257427
83	0.6556978921951198
84	0.5948461590153626
85	0.45878265723356515
86	0.25993340216897615
87	0.18484816784601615
88	0.36551822152450847
89	0.9838981538483328
90	0.7838846950415602
91	0.30574589468138835
92	0.6347520014624567
93	0.5224031981891458
94	0.8640747434825135
95	0.8501615448994048
96	0.9371316004437404
97	0.46629079995640094
98	0.43697584363533404
99	0.1154434707063202
100	0.43697584363533404
101	0.4095038717012342
102	0.9524680951766599
103	0.9524680951766599
104	1.0
105	0.9838981538483328
106	1.0
107	0.09348055211451997
108	0.0018694178137101953
109	0.0063160484245059975
110	0.007799981223697785
111	0.007550815325235737
112	0.28652413961186873
113	0.30574589468138835
114	0.8501615448994048
115	0.06129500098272679
116	0.04219669209919026
117	0.13801229332339254
118	0.1030434509053353
119	0.03202070454638331
120	0.041517247454899237
121	0.16499324727370096
122	0.8782156365502463
123	0.7967132492072908
124	0.9071954723294545
125	0.8925879504044913
126	0.30082282132372057
127	0.3107495359001546
128	0.7712627042813435
129	0.36551822152450847
130	0.42301690250932644
131	0.43697584363533404
132	0.8782156365502463
133	0.836472374499359
134	0.9524680951766599
135	0.8501615448994048
136	0.4816777166152448
137	0.39642250686331315
138	0.3775797899972563
139	0.9220420515895166
140	0.566571988000523
141	0.585268037678987
142	0.823003625015039
143	0.7838846950415602
144	0.7111366461700486
145	0.585268037678987
146	0.823003625015039
147	0.8097517472627823
148	0.2729051014782479
149	0.18187177108593947
150	0.26851082552023625
151	0.26851082552023625
152	0.27737129133826594
153	0.176061982325188
154	0.20047693868989458
155	0.7967132492072908
156	0.2209853827589351
157	0.15213071221465965
158	0.2209853827589351
159	0.15715080394779132
160	0.6556978921951198
161	0.07947357060373075
162	0.1314523061326923
163	0.40291010336058325
164	0.9680555771461439
165	0.9524680951766599
166	0.4095038717012342
167	0.08619300005539395
168	0.08619300005539395
169	0.36551822152450847
170	0.5224031981891458
171	0.9838981538483328
172	0.9524680951766599
173	0.9524680951766599
174	0.9680555771461439
175	0.9838981538483328
176	0.5224031981891458
177	0.06030803830703578
178	0.008597905811488843
179	0.0047928951403666395
180	0.007191910689857911
181	0.08619300005539395
182	0.5057153295259849
183	0.007550815325235737
184	0.010791719379643225
185	0.006850065475449525
186	0.002271457569431769
187	0.004951053693111611
188	0.004871332588256484
189	0.004209195456615671
190	0.004639788871308575
191	0.19407281858793526
192	1.0
193	1.0
194	1.0
195	1.0
196	1.0
197	1.0
198	1.0
199	1.0
200	1.0
