1	0.7346031188276403
2	0.1760619823251855
3	0.1760619823251855
4	0.4369758436353279
5	0.3481444442078041
6	0.08480513362914895
7	0.07327797408660613
8	0.08760357941344458
9	0.9071954723294289
10	0.22098538275893195
11	0.1909478879208065
12	0.1336035702664359
13	0.8640747434825014
14	0.8640747434825014
15	0.7111366461700386
16	0.7588439508744651
17	0.17322705937262783
18	0.17043778391329922
19	0.21742711012397728
20	0.2641873055176448
21	0.8782156365502339
22	0.9220420515895035
23	0.9680555771461301
24	0.9071954723294289
25	0.9680555771461301
26	0.9524680951766463
27	0.9680555771461301
28	0.2729051014782402
29	0.04288725609875964
30	0.001059159767117347
31	0.0018097003405784546
32	0.016458371314135436
33	1.0
34	1.0
35	1.0
36	0.01593261814139069
37	0.0012869442307717569
38	0.002128654667381612
39	0.04430247303072467
40	0.2865241396118647
41	0.9838981538483189
42	0.8925879504044915
43	0.7466251623243612
44	0.7466251623243612
45	0.7712627042813326
46	0.9838981538483189
47	0.823003625015039
48	0.7346031188276403
49	0.6996860333005861
50	0.8640747434825014
51	0.8925879504044915
52	0.045027498890453745
53	0.018438935128663576
54	0.007309608887594824
55	0.005457537922228077
56	0.04883453939311235
57	0.41620554942555466
58	0.4299397258291108
59	0.4299397258291108
60	0.31074953590015464
61	0.4369758436353279
62	0.0016686198147892052
63	0.0020943793974173455
64	0.5574491330158786
65	0.5574491330158786
66	0.5574491330158786
67	0.6045810297424928
68	0.44412711003286787
69	0.0066312440873250705
70	0.39642250686330754
71	0.013327194928720445
72	0.000650827425746295
73	0.0012869442307717569
74	0.0022348829091086756
75	0.5948461590153626
76	0.6884197964379
77	0.9371316004437272
78	0.9524680951766463
79	0.466290799956401
80	0.45139540946971807
81	0.4369758436353279
82	0.1099562226442282
83	0.14256649781436606
84	0.9524680951766463
85	0.9524680951766463
86	0.18787327440651988
87	0.14027091400017716
88	0.20709238541955047
89	0.7346031188276403
90	0.7967132492072908
91	0.7346031188276403
92	0.1336035702664359
93	0.13579004060925667
94	0.10472979393476876
95	0.1272531380804714
96	0.23581040555487975
97	0.3425386759286026
98	0.5665719880005069
99	0.5396417421912961
100	0.8925879504044915
101	0.9220420515895035
102	0.004871332588256346
103	0.02858129504156366
104	0.026784434765054915
105	0.042196692099189664
106	0.1909478879208065
107	0.9838981538483189
108	0.9838981538483189
109	1.0
110	1.0
111	0.20047693868989175
112	0.027668282067044733
113	0.008459463654885606
114	0.005637628717885326
115	0.012288234154010976
116	0.5139915422627507
117	0.3210038175868511
118	0.3481444442078041
119	0.09656527406216149
120	0.08619300005539272
121	0.033077341117935435
122	0.5396417421912961
123	0.8501615448993928
124	0.9524680951766463
125	0.8925879504044915
126	0.05838153282986846
127	0.02133951404984792
128	0.12120455403275908
129	0.49757237909340374
130	0.9524680951766463
131	0.6144752151203824
132	0.6245313223904189
133	0.9524680951766463
134	0.8782156365502339
135	0.8640747434825014
136	0.6773349667878853
137	0.3715000583087311
138	0.06331764666180248
139	0.23201342268367284
140	0.23581040555487975
141	0.13579004060925667
142	0.1597226332147545
143	0.45139540946971807
144	0.019997932954225386
145	0.6245313223904189
146	0.3262571601860513
147	0.5484731728386689
148	0.5665719880005069
149	0.6347520014624387
150	0.3596327033558797
151	0.23966952741252232
152	0.03529636723622752
153	0.5948461590153626
154	0.5948461590153626
155	0.5484731728386689
156	0.36551822152450336
157	0.38375901867527495
158	0.06540703669975813
159	0.09814559940423159
160	0.7712627042813326
161	0.8364723744993472
162	0.7111366461700386
163	0.40950387170122265
164	0.3425386759286026
165	0.466290799956401
166	0.4895605451959158
167	0.6045810297424928
168	0.5948461590153626
169	0.7111366461700386
170	0.6144752151203824
171	0.3715000583087311
172	0.45878265723355216
173	0.6144752151203824
174	0.8364723744993472
175	0.3596327033558797
176	0.39642250686330754
177	0.19407281858793526
178	0.22098538275893195
179	0.03646109590141792
180	0.06867110513305615
181	0.10818572446379239
182	0.8364723744993472
183	0.013545299253376991
184	0.09975178733729188
185	0.05127157501696131
186	0.04883453939311235
187	0.3262571601860513
188	0.3370231708678045
189	0.3715000583087311
190	0.40291010336057753
191	0.40950387170122265
192	0.9524680951766463
193	0.8782156365502339
194	0.8782156365502339
195	0.9220420515895035
196	0.9071954723294289
197	0.8640747434825014
198	0.6996860333005861
199	0.823003625015039
200	0.9838981538483189
