1	0.1972488898661499
2	0.03254473486014845
3	0.8097517472627823
4	0.7227746524257427
5	0.7838846950415602
6	0.6245313223904277
7	0.6773349667878997
8	0.2475782724366716
9	0.03954385360034591
10	0.0016153167178432554
11	0.0014185963995909593
12	0.007191910689857911
13	0.008738613623635672
14	0.00511443124754004
15	0.002586446283687687
16	0.0062143483844881225
17	0.05211065273008518
18	0.34253867592860987
19	0.28191057199709557
20	0.9838981538483259
21	0.01999793295422581
22	0.015423659850313083
23	0.0370577948122046
24	0.2396695274125274
25	0.9838981538483259
26	0.9838981538483259
27	0.9838981538483259
28	0.2396695274125274
29	0.033077341117936365
30	0.012489335512977756
31	0.013766972933527001
32	1.0
33	0.29121320991526145
34	0.3262571601860559
35	0.9838981538483259
36	0.05211065273008518
37	0.005637628717885365
38	0.0010421053394971875
39	0.0037570771454724524
40	0.005457537922228115
41	0.010278768401209682
42	0.010446984132459675
43	0.006631244087325165
44	0.08209608258032164
45	0.2475782724366716
46	0.7588439508744812
47	0.6664286233595269
48	0.6773349667878997
49	0.6451399456130124
50	0.6451399456130124
51	0.8782156365502402
52	0.6347520014624433
53	0.28652413961187073
54	0.3315964756209417
55	0.7967132492072965
56	0.8501615448994108
57	0.9371316004437403
58	0.2246018878016951
59	0.0675653735631387
60	0.004715720680195349
61	0.007309608887594874
62	0.009174704819918266
63	0.008057369233585077
64	0.01935911052773268
65	0.9838981538483259
66	0.9680555771461439
67	0.9838981538483259
68	1.0
69	1.0
70	1.0
71	0.9680555771461439
72	0.9838981538483259
73	0.017562497419084444
74	0.00511443124754004
75	0.00487133258825638
76	0.003042299783147342
77	0.005637628717885365
78	0.009174704819918266
79	0.06229811565656806
80	0.6884197964379146
81	0.3210038175868579
82	0.3315964756209417
83	0.9680555771461439
84	0.9371316004437403
85	0.5484731728386727
86	0.5396417421913038
87	0.25162997965624895
88	0.0675653735631387
89	0.08209608258032164
90	0.08343961441458023
91	0.2557479945175701
92	0.25993340216897615
93	0.21742711012398033
94	0.11925293695084299
95	0.09656527406216217
96	0.08903724340857995
97	0.3596327033558847
98	0.46629079995640094
99	0.34253867592860987
100	0.7712627042813435
101	0.9371316004437403
102	0.922042051589523
103	0.922042051589523
104	0.952468095176653
105	0.9680555771461439
106	0.9371316004437403
107	0.9371316004437403
108	0.9680555771461439
109	0.25993340216897615
110	0.05651656845829485
111	0.17322705937262903
112	0.12120455403276079
113	0.12120455403276079
114	0.12520412762878366
115	0.20709238541955194
116	0.10818572446379315
117	0.28191057199709557
118	0.2396695274125274
119	0.34253867592860987
120	0.5574491330158785
121	0.922042051589523
122	0.9371316004437403
123	0.19094788792081055
124	0.06229811565656806
125	0.04358912142584586
126	0.045764390058400266
127	1.0
128	0.08209608258032164
129	0.05838153282986887
130	0.5574491330158785
131	0.952468095176653
132	0.005457537922228115
133	0.05044600800408453
134	0.07327797408660716
135	0.29121320991526145
136	0.9680555771461439
137	0.07093715149651067
138	0.0010421053394971875
139	0.003464183119191529
140	0.027222771645920442
141	0.07327797408660716
142	0.1972488898661499
143	0.9371316004437403
144	0.6884197964379146
145	0.5948461590153669
146	0.8230036250150448
147	0.8640747434825136
148	0.9371316004437403
149	0.3900393726467363
150	0.436975843635334
151	0.5948461590153669
152	1.0
153	1.0
154	0.9680555771461439
155	0.8640747434825136
156	0.4816777166152448
157	0.41620554942555754
158	0.5224031981891458
159	0.8230036250150448
160	0.8925879504044978
161	0.746625162324361
162	0.6245313223904277
163	0.8640747434825136
164	0.1293356813230609
165	0.024298717947761627
166	0.007674387126047693
167	0.0047928951403666395
168	0.002897693479410735
169	0.02952443611328903
170	0.952468095176653
171	0.2475782724366716
172	0.05651656845829485
173	0.03646109590141817
174	0.08760357941344458
175	0.8782156365502402
176	0.5057153295259849
177	0.09049436982916181
178	0.2729051014782479
179	0.041517247454898945
180	0.038907124553428256
181	0.07093715149651067
182	0.17043778391330405
183	0.8640747434825136
184	0.9838981538483259
185	0.952468095176653
186	0.9371316004437403
187	0.922042051589523
188	0.922042051589523
189	0.8097517472627823
190	0.6045810297425099
191	0.6773349667878997
192	0.5758441417787878
193	0.6773349667878997
194	0.7967132492072965
195	0.8097517472627823
196	0.6556978921951151
197	0.6664286233595269
198	0.8640747434825136
199	0.9838981538483259
200	1.0
