1	1.0
2	0.9838981538483189
3	0.9220420515895036
4	0.9524680951766463
5	0.3210038175868511
6	0.022404439747548827
7	0.034168845156028235
8	0.9220420515895036
9	0.18187177108593688
10	0.23201342268367284
11	0.1252041276287828
12	0.10644373457266748
13	0.3210038175868511
14	0.5758441417787756
15	0.07569604040982107
16	0.019997932954225524
17	0.02168874285044923
18	0.5396417421912962
19	0.9680555771461232
20	0.9838981538483189
21	1.0
22	0.6347520014624433
23	0.07447719441285122
24	0.019359110527732683
25	0.01593261814139069
26	0.5574491330158786
27	0.9838981538483189
28	0.9524680951766463
29	0.9524680951766463
30	0.4975723790934037
31	0.2865241396118646
32	0.29597901853584924
33	0.39003937264673355
34	0.7227746524257325
35	0.9838981538483189
36	0.014690543918280223
37	0.011147830387442685
38	0.03254473486014822
39	0.019359110527732683
40	0.6347520014624433
41	0.9680555771461232
42	0.9838981538483189
43	0.9838981538483189
44	0.9838981538483189
45	0.6556978921951152
46	0.028581295041563454
47	0.017849913987938597
48	0.02352250942683125
49	0.02429871794776146
50	0.9838981538483189
51	0.7346031188276351
52	0.6664286233595222
53	0.2641873055176467
54	0.18484816784601352
55	0.1496811268916314
56	0.17043778391330042
57	0.9838981538483189
58	0.9838981538483189
59	0.6884197964379
60	0.7346031188276351
61	0.6245313223904232
62	0.7712627042813326
63	0.27737129133826594
64	0.27290510147824215
65	0.27737129133826594
66	0.9838981538483189
67	0.30574589468138186
68	0.06979493239667438
69	0.05211065273008481
70	0.27737129133826594
71	0.9524680951766463
72	0.6773349667878902
73	0.7346031188276351
74	0.7346031188276351
75	0.7346031188276351
76	0.746625162324361
77	0.8097517472627652
78	0.11925293695084131
79	0.013766972933526904
80	0.0010764932965619026
81	0.001186616698822083
82	0.0007174059456835025
83	0.9838981538483189
84	1.0
85	1.0
86	1.0
87	1.0
88	1.0
89	0.9838981538483189
90	1.0
91	0.0007058543855178106
92	0.0006614784499805341
93	0.011147830387442685
94	0.023143753598939106
95	0.11358461770178852
96	1.0
97	1.0
98	0.9220420515895036
99	0.9071954723294354
100	0.8640747434825014
101	0.40291010336057753
102	0.436975843635331
103	0.5396417421912962
104	0.5948461590153628
105	0.9680555771461232
106	0.9071954723294354
107	0.4095038717012256
108	0.4975723790934037
109	0.4299397258291108
110	0.8364723744993531
111	0.8640747434825014
112	0.8501615448993989
113	0.8925879504044915
114	0.8782156365502402
115	0.9071954723294354
116	0.6664286233595222
117	0.6664286233595222
118	0.699686033300591
119	0.5665719880005109
120	0.006850065475449525
121	0.02168874285044923
122	0.1496811268916314
123	0.15715080394779024
124	1.0
125	1.0
126	0.1336035702664359
127	0.8501615448993989
128	0.9220420515895036
129	0.034728030561276546
130	0.11925293695084131
131	0.9838981538483189
132	0.8097517472627652
133	0.8097517472627652
134	0.8230036250150273
135	0.27737129133826594
136	0.1972488898661485
137	1.0
138	1.0
139	0.05044600800408382
140	0.8364723744993531
141	0.8097517472627652
142	0.1649932472736998
143	0.17322705937262783
144	0.0664774463128437
145	0.06129500098272637
146	1.0
147	0.7346031188276351
148	0.7346031188276351
149	0.746625162324361
150	0.7712627042813326
151	0.7346031188276351
152	0.7111366461700385
153	0.6144752151203866
154	0.6664286233595222
155	0.5396417421912962
156	0.8640747434825014
157	0.8782156365502402
158	0.8640747434825014
159	0.7838846950415547
160	0.746625162324361
161	0.8097517472627652
162	0.9524680951766463
163	0.746625162324361
164	0.45139540946972123
165	0.38375901867527495
166	0.8501615448993989
167	0.9371316004437338
168	1.0
169	0.9371316004437338
170	0.9838981538483189
171	0.7346031188276351
172	0.5948461590153628
173	0.4662907999563977
174	0.41620554942555466
175	0.24757827243666988
176	0.21742711012397725
177	0.34253867592860504
178	0.3370231708678021
179	0.7111366461700385
180	0.6045810297424971
181	0.3964225068633076
182	0.4975723790934037
183	0.3775797899972482
184	0.40291010336057753
185	0.4895605451959123
186	0.1117556956623576
187	0.10304345090533384
188	0.18484816784601352
189	0.9220420515895036
190	0.8782156365502402
191	0.8640747434825014
192	0.9680555771461232
193	0.9524680951766463
194	0.9680555771461232
195	0.9680555771461232
196	0.9838981538483189
197	0.9838981538483189
198	0.8782156365502402
199	0.8925879504044915
200	0.9371316004437338
