1	0.9838981538483188
2	0.9524680951766462
3	0.9071954723294418
4	0.8640747434825135
5	0.699686033300596
6	0.6245313223904276
7	0.8097517472627708
8	0.8230036250150389
9	0.3262571601860512
10	0.08619300005539272
11	0.12120455403276077
12	0.1789432998085799
13	0.25993340216897615
14	0.8925879504044913
15	0.19724888986614708
16	0.1704377839133016
17	0.1357900406092586
18	0.19407281858793526
19	0.6451399456130124
20	0.6884197964379097
21	0.6556978921951104
22	0.5057153295259776
23	0.06331764666180335
24	0.22098538275893195
25	0.09197534264619776
26	0.10138426111191928
27	0.8925879504044913
28	0.8782156365502338
29	0.19724888986614708
30	0.14489964968096342
31	0.13360357026643777
32	0.1425664978143681
33	0.1472709844146121
34	0.04651334071458661
35	0.3158350635019653
36	0.6045810297425013
37	0.9524680951766462
38	0.937131600443727
39	0.8364723744993591
40	0.48956054519591574
41	0.29121320991526145
42	0.9071954723294418
43	0.06331764666180335
44	0.05044600800408453
45	0.014453999040223557
46	0.018438935128663837
47	0.026353155917209006
48	0.07447719441285068
49	0.8501615448993927
50	0.9838981538483188
51	0.12318811002814868
52	0.024298717947761457
53	0.03529636723622802
54	0.1425664978143681
55	0.8501615448993927
56	0.39642250686330754
57	0.8925879504044913
58	0.22098538275893195
59	0.13145230613269226
60	0.7712627042813435
61	0.3655182215245033
62	0.20047693868989458
63	0.06331764666180335
64	0.022771096439116734
65	0.07947357060372963
66	0.9220420515895166
67	0.15972263321475674
68	0.04084874312373917
69	0.12120455403276077
70	0.9071954723294418
71	0.8640747434825135
72	0.10138426111191928
73	0.10644373457266823
74	0.11733274450692356
75	0.11733274450692356
76	0.10304345090533383
77	0.06867110513305613
78	0.09197534264619776
79	0.11925293695084213
80	0.10644373457266823
81	0.03254473486014822
82	0.03890712455342798
83	0.9071954723294418
84	0.8501615448993927
85	0.8364723744993591
86	0.008323250672588899
87	0.005457537922228077
88	0.006015834611932686
89	0.008189230970776996
90	0.009790198959862087
91	0.9071954723294418
92	0.5396417421913038
93	0.5948461590153626
94	0.9524680951766462
95	0.9220420515895166
96	0.9071954723294418
97	0.9071954723294418
98	0.13145230613269226
99	0.9838981538483188
100	0.8925879504044913
101	0.011147830387442765
102	0.010968329737619124
103	0.014453999040223557
104	0.009026975134420792
105	0.05383022830539262
106	0.9838981538483188
107	0.9071954723294418
108	0.9838981538483188
109	0.9680555771461438
110	0.9220420515895166
111	0.0512715750169613
112	0.06540703669975811
113	0.12120455403276077
114	0.1272531380804732
115	0.1272531380804732
116	0.937131600443727
117	0.9220420515895166
118	0.9220420515895166
119	0.7967132492072908
120	0.0675653735631387
121	0.09975178733729327
122	0.21048152657828498
123	0.21048152657828498
124	0.1789432998085799
125	0.1704377839133016
126	0.8097517472627708
127	0.03587400494469159
128	0.027222771645920248
129	0.03828064801966439
130	0.7466251623243609
131	0.7588439508744758
132	0.9071954723294418
133	0.8782156365502338
134	0.305745894681384
135	0.23201342268367278
136	0.22098538275893195
137	0.12318811002814868
138	0.18787327440651985
139	0.41620554942555466
140	0.5484731728386687
141	0.6451399456130124
142	0.46629079995640094
143	0.5057153295259776
144	0.783884695041549
145	0.9838981538483188
146	0.9838981538483188
147	0.5758441417787837
148	0.008881624169591424
149	0.007429233258549035
150	0.02551131956105572
151	0.018438935128663837
152	0.045027498890454376
153	0.9680555771461438
154	0.01967592931444537
155	0.04727454821686548
156	0.9680555771461438
157	0.9680555771461438
158	1.0
159	1.0
160	1.0
161	0.07209806342155774
162	0.020325206299054217
163	0.9680555771461438
164	0.01700147357515921
165	0.0011120160060804065
166	0.0033535217887887894
167	0.029524436113289032
168	0.03099782162027437
169	0.9680555771461438
170	0.5758441417787837
171	0.9838981538483188
172	0.9680555771461438
173	0.9680555771461438
174	0.614475215120391
175	0.6347520014624386
176	0.8364723744993591
177	0.6773349667878948
178	0.8097517472627708
179	0.8230036250150389
180	0.8230036250150389
181	0.0593369675525062
182	0.09049436982916181
183	0.1472709844146121
184	0.25993340216897615
185	0.937131600443727
186	0.9071954723294418
187	0.8097517472627708
188	0.1357900406092586
189	0.1789432998085799
190	0.12120455403276077
191	0.12318811002814868
192	0.1732270593726278
193	0.9071954723294418
194	0.8925879504044913
195	0.8097517472627708
196	0.6664286233595221
197	0.7346031188276402
198	0.8925879504044913
199	0.937131600443727
200	0.9680555771461438
