1	0.9838981538483329
2	0.9838981538483329
3	0.9838981538483329
4	0.9524680951766599
5	0.9838981538483329
6	0.3057458946813884
7	0.0612950009827268
8	0.027222771645920248
9	0.025928821455018843
10	0.01469054391828043
11	0.041517247454899237
12	0.05933696755250705
13	0.07327797408660718
14	0.07819389939674361
15	0.23966952741252912
16	0.9524680951766599
17	0.9524680951766599
18	0.9524680951766599
19	0.8501615448994169
20	0.8364723744993591
21	0.8501615448994169
22	0.11544347070632022
23	0.10818572446379239
24	0.11358461770179094
25	0.12725313808047503
26	0.024696375181437153
27	0.7967132492073021
28	0.7466251623243612
29	0.6144752151203998
30	0.7588439508744866
31	0.8640747434825137
32	0.9838981538483329
33	0.9838981538483329
34	0.5758441417787837
35	0.8501615448994169
36	0.7466251623243612
37	0.030997821620274812
38	0.06647744631284513
39	0.010617952774480096
40	0.006631244087325165
41	0.1676934209382986
42	0.9838981538483329
43	0.9371316004437404
44	0.9071954723294547
45	0.8782156365502464
46	0.8364723744993591
47	0.7111366461700486
48	0.03000761409888835
49	0.01999793295422595
50	0.07819389939674361
51	0.2641873055176485
52	0.47392181612761314
53	0.9220420515895298
54	0.9220420515895298
55	0.8097517472627825
56	0.8230036250150506
57	0.36551822152450847
58	0.21742711012398036
59	0.14027091400017716
60	0.3057458946813884
61	0.2865241396118728
62	0.8501615448994169
63	0.8925879504044915
64	0.26851082552023625
65	0.11358461770179094
66	0.09656527406216286
67	0.095010394875619
68	0.024696375181437153
69	0.04019100294647176
70	0.021688742850449538
71	0.7346031188276507
72	0.7588439508744866
73	0.1013842611119193
74	0.12520412762878458
75	0.1293356813230618
76	0.17043778391330405
77	0.9838981538483329
78	0.9838981538483329
79	0.9220420515895298
80	0.8925879504044915
81	0.9071954723294547
82	0.13360357026643968
83	0.09348055211452132
84	0.08209608258032164
85	0.15213071221465968
86	0.8501615448994169
87	0.699686033300596
88	0.8640747434825137
89	0.9071954723294547
90	0.1293356813230618
91	0.058381532829869284
92	0.07447719441285282
93	0.06540703669975813
94	0.07327797408660718
95	0.11175569566236077
96	0.2819105719970956
97	0.9680555771461439
98	0.9524680951766599
99	0.8925879504044915
100	0.8925879504044915
101	0.9071954723294547
102	0.8925879504044915
103	0.4369758436353341
104	0.3425386759286123
105	0.25162997965624895
106	0.1909478879208119
107	0.1472709844146142
108	0.1425664978143701
109	0.15213071221465968
110	0.22460188780169515
111	0.36551822152450847
112	0.04084874312373918
113	0.09197534264619908
114	0.8640747434825137
115	0.8640747434825137
116	0.8640747434825137
117	0.8782156365502464
118	0.21742711012398036
119	0.16233655139003358
120	0.9838981538483329
121	0.24359180518339907
122	0.1472709844146142
123	0.13801229332339257
124	0.03000761409888835
125	0.045764390058400266
126	0.03828064801966494
127	0.05744148237014341
128	0.08209608258032164
129	0.3900393726467364
130	0.0029933131400918323
131	0.0009765898446339669
132	0.0007780620682611712
133	0.0011302145468318856
134	0.0008716923278076732
135	0.00010063118771018777
136	0.0003186194293768151
137	0.00024178242661367338
138	0.010278768401209684
139	0.018740694914960387
140	0.08480513362915017
141	0.2773712913382699
142	0.9838981538483329
143	0.9838981538483329
144	0.9838981538483329
145	0.9838981538483329
146	0.2773712913382699
147	0.08480513362915017
148	0.01935911052773282
149	0.010791719379643227
150	0.0006198923584893114
151	0.0004553748598836698
152	0.00044804248394847955
153	0.0013294115143324132
154	0.001395754378613427
155	0.0011675099792966507
156	0.00011274092112108957
157	0.0024238405452939728
158	0.9220420515895298
159	0.5948461590153711
160	0.5852680376789872
161	0.6884197964379195
162	0.7466251623243612
163	0.7712627042813435
164	0.8364723744993591
165	0.9220420515895298
166	0.9071954723294547
167	0.9680555771461439
168	0.9071954723294547
169	0.15972263321475902
170	0.014221262971401534
171	0.0032463954707181012
172	8.837588257170862e-05
173	0.0002937805123388797
174	0.07569604040982215
175	0.07093715149651068
176	0.06647744631284513
177	0.11175569566236077
178	0.3158350635019698
179	0.9524680951766599
180	0.7466251623243612
181	0.7466251623243612
182	0.7227746524257428
183	0.8925879504044915
184	0.6884197964379195
185	0.9371316004437404
186	0.9524680951766599
187	0.9220420515895298
188	0.9220420515895298
189	0.9371316004437404
190	0.8230036250150506
191	0.505715329525985
192	0.9220420515895298
193	0.6451399456130124
194	0.6773349667879046
195	0.7111366461700486
196	0.9220420515895298
197	0.9220420515895298
198	0.7466251623243612
199	0.7588439508744866
200	0.9371316004437404
