1	0.9524680951766599
2	0.9680555771461439
3	0.331596475620944
4	0.2773712913382699
5	0.2475782724366734
6	0.22827757824649864
7	0.015423659850313087
8	0.014221262971401534
9	0.04430247303072529
10	0.746625162324361
11	0.6664286233595317
12	0.7588439508744758
13	0.6245313223904277
14	0.746625162324361
15	0.7111366461700487
16	0.7227746524257428
17	0.8230036250150506
18	0.8097517472627824
19	0.23201342268367614
20	0.052110652730085555
21	0.03954385360034535
22	0.03416884515602848
23	0.01999793295422595
24	0.016727718463300362
25	0.016727718463300362
26	0.017562497419084444
27	0.008057369233585078
28	0.030997821620274812
29	0.034728030561277046
30	0.031505112088109015
31	0.01469054391828043
32	0.010278768401209684
33	0.02551131956105572
34	0.034728030561277046
35	0.0934805521145213
36	0.8925879504045041
37	0.8640747434825137
38	0.9680555771461439
39	0.9371316004437404
40	0.9680555771461439
41	1.0
42	0.9838981538483328
43	1.0
44	0.9838981538483328
45	0.9371316004437404
46	0.9071954723294547
47	0.9524680951766599
48	0.9524680951766599
49	0.08343961441458082
50	0.0538302283053934
51	0.04430247303072529
52	0.034728030561277046
53	0.023143753598939273
54	0.051271575016962036
55	1.0
56	0.4162055494255606
57	0.17894329980858245
58	0.04430247303072529
59	0.01814203423202152
60	0.048834539393113045
61	0.10644373457266976
62	1.0
63	1.0
64	0.04219669209919026
65	0.03646109590141844
66	0.0538302283053934
67	1.0
68	0.9680555771461439
69	0.9680555771461439
70	0.9680555771461439
71	0.9680555771461439
72	0.9680555771461439
73	0.9838981538483328
74	0.030997821620274812
75	0.01228823415401115
76	0.022404439747549302
77	0.03890712455342854
78	0.9680555771461439
79	0.8501615448994049
80	0.9680555771461439
81	0.15972263321475905
82	0.23201342268367614
83	0.9524680951766599
84	0.9371316004437404
85	0.9680555771461439
86	0.9838981538483328
87	0.9680555771461439
88	0.210481526578285
89	0.11925293695084385
90	0.9680555771461439
91	0.9838981538483328
92	0.8782156365502464
93	0.9524680951766599
94	0.009477456704465006
95	0.002128654667381643
96	0.0019948295552353686
97	0.0008438466194897108
98	0.9680555771461439
99	0.9680555771461439
100	0.9680555771461439
101	1.0
102	1.0
103	0.9838981538483328
104	0.023143753598939273
105	0.0076743871260476935
106	0.014221262971401534
107	0.46629079995640105
108	0.3900393726467364
109	0.40291010336058325
110	0.10644373457266976
111	0.09814559940423298
112	0.1314523061326923
113	0.575844141778792
114	0.746625162324361
115	0.03890712455342854
116	0.01999793295422595
117	0.024696375181437157
118	0.01967592931444537
119	0.030007614098888354
120	0.08077418408895876
121	0.1732270593726303
122	0.08760357941344458
123	0.05651656845829486
124	0.0538302283053934
125	0.04727454821686548
126	0.9838981538483328
127	0.0538302283053934
128	0.02766828206704513
129	0.027222771645920636
130	0.0370577948122046
131	0.043589121425846165
132	0.027222771645920636
133	0.024696375181437157
134	0.02551131956105572
135	0.020657835589543778
136	0.025928821455018843
137	0.08903724340857933
138	0.3775797899972509
139	0.9838981538483328
140	0.1472709844146142
141	0.030997821620274812
142	0.022771096439116737
143	0.01999793295422595
144	0.008189230970777114
145	0.7712627042813545
146	0.3964225068633132
147	0.5057153295259778
148	0.23201342268367614
149	0.19094788792081194
150	0.6144752151203998
151	0.746625162324361
152	0.7111366461700487
153	0.2475782724366734
154	0.32100381758686025
155	0.9371316004437404
156	0.9220420515895297
157	0.9838981538483328
158	0.8640747434825137
159	0.746625162324361
160	0.8364723744993591
161	0.746625162324361
162	0.17606198232518802
163	0.42301690250932045
164	0.7111366461700487
165	0.5852680376789872
166	0.6245313223904277
167	0.5574491330158865
168	0.3964225068633132
169	0.37150005830873634
170	0.575844141778792
171	0.010113261253784787
172	0.022404439747549302
173	0.0036965812672960837
174	0.0070761076503932895
175	0.1154434707063202
176	0.20709238541955344
177	0.22827757824649864
178	0.2557479945175719
179	0.2641873055176485
180	0.2475782724366734
181	0.272905101478248
182	0.26851082552023625
183	0.6773349667878948
184	0.2475782724366734
185	0.32100381758686025
186	0.34253867592861237
187	0.2865241396118728
188	0.746625162324361
189	0.699686033300596
190	0.9680555771461439
191	0.7588439508744758
192	0.7588439508744758
193	0.699686033300596
194	0.26851082552023625
195	0.6884197964379196
196	0.34253867592861237
197	0.2912132099152615
198	0.32100381758686025
199	0.9680555771461439
200	0.9838981538483328
