1	0.9071954723294419
2	0.8782156365502339
3	0.8925879504044915
4	0.9071954723294419
5	1.0
6	1.0
7	0.9071954723294419
8	0.8501615448993928
9	0.8364723744993591
10	0.9371316004437271
11	0.7346031188276403
12	0.7111366461700386
13	0.7588439508744759
14	0.12933568132305814
15	0.12933568132305814
16	0.28191057199709557
17	0.9220420515895035
18	0.8782156365502339
19	0.1521307122146575
20	0.24757827243666988
21	0.10138426111191785
22	0.8230036250150273
23	0.8364723744993591
24	0.7712627042813326
25	0.8640747434825014
26	0.746625162324361
27	0.6045810297425014
28	0.6664286233595222
29	0.8501615448993928
30	0.9071954723294419
31	0.6664286233595222
32	0.176061982325188
33	0.11733274450692356
34	0.03361866366814502
35	0.5758441417787755
36	0.39003937264673083
37	0.39003937264673083
38	0.3715000583087311
39	0.5139915422627507
40	0.21392613224755633
41	0.1380122933233906
42	0.17894329980857737
43	0.176061982325188
44	0.12725313808047323
45	0.09975178733729188
46	0.08209608258032047
47	0.08343961441457963
48	0.24757827243666988
49	0.8782156365502339
50	0.8501615448993928
51	0.5948461590153626
52	0.7712627042813326
53	0.9838981538483188
54	0.8230036250150273
55	0.012693727967806403
56	0.006739766775034895
57	0.20709238541954753
58	0.13360357026643588
59	0.04288725609875964
60	0.783884695041549
61	0.2685108255202325
62	0.2641873055176486
63	0.3715000583087311
64	0.9524680951766463
65	0.9524680951766463
66	0.9524680951766463
67	0.7712627042813326
68	0.7588439508744759
69	0.7346031188276403
70	0.18187177108593688
71	0.3008228213237163
72	0.3107495359001502
73	0.21742711012397725
74	0.22460188780169194
75	0.025928821455018475
76	0.0364610959014174
77	0.040191002946470614
78	0.7967132492072909
79	0.9680555771461302
80	0.9680555771461302
81	0.8501615448993928
82	0.9680555771461302
83	0.8782156365502339
84	0.8782156365502339
85	0.22827757824649536
86	0.22460188780169194
87	0.22827757824649536
88	0.21392613224755633
89	0.21392613224755633
90	0.20047693868989175
91	0.22098538275893195
92	0.2037578156903402
93	0.28191057199709557
94	0.9838981538483188
95	0.305745894681384
96	0.18484816784601354
97	0.04883453939311236
98	0.06331764666180247
99	0.7712627042813326
100	0.746625162324361
101	0.7712627042813326
102	0.7712627042813326
103	0.7712627042813326
104	0.7967132492072909
105	0.7967132492072909
106	0.783884695041549
107	0.783884695041549
108	0.783884695041549
109	0.7967132492072909
110	0.809751747262771
111	0.045027498890453745
112	0.08619300005539272
113	0.053830228305391865
114	0.2516299796562454
115	0.9524680951766463
116	0.18787327440651988
117	0.00471572068019525
118	0.00463978887130851
119	0.004074735137074894
120	0.03049869946550746
121	1.0
122	1.0
123	1.0
124	1.0
125	1.0
126	1.0
127	0.03587400494469159
128	0.006962169253653824
129	0.008057369233584962
130	0.0076743871260476935
131	0.18787327440651988
132	0.9071954723294419
133	0.8230036250150273
134	0.8364723744993591
135	0.9071954723294419
136	0.7111366461700386
137	0.6045810297425014
138	0.7111366461700386
139	0.7588439508744759
140	0.7588439508744759
141	0.9524680951766463
142	1.0
143	0.8782156365502339
144	0.8640747434825014
145	0.9071954723294419
146	0.8782156365502339
147	0.9071954723294419
148	1.0
149	0.746625162324361
150	0.3008228213237163
151	0.2641873055176486
152	0.04151724745489924
153	0.003757077145472426
154	0.001538537637351158
155	2.4512932672073428e-05
156	2.1879948332169623e-05
157	0.0006198923584892938
158	0.0019000115066771077
159	0.0007907953330514215
160	0.08343961441457963
161	1.0
162	1.0
163	1.0
164	1.0
165	1.0
166	0.08209608258032047
167	0.0007907953330514215
168	0.0019000115066771077
169	0.0006198923584892938
170	2.1879948332169623e-05
171	2.5736224442801122e-05
172	0.001538537637351158
173	0.003246395470718101
174	0.001025325519646744
175	0.03416884515602799
176	0.07209806342155672
177	0.06331764666180247
178	0.17322705937262536
179	0.05211065273008481
180	0.03202070454638286
181	0.45878265723355216
182	0.09975178733729188
183	0.36551822152450336
184	0.2516299796562454
185	0.20709238541954753
186	0.7111366461700386
187	0.6045810297425014
188	0.481677716615238
189	0.746625162324361
190	1.0
191	0.2865241396118647
192	0.27290510147824404
193	0.28191057199709557
194	0.7346031188276403
195	0.7227746524257325
196	0.0026287744047199277
197	0.0015137643410159801
198	0.00471572068019525
199	0.809751747262771
200	0.9680555771461302
