1	0.7227746524257427
2	0.6664286233595316
3	0.6556978921951198
4	0.6556978921951198
5	0.11925293695084214
6	0.07447719441285175
7	0.01814203423202152
8	0.0020943793974174054
9	6.598365767066062e-05
10	6.598365767066062e-05
11	0.0028051283336035368
12	0.05838153282986928
13	0.29121320991526145
14	1.0
15	0.7588439508744756
16	0.6245313223904277
17	0.6245313223904277
18	0.6245313223904277
19	0.6245313223904277
20	0.6347520014624477
21	0.699686033300596
22	0.3900393726467364
23	0.16499324727370096
24	0.1154434707063202
25	0.04804821315291692
26	0.05127157501696202
27	0.3008228213237163
28	0.331596475620944
29	0.3262571601860559
30	0.35963270335588476
31	0.9220420515895166
32	0.9220420515895166
33	0.9371316004437403
34	0.9371316004437403
35	0.8782156365502464
36	0.6884197964379195
37	0.6884197964379195
38	0.4095038717012343
39	0.36551822152450847
40	0.6347520014624477
41	0.2729051014782479
42	0.44412711003287414
43	0.20047693868989458
44	0.7111366461700486
45	0.3775797899972509
46	0.37150005830873634
47	0.4095038717012343
48	0.39642250686331315
49	0.4095038717012343
50	0.4299397258291168
51	0.2396695274125257
52	0.24359180518339907
53	0.4095038717012343
54	0.4587826572335652
55	0.22827757824649858
56	0.0593369675525062
57	0.07569604040982214
58	0.176061982325188
59	0.6664286233595316
60	0.7111366461700486
61	0.2729051014782479
62	0.1909478879208119
63	0.1336035702664378
64	0.2396695274125257
65	0.2641873055176485
66	0.3775797899972509
67	0.5758441417787837
68	0.699686033300596
69	0.8364723744993591
70	0.5224031981891457
71	0.5484731728386766
72	0.7346031188276507
73	0.7346031188276507
74	0.6347520014624477
75	0.4587826572335652
76	0.48167771661524483
77	0.41620554942555466
78	0.5665719880005149
79	0.699686033300596
80	0.809751747262771
81	0.5396417421912961
82	0.4230169025093204
83	0.5852680376789872
84	0.5057153295259778
85	0.8640747434825136
86	0.8501615448994049
87	0.09049436982916181
88	0.01814203423202152
89	0.025928821455018843
90	0.15213071221465968
91	0.13801229332339254
92	0.13801229332339254
93	0.13801229332339254
94	0.8501615448994049
95	0.46629079995640094
96	0.39642250686331315
97	0.11733274450692355
98	0.08343961441458081
99	0.08343961441458081
100	0.03202070454638331
101	0.024696375181437153
102	0.13145230613269226
103	0.16769342093829856
104	0.20047693868989458
105	0.5484731728386766
106	0.8501615448994049
107	0.9680555771461438
108	0.7712627042813435
109	0.31583506350196977
110	0.029049038185277716
111	0.015932618141390912
112	0.07447719441285175
113	0.16499324727370096
114	0.07569604040982214
115	0.0769348332586583
116	0.09049436982916181
117	0.2070923854195534
118	0.5057153295259778
119	0.9680555771461438
120	0.04804821315291692
121	0.03954385360034534
122	0.04502749889045502
123	0.020657835589543774
124	0.01784991398793898
125	0.10644373457266823
126	0.17043778391330405
127	0.8640747434825136
128	0.9220420515895166
129	0.3538419528953351
130	0.07209806342155876
131	0.005198130749138962
132	0.0612950009827268
133	0.6045810297425013
134	0.5309525138815143
135	0.4975723790934108
136	0.5057153295259778
137	0.31074953590015464
138	0.30574589468138835
139	0.5396417421912961
140	0.3425386759286123
141	0.14256649781437009
142	0.0769348332586583
143	0.08077418408895759
144	0.05127157501696202
145	0.0612950009827268
146	0.18787327440651988
147	0.9220420515895166
148	0.9680555771461438
149	0.3538419528953351
150	0.12318811002815043
151	0.10138426111191927
152	0.16769342093829856
153	0.22827757824649858
154	0.36551822152450847
155	0.5309525138815143
156	0.8782156365502464
157	0.9220420515895166
158	0.5948461590153711
159	0.5665719880005149
160	0.5224031981891457
161	0.5758441417787837
162	0.15213071221465968
163	0.08343961441458081
164	0.06979493239667536
165	0.15213071221465968
166	0.5948461590153711
167	0.9220420515895166
168	0.9220420515895166
169	0.7227746524257427
170	0.4513954094697244
171	0.25993340216897615
172	0.25993340216897615
173	0.5852680376789872
174	0.8782156365502464
175	0.9838981538483328
176	0.9838981538483328
177	0.9071954723294418
178	0.8782156365502464
179	0.8782156365502464
180	0.9524680951766598
181	0.5484731728386766
182	0.35963270335588476
183	0.4513954094697244
184	0.5758441417787837
185	0.5484731728386766
186	0.5396417421912961
187	0.24359180518339907
188	0.03049869946550789
189	0.060308038307036634
190	0.027668282067045122
191	0.5309525138815143
192	0.41620554942555466
193	0.028581295041564064
194	0.0781938993967436
195	0.5574491330158785
196	0.4230169025093204
197	0.7346031188276507
198	0.9071954723294418
199	0.8640747434825136
200	0.9371316004437403
