1	0.9838981538483328
2	0.9838981538483328
3	0.9680555771461439
4	0.9680555771461439
5	0.9680555771461439
6	0.40950387170123426
7	0.7712627042813435
8	0.009950419076984587
9	0.004491573493650815
10	0.0032463954707181463
11	0.004278080449843537
12	0.7712627042813435
13	0.21392613224756243
14	0.26851082552023625
15	0.8782156365502464
16	1.0
17	1.0
18	1.0
19	0.2641873055176485
20	0.2320134226836761
21	1.0
22	0.2320134226836761
23	0.2320134226836761
24	0.2320134226836761
25	0.23966952741252912
26	0.8097517472627824
27	0.746625162324361
28	0.9220420515895298
29	0.46629079995640094
30	0.0934805521145213
31	0.20047693868989744
32	0.024696375181437507
33	0.014690543918280534
34	0.018740694914960384
35	0.03529636723622827
36	0.014690543918280534
37	0.5484731728386766
38	0.9524680951766733
39	0.2070923854195534
40	0.0019311058764015598
41	0.001245833540074662
42	0.0017518905076602735
43	0.002234882909108723
44	0.002463507565100744
45	0.0769348332586583
46	1.0
47	0.9220420515895298
48	0.9220420515895298
49	0.0067397667750349905
50	0.07819389939674472
51	0.08209608258032164
52	0.10138426111191927
53	1.0
54	1.0
55	0.01151569253937582
56	0.0038810552143591854
57	0.012901465378461815
58	1.0
59	1.0
60	0.9220420515895298
61	0.9220420515895298
62	0.9220420515895298
63	0.013112602486345189
64	0.003818563060391367
65	0.06331764666180337
66	0.03150511208810924
67	0.013766972933527098
68	0.013992274382953624
69	0.01044698413245975
70	0.9524680951766733
71	0.03307734111793637
72	0.05383022830539339
73	0.03529636723622827
74	0.03202070454638332
75	0.04576439005840059
76	0.06867110513305712
77	0.2070923854195534
78	0.9680555771461439
79	0.9680555771461439
80	0.9071954723294546
81	0.6347520014624567
82	0.35963270335588476
83	0.2865241396118728
84	0.8640747434825136
85	0.3837590186752858
86	0.057441482370143404
87	0.022043686905619808
88	0.07947357060373075
89	0.014221262971401633
90	0.08480513362915015
91	0.19724888986614988
92	0.4230169025093264
93	0.9071954723294546
94	0.9220420515895298
95	0.43697584363533404
96	0.3370231708678092
97	0.2070923854195534
98	0.8097517472627824
99	0.836472374499359
100	0.8501615448994169
101	0.09975178733729471
102	0.10138426111191927
103	0.3837590186752858
104	0.9838981538483328
105	0.9838981538483328
106	0.9524680951766733
107	0.9680555771461439
108	0.9680555771461439
109	0.9371316004437404
110	0.9838981538483328
111	0.9524680951766733
112	0.9524680951766733
113	0.9680555771461439
114	0.8501615448994169
115	0.8640747434825136
116	0.9838981538483328
117	0.9838981538483328
118	0.9838981538483328
119	0.9838981538483328
120	0.003757077145472479
121	0.002128654667381627
122	0.001780560824113853
123	0.008738613623635672
124	1.0
125	1.0
126	1.0
127	1.0
128	1.0
129	1.0
130	0.010113261253784787
131	0.0023464123579847807
132	0.0011120160060804143
133	0.003757077145472479
134	1.0
135	0.9524680951766733
136	0.9680555771461439
137	1.0
138	0.4162055494255606
139	0.20047693868989744
140	0.1293356813230618
141	0.1293356813230618
142	0.10818572446379392
143	0.06867110513305712
144	0.095010394875619
145	0.3538419528953351
146	0.7967132492073021
147	0.29121320991526145
148	0.23966952741252912
149	0.18187177108593947
150	0.12520412762878458
151	0.10995622264422976
152	0.16499324727370096
153	0.25574799451757185
154	0.9071954723294546
155	0.331596475620944
156	0.575844141778792
157	0.35963270335588476
158	0.3262571601860559
159	0.4162055494255606
160	0.7227746524257427
161	0.746625162324361
162	0.7346031188276506
163	0.7838846950415601
164	0.4162055494255606
165	0.26851082552023625
166	0.2865241396118728
167	0.43697584363533404
168	0.6347520014624567
169	0.505715329525985
170	0.836472374499359
171	0.40950387170123426
172	0.24757827243667338
173	0.21392613224756243
174	0.331596475620944
175	0.7346031188276506
176	0.9524680951766733
177	0.9371316004437404
178	0.9371316004437404
179	0.9371316004437404
180	0.9838981538483328
181	0.9371316004437404
182	0.9371316004437404
183	0.9371316004437404
184	0.9220420515895298
185	0.9220420515895298
186	0.9680555771461439
187	0.9371316004437404
188	0.45878265723356515
189	0.11358461770179093
190	0.14256649781437009
191	0.25993340216897615
192	0.12520412762878458
193	0.1293356813230618
194	0.8782156365502464
195	0.31583506350197427
196	0.3210038175868602
197	0.566571988000523
198	1.0
199	0.9838981538483328
200	0.9680555771461439
