1	0.9220420515895037
2	0.8501615448993929
3	0.8230036250150273
4	0.6556978921951012
5	0.6996860333005861
6	0.758843950874465
7	0.7712627042813326
8	0.1357900406092567
9	0.17043778391329922
10	0.18484816784601094
11	0.22098538275892882
12	0.9524680951766463
13	0.08480513362914896
14	0.028121083425988593
15	0.024298717947761114
16	0.010968329737619128
17	0.01727970878760293
18	0.018740694914959853
19	0.11733274450692358
20	0.9680555771461303
21	0.010617952774479945
22	0.024696375181436983
23	0.025928821455018475
24	0.9680555771461303
25	0.9680555771461303
26	0.34253867592860265
27	0.9680555771461303
28	0.025928821455018475
29	0.023907463729683342
30	0.030498699465507463
31	0.24757827243666636
32	1.0
33	0.09049436982916054
34	0.029049038185276894
35	0.06229811565656762
36	0.9524680951766463
37	0.19724888986614714
38	0.14727098441461212
39	1.0
40	0.983898153848305
41	0.983898153848305
42	0.9524680951766463
43	0.31074953590015025
44	0.21742711012397728
45	0.8230036250150273
46	0.04651334071458662
47	0.006316048424505909
48	0.06867110513305615
49	0.983898153848305
50	0.24757827243666636
51	0.027222771645919866
52	0.003818563060391286
53	0.002993313140091769
54	0.983898153848305
55	0.33159647562093464
56	0.983898153848305
57	0.04651334071458662
58	0.020325206299053933
59	0.01904739310838161
60	0.11544347070631694
61	0.022404439747548827
62	0.03361866366814502
63	0.05044600800408382
64	0.03472803056127655
65	0.021339514049847772
66	0.0744771944128507
67	0.24359180518339563
68	0.1818717710859369
69	0.1818717710859369
70	0.19094788792080652
71	0.22460188780169194
72	0.2396695274125223
73	0.10472979393476876
74	0.2865241396118647
75	0.8230036250150273
76	0.12520412762878283
77	0.17606198232518552
78	0.809751747262771
79	0.15213071221465752
80	0.10644373457266673
81	0.14027091400017716
82	0.33159647562093464
83	0.9371316004437271
84	0.9680555771461303
85	0.8782156365502216
86	0.9371316004437271
87	0.2685108255202325
88	0.1448996496809614
89	0.11544347070631694
90	0.9524680951766463
91	0.9220420515895037
92	0.9680555771461303
93	0.9680555771461303
94	0.9071954723294289
95	0.9071954723294289
96	0.9371316004437271
97	0.9524680951766463
98	0.23201342268366956
99	0.07569604040982107
100	0.12725313808047142
101	0.8640747434825014
102	0.8782156365502216
103	0.9220420515895037
104	0.2912132099152574
105	0.21742711012397728
106	0.2516299796562454
107	0.37150005830872584
108	0.23581040555487973
109	0.2599334021689725
110	0.9680555771461303
111	0.4513954094697245
112	0.24359180518339563
113	0.20047693868989178
114	0.17043778391329922
115	0.9220420515895037
116	0.9524680951766463
117	0.9680555771461303
118	0.5665719880005069
119	0.548473172838661
120	0.9680555771461303
121	0.7466251623243505
122	0.73460311882763
123	0.7967132492072909
124	0.9524680951766463
125	1.0
126	1.0
127	1.0
128	0.9680555771461303
129	0.9524680951766463
130	0.73460311882763
131	0.21392613224755638
132	0.07693483325865613
133	0.4441271100328679
134	0.16233655139003128
135	0.06979493239667438
136	0.8782156365502216
137	0.8501615448993929
138	0.8501615448993929
139	0.8640747434825014
140	0.624531322390419
141	0.1117556956623576
142	0.4029101033605776
143	0.10995622264422822
144	0.1212045540327591
145	0.277371291338262
146	0.9220420515895037
147	0.8640747434825014
148	0.9371316004437271
149	1.0
150	1.0
151	1.0
152	0.05044600800408382
153	0.01672771846330001
154	0.00449157349365072
155	0.00026222494537733645
156	0.0017518905076602364
157	0.0032995238968794023
158	0.033077341117935664
159	0.21742711012397728
160	0.19094788792080652
161	0.2685108255202325
162	0.3596327033558797
163	0.10138426111191785
164	1.0
165	0.007429233258548878
166	0.002128654667381582
167	0.0029451152724262264
168	0.0021634908644312368
169	0.001900011506677081
170	0.009950419076984374
171	1.0
172	1.0
173	1.0
174	1.0
175	0.009950419076984374
176	0.001900011506677081
177	0.0021634908644312368
178	0.0029451152724262264
179	0.001900011506677081
180	0.00707610765039309
181	1.0
182	0.10138426111191785
183	0.0005185228330395475
184	0.009790198959862089
185	0.01904739310838161
186	0.03416884515602775
187	0.006015834611932644
188	0.004792895140366573
189	0.012090370898187172
190	0.008881624169591235
191	0.006962169253653776
192	0.012489335512977581
193	0.9524680951766463
194	0.9524680951766463
195	0.7712627042813326
196	0.6884197964379001
197	0.8782156365502216
198	0.8364723744993472
199	0.983898153848305
200	1.0
