1	0.6996860333005961
2	0.6556978921951198
3	0.7346031188276506
4	0.8501615448994048
5	0.8782156365502464
6	0.8501615448994048
7	0.9524680951766598
8	0.9838981538483329
9	1.0
10	1.0
11	0.8230036250150506
12	0.8230036250150506
13	0.9524680951766598
14	0.3655182215245085
15	0.21392613224755938
16	0.18187177108593947
17	0.16233655139003356
18	0.21392613224755938
19	0.24757827243667338
20	0.2209853827589351
21	0.8364723744993591
22	0.8364723744993591
23	0.8782156365502464
24	0.8501615448994048
25	0.9071954723294418
26	0.2729051014782479
27	0.176061982325188
28	0.12120455403276079
29	0.11925293695084216
30	0.18187177108593947
31	0.1336035702664378
32	0.3107495359001546
33	0.7967132492073021
34	0.44412711003287414
35	0.5484731728386766
36	0.42301690250932045
37	0.8501615448994048
38	0.7346031188276506
39	0.5852680376789872
40	0.38375901867528034
41	0.3107495359001546
42	0.331596475620944
43	0.23201342268367284
44	0.6347520014624477
45	0.6884197964379097
46	0.9680555771461301
47	0.8925879504044915
48	0.9220420515895166
49	0.06331764666180247
50	0.0004337300253847281
51	0.0008576564720537071
52	0.002163490864431252
53	0.12520412762878458
54	1.0
55	0.013545299253377184
56	0.008881624169591297
57	0.0069621692536538235
58	0.0686711051330571
59	1.0
60	0.01814203423202152
61	0.004491573493650815
62	0.00346418311919148
63	0.020657835589543778
64	1.0
65	0.0934805521145213
66	0.08903724340857933
67	0.08209608258032164
68	0.06979493239667536
69	0.07327797408660718
70	0.13801229332339257
71	0.9371316004437404
72	0.7588439508744758
73	0.7346031188276506
74	0.5948461590153712
75	0.8230036250150506
76	0.8640747434825012
77	0.9371316004437404
78	0.7967132492073021
79	0.9071954723294418
80	0.5396417421912961
81	0.6556978921951198
82	0.6884197964379097
83	0.8501615448994048
84	0.03361866366814549
85	0.176061982325188
86	0.164993247273701
87	0.164993247273701
88	0.23581040555488308
89	0.25574799451756824
90	0.35963270335588476
91	0.8230036250150506
92	0.9838981538483329
93	0.9838981538483329
94	0.18187177108593947
95	0.2004769386898946
96	0.8501615448994048
97	0.8501615448994048
98	0.8640747434825012
99	0.9838981538483329
100	0.0547111792972134
101	0.1789432998085799
102	0.9071954723294418
103	1.0
104	0.18484816784601615
105	0.0675653735631387
106	0.05651656845829405
107	0.16769342093829617
108	0.11175569566235917
109	0.1030434509053353
110	0.14968112689163354
111	0.16769342093829617
112	0.10818572446379239
113	0.1154434707063202
114	0.1272531380804732
115	0.11733274450692356
116	0.1272531380804732
117	0.8501615448994048
118	0.9071954723294418
119	0.9071954723294418
120	0.9371316004437404
121	0.029049038185277713
122	0.0036965812672960312
123	0.005546852487609637
124	0.022771096439116734
125	1.0
126	1.0
127	0.06129500098272679
128	0.0019948295552353825
129	0.0024635075651007095
130	0.015932618141390915
131	1.0
132	0.1293356813230618
133	0.0015137643410159801
134	0.0013732801563434485
135	0.007799981223697674
136	0.09814559940423298
137	1.0
138	1.0
139	0.5948461590153712
140	0.5758441417787838
141	0.566571988000515
142	0.5758441417787838
143	0.7588439508744758
144	0.8782156365502464
145	0.9071954723294418
146	0.5574491330158785
147	0.5309525138815143
148	0.5948461590153712
149	0.9371316004437404
150	1.0
151	1.0
152	0.035296367236227526
153	0.007550815325235738
154	0.011704150977755607
155	0.9071954723294418
156	1.0
157	0.07209806342155876
158	0.9680555771461301
159	0.0016959273764898931
160	0.0013080055346563406
161	0.027222771645920248
162	0.010617952774480096
163	0.016458371314135432
164	0.04804821315291693
165	0.9371316004437404
166	0.8230036250150506
167	0.7227746524257324
168	0.5758441417787838
169	0.8501615448994048
170	0.331596475620944
171	0.2773712913382699
172	0.3008228213237163
173	0.5396417421912961
174	0.9838981538483329
175	1.0
176	0.8364723744993591
177	0.8501615448994048
178	0.40291010336057753
179	0.21392613224755938
180	0.2599334021689762
181	0.23966952741252567
182	0.8782156365502464
183	0.809751747262771
184	0.9680555771461301
185	0.9220420515895166
186	1.0
187	0.052963462250909324
188	0.02032520629905422
189	0.013545299253377184
190	0.009174704819918202
191	0.028121083425988992
192	0.013327194928720634
193	1.0
194	0.06979493239667536
195	0.9071954723294418
196	1.0
197	0.03202070454638331
198	0.025511319561055717
199	0.0358740049446921
200	1.0
