1	0.4299397258291168
2	0.23581040555488142
3	0.14727098441461314
4	0.13801229332339157
5	0.1597226332147579
6	0.040191002946471474
7	0.03705779481220434
8	0.03705779481220434
9	0.029049038185277508
10	0.030997821620274594
11	0.210481526578285
12	0.9838981538483188
13	0.24757827243667163
14	0.16499324727369982
15	0.45139540946972445
16	0.31583506350196755
17	0.3008228213237163
18	0.022404439747549142
19	0.016193361151328096
20	0.014453999040223662
21	0.016727718463300244
22	0.022771096439116734
23	0.025928821455018656
24	0.11175569566235838
25	0.746625162324361
26	0.05044600800408453
27	0.0004064621128492944
28	9.129215786581651e-05
29	0.0001664478089116477
30	0.004491573493650784
31	0.016727718463300244
32	0.07693483325865776
33	1.0
34	1.0
35	1.0
36	1.0
37	1.0
38	1.0
39	0.8501615448993928
40	0.7712627042813435
41	0.7838846950415601
42	1.0
43	1.0
44	1.0
45	1.0
46	0.823003625015039
47	0.823003625015039
48	0.823003625015039
49	1.0
50	0.968055577146144
51	0.968055577146144
52	0.08619300005539333
53	0.023522509426831584
54	0.006850065475449526
55	0.0016959273764898812
56	0.0016153167178432556
57	0.0017518905076602616
58	0.0529634622509097
59	0.7712627042813435
60	0.6664286233595222
61	0.7346031188276403
62	0.24757827243667163
63	0.025928821455018656
64	0.0053696614862374335
65	0.0023086307871880737
66	0.0026287744047199467
67	0.0019000115066771211
68	6.387584780858451e-05
69	0.0010941104954323008
70	0.0047928951403666395
71	0.003299523896879449
72	0.0031941225103010837
73	0.003944570074838709
74	0.014221262971401534
75	0.021688742850449385
76	0.3315964756209417
77	0.277371291338266
78	0.9220420515895167
79	0.699686033300596
80	0.746625162324361
81	0.746625162324361
82	0.7346031188276403
83	1.0
84	1.0
85	1.0
86	0.7346031188276403
87	0.47392181612761314
88	0.699686033300596
89	1.0
90	1.0
91	0.45878265723356193
92	0.37150005830873106
93	0.5665719880005149
94	0.8925879504044913
95	0.8925879504044913
96	0.9524680951766462
97	0.45878265723356193
98	0.016193361151328096
99	0.005032079462438799
100	0.004491573493650784
101	0.00414141963895089
102	0.004715720680195349
103	0.0012662220527620853
104	0.0002538483208393753
105	0.002128654667381612
106	0.0031941225103010837
107	0.0025038237499127296
108	0.005114431247540004
109	0.02551131956105572
110	0.23966952741252573
111	0.6556978921951105
112	0.1314523061326923
113	0.20709238541955047
114	0.24359180518339732
115	0.9371316004437406
116	0.9371316004437406
117	0.677334966787895
118	0.6245313223904276
119	0.277371291338266
120	0.2599334021689762
121	0.5758441417787838
122	0.38375901867528034
123	0.08760357941344458
124	0.09814559940423298
125	0.5758441417787838
126	0.8097517472627825
127	0.614475215120391
128	0.7346031188276403
129	0.746625162324361
130	0.5224031981891458
131	0.5309525138815068
132	0.5224031981891458
133	0.6347520014624387
134	0.614475215120391
135	0.6245313223904276
136	0.677334966787895
137	0.968055577146144
138	0.8640747434825137
139	0.9371316004437406
140	0.22460188780169194
141	0.19094788792081055
142	0.1878732744065199
143	0.3262571601860536
144	1.0
145	0.8097517472627825
146	0.09501039487561831
147	0.000803736982286617
148	0.00045537485988366
149	0.004871332588256381
150	0.004639788871308543
151	0.012288234154010974
152	0.018438935128663837
153	0.02204368690561934
154	0.03828064801966466
155	0.17043778391330286
156	0.23581040555488142
157	1.0
158	0.1972488898661485
159	0.02551131956105572
160	0.0037570771454724524
161	0.0030920881101850054
162	0.0015893071365663052
163	0.0028976934794106932
164	0.968055577146144
165	0.11544347070631938
166	0.106443734572669
167	0.1425664978143691
168	0.23201342268367284
169	0.16769342093829617
170	0.5574491330158785
171	0.5309525138815068
172	0.30574589468138624
173	0.2557479945175701
174	0.466290799956401
175	0.7227746524257427
176	0.7967132492072908
177	0.7967132492072908
178	0.8364723744993592
179	1.0
180	0.5309525138815068
181	0.513991542262758
182	0.7227746524257427
183	0.7227746524257427
184	0.7346031188276403
185	0.823003625015039
186	0.9524680951766462
187	0.9371316004437406
188	0.9524680951766462
189	0.8925879504044913
190	0.8640747434825137
191	0.9220420515895167
192	0.513991542262758
193	0.48167771661524483
194	0.49757237909340374
195	0.746625162324361
196	0.7838846950415601
197	0.8097517472627825
198	0.7967132492072908
199	0.8097517472627825
200	0.9220420515895167
