1	0.21048152657828498
2	0.9680555771461438
3	0.0622981156565685
4	0.03954385360034535
5	0.04084874312373917
6	0.0769348332586583
7	1.0
8	1.0
9	1.0
10	1.0
11	1.0
12	0.24359180518339904
13	0.1909478879208119
14	0.1732270593726278
15	0.17043778391330405
16	0.19724888986614988
17	0.06540703669975811
18	0.08480513362915014
19	0.3425386759286123
20	0.4029101033605775
21	0.29121320991526145
22	0.16499324727370096
23	0.17043778391330405
24	0.2685108255202325
25	0.9838981538483327
26	0.43697584363533404
27	0.37150005830873106
28	0.2246018878016919
29	0.20709238541955044
30	0.8925879504044913
31	0.836472374499359
32	0.8230036250150389
33	0.9371316004437403
34	0.0612950009827268
35	0.014221262971401534
36	0.014221262971401534
37	0.08760357941344458
38	0.6664286233595221
39	0.08209608258032164
40	0.04804821315291692
41	0.37757978999725084
42	0.36551822152450847
43	0.4441271100328678
44	0.9524680951766596
45	0.6884197964379097
46	0.6347520014624477
47	0.4513954094697244
48	0.42993972582911677
49	0.08077418408895759
50	0.08903724340857931
51	0.1357900406092586
52	0.10818572446379238
53	0.5758441417787837
54	0.4895605451959227
55	0.5309525138815142
56	0.9220420515895166
57	0.9371316004437403
58	0.7967132492072908
59	0.6556978921951198
60	0.9220420515895166
61	0.09975178733729329
62	0.14027091400017713
63	0.2246018878016919
64	0.5309525138815142
65	0.14727098441461417
66	0.09656527406216149
67	0.11175569566235917
68	0.8230036250150389
69	0.6347520014624477
70	0.035874004944692096
71	0.15972263321475902
72	0.29121320991526145
73	0.8230036250150389
74	0.8782156365502464
75	0.13801229332339254
76	0.7712627042813435
77	0.012489335512977845
78	0.01645837131413543
79	0.0018393167356806218
80	0.0008302591310470712
81	0.013112602486344908
82	0.15213071221465965
83	0.9838981538483327
84	0.9838981538483327
85	0.9838981538483327
86	0.9838981538483327
87	0.9838981538483327
88	0.0781938993967436
89	0.02099590847766593
90	0.008323250672589017
91	0.00441925086827708
92	0.0019000115066771343
93	0.013766972933527
94	0.1789432998085799
95	1.0
96	0.9838981538483327
97	0.9838981538483327
98	0.0062143483844881225
99	0.012693727967806582
100	0.02812108342598899
101	0.020657835589543774
102	0.023907463729683845
103	0.000270877986313956
104	9.278618677019127e-05
105	0.0010088158858740138
106	0.03766425891466563
107	0.09049436982916181
108	0.9680555771461438
109	0.9371316004437403
110	1.0
111	0.0028976934794106932
112	0.001589307136566305
113	0.0030422997831473634
114	0.003092088110184961
115	0.0014185963995909693
116	0.008597905811488844
117	1.0
118	1.0
119	1.0
120	1.0
121	1.0
122	0.003353521788788837
123	0.0014185963995909693
124	0.003092088110184961
125	0.003092088110184961
126	0.0019000115066771343
127	0.006850065475449525
128	1.0
129	0.02314375359893927
130	0.0063160484245059975
131	0.00024178242661367335
132	0.0001510006986238018
133	0.0003628031842252333
134	0.025100540218357226
135	0.3262571601860559
136	1.0
137	0.9838981538483327
138	0.6773349667878947
139	0.022404439747549302
140	0.017562497419084194
141	0.020657835589543774
142	1.0
143	0.9838981538483327
144	0.18787327440651988
145	0.02678443476505567
146	0.00202747565632987
147	0.0047157206801953155
148	0.0075508153252357366
149	0.013766972933527
150	0.07327797408660716
151	1.0
152	1.0
153	1.0
154	1.0
155	0.16499324727370096
156	0.02592882145501884
157	0.013112602486344908
158	0.009174704819918202
159	0.0069621692536538235
160	0.008323250672589017
161	0.9838981538483327
162	0.32100381758685564
163	1.0
164	1.0
165	0.513991542262758
166	0.43697584363533404
167	0.27737129133826594
168	0.7967132492072908
169	0.8782156365502464
170	0.34814444420780405
171	0.4816777166152448
172	0.35384195289533515
173	0.29121320991526145
174	0.6556978921951198
175	0.4975723790934036
176	0.4513954094697244
177	0.2959790185358513
178	0.24757827243667335
179	0.4895605451959227
180	0.8230036250150389
181	0.8501615448994048
182	0.746625162324361
183	0.13801229332339254
184	0.04651334071458727
185	0.19724888986614988
186	0.836472374499359
187	0.09197534264619905
188	0.0029451152724262676
189	0.004009124378788921
190	0.005729890533725346
191	0.2557479945175719
192	1.0
193	0.9838981538483327
194	0.9838981538483327
195	0.08343961441458081
196	0.031505112088109015
197	0.02678443476505567
198	0.06979493239667436
199	0.9838981538483327
200	0.19724888986614988
