1	0.9838981538483188
2	0.9680555771461301
3	0.9838981538483188
4	1.0
5	0.8364723744993591
6	0.7967132492072908
7	0.7967132492072908
8	0.8364723744993591
9	0.8782156365502464
10	0.2320134226836728
11	0.06647744631284418
12	0.005546852487609637
13	0.002384812237737442
14	0.0013732801563434386
15	0.030498699465507893
16	0.210481526578285
17	1.0
18	0.027222771645920248
19	0.01619336115132821
20	0.012693727967806582
21	0.013327194928720634
22	0.015932618141390686
23	0.057441482370143404
24	0.09501039487561765
25	0.6245313223904277
26	0.9220420515895036
27	0.08343961441457963
28	0.0769348332586583
29	0.12520412762878277
30	0.8782156365502464
31	0.004009124378788922
32	0.0023086307871880737
33	0.0027599605887400915
34	0.015175310452307482
35	0.14027091400017713
36	0.1496811268916314
37	0.04430247303072529
38	0.8364723744993591
39	0.03529636723622752
40	0.007799981223697674
41	0.05044600800408382
42	0.03828064801966493
43	0.045027498890453745
44	0.17043778391330164
45	1.0
46	1.0
47	0.18484816784601615
48	0.026784434765055293
49	0.015175310452307482
50	0.007191910689857911
51	0.9838981538483188
52	0.9680555771461301
53	0.07819389939674361
54	0.052110652730084805
55	0.06331764666180247
56	0.15972263321475677
57	0.9680555771461301
58	0.9371316004437403
59	0.9838981538483188
60	1.0
61	1.0
62	0.9524680951766462
63	1.0
64	0.16499324727370096
65	0.03890712455342798
66	0.019997932954225667
67	0.03828064801966493
68	1.0
69	0.006419412822152426
70	0.003757077145472479
71	0.024696375181437157
72	0.17894329980857737
73	1.0
74	1.0
75	1.0
76	0.16769342093829617
77	0.3370231708678045
78	0.23581040555488306
79	0.23966952741252232
80	0.3210038175868511
81	0.03646109590141792
82	0.05838153282986845
83	0.9220420515895036
84	0.15715080394779135
85	0.16233655139003125
86	0.1521307122146575
87	0.9371316004437403
88	1.0
89	1.0
90	0.9071954723294419
91	0.8501615448994049
92	0.8364723744993591
93	0.13579004060925667
94	0.013327194928720634
95	0.010278768401209682
96	0.017849913987938726
97	0.8501615448994049
98	0.012288234154010976
99	0.002198897168339217
100	0.026353155917208628
101	0.5396417421912962
102	0.481677716615238
103	0.5574491330158785
104	0.3315964756209393
105	0.699686033300596
106	0.34814444420780405
107	0.17043778391330164
108	0.25574799451756824
109	0.28652413961186873
110	0.40291010336057753
111	0.8782156365502464
112	0.8925879504044913
113	0.9071954723294419
114	0.8364723744993591
115	0.8364723744993591
116	0.9680555771461301
117	0.9524680951766462
118	0.9524680951766462
119	0.9371316004437403
120	0.9838981538483188
121	0.40291010336057753
122	0.27290510147824404
123	0.25993340216897615
124	0.210481526578285
125	0.3262571601860559
126	0.47392181612761314
127	0.4299397258291107
128	0.5057153295259778
129	0.9680555771461301
130	0.9838981538483188
131	0.9838981538483188
132	1.0
133	0.1030434509053353
134	0.05651656845829405
135	0.0050320794624388356
136	0.0026717952406334006
137	0.0044192508682770176
138	0.002805128333603497
139	0.02390746372968351
140	0.9838981538483188
141	0.11544347070631857
142	0.030997821620274812
143	0.029524436113288612
144	0.03954385360034535
145	0.1135846177017893
146	1.0
147	0.9838981538483188
148	0.9838981538483188
149	1.0
150	0.9838981538483188
151	0.12318811002815043
152	0.04963373414423629
153	0.03766425891466509
154	0.032544734860148215
155	0.12318811002815043
156	0.9371316004437403
157	0.8925879504044913
158	0.9071954723294419
159	0.9371316004437403
160	0.9680555771461301
161	0.9680555771461301
162	0.9371316004437403
163	0.9220420515895036
164	0.8782156365502464
165	0.9524680951766462
166	0.12120455403275907
167	0.005283200023099393
168	0.0044192508682770176
169	0.004209195456615611
170	0.0044192508682770176
171	0.031505112088108564
172	0.9838981538483188
173	0.9680555771461301
174	1.0
175	1.0
176	1.0
177	0.9680555771461301
178	1.0
179	0.024298717947761457
180	0.0046397888713085094
181	0.004565079704726418
182	0.004951053693111541
183	0.005369661486237472
184	0.14256649781436806
185	0.9838981538483188
186	0.9524680951766462
187	0.9838981538483188
188	0.20709238541955047
189	0.029049038185277303
190	0.0047157206801953155
191	0.004009124378788922
192	0.002993313140091832
193	0.024298717947761457
194	0.13801229332339254
195	0.8230036250150389
196	0.746625162324361
197	0.7588439508744756
198	0.9838981538483188
199	0.9680555771461301
200	0.9524680951766462
