1	1.0
2	1.0
3	1.0
4	0.3057458946813841
5	0.08480513362915017
6	0.03254473486014822
7	0.030498699465507893
8	0.012901465378461633
9	0.022771096439116737
10	0.4513954094697245
11	0.9220420515895167
12	0.8925879504044915
13	0.5484731728386689
14	0.030007614098887928
15	0.027222771645920248
16	0.11733274450692358
17	0.9220420515895167
18	0.18187177108593947
19	0.20375781569034024
20	0.15715080394779138
21	0.1212045540327608
22	0.04804821315291625
23	0.019047393108381876
24	0.11358461770179094
25	0.699686033300596
26	0.9071954723294419
27	0.8925879504044915
28	0.9220420515895167
29	0.566571988000507
30	0.210481526578285
31	0.23201342268367284
32	0.37757978999725095
33	0.6245313223904277
34	0.823003625015039
35	0.4975723790934038
36	0.10304345090533384
37	0.10138426111191928
38	0.04430247303072529
39	0.12933568132306
40	0.1357900406092586
41	0.07093715149650967
42	0.699686033300596
43	0.7466251623243612
44	0.758843950874465
45	0.8925879504044915
46	0.9071954723294419
47	0.968055577146144
48	0.0769348332586572
49	0.01170415097775544
50	0.0024635075651007273
51	0.005369661486237472
52	0.19094788792080922
53	0.11733274450692358
54	0.8640747434825137
55	0.8640747434825137
56	0.8925879504044915
57	0.9220420515895167
58	0.176061982325188
59	0.03416884515602848
60	0.05560654736795765
61	0.6245313223904277
62	0.47392181612760637
63	0.5309525138815068
64	0.968055577146144
65	0.9524680951766463
66	0.9524680951766463
67	0.9524680951766463
68	0.677334966787895
69	0.6245313223904277
70	0.47392181612760637
71	0.823003625015039
72	0.04430247303072529
73	0.04804821315291625
74	0.1878732744065199
75	0.9838981538483189
76	0.029524436113288612
77	0.019359110527732544
78	0.022404439747548983
79	0.0744771944128507
80	0.0744771944128507
81	0.08343961441457964
82	0.277371291338266
83	0.03529636723622802
84	0.0330773411179359
85	0.20047693868989175
86	0.9838981538483189
87	0.1117556956623576
88	0.02858129504156406
89	0.009632558682416177
90	0.003944570074838709
91	0.015676073575284753
92	0.02858129504156406
93	0.17894329980857993
94	0.9220420515895167
95	0.8364723744993592
96	0.8782156365502339
97	0.8925879504044915
98	0.968055577146144
99	0.968055577146144
100	0.9838981538483189
101	0.9838981538483189
102	0.8501615448993928
103	0.823003625015039
104	0.9524680951766463
105	0.968055577146144
106	0.9071954723294419
107	0.8925879504044915
108	0.8640747434825137
109	0.8364723744993592
110	0.823003625015039
111	0.9524680951766463
112	0.23201342268367284
113	0.07093715149650967
114	0.012090370898187259
115	0.011895693606068052
116	0.0025864462836876507
117	0.00381856306039134
118	0.00932485215470036
119	0.9838981538483189
120	0.5484731728386689
121	0.34814444420780405
122	0.8364723744993592
123	0.9838981538483189
124	1.0
125	0.9838981538483189
126	0.4895605451959158
127	0.3837590186752804
128	0.8364723744993592
129	0.005823662247270162
130	0.008189230970776997
131	0.002198897168339217
132	0.0017805608241138406
133	0.007429233258549037
134	0.03954385360034535
135	0.1676934209382962
136	0.6884197964379097
137	0.7111366461700386
138	0.14489964968096347
139	0.02858129504156406
140	0.00707610765039319
141	0.005546852487609716
142	0.012288234154010976
143	0.03646109590141792
144	0.1231881100281487
145	0.210481526578285
146	0.19094788792080922
147	0.17894329980857993
148	0.05651656845829486
149	0.011895693606068052
150	0.007191910689857912
151	0.00611428590286806
152	0.008881624169591424
153	0.01311260248634491
154	0.08903724340857806
155	0.14027091400017716
156	0.2139261322475594
157	0.018142034232021265
158	0.023143753598938943
159	0.1212045540327608
160	0.8782156365502339
161	0.6884197964379097
162	0.809751747262771
163	0.758843950874465
164	0.7227746524257428
165	0.6884197964379097
166	0.9371316004437404
167	0.9220420515895167
168	0.2912132099152615
169	0.2912132099152615
170	0.03954385360034535
171	0.10304345090533384
172	0.2912132099152615
173	0.9371316004437404
174	0.7111366461700386
175	0.35384195289533016
176	0.3370231708678045
177	0.2139261322475594
178	0.03254473486014822
179	0.018740694914960117
180	0.0013294115143323946
181	0.08903724340857806
182	0.08903724340857806
183	0.809751747262771
184	0.9071954723294419
185	0.9838981538483189
186	0.9220420515895167
187	0.14727098441461212
188	0.10644373457266824
189	0.823003625015039
190	0.013992274382953428
191	0.012090370898187259
192	0.07327797408660716
193	0.04727454821686548
194	0.010617952774480096
195	0.012090370898187259
196	0.004074735137074894
197	0.014453999040223557
198	0.09049436982916181
199	0.31074953590015464
200	0.9838981538483189
