1	1.0
2	1.0
3	0.6451399456130124
4	0.14489964968096344
5	0.6144752151203998
6	0.6144752151203998
7	0.11358461770179093
8	0.05383022830539339
9	0.03529636723622752
10	0.013992274382953427
11	0.010617952774480095
12	0.007674387126047693
13	0.00441925086827708
14	0.01784991398793898
15	0.9838981538483328
16	0.1252041276287828
17	0.22460188780169194
18	0.15972263321475677
19	0.02390746372968385
20	0.011704150977755606
21	0.0043480927706904
22	0.0001510006986238018
23	0.006631244087325164
24	0.21392613224756243
25	0.9838981538483328
26	0.9838981538483328
27	1.0
28	0.18787327440651988
29	0.019047393108381876
30	0.018740694914960384
31	0.01967592931444509
32	0.012090370898187427
33	0.02635315591720863
34	0.15715080394779135
35	0.9838981538483328
36	0.9838981538483328
37	0.20709238541955047
38	0.11925293695084214
39	0.9838981538483328
40	0.02858129504156406
41	0.013112602486344908
42	0.012693727967806582
43	0.016727718463300362
44	0.02678443476505567
45	0.0769348332586583
46	0.1732270593726278
47	0.331596475620944
48	0.9524680951766598
49	0.9680555771461438
50	0.5758441417787837
51	0.9838981538483328
52	0.9838981538483328
53	0.9838981538483328
54	0.9524680951766598
55	0.9838981538483328
56	0.9838981538483328
57	0.9524680951766598
58	0.9838981538483328
59	1.0
60	0.9220420515895166
61	0.6884197964379097
62	0.809751747262771
63	0.809751747262771
64	0.8925879504044915
65	0.9371316004437403
66	0.8640747434825136
67	0.8501615448994048
68	0.9220420515895166
69	0.809751747262771
70	0.28191057199709557
71	0.07209806342155774
72	0.04019100294647175
73	0.5758441417787837
74	0.5665719880005149
75	0.08480513362915015
76	0.09197534264619907
77	0.127253138080475
78	0.8364723744993591
79	0.9071954723294416
80	0.9524680951766598
81	0.8782156365502464
82	0.9071954723294416
83	0.9071954723294416
84	1.0
85	1.0
86	0.9838981538483328
87	0.6556978921951198
88	0.09814559940423298
89	0.11925293695084214
90	0.07209806342155774
91	0.5665719880005149
92	0.9371316004437403
93	0.08619300005539396
94	0.513991542262758
95	0.6045810297425013
96	0.43697584363533404
97	0.4230169025093204
98	0.4230169025093204
99	0.5057153295259778
100	0.5484731728386766
101	0.5665719880005149
102	0.14027091400017713
103	0.513991542262758
104	0.28652413961186873
105	0.5396417421912961
106	0.513991542262758
107	0.5309525138815142
108	0.2729051014782479
109	0.09197534264619907
110	0.032544734860148215
111	0.08760357941344457
112	0.5057153295259778
113	0.09814559940423298
114	0.4587826572335652
115	0.49757237909340374
116	0.47392181612761314
117	0.41620554942555466
118	0.07819389939674361
119	0.0016686198147892288
120	0.0008168904262529228
121	0.0002055541213394075
122	0.000580920718013925
123	0.9838981538483328
124	0.9838981538483328
125	0.9838981538483328
126	1.0
127	1.0
128	1.0
129	0.020325206299054217
130	0.0022714575694317693
131	0.004278080449843506
132	0.0036370594844428957
133	0.0769348332586583
134	1.0
135	0.9071954723294416
136	0.9838981538483328
137	0.9838981538483328
138	0.43697584363533404
139	0.37150005830873106
140	0.5309525138815142
141	0.45139540946972445
142	0.12120455403276079
143	0.3370231708678044
144	0.5852680376789872
145	0.3900393726467363
146	0.7227746524257428
147	0.513991542262758
148	0.6884197964379097
149	0.7227746524257428
150	0.7111366461700486
151	0.6884197964379097
152	0.666428623359522
153	0.34814444420780405
154	0.13801229332339254
155	0.1336035702664378
156	0.14027091400017713
157	0.07947357060372962
158	0.02551131956105572
159	0.002163490864431252
160	0.0017518905076602737
161	0.0027599605887400915
162	0.5665719880005149
163	1.0
164	0.9838981538483328
165	0.9838981538483328
166	0.9838981538483328
167	0.5665719880005149
168	0.002851035264810493
169	0.000609910947102305
170	0.017562497419084194
171	0.013766972933527001
172	0.015423659850313083
173	0.03361866366814549
174	0.002094379397417405
175	0.05651656845829485
176	0.5484731728386766
177	0.27737129133826594
178	0.06540703669975811
179	0.25993340216897615
180	0.6045810297425013
181	0.31074953590015464
182	0.05471117929721339
183	0.02099590847766593
184	0.0330773411179359
185	0.34814444420780405
186	0.9680555771461438
187	0.9524680951766598
188	0.9220420515895166
189	0.6451399456130124
190	0.12120455403276079
191	0.39642250686331315
192	0.47392181612761314
193	0.3262571601860559
194	0.35963270335587966
195	0.9680555771461438
196	0.9838981538483328
197	1.0
198	0.8640747434825136
199	0.8501615448994048
200	0.9524680951766598
