1	0.548473172838661
2	0.4662907999563944
3	0.4662907999563944
4	0.7466251623243505
5	0.809751747262771
6	0.8782156365502339
7	0.6245313223904189
8	0.5758441417787756
9	0.9680555771461301
10	0.5948461590153626
11	0.5948461590153626
12	0.809751747262771
13	0.9838981538483048
14	0.9680555771461301
15	0.6996860333005861
16	0.7227746524257325
17	0.9680555771461301
18	1.0
19	1.0
20	0.7838846950415491
21	0.758843950874465
22	0.3655182215245033
23	0.10644373457266824
24	0.08343961441457964
25	0.14027091400017713
26	0.8925879504044915
27	0.9680555771461301
28	0.3008228213237163
29	0.25574799451756464
30	0.24757827243666639
31	0.277371291338262
32	0.3057458946813841
33	0.8501615448993928
34	0.8925879504044915
35	0.9524680951766463
36	0.9838981538483048
37	1.0
38	1.0
39	0.060308038307034934
40	0.9838981538483048
41	1.0
42	0.013327194928720634
43	0.005114431247540004
44	0.00044804248394847326
45	0.0013732801563434388
46	0.9838981538483048
47	0.0005101736581558108
48	0.0011675099792966342
49	0.00077806206826116
50	0.0003934779152423564
51	0.0376642589146651
52	0.9838981538483048
53	0.9838981538483048
54	0.9838981538483048
55	0.9838981538483048
56	0.9838981538483048
57	0.9524680951766463
58	0.9838981538483048
59	0.03416884515602799
60	0.000198987813567983
61	0.0012869442307717569
62	0.0035208757183271245
63	0.011515692539375738
64	1.0
65	0.0023464123579847473
66	0.0059189685685373875
67	0.01593261814139069
68	0.02204368690561934
69	0.9838981538483048
70	0.9838981538483048
71	0.04576439005839962
72	0.677334966787895
73	0.6884197964379
74	0.15462038588000881
75	0.010617952774479945
76	0.008459463654885485
77	0.010113261253784499
78	0.009632558682416041
79	0.006962169253653824
80	0.0370577948122046
81	0.017849913987938726
82	0.011147830387442766
83	0.016193361151327752
84	0.9371316004437272
85	1.0
86	0.0029451152724262264
87	0.004009124378788865
88	0.0083232506725889
89	0.009950419076984445
90	0.9680555771461301
91	1.0
92	0.9838981538483048
93	0.9838981538483048
94	0.9838981538483048
95	0.9838981538483048
96	0.9838981538483048
97	0.9371316004437272
98	0.9838981538483048
99	0.006015834611932686
100	0.010446984132459453
101	0.010446984132459453
102	0.004209195456615552
103	0.9524680951766463
104	0.9524680951766463
105	0.038907124553427985
106	0.014690543918280223
107	0.020995908477665633
108	0.042196692099189664
109	0.010968329737619126
110	0.009950419076984445
111	0.0030920881101849616
112	0.0019000115066770808
113	0.0030920881101849616
114	0.2516299796562454
115	0.9838981538483048
116	0.8925879504044915
117	0.6884197964379
118	0.3370231708678045
119	0.16769342093829617
120	0.060308038307034934
121	0.014930959938100431
122	0.010446984132459453
123	0.007927630713798489
124	0.008881624169591297
125	0.007927630713798489
126	0.013112602486344908
127	0.9680555771461301
128	0.7227746524257325
129	0.5948461590153626
130	0.08077418408895645
131	0.42301690250932045
132	0.09656527406216013
133	0.23201342268366956
134	0.8230036250150273
135	0.7227746524257325
136	0.7712627042813326
137	0.8925879504044915
138	0.4299397258291108
139	0.22098538275893195
140	0.25574799451756464
141	0.40291010336057753
142	0.021688742850448924
143	0.5665719880005149
144	0.5665719880005149
145	0.5574491330158706
146	0.5665719880005149
147	0.023143753598938943
148	0.060308038307034934
149	0.4587826572335522
150	0.4662907999563944
151	0.4369758436353278
152	0.4369758436353278
153	0.4513954094697245
154	0.05838153282986845
155	0.020325206299053933
156	0.24757827243666639
157	0.4095038717012285
158	0.22098538275893195
159	0.023522509426831248
160	0.024298717947761114
161	0.44412711003286787
162	0.809751747262771
163	0.7466251623243505
164	0.6347520014624387
165	0.7227746524257325
166	0.9838981538483048
167	0.6556978921951105
168	0.6664286233595222
169	0.9220420515895035
170	0.4299397258291108
171	0.03954385360034535
172	0.08760357941344458
173	0.16233655139003125
174	0.6144752151203823
175	1.0
176	1.0
177	0.9838981538483048
178	0.020657835589543778
179	0.005283200023099393
180	0.004792895140366572
181	0.014690543918280223
182	0.012901465378461633
183	0.02510054021835687
184	0.07209806342155672
185	0.09975178733729188
186	0.019675929314445093
187	0.11175569566235759
188	0.02635315591720863
189	0.017849913987938726
190	0.04019100294647062
191	0.7712627042813326
192	1.0
193	0.3715000583087258
194	0.3425386759286026
195	0.33159647562093464
196	0.4662907999563944
197	0.9220420515895035
198	0.9220420515895035
199	0.9838981538483048
200	1.0
