1	1.0
2	0.8782156365502339
3	0.8640747434825136
4	0.836472374499359
5	0.7588439508744756
6	0.836472374499359
7	0.8501615448993928
8	0.5396417421912961
9	0.45878265723355866
10	0.3655182215245085
11	0.37757978999725084
12	0.481677716615238
13	0.4441271100328678
14	0.3262571601860559
15	0.305745894681384
16	0.4895605451959227
17	0.9220420515895166
18	0.6451399456130031
19	0.6556978921951104
20	0.6664286233595221
21	0.6451399456130031
22	0.836472374499359
23	0.7346031188276403
24	0.746625162324361
25	0.6773349667878948
26	0.6045810297425014
27	0.5852680376789872
28	0.9371316004437403
29	0.7346031188276403
30	0.746625162324361
31	0.40291010336057753
32	0.513991542262758
33	0.5948461590153625
34	0.6245313223904276
35	0.746625162324361
36	0.4513954094697244
37	0.09348055211451997
38	0.13360357026643588
39	0.27737129133826594
40	0.40950387170122843
41	0.42301690250932045
42	0.07569604040982214
43	0.07819389939674361
44	0.09814559940423298
45	0.07819389939674361
46	0.07947357060372962
47	0.011147830387442765
48	0.08077418408895759
49	0.9371316004437403
50	0.8097517472627709
51	1.0
52	0.6245313223904276
53	0.9071954723294418
54	0.011515692539375738
55	0.020657835589543774
56	0.00388105521435913
57	0.007799981223697674
58	0.9071954723294418
59	0.9220420515895166
60	0.9371316004437403
61	0.9371316004437403
62	0.0330773411179359
63	0.02314375359893927
64	0.019997932954225667
65	0.015932618141390912
66	0.7111366461700385
67	0.8925879504044913
68	0.9680555771461301
69	0.9071954723294418
70	0.9838981538483188
71	0.1425664978143681
72	0.0769348332586572
73	0.06979493239667436
74	0.03529636723622752
75	0.06435386265758127
76	0.009790198959862087
77	0.03416884515602847
78	0.35384195289533515
79	0.7227746524257325
80	0.8230036250150389
81	0.7588439508744756
82	0.45878265723355866
83	0.40950387170122843
84	0.34814444420780405
85	0.34253867592860743
86	0.31583506350196977
87	0.5852680376789872
88	0.836472374499359
89	0.614475215120391
90	0.6664286233595221
91	0.43697584363533404
92	0.07209806342155774
93	0.16233655139003356
94	0.176061982325188
95	0.7967132492072908
96	0.9838981538483188
97	0.8782156365502339
98	0.9071954723294418
99	0.746625162324361
100	0.8230036250150389
101	0.38375901867528034
102	0.22098538275893193
103	0.1472709844146142
104	0.03587400494469159
105	0.030007614098887924
106	0.04151724745489924
107	0.17894329980857734
108	0.24359180518339904
109	0.4513954094697244
110	0.40291010336057753
111	0.34814444420780405
112	0.27737129133826594
113	0.17322705937262783
114	0.05044600800408453
115	0.21048152657828498
116	0.10644373457266823
117	0.6045810297425014
118	0.11175569566235759
119	0.08343961441457963
120	0.13360357026643588
121	0.09814559940423298
122	0.11733274450692356
123	0.154620385880011
124	0.5665719880005149
125	0.5057153295259778
126	0.6347520014624387
127	0.6045810297425014
128	0.8501615448993928
129	0.6884197964379097
130	0.8501615448993928
131	0.5758441417787837
132	0.7227746524257325
133	0.22827757824649536
134	0.176061982325188
135	0.2320134226836728
136	0.6664286233595221
137	0.7712627042813435
138	1.0
139	0.8097517472627709
140	0.614475215120391
141	0.6556978921951104
142	0.21048152657828498
143	0.24359180518339904
144	0.15715080394779135
145	0.3370231708678045
146	0.6245313223904276
147	0.7227746524257325
148	0.9220420515895166
149	0.9071954723294418
150	0.836472374499359
151	0.6347520014624387
152	0.6347520014624387
153	0.8501615448993928
154	0.8782156365502339
155	0.08077418408895759
156	0.04019100294647118
157	0.06129500098272679
158	0.9371316004437403
159	0.045764390058400266
160	0.07093715149650967
161	0.08343961441457963
162	0.08343961441457963
163	0.02812108342598859
164	0.9680555771461301
165	0.9524680951766462
166	0.9371316004437403
167	0.9371316004437403
168	0.9371316004437403
169	1.0
170	0.9071954723294418
171	0.9071954723294418
172	0.025928821455018472
173	0.011515692539375738
174	0.011330268629776648
175	0.01170415097775544
176	0.06030803830703579
177	0.8501615448993928
178	0.03587400494469159
179	0.025928821455018472
180	0.22827757824649536
181	1.0
182	0.513991542262758
183	0.6451399456130031
184	0.16499324727370096
185	0.04019100294647118
186	0.05044600800408453
187	0.04219669209918966
188	0.07447719441285068
189	0.25993340216897615
190	0.8782156365502339
191	0.35384195289533515
192	0.39642250686330754
193	0.1425664978143681
194	0.07569604040982214
195	0.08209608258032164
196	0.045027498890454376
197	0.40291010336057753
198	0.7712627042813435
199	0.7838846950415601
200	0.9220420515895166
