1	0.968055577146144
2	0.9371316004437404
3	0.004278080449843506
4	0.0020274756563298706
5	0.005198130749138962
6	0.024298717947761457
7	0.10472979393477024
8	0.8925879504045041
9	0.746625162324361
10	0.12933568132305998
11	0.32100381758685564
12	0.9838981538483188
13	0.9838981538483188
14	0.9838981538483188
15	0.9838981538483188
16	0.968055577146144
17	0.03416884515602848
18	0.04219669209919026
19	0.968055577146144
20	0.12318811002814868
21	0.04804821315291625
22	0.028121083425988992
23	0.026784434765055293
24	0.03307734111793637
25	0.1909478879208092
26	0.10995622264422977
27	0.11175569566235918
28	0.10138426111191928
29	0.11925293695084216
30	0.11358461770179093
31	0.11358461770179093
32	0.14027091400017913
33	0.3057458946813841
34	0.9071954723294418
35	0.7588439508744758
36	0.677334966787895
37	0.5852680376789872
38	0.6664286233595221
39	0.6664286233595221
40	0.8501615448994049
41	0.5484731728386688
42	0.41620554942555466
43	0.4299397258291169
44	0.7346031188276403
45	0.823003625015039
46	0.8501615448994049
47	0.968055577146144
48	0.9371316004437404
49	0.7838846950415601
50	0.5948461590153711
51	0.6884197964379097
52	0.823003625015039
53	0.43697584363533404
54	0.2599334021689762
55	0.40291010336058325
56	0.7588439508744758
57	0.7838846950415601
58	0.8097517472627825
59	0.9371316004437404
60	0.5852680376789872
61	0.22098538275893193
62	0.2320134226836728
63	0.32100381758685564
64	0.0807741840889576
65	0.05383022830539263
66	0.04883453939311235
67	0.24757827243666986
68	0.35963270335588476
69	0.176061982325188
70	0.18787327440652254
71	0.9838981538483188
72	0.16769342093829856
73	0.025928821455018472
74	0.019997932954225667
75	0.006316048424505998
76	0.003944570074838709
77	0.004209195456615611
78	0.004951053693111611
79	0.4975723790934037
80	0.4975723790934037
81	0.0007058543855178156
82	0.0004337300253847311
83	0.0017805608241138404
84	0.8782156365502339
85	0.8097517472627825
86	0.8640747434825137
87	0.8640747434825137
88	0.4441271100328678
89	0.4975723790934037
90	0.5396417421913038
91	0.8925879504045041
92	0.7838846950415601
93	0.6045810297425099
94	0.6347520014624477
95	0.5309525138815143
96	0.6451399456130124
97	0.6556978921951104
98	0.9838981538483188
99	0.9220420515895166
100	0.9371316004437404
101	0.9220420515895166
102	0.5484731728386688
103	0.3158350635019698
104	0.41620554942555466
105	0.08209608258032164
106	0.18787327440652254
107	0.5224031981891458
108	0.8640747434825137
109	0.9371316004437404
110	0.8925879504045041
111	0.9371316004437404
112	0.9524680951766599
113	0.005546852487609716
114	0.0002089180882547865
115	0.00037477516042497033
116	0.004491573493650815
117	0.004951053693111611
118	0.001962709116638142
119	0.0015385376373511796
120	0.0003399943286790757
121	0.005032079462438764
122	0.01469054391828043
123	0.13360357026643777
124	0.9371316004437404
125	0.10472979393477024
126	0.0547111792972134
127	0.8782156365502339
128	0.7346031188276403
129	0.7712627042813435
130	0.746625162324361
131	0.9524680951766599
132	0.9524680951766599
133	0.968055577146144
134	0.9071954723294418
135	0.8640747434825137
136	0.7227746524257428
137	0.7588439508744758
138	0.6884197964379097
139	0.6556978921951104
140	0.6556978921951104
141	0.6347520014624477
142	0.6451399456130124
143	0.8097517472627825
144	0.566571988000515
145	0.6347520014624477
146	0.677334966787895
147	0.21392613224755938
148	0.32100381758685564
149	0.27737129133826594
150	0.2959790185358471
151	0.21392613224755938
152	0.1425664978143681
153	0.14027091400017913
154	0.24757827243666986
155	0.6664286233595221
156	0.48167771661524483
157	0.39642250686331315
158	0.3837590186752804
159	0.176061982325188
160	0.15715080394779357
161	0.176061982325188
162	0.39642250686331315
163	0.968055577146144
164	0.9220420515895166
165	0.968055577146144
166	0.968055577146144
167	0.9524680951766599
168	0.9524680951766599
169	0.968055577146144
170	0.6664286233595221
171	0.6451399456130124
172	0.7111366461700486
173	0.7588439508744758
174	0.7111366461700486
175	0.7111366461700486
176	0.7712627042813435
177	0.17043778391330164
178	0.14968112689163354
179	0.2037578156903431
180	0.07693483325865721
181	0.04288725609875964
182	0.15715080394779357
183	0.34814444420780405
184	0.7346031188276403
185	0.6451399456130124
186	0.677334966787895
187	0.24757827243666986
188	0.032544734860148215
189	0.0014893899404870398
190	0.00037477516042497033
191	0.0010764932965619178
192	0.0019311058764015598
193	0.006419412822152426
194	0.04084874312373918
195	0.09656527406216149
196	0.8501615448994049
197	0.8782156365502339
198	0.8782156365502339
199	0.8640747434825137
200	0.8925879504045041
