1	0.8501615448994048
2	0.04727454821686481
3	0.041517247454899237
4	0.176061982325188
5	0.09049436982916052
6	0.9071954723294419
7	0.9838981538483189
8	0.22827757824649536
9	0.026353155917208635
10	0.00020224432050175352
11	0.00028439586342649995
12	2.01742324488663e-05
13	2.5736224442801122e-05
14	0.001167509979296634
15	0.002628774404719928
16	0.001186616698822083
17	2.1181006010625973e-05
18	3.6190266078127803e-05
19	0.0020943793974173754
20	0.9838981538483189
21	1.0
22	1.0
23	1.0
24	0.9838981538483189
25	1.0
26	0.002198897168339217
27	3.5607535981549386e-05
28	3.076757251930122e-05
29	0.001186616698822083
30	0.002628774404719928
31	0.001167509979296634
32	2.6157406985813598e-05
33	2.5736224442801122e-05
34	0.0003186194293768151
35	0.0003747751604249704
36	0.029524436113288616
37	0.2320134226836695
38	0.9680555771461301
39	0.9220420515895035
40	0.8925879504044915
41	0.8782156365502339
42	0.8782156365502339
43	0.8925879504044915
44	0.154620385880011
45	0.12120455403275907
46	0.16233655139003125
47	0.9071954723294419
48	0.9220420515895035
49	0.1909478879208092
50	0.27737129133826594
51	0.5574491330158785
52	0.7111366461700486
53	0.7588439508744759
54	0.45139540946972445
55	0.3008228213237163
56	0.0063160484245059975
57	0.00199482955523534
58	0.006739766775034894
59	0.015676073575284756
60	0.9220420515895035
61	0.9371316004437403
62	0.9838981538483189
63	0.9524680951766462
64	0.9838981538483189
65	0.5665719880005149
66	0.0061142859028680595
67	0.023522509426831248
68	0.0190473931083816
69	0.9524680951766462
70	0.9680555771461301
71	0.9838981538483189
72	0.9838981538483189
73	0.9838981538483189
74	0.9524680951766462
75	0.9838981538483189
76	0.04288725609875964
77	0.010113261253784643
78	0.2209853827589351
79	0.7588439508744759
80	0.5057153295259778
81	0.8782156365502339
82	0.9371316004437403
83	0.9838981538483189
84	0.9838981538483189
85	0.9838981538483189
86	0.06331764666180247
87	0.002544799723548124
88	0.004141419638950832
89	0.02277109643911641
90	0.01727970878760305
91	0.023522509426831248
92	0.09501039487561765
93	0.2320134226836695
94	0.9838981538483189
95	0.9838981538483189
96	0.09197534264619776
97	0.10472979393476876
98	0.18484816784601615
99	0.031505112088108564
100	0.04727454821686481
101	0.055606547367958434
102	0.08903724340857931
103	0.1496811268916314
104	0.00199482955523534
105	0.0043480927706904
106	0.0007058543855178054
107	0.0046397888713085094
108	0.04804821315291624
109	0.9838981538483189
110	0.9680555771461301
111	0.9680555771461301
112	0.04651334071458728
113	0.009026975134420792
114	0.01999793295422567
115	0.0190473931083816
116	0.018438935128663837
117	0.17322705937262536
118	0.9524680951766462
119	0.9680555771461301
120	0.06435386265758125
121	0.02390746372968351
122	0.04804821315291624
123	0.057441482370142585
124	0.9680555771461301
125	0.12318811002815043
126	0.11544347070631857
127	0.10995622264422977
128	0.2209853827589351
129	0.9680555771461301
130	0.6556978921951104
131	0.6347520014624477
132	0.6451399456130033
133	0.9524680951766462
134	0.9680555771461301
135	0.9524680951766462
136	0.9838981538483189
137	0.9838981538483189
138	0.09656527406216149
139	0.0031426912410505935
140	0.0003934779152423564
141	0.001186616698822083
142	0.00047809985677179273
143	0.009632558682416179
144	0.05044600800408381
145	0.006214348384488034
146	0.001780560824113815
147	0.001167509979296634
148	0.0007907953330514216
149	0.0006723037820462359
150	0.043589121425845555
151	0.9838981538483189
152	0.9524680951766462
153	0.8782156365502339
154	0.33159647562093936
155	0.2396695274125223
156	0.2685108255202325
157	1.0
158	1.0
159	0.9524680951766462
160	0.9680555771461301
161	0.305745894681384
162	0.210481526578285
163	0.24359180518339563
164	0.03049869946550746
165	0.0006944888267967084
166	0.0008302591310470596
167	0.001225773320081767
168	0.00180970034057848
169	0.007309608887594823
170	0.048834539393112344
171	1.0
172	0.009477456704464737
173	0.0008302591310470596
174	0.0008302591310470596
175	9.901083980761737e-05
176	0.002463507565100692
177	0.09656527406216149
178	0.8501615448994048
179	0.8364723744993591
180	0.8501615448994048
181	0.8640747434825014
182	0.5224031981891384
183	0.49757237909340374
184	0.45139540946972445
185	0.8782156365502339
186	0.9680555771461301
187	0.8782156365502339
188	0.7967132492072908
189	0.7712627042813326
190	0.7712627042813326
191	0.7346031188276403
192	0.809751747262771
193	0.7967132492072908
194	0.8364723744993591
195	0.8640747434825014
196	0.8501615448994048
197	0.809751747262771
198	0.809751747262771
199	0.823003625015039
200	0.8925879504044915
