1	0.9371316004437403
2	0.34814444420780405
3	0.19407281858793526
4	0.19724888986614988
5	0.33702317086780925
6	0.48167771661524483
7	0.14027091400017713
8	0.16233655139003356
9	0.06331764666180335
10	0.3900393726467364
11	0.21742711012398036
12	0.42993972582911677
13	0.28652413961186873
14	0.00707610765039319
15	0.0675653735631387
16	0.05296346225091007
17	0.027668282067045125
18	0.31583506350196977
19	0.31583506350196977
20	0.31074953590015464
21	0.054711179297213405
22	0.07569604040982214
23	0.9680555771461439
24	0.5665719880005149
25	0.7111366461700386
26	0.7227746524257428
27	0.7346031188276403
28	0.9838981538483188
29	0.9371316004437403
30	0.8782156365502465
31	0.9838981538483188
32	0.9838981538483188
33	0.2912132099152615
34	0.2912132099152615
35	0.3008228213237205
36	0.28191057199709557
37	0.32100381758685564
38	0.11544347070631857
39	0.15213071221465965
40	0.6884197964379098
41	0.3655182215245085
42	0.513991542262758
43	0.7967132492072908
44	0.5484731728386767
45	0.6773349667879045
46	0.8925879504044915
47	0.746625162324361
48	0.4975723790934037
49	0.10644373457266976
50	0.06435386265758127
51	0.06229811565656762
52	0.5574491330158785
53	0.16769342093829617
54	0.04430247303072592
55	0.022771096439116734
56	0.07819389939674361
57	0.9524680951766462
58	0.9524680951766462
59	0.8501615448994049
60	0.8925879504044915
61	0.6451399456130124
62	0.11925293695084216
63	0.07569604040982214
64	0.09049436982916181
65	0.2396695274125257
66	0.6664286233595221
67	0.6884197964379098
68	0.5309525138815142
69	0.04288725609876025
70	0.48956054519592274
71	0.0013294115143323943
72	0.003142691241050638
73	0.0025447997235481246
74	0.0005185228330395549
75	0.010113261253784643
76	0.002851035264810493
77	0.0047928951403666395
78	0.0016686198147892286
79	0.002163490864431252
80	0.009324852154700492
81	0.012489335512977847
82	0.016458371314135432
83	0.04727454821686548
84	0.176061982325188
85	0.9220420515895166
86	0.8925879504044915
87	0.9371316004437403
88	0.7588439508744865
89	0.7227746524257428
90	0.505715329525985
91	0.01700147357515921
92	0.016458371314135432
93	0.018438935128663837
94	0.013545299253376991
95	0.014221262971401534
96	0.017562497419084444
97	0.02812108342598899
98	0.07947357060373075
99	0.9838981538483188
100	0.9838981538483188
101	0.2139261322475594
102	0.18187177108593947
103	0.176061982325188
104	0.9680555771461439
105	0.8640747434825136
106	0.9838981538483188
107	0.9371316004437403
108	0.9371316004437403
109	0.14027091400017713
110	0.08343961441457963
111	0.10472979393476875
112	0.9838981538483188
113	0.9838981538483188
114	0.9680555771461439
115	0.06331764666180335
116	0.06435386265758127
117	0.16499324727370096
118	0.9838981538483188
119	0.9838981538483188
120	0.9220420515895166
121	0.9524680951766462
122	0.17043778391330405
123	0.11358461770179093
124	0.12318811002815043
125	0.9524680951766462
126	0.9838981538483188
127	1.0
128	1.0
129	1.0
130	0.0769348332586583
131	0.027668282067045125
132	0.015423659850313085
133	0.0014893899404870398
134	0.0003084413155953434
135	0.001751890507660274
136	0.00015598350155572518
137	0.0014185963995909494
138	0.2516299796562454
139	0.7346031188276403
140	0.9524680951766462
141	0.8501615448994049
142	0.8640747434825136
143	0.10818572446379239
144	0.08619300005539272
145	0.32100381758685564
146	0.27737129133826594
147	0.04651334071458728
148	0.0686711051330571
149	0.10644373457266976
150	0.3900393726467364
151	0.9680555771461439
152	0.9524680951766462
153	0.9524680951766462
154	0.9524680951766462
155	0.34814444420780405
156	0.127253138080475
157	0.10304345090533529
158	0.15213071221465965
159	0.10995622264422977
160	0.5665719880005149
161	0.614475215120391
162	0.6664286233595221
163	0.7588439508744865
164	0.7588439508744865
165	0.9524680951766462
166	0.9680555771461439
167	0.9524680951766462
168	0.8640747434825136
169	0.5948461590153626
170	0.7111366461700386
171	0.29597901853585135
172	0.48167771661524483
173	0.505715329525985
174	0.154620385880011
175	0.045027498890454376
176	0.01727970878760305
177	0.009632558682416177
178	0.0007907953330514327
179	0.000857656472053701
180	0.0007532073245460797
181	0.002198897168339217
182	0.0023464123579847807
183	0.34253867592860743
184	0.466290799956401
185	0.466290799956401
186	0.44412711003286787
187	0.11358461770179093
188	0.513991542262758
189	0.026353155917209006
190	0.272905101478248
191	0.17043778391330405
192	0.16769342093829617
193	0.5948461590153626
194	1.0
195	1.0
196	0.5574491330158785
197	0.1732270593726278
198	0.21742711012398036
199	0.5224031981891458
200	0.6451399456130124
