1	0.8640747434825014
2	0.7967132492072908
3	0.7466251623243612
4	0.4299397258291108
5	0.33159647562093936
6	0.34814444420780405
7	0.44412711003286787
8	0.5758441417787756
9	0.6347520014624477
10	0.7346031188276403
11	0.8364723744993592
12	0.8364723744993592
13	0.823003625015039
14	0.4513954094697245
15	0.2641873055176486
16	0.16769342093829617
17	0.4587826572335587
18	0.8364723744993592
19	0.809751747262771
20	0.6045810297425014
21	0.23966952741252232
22	0.2358104055548831
23	0.21392613224755938
24	0.35384195289533515
25	0.48167771661523806
26	0.5484731728386688
27	0.7838846950415602
28	0.16769342093829617
29	0.04727454821686481
30	0.5139915422627507
31	0.3775797899972509
32	0.466290799956401
33	0.5139915422627507
34	0.05383022830539263
35	0.04804821315291624
36	0.3596327033558797
37	0.1425664978143681
38	0.2685108255202325
39	0.2641873055176486
40	0.164993247273701
41	0.24757827243666988
42	0.06540703669975813
43	0.13801229332339257
44	0.6773349667878948
45	0.699686033300596
46	0.699686033300596
47	0.9220420515895036
48	0.6347520014624477
49	0.44412711003286787
50	0.4513954094697245
51	0.3775797899972509
52	0.7227746524257325
53	0.9071954723294419
54	0.01493095993810043
55	0.005823662247270245
56	0.011330268629776648
57	0.03416884515602848
58	0.10995622264422979
59	0.9524680951766463
60	0.9220420515895036
61	0.040848743123739185
62	0.02722277164592025
63	0.019047393108381876
64	0.9838981538483189
65	0.823003625015039
66	0.9220420515895036
67	0.05744148237014341
68	0.04727454821686481
69	0.0083232506725889
70	0.0014893899404870398
71	0.9371316004437404
72	0.9371316004437404
73	0.9371316004437404
74	0.9371316004437404
75	0.9371316004437404
76	0.9371316004437404
77	0.04963373414423629
78	0.04883453939311236
79	0.05296346225090933
80	0.12120455403275907
81	1.0
82	0.9071954723294419
83	1.0
84	0.035296367236227526
85	0.026784434765055293
86	0.08480513362914896
87	0.9838981538483189
88	1.0
89	0.9071954723294419
90	0.0547111792972134
91	0.0083232506725889
92	0.013545299253376991
93	0.005546852487609637
94	0.060308038307034934
95	0.40950387170122854
96	0.2599334021689762
97	0.06867110513305712
98	0.09348055211451997
99	0.051271575016962036
100	0.12933568132306
101	0.4513954094697245
102	0.6556978921951199
103	0.305745894681384
104	0.48167771661523806
105	0.2557479945175683
106	0.21048152657828498
107	0.17322705937262783
108	0.022043686905619343
109	0.6664286233595221
110	0.6556978921951199
111	0.6556978921951199
112	0.6556978921951199
113	0.017849913987938726
114	0.061295000982726805
115	0.35384195289533515
116	0.23966952741252232
117	0.3158350635019698
118	0.7588439508744759
119	0.29597901853585135
120	0.2641873055176486
121	0.277371291338266
122	0.699686033300596
123	0.05651656845829405
124	0.09197534264619907
125	0.12725313808047323
126	0.1030434509053353
127	0.6451399456130031
128	0.7346031188276403
129	0.9220420515895036
130	0.8640747434825014
131	0.8782156365502464
132	0.9220420515895036
133	0.809751747262771
134	0.7111366461700386
135	0.7346031188276403
136	0.8364723744993592
137	0.8364723744993592
138	0.14027091400017713
139	0.16233655139003358
140	0.19724888986614994
141	0.18484816784601354
142	0.8925879504044915
143	0.9220420515895036
144	0.8782156365502464
145	0.18787327440651988
146	0.23201342268367284
147	0.15213071221465752
148	0.1472709844146142
149	0.8640747434825014
150	0.6773349667878948
151	0.0443024730307253
152	0.07093715149650967
153	0.19407281858793526
154	0.32100381758685115
155	0.4895605451959228
156	0.9838981538483189
157	0.8782156365502464
158	0.823003625015039
159	0.809751747262771
160	0.33159647562093936
161	0.176061982325188
162	0.23966952741252232
163	0.23966952741252232
164	0.18187177108593688
165	0.8640747434825014
166	0.19407281858793526
167	0.19724888986614994
168	0.2557479945175683
169	0.5396417421912962
170	0.9838981538483189
171	0.9838981538483189
172	0.9524680951766463
173	0.7838846950415602
174	0.030498699465507897
175	0.028121083425988593
176	0.15715080394779135
177	0.12725313808047323
178	0.823003625015039
179	0.8501615448994049
180	0.8925879504044915
181	0.8501615448994049
182	0.7712627042813325
183	0.7588439508744759
184	0.8501615448994049
185	0.809751747262771
186	0.164993247273701
187	0.164993247273701
188	0.0358740049446916
189	0.07209806342155775
190	0.7346031188276403
191	0.8364723744993592
192	0.823003625015039
193	0.37150005830873106
194	0.3596327033558797
195	0.23201342268367284
196	0.32100381758685115
197	0.3900393726467364
198	0.3775797899972509
199	0.3596327033558797
200	0.48167771661523806
