1	0.7227746524257325
2	0.6996860333005961
3	0.43697584363533404
4	0.2037578156903402
5	0.21048152657828498
6	0.1192529369508413
7	0.2070923854195519
8	0.04963373414423629
9	0.018740694914959985
10	0.005918968568537429
11	0.0014893899404870398
12	4.542445618186491e-05
13	2.334778628936365e-05
14	0.00048592413239297353
15	4.926505911911207e-05
16	0.0010591597671173543
17	0.0029451152724262472
18	0.0030920881101849616
19	0.0014185963995909595
20	0.009632558682416177
21	1.0
22	1.0
23	1.0
24	1.0
25	1.0
26	0.004141419638950831
27	0.0018097003405784802
28	0.0034641831191914805
29	0.003246395470718101
30	0.0011487109132294554
31	4.926505911911207e-05
32	0.00048592413239297353
33	2.532182371629836e-05
34	5.343038208960599e-05
35	0.0043480927706904
36	0.009790198959862158
37	0.02904903818527751
38	0.08480513362914895
39	0.2865241396118667
40	0.5309525138815104
41	0.6144752151203954
42	0.6245313223904277
43	0.42301690250932045
44	0.6773349667878948
45	0.8501615448993988
46	0.6664286233595268
47	0.6347520014624433
48	0.49757237909340724
49	0.5139915422627543
50	0.8782156365502402
51	0.6664286233595268
52	0.7346031188276455
53	0.771262704281338
54	0.7967132492072965
55	0.4895605451959193
56	0.48167771661524145
57	0.48167771661524145
58	0.17043778391330164
59	0.1192529369508413
60	0.04084874312373918
61	0.013992274382953328
62	0.007076107650393239
63	0.015932618141390912
64	0.056516568458294454
65	0.1252041276287837
66	0.34253867592860504
67	0.9838981538483259
68	0.34253867592860504
69	0.0756960404098216
70	0.04358912142584586
71	0.09501039487561765
72	0.6884197964379049
73	0.8097517472627709
74	0.8782156365502402
75	0.9524680951766531
76	0.9524680951766531
77	0.7967132492072965
78	0.6451399456130078
79	0.5758441417787797
80	0.8097517472627709
81	0.2819105719970956
82	0.2865241396118667
83	0.3370231708678045
84	0.27737129133826793
85	0.8782156365502402
86	0.9220420515895232
87	0.4513954094697245
88	0.45878265723355544
89	0.5139915422627543
90	0.48167771661524145
91	0.8925879504044978
92	0.8782156365502402
93	0.9371316004437404
94	0.8230036250150448
95	0.9371316004437404
96	0.9524680951766531
97	0.9071954723294418
98	0.9071954723294418
99	0.7588439508744759
100	0.9524680951766531
101	0.9524680951766531
102	0.9220420515895232
103	0.6245313223904277
104	0.566571988000515
105	0.566571988000515
106	0.7346031188276455
107	0.8782156365502402
108	0.2209853827589335
109	0.21392613224755785
110	0.3008228213237184
111	0.11175569566235838
112	0.6664286233595268
113	0.6884197964379049
114	0.3715000583087337
115	0.42993972582911383
116	0.7227746524257325
117	0.4029101033605775
118	0.36551822152450847
119	0.3964225068633104
120	0.4162055494255576
121	0.5057153295259778
122	0.3008228213237184
123	0.3715000583087337
124	0.18484816784601485
125	0.0756960404098216
126	0.585268037678987
127	0.23201342268367448
128	0.2729051014782479
129	0.23581040555488308
130	0.2865241396118667
131	0.35384195289533515
132	0.4162055494255576
133	0.9220420515895232
134	0.9838981538483259
135	0.9220420515895232
136	0.5224031981891458
137	0.5309525138815104
138	0.2865241396118667
139	0.5224031981891458
140	0.585268037678987
141	0.8925879504044978
142	0.9680555771461301
143	0.9680555771461301
144	0.5758441417787797
145	0.5057153295259778
146	0.5948461590153669
147	0.5948461590153669
148	0.2729051014782479
149	0.2516299796562454
150	0.5396417421912961
151	0.07819389939674416
152	0.10818572446379315
153	0.18787327440651988
154	0.11544347070631938
155	0.16233655139003356
156	0.18484816784601485
157	0.239669527412524
158	0.2209853827589335
159	0.2037578156903402
160	0.20047693868989316
161	0.444127110032871
162	0.45878265723355544
163	0.9071954723294418
164	0.466290799956401
165	0.36551822152450847
166	0.8364723744993591
167	0.9220420515895232
168	0.3715000583087337
169	0.015932618141390912
170	0.01445399904022366
171	0.10818572446379315
172	0.6884197964379049
173	0.9371316004437404
174	0.2912132099152615
175	0.06647744631284418
176	0.03472803056127679
177	0.045027498890454064
178	0.04651334071458695
179	0.04288725609875994
180	0.07947357060372963
181	0.15972263321475563
182	0.47392181612760975
183	0.9838981538483259
184	0.9838981538483259
185	0.9838981538483259
186	0.9680555771461301
187	0.9524680951766531
188	0.9838981538483259
189	1.0
190	0.9680555771461301
191	0.9371316004437404
192	0.9371316004437404
193	0.9838981538483259
194	1.0
195	1.0
196	1.0
197	0.9838981538483259
198	0.9838981538483259
199	0.9838981538483259
200	1.0
