1	1.0
2	0.5484731728386766
3	0.5948461590153626
4	0.9220420515895167
5	0.3210038175868557
6	0.2641873055176485
7	0.28652413961186873
8	0.33159647562093936
9	0.8925879504044913
10	0.9220420515895167
11	0.9524680951766599
12	0.5852680376789872
13	0.7111366461700487
14	0.968055577146144
15	1.0
16	1.0
17	1.0
18	0.6884197964379098
19	0.9220420515895167
20	0.23581040555488308
21	0.05651656845829486
22	0.05838153282986845
23	0.0067397667750349905
24	0.020995908477665932
25	0.277371291338266
26	0.9524680951766599
27	0.968055577146144
28	1.0
29	1.0
30	0.3158350635019743
31	0.06979493239667438
32	0.0034641831191915295
33	0.002897693479410735
34	0.003696581267296084
35	0.04883453939311236
36	0.6045810297425099
37	0.9371316004437404
38	0.3900393726467364
39	0.08619300005539396
40	0.08760357941344458
41	0.33159647562093936
42	0.7466251623243612
43	0.9524680951766599
44	0.6884197964379098
45	0.7588439508744866
46	0.6451399456130125
47	0.8782156365502464
48	0.7466251623243612
49	0.22827757824649864
50	0.3057458946813884
51	0.07947357060373077
52	0.04651334071458728
53	0.7111366461700487
54	0.8097517472627824
55	0.6245313223904277
56	0.8501615448994049
57	0.8782156365502464
58	0.6773349667879045
59	0.10995622264422977
60	0.3596327033558848
61	0.10818572446379239
62	0.17322705937262783
63	0.47392181612761985
64	0.1314523061326923
65	0.1117556956623592
66	0.6451399456130125
67	0.7466251623243612
68	0.7967132492072908
69	0.968055577146144
70	0.968055577146144
71	0.5309525138815143
72	0.33159647562093936
73	0.12933568132305998
74	0.1472709844146142
75	0.15972263321475677
76	0.2557479945175719
77	0.7466251623243612
78	0.22827757824649864
79	0.22827757824649864
80	0.4095038717012343
81	0.35384195289533515
82	0.1212045540327608
83	0.06867110513305712
84	0.10304345090533532
85	0.2037578156903431
86	0.9071954723294547
87	0.21742711012398033
88	0.021688742850449538
89	0.012693727967806583
90	0.7227746524257428
91	0.28652413961186873
92	0.04219669209919026
93	0.024298717947761457
94	0.04502749889045438
95	0.05560654736795844
96	0.33159647562093936
97	0.2557479945175719
98	0.8097517472627824
99	0.3655182215245085
100	0.6144752151203912
101	0.8782156365502464
102	0.968055577146144
103	0.6144752151203912
104	0.5574491330158786
105	0.5758441417787837
106	0.2037578156903431
107	0.5574491330158786
108	0.5309525138815143
109	0.07569604040982214
110	0.014930959938100641
111	0.03705779481220513
112	0.3715000583087311
113	0.31074953590015464
114	0.16233655139003356
115	0.6144752151203912
116	0.6245313223904277
117	0.3210038175868557
118	0.9838981538483328
119	0.9838981538483328
120	0.8925879504044913
121	0.968055577146144
122	1.0
123	0.8925879504044913
124	0.4816777166152449
125	0.8364723744993591
126	0.8097517472627824
127	0.48956054519592274
128	0.9524680951766599
129	0.21392613224755938
130	0.21048152657828798
131	0.3057458946813884
132	0.9838981538483328
133	0.9838981538483328
134	0.9838981538483328
135	0.4513954094697309
136	0.34814444420780405
137	0.029049038185277303
138	0.23201342268367284
139	0.23581040555488308
140	0.13801229332339257
141	0.823003625015039
142	0.3655182215245085
143	0.32625716018605594
144	0.2557479945175719
145	0.6347520014624477
146	0.566571988000523
147	0.7111366461700487
148	0.9220420515895167
149	0.31074953590015464
150	0.17322705937262783
151	0.4369758436353341
152	0.5948461590153626
153	0.2685108255202363
154	0.16233655139003356
155	0.176061982325188
156	0.968055577146144
157	0.9838981538483328
158	0.11733274450692358
159	0.04219669209919026
160	0.04288725609876025
161	0.01999793295422595
162	0.02510054021835723
163	0.0807741840889576
164	1.0
165	0.9371316004437404
166	1.0
167	1.0
168	1.0
169	0.968055577146144
170	0.9371316004437404
171	0.9371316004437404
172	0.04151724745489983
173	0.0009301706690873715
174	0.04019100294647119
175	0.002759960588740131
176	0.013545299253376993
177	0.08903724340858059
178	0.8364723744993591
179	0.7712627042813435
180	0.4975723790934037
181	0.699686033300596
182	0.46629079995640094
183	0.6347520014624477
184	0.3964225068633132
185	0.699686033300596
186	0.4369758436353341
187	0.7712627042813435
188	0.22460188780169513
189	0.0547111792972134
190	0.09348055211452132
191	0.18787327440652257
192	0.2037578156903431
193	0.19094788792081194
194	0.3057458946813884
195	0.505715329525985
196	0.41620554942555466
197	0.41620554942555466
198	0.41620554942555466
199	0.4369758436353341
200	0.6347520014624477
