1	0.8925879504044913
2	0.6884197964379097
3	0.7346031188276402
4	0.7588439508744758
5	0.7588439508744758
6	0.7111366461700385
7	0.513991542262758
8	0.5574491330158785
9	0.6451399456130124
10	0.40291010336058325
11	0.39642250686330754
12	0.2641873055176485
13	0.28652413961186873
14	0.7967132492072907
15	0.5224031981891458
16	0.5309525138815068
17	0.18787327440651985
18	0.06030803830703578
19	0.027222771645920248
20	0.01874069491496012
21	0.015175310452307482
22	0.027668282067045122
23	0.08209608258032165
24	0.45878265723355866
25	0.9838981538483188
26	0.9838981538483188
27	0.9838981538483188
28	0.45878265723355866
29	0.0686711051330571
30	0.007550815325235631
31	0.004009124378788921
32	0.008323250672589018
33	0.015932618141390915
34	0.04502749889045438
35	0.15972263321475677
36	0.9524680951766462
37	0.5852680376789872
38	0.5574491330158785
39	0.5758441417787838
40	0.699686033300596
41	0.9838981538483188
42	0.9680555771461439
43	0.8925879504044913
44	0.5948461590153626
45	0.5852680376789872
46	0.42301690250932045
47	0.7838846950415601
48	0.8364723744993591
49	0.9680555771461439
50	0.9680555771461439
51	0.9838981538483188
52	0.9838981538483188
53	0.9838981538483188
54	0.8501615448994048
55	0.45878265723355866
56	0.32625716018605594
57	0.3538419528953351
58	0.614475215120391
59	0.6347520014624477
60	0.5484731728386688
61	0.5396417421913038
62	0.5948461590153626
63	0.25574799451756824
64	0.2037578156903431
65	0.18484816784601352
66	0.18187177108593947
67	0.024696375181437153
68	0.0063160484245059975
69	0.009477456704464872
70	0.023907463729683845
71	0.1336035702664378
72	0.18787327440651985
73	0.9680555771461439
74	0.04804821315291624
75	0.05044600800408453
76	0.04883453939311235
77	0.9371316004437404
78	0.9838981538483188
79	0.9838981538483188
80	0.0769348332586583
81	0.013992274382953425
82	0.004639788871308576
83	0.005729890533725345
84	0.9838981538483188
85	0.9838981538483188
86	0.004491573493650815
87	0.0008302591310470713
88	0.002586446283687687
89	0.013327194928720823
90	0.016458371314135432
91	0.017279708787603047
92	0.023907463729683845
93	0.9680555771461439
94	0.9680555771461439
95	1.0
96	0.9838981538483188
97	0.9838981538483188
98	0.9680555771461439
99	0.9838981538483188
100	1.0
101	0.020657835589543778
102	0.004009124378788921
103	0.002715520127955534
104	0.0009453932456821843
105	0.0025447997235481246
106	0.0028051283336035368
107	0.003944570074838709
108	0.9838981538483188
109	1.0
110	0.01814203423202126
111	0.006850065475449525
112	0.0047928951403666395
113	0.027668282067045122
114	0.055606547367958434
115	0.023907463729683845
116	0.04219669209919026
117	0.9524680951766462
118	0.21742711012398033
119	0.15972263321475677
120	0.012090370898187257
121	0.005918968568537472
122	0.17043778391330405
123	0.030007614098887924
124	0.027668282067045122
125	0.030007614098887924
126	0.0547111792972134
127	0.30574589468138835
128	0.45139540946973084
129	0.513991542262758
130	0.9838981538483188
131	0.5224031981891458
132	0.26851082552023625
133	0.6451399456130124
134	0.8230036250150389
135	0.9371316004437404
136	0.9371316004437404
137	0.5948461590153626
138	0.6664286233595221
139	0.8640747434825137
140	0.33159647562093936
141	0.1472709844146142
142	0.10995622264422977
143	0.11175569566235917
144	0.5852680376789872
145	0.5758441417787838
146	0.6451399456130124
147	0.6884197964379097
148	0.052110652730084805
149	0.02592882145501884
150	0.014453999040223762
151	0.005823662247270245
152	0.008057369233585077
153	0.033077341117936365
154	0.25162997965624895
155	0.025100540218357226
156	0.29597901853585135
157	0.9680555771461439
158	1.0
159	0.0686711051330571
160	0.010113261253784643
161	0.021339514049848223
162	0.04883453939311235
163	0.9680555771461439
164	0.9680555771461439
165	0.9680555771461439
166	1.0
167	1.0
168	1.0
169	0.04151724745489924
170	0.012693727967806582
171	0.015676073575284756
172	0.0876035794134446
173	0.9838981538483188
174	0.9838981538483188
175	0.6245313223904277
176	0.6773349667879046
177	0.9220420515895166
178	0.40950387170123426
179	0.8364723744993591
180	0.5574491330158785
181	0.3008228213237205
182	0.2641873055176485
183	0.2641873055176485
184	0.29597901853585135
185	0.3008228213237205
186	0.2729051014782479
187	0.3107495359001546
188	0.9524680951766462
189	0.9680555771461439
190	0.3900393726467363
191	0.3538419528953351
192	0.3775797899972562
193	0.48956054519592274
194	0.9838981538483188
195	0.9838981538483188
196	0.7967132492072907
197	0.7838846950415601
198	0.9371316004437404
199	1.0
200	1.0
