1	0.585268037678987
2	0.585268037678987
3	0.6451399456130033
4	0.9838981538483188
5	0.6884197964379
6	0.7712627042813325
7	0.9524680951766461
8	0.23581040555488306
9	0.006524468815236717
10	0.004871332588256346
11	0.009324852154700358
12	0.01517531045230748
13	0.9524680951766461
14	0.08480513362914895
15	0.11544347070631857
16	0.22827757824649533
17	0.1972488898661499
18	0.06540703669975813
19	0.059336967552506205
20	0.05838153282986845
21	0.27737129133826594
22	0.7227746524257325
23	0.746625162324361
24	0.3900393726467363
25	0.6451399456130033
26	0.2959790185358471
27	0.5948461590153626
28	0.5139915422627506
29	0.3775797899972509
30	0.6144752151203823
31	0.6556978921951104
32	0.6245313223904276
33	0.6144752151203823
34	0.699686033300596
35	0.39642250686330754
36	0.6451399456130033
37	0.6556978921951104
38	0.33159647562093936
39	0.3655182215245033
40	0.10304345090533384
41	0.07819389939674361
42	0.08903724340857805
43	0.10138426111191784
44	0.14489964968096344
45	0.3655182215245033
46	0.8925879504044913
47	0.6245313223904276
48	0.6045810297425014
49	0.5758441417787756
50	0.5574491330158785
51	0.6245313223904276
52	0.5758441417787756
53	0.20709238541955047
54	0.41620554942555466
55	0.2959790185358471
56	0.22460188780169194
57	0.19094788792080922
58	0.1472709844146142
59	0.6045810297425014
60	0.4441271100328678
61	0.305745894681384
62	0.4029101033605775
63	0.305745894681384
64	0.3008228213237163
65	0.31583506350196977
66	0.8640747434825012
67	0.5758441417787756
68	0.005546852487609637
69	0.005637628717885325
70	0.011515692539375736
71	0.04288725609875963
72	0.1380122933233906
73	0.481677716615238
74	0.699686033300596
75	0.7588439508744758
76	0.7967132492072908
77	0.5948461590153626
78	0.16769342093829617
79	0.07447719441285068
80	0.03646109590141791
81	0.029524436113288612
82	0.04084874312373918
83	0.9838981538483188
84	0.9524680951766461
85	0.9838981538483188
86	0.8501615448993928
87	0.6144752151203823
88	0.10472979393476875
89	0.05044600800408381
90	0.03529636723622752
91	0.005369661486237471
92	0.00047040156643291924
93	0.0003871421943870397
94	0.013766972933527001
95	0.9838981538483188
96	0.9680555771461301
97	0.7838846950415601
98	1.0
99	1.0
100	0.9838981538483188
101	0.7712627042813325
102	0.9838981538483188
103	0.9680555771461301
104	0.0290490381852773
105	0.00028905010372683285
106	0.000351213645895612
107	0.004278080449843505
108	0.0069621692536538235
109	0.021339514049848223
110	0.06979493239667438
111	0.22098538275893195
112	0.6144752151203823
113	0.6045810297425014
114	0.07819389939674361
115	0.14027091400017713
116	0.41620554942555466
117	0.38375901867527495
118	0.3900393726467363
119	0.7227746524257325
120	0.5948461590153626
121	0.699686033300596
122	0.9220420515895034
123	0.8925879504044913
124	0.8640747434825012
125	0.6884197964379
126	0.48956054519591574
127	0.5665719880005149
128	0.836472374499359
129	0.8782156365502338
130	0.3900393726467363
131	0.34814444420780405
132	0.4662907999564009
133	0.42993972582911066
134	0.4975723790934037
135	0.2959790185358471
136	0.7712627042813325
137	0.5309525138815067
138	0.699686033300596
139	0.6664286233595221
140	0.5224031981891458
141	0.7712627042813325
142	0.9524680951766461
143	0.9371316004437404
144	0.9680555771461301
145	0.011515692539375736
146	0.008057369233584962
147	0.010446984132459453
148	0.009174704819918202
149	0.10472979393476875
150	0.38375901867527495
151	0.481677716615238
152	0.1496811268916314
153	0.10644373457266823
154	0.5396417421912961
155	0.9838981538483188
156	0.010968329737619124
157	0.004951053693111541
158	0.008597905811488844
159	0.008738613623635486
160	0.009026975134420792
161	0.011704150977755439
162	0.9838981538483188
163	0.2959790185358471
164	0.9838981538483188
165	0.9838981538483188
166	0.5396417421912961
167	0.5309525138815067
168	0.9838981538483188
169	1.0
170	0.11925293695084045
171	0.019359110527732544
172	0.010791719379643074
173	0.059336967552506205
174	0.9838981538483188
175	0.9838981538483188
176	0.9838981538483188
177	0.9838981538483188
178	0.04883453939311235
179	0.017562497419084194
180	0.02812108342598859
181	0.1272531380804732
182	0.9838981538483188
183	0.9680555771461301
184	0.5574491330158785
185	0.5574491330158785
186	0.9524680951766461
187	0.9071954723294418
188	0.34814444420780405
189	0.9680555771461301
190	0.008057369233584962
191	0.0024238405452939728
192	0.001465408012805456
193	0.0016417519552458227
194	0.0008168904262529228
195	0.01354529925337699
196	0.9838981538483188
197	0.5948461590153626
198	0.5309525138815067
199	0.5309525138815067
200	0.6144752151203823
