1	1.0
2	0.6245313223904232
3	0.5758441417787756
4	0.46629079995639766
5	0.46629079995639766
6	0.5309525138815068
7	0.7967132492072909
8	0.746625162324361
9	0.746625162324361
10	0.7346031188276351
11	0.4230169025093174
12	0.5396417421912961
13	0.41620554942555466
14	0.2819105719970936
15	0.30574589468138186
16	0.5574491330158786
17	0.6347520014624433
18	0.7712627042813326
19	0.7227746524257325
20	0.7588439508744703
21	0.5309525138815068
22	0.19724888986614852
23	0.11358461770178852
24	0.2516299796562454
25	0.2516299796562454
26	0.29597901853584924
27	0.4230169025093174
28	0.5948461590153626
29	0.7588439508744703
30	0.5948461590153626
31	0.6245313223904232
32	0.23581040555488142
33	0.12120455403275907
34	0.0664774463128437
35	0.15213071221465643
36	0.29597901853584924
37	0.38375901867527495
38	0.11175569566235757
39	0.3210038175868511
40	0.17043778391330042
41	0.15715080394779024
42	0.09814559940423229
43	0.6045810297424971
44	0.8501615448993988
45	0.8364723744993531
46	0.7346031188276351
47	0.7588439508744703
48	0.9524680951766462
49	0.9220420515895035
50	0.87821563655024
51	0.8640747434825014
52	0.8640747434825014
53	0.9524680951766462
54	0.29121320991525945
55	0.19724888986614852
56	0.18484816784601354
57	0.15715080394779024
58	0.16233655139003125
59	0.48956054519591224
60	0.8640747434825014
61	0.2685108255202325
62	0.154620385880011
63	0.8230036250150273
64	0.8501615448993988
65	0.7967132492072909
66	0.7712627042813326
67	0.7838846950415546
68	0.9371316004437338
69	0.9371316004437338
70	0.18187177108593688
71	0.12318811002814956
72	0.8501615448993988
73	0.522403198189142
74	0.03890712455342798
75	0.07209806342155672
76	0.07447719441285122
77	0.07447719441285122
78	0.12933568132305998
79	0.8364723744993531
80	0.9371316004437338
81	0.7838846950415546
82	0.7111366461700386
83	0.9220420515895035
84	0.8230036250150273
85	0.8364723744993531
86	0.9220420515895035
87	1.0
88	0.109956222644229
89	0.0045650797047264175
90	0.00641941282215238
91	0.006850065475449526
92	0.02510054021835687
93	0.027668282067044928
94	0.8640747434825014
95	0.9838981538483188
96	0.17043778391330042
97	0.9838981538483188
98	0.9838981538483188
99	0.9838981538483188
100	0.8640747434825014
101	0.9838981538483188
102	0.08343961441457964
103	0.0005270086451645973
104	0.0002985883357843618
105	0.0008302591310470595
106	0.00012837498722289987
107	0.002586446283687632
108	1.0
109	0.9838981538483188
110	0.8097517472627652
111	0.7967132492072909
112	0.8501615448993988
113	0.8364723744993531
114	0.8364723744993531
115	0.9524680951766462
116	0.8097517472627652
117	0.49757237909340374
118	0.4441271100328678
119	0.8230036250150273
120	0.8925879504044915
121	0.6347520014624433
122	0.48167771661523795
123	0.5758441417787756
124	0.41620554942555466
125	0.31074953590015464
126	0.09656527406216013
127	0.9838981538483188
128	0.5574491330158786
129	0.5139915422627507
130	0.5484731728386649
131	0.6556978921951151
132	0.21392613224755785
133	0.22827757824649372
134	0.27290510147824215
135	0.522403198189142
136	0.5948461590153626
137	0.6884197964379
138	0.8501615448993988
139	0.7346031188276351
140	0.7346031188276351
141	0.9680555771461232
142	0.45878265723355544
143	0.41620554942555466
144	0.5139915422627507
145	0.48956054519591224
146	0.41620554942555466
147	0.35963270335587966
148	0.24757827243666988
149	0.3210038175868511
150	0.6451399456130033
151	0.6664286233595222
152	0.5758441417787756
153	0.6451399456130033
154	0.6347520014624433
155	0.22827757824649372
156	0.6245313223904232
157	0.7111366461700386
158	0.15213071221465643
159	0.30082282132371624
160	0.31583506350196755
161	0.7111366461700386
162	0.9838981538483188
163	0.9838981538483188
164	0.7588439508744703
165	0.6245313223904232
166	0.6144752151203867
167	0.5574491330158786
168	0.9680555771461232
169	0.9524680951766462
170	0.7588439508744703
171	0.8230036250150273
172	0.9071954723294354
173	0.9220420515895035
174	0.002897693479410673
175	0.0003345197923062387
176	0.000661478449980534
177	0.00076553383254156
178	0.001723681836231313
179	0.06756537356313774
180	0.9680555771461232
181	0.9220420515895035
182	1.0
183	1.0
184	1.0
185	0.18484816784601354
186	0.8501615448993988
187	0.9371316004437338
188	0.09975178733729187
189	0.019997932954225528
190	0.019047393108381605
191	0.01935911052773268
192	0.02065783558954363
193	0.13360357026643588
194	0.9838981538483188
195	0.9220420515895035
196	0.9680555771461232
197	0.9680555771461232
198	0.9680555771461232
199	0.8230036250150273
200	0.9371316004437338
