1	0.836472374499359
2	0.6144752151203998
3	0.6451399456130125
4	0.6996860333005961
5	0.7111366461700587
6	0.7111366461700587
7	0.24359180518339907
8	0.32625716018605594
9	0.32100381758686025
10	0.31583506350197427
11	0.31583506350197427
12	0.15213071221465965
13	0.1314523061326923
14	0.6996860333005961
15	0.6773349667879045
16	0.09197534264619907
17	0.09197534264619907
18	0.17043778391330405
19	0.10818572446379392
20	0.2641873055176485
21	0.3900393726467364
22	0.5224031981891458
23	0.6996860333005961
24	0.6144752151203998
25	0.6556978921951199
26	0.6884197964379196
27	0.9838981538483329
28	0.8640747434825136
29	0.9071954723294547
30	0.8925879504045041
31	0.13360357026643968
32	0.0028051283336035368
33	0.0006614784499805435
34	0.006962169253653922
35	0.0050320794624388356
36	0.01493095993810064
37	0.08760357941344458
38	0.23201342268367614
39	0.9371316004437404
40	0.9220420515895297
41	0.8925879504045041
42	0.7712627042813545
43	0.8925879504045041
44	0.9838981538483329
45	0.968055577146144
46	0.9524680951766734
47	0.968055577146144
48	0.7838846950415602
49	0.968055577146144
50	0.2685108255202401
51	0.12520412762878458
52	0.02635315591720901
53	0.023522509426831914
54	0.044302473030725924
55	0.03361866366814597
56	0.051271575016962036
57	0.2037578156903431
58	0.968055577146144
59	0.9524680951766734
60	0.48167771661524483
61	0.5574491330158865
62	0.3425386759286123
63	0.2912132099152615
64	0.2773712913382699
65	0.31583506350197427
66	0.48167771661524483
67	0.7967132492073021
68	0.746625162324361
69	0.7588439508744865
70	0.8230036250150506
71	0.43697584363533404
72	0.331596475620944
73	0.32625716018605594
74	0.2685108255202401
75	0.8640747434825136
76	0.16499324727370096
77	0.00479289514036664
78	0.015175310452307697
79	0.008323250672589018
80	0.014453999040223764
81	0.6996860333005961
82	0.2912132099152615
83	0.9838981538483329
84	0.3057458946813884
85	0.2819105719970996
86	0.09814559940423298
87	0.04084874312373918
88	0.07569604040982214
89	0.7967132492073021
90	0.8097517472627825
91	0.2070923854195534
92	0.026784434765055674
93	0.02766828206704552
94	0.03049869946550789
95	0.07819389939674472
96	0.19094788792081194
97	0.968055577146144
98	0.9838981538483329
99	0.9838981538483329
100	0.9838981538483329
101	0.8501615448994169
102	0.18484816784601618
103	0.030997821620274812
104	0.7967132492073021
105	0.001839316735680648
106	0.013327194928720823
107	0.009632558682416177
108	0.06331764666180337
109	0.7588439508744865
110	0.8097517472627825
111	0.127253138080475
112	0.2819105719970996
113	0.009324852154700492
114	0.010113261253784787
115	0.03705779481220513
116	0.6884197964379196
117	0.2685108255202401
118	0.6884197964379196
119	0.968055577146144
120	0.9524680951766734
121	0.29597901853585135
122	0.05383022830539339
123	0.04019100294647175
124	0.01493095993810064
125	0.004278080449843567
126	0.6884197964379196
127	0.030997821620274812
128	0.005114431247540076
129	0.03000761409888835
130	0.1472709844146142
131	0.9071954723294547
132	0.836472374499359
133	0.8640747434825136
134	0.31583506350197427
135	0.33702317086780925
136	0.3481444442078041
137	0.43697584363533404
138	0.8097517472627825
139	0.4029101033605832
140	0.2912132099152615
141	0.4513954094697309
142	0.5309525138815143
143	0.5224031981891458
144	0.5396417421913038
145	0.7111366461700587
146	0.7346031188276506
147	0.13360357026643968
148	0.11358461770179093
149	0.12318811002815043
150	0.07327797408660718
151	0.2819105719970996
152	0.9220420515895297
153	0.9071954723294547
154	0.8925879504045041
155	0.8925879504045041
156	0.8782156365502464
157	0.8925879504045041
158	0.9524680951766734
159	0.9220420515895297
160	0.9524680951766734
161	0.8230036250150506
162	0.13360357026643968
163	0.1357900406092586
164	0.8097517472627825
165	0.8501615448994169
166	0.23581040555488308
167	0.16499324727370096
168	0.11544347070632022
169	0.12120455403276079
170	0.05044600800408525
171	0.11544347070632022
172	0.18787327440652254
173	0.6451399456130125
174	0.8640747434825136
175	0.8501615448994169
176	0.3655182215245085
177	0.1546203858800132
178	0.1357900406092586
179	0.2282775782464986
180	0.35384195289533515
181	0.9524680951766734
182	0.17043778391330405
183	0.24359180518339907
184	0.8230036250150506
185	0.8640747434825136
186	0.8501615448994169
187	0.7346031188276506
188	0.746625162324361
189	0.746625162324361
190	0.7838846950415602
191	0.32100381758686025
192	0.35384195289533515
193	0.9371316004437404
194	0.18484816784601618
195	0.2037578156903431
196	0.25162997965624895
197	0.31583506350197427
198	0.43697584363533404
199	0.968055577146144
200	0.9838981538483329
