1	1.0
2	1.0
3	1.0
4	1.0
5	1.0
6	1.0
7	0.04804821315291624
8	0.0008576564720537133
9	0.0023086307871881067
10	0.0026287744047199277
11	0.001962709116638142
12	0.00015100069862380183
13	0.0003084413155953434
14	0.0001183671365917831
15	0.001695927376489869
16	0.00011092558415419896
17	0.011330268629776487
18	1.0
19	0.4895605451959228
20	0.006739766775034991
21	0.003757077145472479
22	0.0364610959014174
23	0.3900393726467364
24	0.44412711003286787
25	0.8501615448994049
26	0.9838981538483189
27	0.01999793295422595
28	0.014690543918280431
29	0.9838981538483189
30	0.0007291465512741478
31	0.0002843958634265
32	0.013766972933527001
33	0.014690543918280431
34	0.004278080449843506
35	0.12120455403276079
36	0.9838981538483189
37	0.7838846950415491
38	0.8640747434825014
39	0.9838981538483189
40	0.9838981538483189
41	1.0
42	0.8782156365502464
43	0.7838846950415491
44	1.0
45	0.12933568132305814
46	0.010446984132459602
47	0.010968329737619126
48	0.012090370898187257
49	0.012901465378461633
50	0.009790198959862228
51	1.0
52	0.018142034232021265
53	0.02766828206704552
54	0.8364723744993591
55	0.8501615448994049
56	0.022043686905619652
57	0.037664258914665634
58	0.01999793295422595
59	0.9524680951766462
60	1.0
61	0.9838981538483189
62	0.9838981538483189
63	1.0
64	1.0
65	0.9524680951766462
66	0.9680555771461439
67	0.02099590847766593
68	0.0044192508682770176
69	0.04084874312373918
70	0.18484816784601354
71	0.0005270086451645937
72	4.7691315238690926e-05
73	9.741658249768639e-05
74	0.003092088110184961
75	0.029049038185277303
76	1.0
77	0.026353155917209006
78	0.05471117929721262
79	0.2599334021689762
80	1.0
81	1.0
82	1.0
83	0.2599334021689762
84	0.05211065273008555
85	0.030498699465507463
86	0.030997821620274816
87	0.0027155201279555345
88	0.00011092558415419896
89	0.00011274092112108957
90	0.0018097003405784802
91	0.1972488898661499
92	0.9838981538483189
93	0.9838981538483189
94	0.305745894681384
95	0.1972488898661499
96	0.24757827243666986
97	0.3900393726467364
98	0.47392181612761314
99	0.25574799451756824
100	0.2685108255202324
101	0.0006198923584893025
102	0.001225773320081767
103	0.0013080055346563406
104	0.004141419638950891
105	0.01967592931444509
106	1.0
107	1.0
108	1.0
109	1.0
110	0.019047393108381876
111	0.0002055541213394046
112	0.0001664478089116465
113	0.02812108342598859
114	1.0
115	0.03828064801966439
116	0.00036280318422523335
117	0.0069621692536538235
118	0.04963373414423629
119	0.16769342093829856
120	1.0
121	1.0
122	0.02032520629905393
123	0.004951053693111611
124	0.005729890533725264
125	0.01967592931444509
126	0.11175569566235917
127	1.0
128	0.9680555771461439
129	1.0
130	0.9680555771461439
131	0.05044600800408382
132	0.04576439005839962
133	0.015932618141390915
134	0.017849913987938722
135	1.0
136	0.9524680951766462
137	1.0
138	1.0
139	1.0
140	0.9680555771461439
141	0.9220420515895166
142	0.027222771645920248
143	0.017001473575158972
144	0.04358912142584493
145	0.07693483325865831
146	1.0
147	0.9524680951766462
148	0.10995622264422979
149	0.022771096439116734
150	0.004278080449843506
151	0.004009124378788865
152	0.010791719379643074
153	1.0
154	1.0
155	0.14027091400017913
156	0.03954385360034591
157	0.004792895140366572
158	0.0013732801563434388
159	0.06647744631284419
160	1.0
161	0.025928821455018843
162	0.00016113072972067502
163	0.00013478140409426748
164	0.015175310452307482
165	1.0
166	1.0
167	0.013327194928720823
168	0.001186616698822083
169	0.0014418122384338217
170	0.0018694178137101689
171	0.07819389939674472
172	1.0
173	0.41620554942554877
174	0.3262571601860559
175	0.007550815325235631
176	0.154620385880011
177	0.10304345090533384
178	0.23966952741252573
179	0.5309525138815068
180	0.4029101033605775
181	0.9524680951766462
182	0.305745894681384
183	0.01493095993810043
184	0.01354529925337699
185	0.6556978921951105
186	0.5057153295259778
187	0.9838981538483189
188	0.003757077145472479
189	0.0002340588265392881
190	0.005369661486237471
191	0.00011646120716896553
192	0.0003134890683440532
193	0.0001585362275004046
194	0.0017805608241138154
195	0.002384812237737442
196	0.0020943793974174054
197	0.001465408012805456
198	0.045027498890454376
199	1.0
200	1.0
