1	0.9680555771461302
2	0.3964225068633132
3	0.18484816784601615
4	0.15213071221465752
5	0.13579004060925665
6	0.10644373457266823
7	0.3210038175868557
8	0.4739218161276131
9	0.7346031188276506
10	0.7588439508744758
11	0.9071954723294418
12	0.4369758436353341
13	0.24757827243667338
14	0.25574799451756824
15	0.13801229332339254
16	0.31583506350196977
17	0.31583506350196977
18	0.585268037678987
19	0.7838846950415601
20	0.5948461590153711
21	0.14027091400017716
22	0.12520412762878458
23	0.17043778391330164
24	0.12318811002815044
25	0.10472979393476875
26	0.28191057199709557
27	0.3370231708678045
28	0.42301690250932045
29	0.3425386759286075
30	0.35963270335588476
31	0.2599334021689762
32	0.2516299796562454
33	0.2139261322475594
34	0.3964225068633132
35	0.513991542262758
36	0.5224031981891458
37	0.8364723744993591
38	0.8364723744993591
39	0.7466251623243612
40	0.6451399456130033
41	0.272905101478248
42	0.2004769386898946
43	0.24757827243667338
44	0.5309525138815143
45	0.3370231708678045
46	0.3262571601860559
47	0.22460188780169194
48	0.31074953590015464
49	0.24757827243667338
50	0.28191057199709557
51	0.3715000583087364
52	0.29597901853585135
53	0.4739218161276131
54	0.7588439508744758
55	0.5574491330158785
56	0.809751747262771
57	0.35963270335588476
58	0.3008228213237163
59	0.3210038175868557
60	0.4739218161276131
61	0.5574491330158785
62	0.34814444420780405
63	0.2641873055176485
64	0.3538419528953351
65	0.2320134226836761
66	0.3775797899972509
67	0.4975723790934108
68	0.4587826572335587
69	0.6144752151203998
70	0.45139540946972445
71	0.5665719880005149
72	0.7838846950415601
73	0.9220420515895166
74	0.4816777166152449
75	0.7346031188276506
76	0.6884197964379098
77	0.7111366461700487
78	0.48956054519592274
79	0.4816777166152449
80	0.9524680951766599
81	0.7712627042813435
82	0.8782156365502464
83	0.8640747434825014
84	0.9220420515895166
85	0.7588439508744758
86	0.7712627042813435
87	0.5224031981891458
88	0.4095038717012343
89	0.4299397258291169
90	0.07327797408660716
91	0.015423659850313087
92	0.17043778391330164
93	0.3715000583087364
94	0.35963270335588476
95	0.19094788792080922
96	0.3775797899972509
97	0.25574799451756824
98	0.18787327440651988
99	0.9680555771461302
100	0.7838846950415601
101	0.3655182215245085
102	0.3210038175868557
103	0.3425386759286075
104	0.35963270335588476
105	0.10138426111191784
106	0.3262571601860559
107	0.31583506350196977
108	0.1676934209382986
109	0.1972488898661499
110	0.1272531380804732
111	0.699686033300596
112	0.466290799956401
113	0.4095038717012343
114	0.2599334021689762
115	0.2320134226836761
116	0.5758441417787837
117	0.6664286233595317
118	0.6144752151203998
119	0.6773349667878948
120	0.809751747262771
121	0.6884197964379098
122	0.9071954723294418
123	0.7588439508744758
124	0.809751747262771
125	0.9524680951766599
126	1.0
127	0.7838846950415601
128	0.08343961441458082
129	0.05383022830539339
130	0.1336035702664378
131	0.4975723790934108
132	1.0
133	0.9838981538483329
134	0.4587826572335587
135	0.3964225068633132
136	0.3425386759286075
137	0.5484731728386766
138	0.8640747434825014
139	0.7588439508744758
140	0.7466251623243612
141	0.6245313223904276
142	0.2516299796562454
143	0.18187177108593947
144	0.7227746524257325
145	0.5574491330158785
146	0.164993247273701
147	0.3370231708678045
148	0.24359180518339907
149	0.34814444420780405
150	0.2320134226836761
151	0.14489964968096344
152	0.25574799451756824
153	0.5484731728386766
154	0.23581040555488308
155	0.31074953590015464
156	0.45139540946972445
157	0.34814444420780405
158	0.3262571601860559
159	0.7346031188276506
160	0.6556978921951199
161	0.7838846950415601
162	0.8640747434825014
163	0.8925879504044915
164	0.9220420515895166
165	0.8640747434825014
166	0.7838846950415601
167	0.7838846950415601
168	0.8782156365502464
169	0.2516299796562454
170	0.1972488898661499
171	0.21048152657828498
172	0.24757827243667338
173	0.29597901853585135
174	0.6245313223904276
175	0.3008228213237163
176	0.7227746524257325
177	0.7967132492073022
178	0.6884197964379098
179	0.043589121425846165
180	0.10818572446379239
181	0.3425386759286075
182	0.3775797899972509
183	0.3964225068633132
184	0.8782156365502464
185	0.8925879504044915
186	0.9220420515895166
187	0.2516299796562454
188	0.19094788792080922
189	0.8501615448994049
190	0.6144752151203998
191	0.26851082552023625
192	0.48956054519592274
193	0.9071954723294418
194	0.9838981538483329
195	0.9524680951766599
196	0.9680555771461302
197	1.0
198	1.0
199	1.0
200	1.0
