1	0.5139915422627507
2	0.1117556956623576
3	0.06435386265758035
4	0.03361866366814502
5	0.6144752151203824
6	0.8501615448993927
7	0.8640747434825014
8	0.8925879504044915
9	0.14256649781436606
10	0.11358461770178932
11	0.17606198232518802
12	0.41620554942554877
13	0.8230036250150273
14	0.07693483325865721
15	0.04430247303072529
16	0.0574414823701426
17	0.9524680951766463
18	0.8782156365502339
19	0.9680555771461302
20	0.9680555771461302
21	0.14027091400017713
22	0.05044600800408382
23	0.045027498890453745
24	0.2599334021689725
25	0.9680555771461302
26	0.9680555771461302
27	0.8925879504044915
28	0.48167771661523806
29	0.7712627042813326
30	0.6045810297425014
31	0.5665719880005069
32	0.677334966787895
33	0.9524680951766463
34	0.038907124553427985
35	0.010446984132459453
36	0.02277109643911641
37	0.020995908477665633
38	0.018740694914959853
39	0.40291010336057753
40	0.5758441417787756
41	0.1878732744065199
42	0.17606198232518802
43	0.9838981538483049
44	1.0
45	0.47392181612760637
46	1.0
47	1.0
48	1.0
49	1.0
50	0.9371316004437271
51	0.5224031981891384
52	0.9838981538483049
53	1.0
54	0.16499324727369863
55	0.1909478879208065
56	0.024696375181437157
57	0.005823662247270204
58	0.003944570074838653
59	0.00487133258825638
60	0.006524468815236764
61	0.08077418408895645
62	0.9371316004437271
63	0.210481526578285
64	0.17894329980857737
65	0.746625162324361
66	0.7967132492072908
67	0.8782156365502339
68	0.1848481678460109
69	0.07693483325865721
70	0.03529636723622752
71	0.02635315591720863
72	0.9220420515895036
73	0.7967132492072908
74	0.9680555771461302
75	0.08480513362914895
76	0.06331764666180247
77	0.17894329980857737
78	0.9838981538483049
79	0.4587826572335522
80	0.22098538275893195
81	0.12120455403275908
82	0.6451399456130033
83	0.5758441417787756
84	0.746625162324361
85	0.8640747434825014
86	0.8501615448993927
87	0.9838981538483049
88	1.0
89	0.8640747434825014
90	0.4975723790934037
91	0.6884197964379
92	0.8782156365502339
93	0.9838981538483049
94	0.40950387170122265
95	0.2819105719970956
96	0.4662907999563944
97	0.7588439508744649
98	0.8925879504044915
99	1.0
100	0.9220420515895036
101	0.6884197964379
102	0.7227746524257325
103	1.0
104	0.9524680951766463
105	0.08903724340857805
106	0.09656527406216013
107	0.10818572446379085
108	0.23581040555488308
109	0.21742711012397728
110	0.27290510147824404
111	0.10644373457266673
112	0.4662907999563944
113	0.24359180518339563
114	0.22098538275893195
115	1.0
116	1.0
117	0.5948461590153626
118	0.5665719880005069
119	0.9680555771461302
120	0.4369758436353279
121	0.4299397258291107
122	0.4975723790934037
123	0.5574491330158706
124	0.8782156365502339
125	0.9524680951766463
126	0.4975723790934037
127	0.41620554942554877
128	0.48167771661523806
129	0.5139915422627507
130	0.5139915422627507
131	0.16499324727369863
132	0.16233655139003125
133	0.10472979393476875
134	0.1496811268916314
135	0.2396695274125223
136	0.08903724340857805
137	0.6664286233595221
138	0.5224031981891384
139	0.8501615448993927
140	0.5948461590153626
141	0.2865241396118647
142	0.2865241396118647
143	0.47392181612760637
144	0.9680555771461302
145	0.9071954723294418
146	0.9680555771461302
147	1.0
148	0.7588439508744649
149	0.11733274450692356
150	0.07093715149650967
151	0.04804821315291556
152	0.06129500098272593
153	0.40950387170122265
154	0.677334966787895
155	0.6347520014624387
156	0.9371316004437271
157	0.9838981538483049
158	0.3107495359001502
159	0.2959790185358471
160	0.10818572446379085
161	0.10472979393476875
162	0.16499324727369863
163	0.8230036250150273
164	0.3107495359001502
165	0.35384195289533016
166	0.33159647562093936
167	0.6996860333005861
168	0.7588439508744649
169	0.677334966787895
170	0.7967132492072908
171	0.1252041276287828
172	0.13579004060925667
173	0.24359180518339563
174	0.09656527406216013
175	0.2070923854195475
176	0.2685108255202325
177	0.33159647562093936
178	0.04883453939311166
179	0.5665719880005069
180	0.548473172838661
181	0.6045810297425014
182	0.6144752151203824
183	0.9680555771461302
184	0.5057153295259778
185	0.38375901867527495
186	0.39003937264673083
187	0.4441271100328678
188	1.0
189	0.6664286233595221
190	0.6245313223904189
191	0.03202070454638286
192	0.019047393108381605
193	0.020325206299053933
194	0.5852680376789788
195	0.9680555771461302
196	1.0
197	1.0
198	1.0
199	1.0
200	1.0
