1	0.983898153848319
2	0.9524680951766462
3	0.9371316004437406
4	0.9524680951766462
5	0.9680555771461303
6	0.9220420515895167
7	0.6664286233595222
8	0.6556978921951105
9	0.9680555771461303
10	0.6045810297425014
11	0.6045810297425014
12	0.9524680951766462
13	0.9371316004437406
14	0.9071954723294419
15	0.9071954723294419
16	0.7111366461700386
17	0.677334966787895
18	0.5484731728386689
19	0.4095038717012285
20	0.4095038717012285
21	0.2516299796562454
22	0.04576439005840027
23	0.10304345090533384
24	0.09049436982916183
25	0.1940728185879353
26	0.983898153848319
27	0.09197534264619778
28	0.04727454821686481
29	0.08619300005539274
30	0.983898153848319
31	0.983898153848319
32	0.983898153848319
33	0.6996860333005961
34	0.9524680951766462
35	0.8925879504044916
36	0.03361866366814502
37	0.0443024730307253
38	0.03361866366814502
39	0.02032520629905422
40	0.013992274382953229
41	0.034728030561276546
42	0.14256649781436606
43	0.9371316004437406
44	0.9680555771461303
45	0.22460188780169196
46	0.03254473486014822
47	0.011330268629776648
48	0.01999793295422567
49	0.04019100294647119
50	0.9524680951766462
51	0.8097517472627711
52	0.8097517472627711
53	0.16499324727369866
54	0.14027091400017716
55	0.8640747434825015
56	0.8640747434825015
57	0.025511319561055724
58	0.07327797408660718
59	0.013112602486344912
60	0.09501039487561766
61	0.878215636550234
62	0.878215636550234
63	0.983898153848319
64	0.983898153848319
65	0.9680555771461303
66	0.8640747434825015
67	0.9071954723294419
68	0.12120455403276079
69	0.0807741840889576
70	0.1380122933233906
71	0.10472979393476875
72	0.9371316004437406
73	0.9680555771461303
74	0.1496811268916314
75	0.1380122933233906
76	0.9371316004437406
77	0.8501615448993928
78	0.8640747434825015
79	0.878215636550234
80	0.8925879504044916
81	0.9371316004437406
82	0.758843950874465
83	0.7466251623243612
84	0.677334966787895
85	0.758843950874465
86	0.9071954723294419
87	0.6664286233595222
88	0.19094788792080652
89	0.1818717710859395
90	0.1818717710859395
91	0.6347520014624388
92	0.8230036250150391
93	0.8230036250150391
94	0.8364723744993592
95	0.758843950874465
96	0.9071954723294419
97	0.9371316004437406
98	0.9220420515895167
99	0.4299397258291108
100	0.33159647562093936
101	0.305745894681384
102	0.8501615448993928
103	0.5852680376789872
104	0.5396417421912962
105	0.5852680376789872
106	0.03307734111793591
107	0.12318811002814871
108	0.15213071221465754
109	0.1314523061326923
110	0.08343961441457964
111	0.8925879504044916
112	0.4029101033605776
113	0.8501615448993928
114	0.32100381758685115
115	0.4587826572335587
116	0.677334966787895
117	0.49757237909340374
118	0.7838846950415491
119	0.10304345090533384
120	0.09348055211451999
121	0.06979493239667438
122	0.07569604040982107
123	0.07327797408660718
124	0.10818572446379239
125	0.983898153848319
126	0.983898153848319
127	0.09197534264619778
128	0.07947357060372963
129	0.9680555771461303
130	0.983898153848319
131	0.983898153848319
132	0.9680555771461303
133	0.10472979393476875
134	0.10995622264422979
135	0.9220420515895167
136	0.8925879504044916
137	0.03254473486014822
138	0.009477456704464872
139	0.0035784961121798843
140	0.004871332588256346
141	0.004419250868277018
142	0.011330268629776648
143	0.7838846950415491
144	0.7111366461700386
145	0.25993340216897615
146	0.3775797899972509
147	0.9071954723294419
148	0.42301690250932045
149	0.0358740049446916
150	0.012489335512977493
151	0.05383022830539263
152	0.05044600800408382
153	0.05651656845829406
154	0.983898153848319
155	0.012693727967806583
156	0.0036965812672960317
157	0.03705779481220461
158	0.025511319561055724
159	0.9680555771461303
160	0.9680555771461303
161	0.983898153848319
162	0.9680555771461303
163	0.04576439005840027
164	0.038907124553427985
165	0.039543853600345354
166	0.05296346225090933
167	0.9220420515895167
168	0.1818717710859395
169	0.1336035702664359
170	0.18484816784601357
171	0.21392613224755638
172	0.2819105719970956
173	0.2037578156903402
174	0.08903724340857806
175	0.03646109590141792
176	0.02032520629905422
177	0.030007614098887497
178	0.040848743123739185
179	0.07947357060372963
180	0.983898153848319
181	0.9680555771461303
182	0.6245313223904277
183	0.9524680951766462
184	0.9680555771461303
185	0.9371316004437406
186	0.983898153848319
187	0.9680555771461303
188	0.9371316004437406
189	0.021339514049848227
190	0.02722277164592025
191	0.08209608258032165
192	1.0
193	0.24757827243666988
194	0.15462038588001104
195	0.10472979393476875
196	0.24757827243666988
197	0.4299397258291108
198	0.5852680376789872
199	0.3008228213237163
200	1.0
