1	1.0
2	1.0
3	1.0
4	1.0
5	0.24359180518339563
6	0.017001473575159215
7	0.007799981223697674
8	0.055606547367958434
9	0.5758441417787837
10	0.7588439508744758
11	0.9071954723294418
12	0.7227746524257325
13	0.6664286233595222
14	1.0
15	0.015676073575284753
16	0.011895693606067884
17	0.010791719379643074
18	0.019675929314445374
19	1.0
20	0.42301690250932045
21	1.0
22	0.02510054021835723
23	0.008459463654885606
24	0.017562497419084444
25	1.0
26	0.42301690250932045
27	0.005457537922228154
28	0.010278768401209684
29	1.0
30	0.9680555771461301
31	1.0
32	0.0035784961121798835
33	0.001225773320081767
34	0.002163490864431252
35	0.001589307136566305
36	0.005918968568537472
37	1.0
38	0.12725313808047323
39	1.0
40	0.008057369233584962
41	0.0013511678105428402
42	0.18484816784601354
43	0.19407281858793526
44	0.30082282132372057
45	0.34814444420780405
46	0.05383022830539263
47	0.011330268629776647
48	0.0043480927706904
49	0.009026975134420792
50	0.023907463729683512
51	0.04219669209919026
52	0.04430247303072529
53	0.9680555771461301
54	0.9680555771461301
55	0.9371316004437271
56	0.24359180518339563
57	0.11175569566235917
58	0.14489964968096344
59	0.823003625015039
60	1.0
61	1.0
62	1.0
63	1.0
64	1.0
65	0.2912132099152615
66	0.2641873055176448
67	0.305745894681384
68	0.9838981538483189
69	1.0
70	1.0
71	1.0
72	0.8364723744993591
73	0.7588439508744758
74	0.823003625015039
75	0.028121083425988992
76	0.00611428590286806
77	0.004715720680195316
78	0.0028510352648104934
79	0.00335352178878879
80	0.014221262971401534
81	0.055606547367958434
82	0.0004780998567717995
83	0.00932485215470036
84	0.006015834611932686
85	0.000976589844633953
86	0.007076107650393189
87	1.0
88	0.12725313808047323
89	1.0
90	0.0050320794624387636
91	0.001751890507660249
92	0.003520875718327174
93	0.0037570771454724255
94	0.006214348384488035
95	1.0
96	0.9680555771461301
97	1.0
98	1.0
99	0.008323250672588899
100	0.0034641831191914805
101	0.41620554942555466
102	1.0
103	0.014221262971401534
104	0.011515692539375575
105	0.030007614098887924
106	1.0
107	0.4299397258291168
108	1.0
109	0.010968329737619282
110	0.011330268629776647
111	0.016727718463300126
112	0.02766828206704513
113	0.9838981538483189
114	0.7227746524257325
115	0.7111366461700486
116	1.0
117	0.9680555771461301
118	0.9680555771461301
119	1.0
120	0.7967132492072908
121	0.8097517472627709
122	1.0
123	1.0
124	0.8097517472627709
125	0.8364723744993591
126	1.0
127	0.9838981538483189
128	1.0
129	0.9838981538483189
130	0.48167771661524483
131	0.45139540946972445
132	0.18484816784601354
133	0.005918968568537472
134	0.008597905811488844
135	0.013992274382953427
136	0.012090370898187257
137	0.18484816784601354
138	0.07947357060372963
139	0.9071954723294418
140	0.4587826572335587
141	0.7967132492072908
142	0.03954385360034535
143	0.09501039487561765
144	0.09049436982916181
145	0.15715080394779138
146	0.15715080394779138
147	0.6347520014624477
148	0.9838981538483189
149	1.0
150	0.9071954723294418
151	0.8364723744993591
152	0.8364723744993591
153	0.8501615448994049
154	0.39642250686330754
155	0.1380122933233906
156	0.1425664978143681
157	0.16499324727369863
158	0.17043778391330164
159	0.6045810297425014
160	0.5309525138815068
161	0.823003625015039
162	0.4441271100328678
163	0.004419250868277081
164	0.0021988971683392176
165	0.0008302591310470713
166	0.0013511678105428402
167	0.006850065475449525
168	0.19094788792080922
169	0.0025447997235481246
170	0.8097517472627709
171	0.7967132492072908
172	0.006524468815236811
173	0.2004769386898946
174	0.0034641831191914805
175	0.0034641831191914805
176	0.11733274450692356
177	0.9838981538483189
178	1.0
179	1.0
180	1.0
181	1.0
182	0.8640747434825137
183	0.8097517472627709
184	0.01619336115132798
185	0.002715520127955496
186	0.0013511678105428402
187	0.0029933131400917898
188	0.01874069491496012
189	1.0
190	0.823003625015039
191	0.823003625015039
192	0.42301690250932045
193	0.7838846950415491
194	0.2729051014782441
195	0.006962169253653824
196	0.005918968568537472
197	0.07209806342155774
198	0.9680555771461301
199	1.0
200	1.0
