1	0.030007614098887928
2	0.009026975134420792
3	0.0016686198147892288
4	0.001441812238433822
5	0.154620385880011
6	0.8230036250150391
7	0.12933568132305998
8	0.008459463654885606
9	0.04576439005839963
10	0.04963373414423558
11	0.05296346225090933
12	1.0
13	0.1818717710859369
14	0.45139540946972445
15	0.9371316004437272
16	0.6884197964379098
17	0.1013842611119193
18	0.06129500098272593
19	0.03254473486014822
20	0.11544347070631858
21	0.05044600800408453
22	0.06540703669975813
23	0.9838981538483189
24	0.14968112689163143
25	0.1314523061326904
26	0.010968329737619128
27	0.008881624169591299
28	0.06331764666180247
29	0.11925293695084047
30	0.1314523061326904
31	0.018142034232021265
32	0.006419412822152426
33	0.783884695041549
34	0.16233655139003356
35	0.8782156365502339
36	0.8782156365502339
37	1.0
38	0.8782156365502339
39	0.8782156365502339
40	0.059336967552505365
41	0.8782156365502339
42	0.14256649781436606
43	0.14727098441461212
44	0.14727098441461212
45	0.13360357026643588
46	0.9838981538483189
47	0.8782156365502339
48	0.8782156365502339
49	0.02858129504156366
50	0.009477456704464872
51	0.1314523061326904
52	0.005546852487609637
53	0.021688742850449232
54	0.8782156365502339
55	0.14489964968096344
56	0.018740694914959853
57	0.8501615448993929
58	0.8501615448993929
59	0.8364723744993591
60	0.7967132492072909
61	0.04502749889045438
62	0.8925879504044915
63	0.010968329737619128
64	0.005283200023099469
65	0.02635315591720863
66	0.04430247303072467
67	1.0
68	1.0
69	1.0
70	1.0
71	1.0
72	1.0
73	0.9680555771461301
74	0.9680555771461301
75	0.9680555771461301
76	0.9680555771461301
77	0.019047393108381876
78	0.008597905811488723
79	0.006850065475449526
80	0.027668282067044737
81	0.9220420515895167
82	0.14968112689163143
83	0.9680555771461301
84	0.05651656845829405
85	0.030997821620274375
86	0.023907463729683512
87	0.1013842611119193
88	0.11733274450692356
89	0.17322705937262783
90	0.011895693606067884
91	0.007191910689857811
92	0.004715720680195316
93	0.042887256098759645
94	0.17322705937262783
95	1.0
96	0.9524680951766463
97	0.9220420515895167
98	0.9680555771461301
99	1.0
100	0.9838981538483189
101	0.4299397258291108
102	0.37757978999724556
103	0.9371316004437272
104	0.39003937264673083
105	0.9524680951766463
106	0.06435386265758127
107	0.03202070454638286
108	0.03150511208810857
109	0.9838981538483189
110	1.0
111	0.016458371314135432
112	0.021339514049847925
113	0.04963373414423558
114	0.009790198959862089
115	0.0013511678105428402
116	0.05651656845829405
117	0.2557479945175683
118	0.9524680951766463
119	0.22827757824649536
120	0.4299397258291108
121	0.8097517472627594
122	0.9680555771461301
123	0.9680555771461301
124	0.9838981538483189
125	0.4299397258291108
126	0.154620385880011
127	0.16499324727369866
128	0.06540703669975813
129	0.004871332588256346
130	0.0020943793974173754
131	0.0013511678105428402
132	0.0005533084497353728
133	0.0007410792960859194
134	0.9680555771461301
135	0.9838981538483189
136	0.03472803056127655
137	0.04019100294647119
138	0.10472979393476876
139	1.0
140	0.513991542262758
141	0.7967132492072909
142	0.37757978999724556
143	0.3425386759286075
144	0.7967132492072909
145	0.8230036250150391
146	0.9220420515895167
147	0.9220420515895167
148	0.6996860333005861
149	0.614475215120391
150	0.8925879504044915
151	0.10818572446379239
152	0.0016417519552458227
153	0.0015893071365663052
154	0.0014185963995909496
155	0.0022348829091087073
156	0.9680555771461301
157	0.154620385880011
158	0.9838981538483189
159	0.5224031981891384
160	0.6245313223904277
161	0.20375781569034024
162	0.2685108255202325
163	0.1760619823251855
164	0.9680555771461301
165	0.9680555771461301
166	0.9838981538483189
167	1.0
168	1.0
169	0.9220420515895167
170	0.9371316004437272
171	0.16233655139003356
172	0.0950103948756163
173	0.059336967552505365
174	0.513991542262758
175	1.0
176	0.1314523061326904
177	0.9838981538483189
178	0.015175310452307484
179	0.0016417519552458227
180	0.0028976934794106525
181	0.007550815325235632
182	0.11925293695084047
183	0.2912132099152615
184	0.2396695274125223
185	0.37757978999724556
186	0.2557479945175683
187	0.2557479945175683
188	0.8097517472627594
189	0.9371316004437272
190	0.7712627042813436
191	0.513991542262758
192	0.5224031981891384
193	0.513991542262758
194	0.49757237909340374
195	0.8097517472627594
196	0.8230036250150391
197	0.8501615448993929
198	0.8640747434825137
199	1.0
200	1.0
