1	0.8097517472627709
2	0.6556978921951105
3	0.614475215120391
4	0.47392181612760637
5	0.37757978999725084
6	0.40950387170122843
7	0.09197534264619776
8	0.14489964968096344
9	0.1521307122146575
10	0.1380122933233906
11	0.25574799451756824
12	0.6773349667878948
13	0.04288725609875964
14	0.025511319561055356
15	0.35384195289533016
16	0.9524680951766462
17	0.9071954723294418
18	0.9680555771461301
19	0.9071954723294418
20	0.9071954723294418
21	1.0
22	0.9524680951766462
23	0.8925879504044915
24	0.23966952741252567
25	0.37757978999725084
26	0.39003937264673083
27	0.3008228213237163
28	0.16499324727369863
29	0.11733274450692356
30	0.0965652740621615
31	0.20709238541955047
32	0.5484731728386688
33	0.7111366461700385
34	0.7346031188276403
35	0.5665719880005149
36	0.46629079995640094
37	0.47392181612760637
38	0.4230169025093144
39	0.48956054519591574
40	0.6884197964379098
41	0.4029101033605775
42	0.4299397258291168
43	0.2819105719970916
44	0.27737129133826594
45	0.6451399456130031
46	0.1571508039477891
47	0.3425386759286075
48	0.01967592931444509
49	0.04883453939311235
50	0.06979493239667438
51	0.09197534264619776
52	0.49757237909340374
53	0.5758441417787838
54	0.5396417421912962
55	0.5574491330158785
56	0.07947357060372963
57	0.3158350635019653
58	0.48167771661524483
59	0.45878265723355866
60	0.22098538275893195
61	0.12120455403276079
62	0.8782156365502338
63	0.6664286233595221
64	0.9680555771461301
65	0.9220420515895166
66	0.8501615448994049
67	0.40950387170122843
68	0.25574799451756824
69	0.8501615448994049
70	0.40950387170122843
71	0.6347520014624387
72	0.00932485215470036
73	0.00932485215470036
74	0.026784434765055293
75	0.03416884515602799
76	0.5484731728386688
77	0.48956054519591574
78	0.0769348332586572
79	0.050446008004084525
80	0.5309525138815068
81	0.5396417421912962
82	0.5309525138815068
83	0.0472745482168648
84	0.03954385360034534
85	0.48167771661524483
86	1.0
87	1.0
88	0.03646109590141792
89	0.0066312440873250705
90	0.4513954094697244
91	0.02133951404984792
92	0.5574491330158785
93	0.18787327440651988
94	0.513991542262758
95	0.4029101033605775
96	0.33159647562093936
97	0.28652413961186873
98	0.9680555771461301
99	0.9838981538483189
100	0.9371316004437271
101	0.9838981538483189
102	0.8640747434825014
103	0.9680555771461301
104	0.1521307122146575
105	0.4369758436353278
106	0.03954385360034534
107	0.006015834611932686
108	0.002234882909108675
109	0.029524436113288612
110	0.48956054519591574
111	0.026784434765055293
112	0.021688742850449225
113	0.46629079995640094
114	0.027668282067044733
115	0.07209806342155774
116	0.5484731728386688
117	0.029049038185277303
118	0.014930959938100428
119	0.025511319561055356
120	0.09975178733729329
121	0.06331764666180247
122	0.08343961441457963
123	0.015423659850312865
124	0.0016153167178432327
125	0.001962709116638142
126	0.00947745670446487
127	0.02812108342598899
128	1.0
129	0.9838981538483189
130	0.4230169025093144
131	0.35963270335588476
132	0.35384195289533016
133	0.29121320991525734
134	0.8097517472627709
135	0.513991542262758
136	0.2435918051833956
137	0.5948461590153626
138	0.04019100294647119
139	0.020657835589543483
140	0.06540703669975813
141	0.6045810297425013
142	0.0472745482168648
143	0.5665719880005149
144	0.5665719880005149
145	0.5665719880005149
146	0.9680555771461301
147	0.9680555771461301
148	0.9838981538483189
149	0.4299397258291168
150	0.7588439508744758
151	0.06030803830703579
152	0.19407281858793526
153	0.46629079995640094
154	0.9838981538483189
155	0.5396417421912962
156	0.4299397258291168
157	0.03828064801966439
158	0.024298717947761457
159	0.39642250686330754
160	0.41620554942555466
161	0.5948461590153626
162	0.5309525138815068
163	0.0009004569039077774
164	0.0007174059456835025
165	0.06331764666180247
166	0.4369758436353278
167	0.4441271100328678
168	0.16499324727369863
169	0.4513954094697244
170	0.6045810297425013
171	0.5396417421912962
172	0.5852680376789787
173	0.5758441417787838
174	0.4513954094697244
175	0.5224031981891383
176	0.11733274450692356
177	0.024298717947761457
178	0.5484731728386688
179	0.4230169025093144
180	0.4369758436353278
181	0.4230169025093144
182	0.45878265723355866
183	0.3837590186752804
184	0.46629079995640094
185	0.6773349667878948
186	0.8640747434825014
187	0.8364723744993472
188	0.48167771661524483
189	0.48956054519591574
190	0.746625162324361
191	0.5396417421912962
192	0.35963270335588476
193	0.4513954094697244
194	0.5224031981891383
195	0.783884695041549
196	0.6664286233595221
197	0.6884197964379098
198	0.9680555771461301
199	0.9071954723294418
200	0.9220420515895166
