1	0.6347520014624477
2	0.22460188780169196
3	0.19094788792080786
4	0.2641873055176486
5	0.5852680376789872
6	0.5574491330158785
7	0.5574491330158785
8	0.5852680376789872
9	0.7346031188276402
10	0.5574491330158785
11	0.45139540946972445
12	0.6144752151203912
13	0.6045810297425014
14	0.305745894681384
15	0.32625716018605594
16	0.8782156365502464
17	0.8640747434825014
18	0.8782156365502464
19	0.9371316004437406
20	0.6144752151203912
21	0.6451399456130033
22	0.6451399456130033
23	0.45139540946972445
24	0.0876035794134446
25	0.08077418408895759
26	0.14027091400017716
27	0.6556978921951199
28	0.9371316004437406
29	0.6347520014624477
30	0.31074953590015464
31	0.5139915422627507
32	0.5758441417787756
33	0.6451399456130033
34	0.6664286233595222
35	0.9680555771461301
36	0.2599334021689762
37	0.699686033300596
38	1.0
39	1.0
40	0.5309525138815068
41	0.3210038175868511
42	0.2959790185358472
43	0.46629079995640094
44	0.8364723744993591
45	0.3964225068633076
46	0.4162055494255547
47	0.4095038717012285
48	0.5948461590153628
49	0.4299397258291107
50	0.3596327033558797
51	0.21742711012398036
52	0.3008228213237163
53	0.7346031188276402
54	0.48956054519592274
55	0.19094788792080786
56	0.05933696755250621
57	0.38375901867527495
58	0.043589121425845555
59	0.031505112088108564
60	0.015175310452307482
61	0.023522509426831248
62	0.17894329980857865
63	0.09049436982916055
64	0.11544347070631938
65	0.3210038175868511
66	0.37757978999725095
67	0.15213071221465752
68	0.481677716615238
69	0.10472979393476876
70	0.18484816784601485
71	0.5309525138815068
72	0.2599334021689762
73	0.3596327033558797
74	0.18187177108593947
75	0.25574799451756824
76	0.3158350635019698
77	0.6245313223904277
78	0.24757827243666988
79	0.17043778391330164
80	0.3008228213237163
81	0.18187177108593947
82	0.15715080394779135
83	0.7588439508744758
84	0.3008228213237163
85	0.1649932472736998
86	0.25574799451756824
87	0.2320134226836728
88	0.27737129133826594
89	0.210481526578285
90	0.38375901867527495
91	0.45139540946972445
92	0.2139261322475594
93	0.1496811268916325
94	0.1272531380804732
95	0.009790198959862158
96	0.007429233258548931
97	0.8925879504044915
98	0.10138426111191784
99	0.04219669209918966
100	0.06435386265758172
101	0.8782156365502464
102	0.8782156365502464
103	0.8782156365502464
104	0.01874069491495999
105	0.12318811002814957
106	0.1212045540327608
107	0.09656527406216218
108	0.9524680951766462
109	0.9220420515895167
110	0.9680555771461301
111	0.8925879504044915
112	0.8925879504044915
113	0.8925879504044915
114	0.03587400494469185
115	0.015676073575284645
116	0.018438935128663837
117	0.019675929314445093
118	0.8782156365502464
119	0.08480513362914896
120	0.1314523061326923
121	0.02510054021835705
122	0.005283200023099431
123	0.002897693479410694
124	0.02032520629905422
125	0.0876035794134446
126	0.11925293695084131
127	0.8640747434825014
128	0.8640747434825014
129	0.7111366461700386
130	0.2004769386898932
131	0.19724888986614852
132	0.27737129133826594
133	0.4587826572335587
134	0.9838981538483189
135	0.9838981538483189
136	0.9838981538483189
137	0.9838981538483189
138	0.8097517472627709
139	0.24359180518339907
140	0.2729051014782479
141	0.024696375181437157
142	0.176061982325188
143	0.5948461590153628
144	0.1380122933233916
145	0.4975723790934038
146	0.2037578156903402
147	0.6245313223904277
148	0.05744148237014301
149	0.18484816784601485
150	0.8925879504044915
151	0.38375901867527495
152	0.3596327033558797
153	0.4587826572335587
154	0.15213071221465752
155	0.09975178733729259
156	0.24757827243666988
157	0.210481526578285
158	0.44412711003286787
159	0.07693483325865776
160	0.4029101033605775
161	0.16233655139003356
162	0.19094788792080786
163	0.7111366461700386
164	0.8501615448994049
165	0.9524680951766462
166	1.0
167	1.0
168	0.7838846950415602
169	0.5309525138815068
170	0.566571988000515
171	0.4975723790934038
172	0.210481526578285
173	0.5057153295259778
174	0.3596327033558797
175	0.3158350635019698
176	0.09975178733729259
177	0.0876035794134446
178	0.06229811565656806
179	0.109956222644229
180	0.46629079995640094
181	0.4587826572335587
182	0.7588439508744758
183	0.4975723790934038
184	0.6245313223904277
185	0.6347520014624477
186	0.305745894681384
187	0.5139915422627507
188	0.5224031981891458
189	0.42301690250932045
190	0.5484731728386689
191	0.5396417421912961
192	0.5309525138815068
193	0.5758441417787756
194	0.6045810297425014
195	1.0
196	0.9838981538483189
197	0.8925879504044915
198	1.0
199	0.9838981538483189
200	1.0
