1	0.6556978921951151
2	0.12520412762878366
3	0.08760357941344458
4	0.34814444420780405
5	0.37757978999725084
6	0.9071954723294416
7	0.8230036250150448
8	0.8640747434825136
9	0.34814444420780405
10	0.2819105719970956
11	0.34253867592860987
12	0.3370231708678044
13	0.9371316004437404
14	0.3655182215245085
15	0.09656527406216218
16	0.09197534264619907
17	0.10644373457266823
18	0.8501615448993987
19	0.8230036250150448
20	0.8230036250150448
21	0.14027091400017813
22	0.1357900406092586
23	0.16233655139003353
24	0.38375901867528306
25	0.9838981538483258
26	0.9680555771461439
27	0.9838981538483258
28	0.952468095176653
29	0.8640747434825136
30	0.7838846950415601
31	0.7838846950415601
32	0.8364723744993591
33	0.952468095176653
34	0.9680555771461439
35	0.6556978921951151
36	0.6045810297425013
37	0.6245313223904276
38	0.4299397258291199
39	0.37757978999725084
40	0.4095038717012313
41	0.45139540946972445
42	0.5574491330158824
43	0.08343961441458021
44	0.05211065273008518
45	0.07569604040982214
46	0.06435386265758171
47	0.0686711051330571
48	0.06129500098272679
49	0.14968112689163246
50	0.35384195289533515
51	0.952468095176653
52	0.9071954723294416
53	0.9838981538483258
54	0.9838981538483258
55	0.16233655139003353
56	0.06129500098272679
57	0.05044600800408489
58	0.8782156365502402
59	0.8501615448993987
60	0.8782156365502402
61	0.9680555771461439
62	0.9371316004437404
63	0.21048152657828498
64	0.1314523061326923
65	0.11358461770179093
66	0.8501615448993987
67	0.8782156365502402
68	0.7967132492072964
69	0.8925879504044978
70	0.8925879504044978
71	0.9838981538483258
72	0.27737129133826793
73	0.045027498890454695
74	0.005457537922228115
75	0.019359110527732683
76	0.025100540218357403
77	0.028121083425988787
78	0.13360357026643682
79	1.0
80	0.9838981538483258
81	0.17894329980857862
82	0.05044600800408489
83	0.04651334071458694
84	0.03254473486014845
85	1.0
86	1.0
87	1.0
88	1.0
89	0.9838981538483258
90	0.9680555771461439
91	0.9680555771461439
92	0.031505112088108786
93	0.030007614098888136
94	0.03416884515602847
95	0.176061982325188
96	0.11544347070631938
97	0.01248933551297767
98	0.019997932954225806
99	0.015932618141390915
100	0.01784991398793898
101	0.06331764666180247
102	0.28652413961187073
103	0.8782156365502402
104	0.8640747434825136
105	0.23201342268367448
106	0.04019100294647147
107	0.023522509426831414
108	0.0376642589146659
109	0.1314523061326923
110	0.11544347070631938
111	0.14256649781436806
112	0.11733274450692355
113	0.8230036250150448
114	0.7588439508744758
115	0.6451399456130124
116	0.04019100294647147
117	0.020325206299054363
118	0.029049038185277508
119	0.19724888986614988
120	0.8501615448993987
121	0.28652413961187073
122	0.2729051014782479
123	0.49757237909340724
124	0.2557479945175701
125	0.23966952741252398
126	0.8925879504044978
127	0.08903724340857933
128	0.07693483325865776
129	0.07209806342155825
130	0.25993340216897615
131	0.9838981538483258
132	0.9838981538483258
133	0.9371316004437404
134	0.9371316004437404
135	0.9371316004437404
136	0.24359180518339907
137	0.10818572446379314
138	0.19724888986614988
139	0.1472709844146142
140	0.22827757824649697
141	0.21742711012398036
142	0.9371316004437404
143	0.9371316004437404
144	0.6347520014624431
145	0.7838846950415601
146	0.5758441417787878
147	0.32100381758685337
148	0.7588439508744758
149	0.06979493239667486
150	0.03587400494469185
151	0.12318811002815043
152	0.10995622264422977
153	0.7346031188276454
154	0.7466251623243609
155	0.699686033300596
156	0.3964225068633104
157	0.2557479945175701
158	0.23966952741252398
159	0.17894329980857862
160	0.2557479945175701
161	0.7466251623243609
162	0.3262571601860559
163	0.38375901867528306
164	0.8501615448993987
165	0.16769342093829737
166	0.15715080394779135
167	0.13801229332339157
168	0.14256649781436806
169	0.2209853827589335
170	0.8925879504044978
171	0.7967132492072964
172	0.06129500098272679
173	0.14489964968096447
174	0.127253138080475
175	0.2475782724366716
176	0.9071954723294416
177	0.9071954723294416
178	0.9071954723294416
179	0.9071954723294416
180	0.9071954723294416
181	0.14256649781436806
182	0.06979493239667486
183	0.127253138080475
184	0.20047693868989316
185	0.9371316004437404
186	0.8925879504044978
187	0.9371316004437404
188	0.9071954723294416
189	0.15462038588001212
190	0.08480513362915015
191	0.02858129504156406
192	0.023522509426831414
193	0.17894329980857862
194	0.8640747434825136
195	0.33159647562094163
196	0.2819105719970956
197	0.8640747434825136
198	0.922042051589523
199	0.9838981538483258
200	1.0
