1	0.9838981538483189
2	0.9838981538483189
3	0.9838981538483189
4	0.9680555771461302
5	0.9838981538483189
6	0.4513954094697245
7	0.4587826572335587
8	0.466290799956401
9	0.9371316004437406
10	0.8782156365502464
11	0.8925879504044915
12	0.3008228213237163
13	0.14968112689163143
14	0.07327797408660716
15	0.13579004060925667
16	0.1676934209382962
17	0.154620385880011
18	0.1336035702664378
19	0.9220420515895036
20	0.823003625015039
21	0.9371316004437406
22	0.8501615448994048
23	0.7466251623243612
24	0.6884197964379097
25	0.6884197964379097
26	0.7588439508744758
27	0.9524680951766599
28	0.9371316004437406
29	0.7111366461700486
30	0.7111366461700486
31	0.6664286233595221
32	0.7111366461700486
33	0.16233655139003128
34	0.2685108255202325
35	0.017562497419084194
36	0.03529636723622752
37	0.06030803830703579
38	0.29121320991525734
39	0.3008228213237163
40	0.9838981538483189
41	0.614475215120391
42	0.2819105719970956
43	0.12725313808047323
44	0.11175569566235759
45	0.36551822152450336
46	0.21048152657828498
47	0.513991542262758
48	0.513991542262758
49	0.513991542262758
50	0.5484731728386689
51	0.7838846950415602
52	0.7838846950415602
53	0.35963270335587966
54	0.14027091400017713
55	0.2139261322475594
56	0.2396695274125257
57	0.2819105719970956
58	0.3315964756209441
59	0.8364723744993592
60	0.9680555771461302
61	0.8640747434825014
62	0.6996860333005961
63	0.614475215120391
64	0.677334966787895
65	0.061295000982726805
66	0.053830228305392636
67	0.012693727967806403
68	0.018142034232021265
69	0.01999793295422567
70	0.05933696755250621
71	0.9371316004437406
72	0.9371316004437406
73	0.01727970878760305
74	0.008459463654885606
75	0.004009124378788922
76	0.030007614098887928
77	0.003944570074838709
78	0.002628774404719928
79	0.010113261253784787
80	0.12725313808047323
81	0.15715080394779138
82	0.05838153282986846
83	0.003246395470718101
84	0.0023464123579847477
85	0.007550815325235632
86	0.9680555771461302
87	0.08077418408895645
88	0.08343961441458082
89	0.8501615448994048
90	0.9524680951766599
91	0.007076107650393089
92	0.0016686198147892052
93	0.013327194928720634
94	1.0
95	1.0
96	1.0
97	1.0
98	1.0
99	1.0
100	0.019675929314445093
101	0.001869417813710169
102	0.0038810552143591307
103	1.0
104	1.0
105	0.809751747262771
106	0.9838981538483189
107	0.07209806342155774
108	0.07947357060372963
109	0.030007614098887928
110	0.04019100294647119
111	0.03954385360034535
112	0.08343961441458082
113	0.9838981538483189
114	1.0
115	0.9524680951766599
116	0.9371316004437406
117	0.154620385880011
118	0.11925293695084216
119	0.12318811002815044
120	0.13801229332339257
121	0.164993247273701
122	0.823003625015039
123	0.823003625015039
124	0.7838846950415602
125	0.0376642589146651
126	0.022404439747548983
127	0.015676073575284756
128	0.0472745482168648
129	0.9838981538483189
130	1.0
131	1.0
132	1.0
133	1.0
134	0.02766828206704513
135	0.011895693606067884
136	0.012288234154010974
137	0.018142034232021265
138	0.02858129504156366
139	0.031505112088108564
140	0.9220420515895036
141	0.9371316004437406
142	0.02812108342598859
143	0.003520875718327175
144	0.9680555771461302
145	0.06540703669975813
146	0.05838153282986846
147	0.05933696755250621
148	0.02133951404984792
149	0.007309608887594927
150	0.02204368690561934
151	0.3425386759286075
152	0.809751747262771
153	0.7227746524257325
154	0.9838981538483189
155	0.809751747262771
156	0.6451399456130033
157	0.9680555771461302
158	0.005032079462438764
159	0.0034084033755650083
160	0.0036370594844428957
161	0.005546852487609638
162	1.0
163	0.9071954723294419
164	1.0
165	1.0
166	1.0
167	1.0
168	0.9071954723294419
169	1.0
170	0.003142691241050594
171	0.0010253255196467585
172	0.0030422997831473643
173	0.004951053693111542
174	0.4513954094697245
175	0.1252041276287828
176	0.07819389939674361
177	0.0014185963995909697
178	0.0017518905076602492
179	0.0009765898446339532
180	0.00012227307954852264
181	0.006214348384488035
182	0.9371316004437406
183	0.053830228305392636
184	0.01727970878760305
185	0.9838981538483189
186	0.8925879504044915
187	0.823003625015039
188	0.8782156365502464
189	0.8640747434825014
190	0.8640747434825014
191	0.32625716018605133
192	0.305745894681384
193	0.2358104055548831
194	0.823003625015039
195	0.8782156365502464
196	0.8782156365502464
197	0.8640747434825014
198	0.8501615448994048
199	0.9524680951766599
200	0.9838981538483189
