1	0.14968112689163354
2	0.027668282067045524
3	0.0015893071365663052
4	0.0026287744047199654
5	0.011704150977755609
6	0.95246809517666
7	0.9838981538483329
8	0.3057458946813884
9	0.13801229332339257
10	0.11175569566235918
11	0.1571508039477936
12	0.8364723744993592
13	0.8501615448994049
14	0.8782156365502464
15	0.8501615448994049
16	0.8640747434825137
17	0.8640747434825137
18	0.14968112689163354
19	0.12933568132306
20	0.15462038588001104
21	0.23966952741252573
22	0.9371316004437404
23	0.8925879504044915
24	0.0997517873372933
25	0.0012458335400746534
26	0.0010253255196467587
27	0.0019627091166381696
28	0.001465408012805477
29	0.0006614784499805435
30	3.391504197028072e-05
31	0.0002538483208393789
32	4.542445618186492e-05
33	0.0006099109471023138
34	0.0009925720876842986
35	0.0011120160060804068
36	0.0015137643410159801
37	0.001900011506677135
38	0.0008302591310470713
39	9.278618677019129e-05
40	0.022771096439116737
41	0.23201342268367284
42	1.0
43	1.0
44	1.0
45	1.0
46	0.23201342268367284
47	0.023143753598939273
48	9.430466599340274e-05
49	0.0008302591310470713
50	0.001900011506677135
51	0.0015137643410159801
52	0.0011120160060804068
53	0.0009925720876842986
54	0.0006099109471023138
55	4.542445618186492e-05
56	0.0002538483208393789
57	3.391504197028072e-05
58	0.0006614784499805435
59	0.0014893899404870398
60	0.0020274756563298706
61	0.0011120160060804068
62	0.0012662220527620944
63	0.11925293695084387
64	0.95246809517666
65	0.01209037089818743
66	0.006739766775034991
67	0.004565079704726418
68	0.0026287744047199654
69	0.0010591597671173619
70	0.0030422997831473643
71	1.0
72	0.3775797899972563
73	0.9838981538483329
74	1.0
75	1.0
76	1.0
77	1.0
78	0.3775797899972563
79	0.0025864462836876875
80	0.0021286546673816124
81	0.001076493296561918
82	0.0027599605887401314
83	0.004348092770690462
84	0.009790198959862228
85	0.8097517472627825
86	0.7838846950415603
87	0.9071954723294549
88	0.7712627042813436
89	0.8364723744993592
90	0.9071954723294549
91	0.8501615448994049
92	0.8501615448994049
93	0.8501615448994049
94	0.7838846950415603
95	0.7227746524257428
96	0.8364723744993592
97	0.6996860333005961
98	0.6996860333005961
99	0.08619300005539396
100	0.06867110513305712
101	0.07327797408660718
102	0.05651656845829486
103	0.0997517873372933
104	0.09049436982916181
105	0.18787327440652257
106	0.1940728185879353
107	0.8925879504044915
108	0.8925879504044915
109	0.2819105719970996
110	0.17894329980857993
111	0.11358461770179094
112	0.03000761409888835
113	0.08209608258032165
114	0.8364723744993592
115	0.037664258914665634
116	0.028121083425988992
117	0.09049436982916181
118	0.7111366461700487
119	0.8925879504044915
120	0.15462038588001104
121	0.14968112689163354
122	0.12318811002815046
123	0.23966952741252573
124	0.9680555771461441
125	0.05933696755250705
126	0.012288234154011151
127	0.04576439005840027
128	0.9371316004437404
129	0.95246809517666
130	0.95246809517666
131	0.9680555771461441
132	0.95246809517666
133	0.9680555771461441
134	0.9371316004437404
135	0.9220420515895167
136	0.025511319561055724
137	0.04084874312373918
138	0.11925293695084387
139	0.8364723744993592
140	0.10644373457266976
141	0.0028051283336035368
142	0.0027599605887401314
143	0.11358461770179094
144	0.9371316004437404
145	0.95246809517666
146	0.7712627042813436
147	0.9220420515895167
148	0.12933568132306
149	0.05044600800408454
150	0.08480513362915015
151	0.8501615448994049
152	0.9680555771461441
153	0.9680555771461441
154	0.95246809517666
155	0.04084874312373918
156	0.030997821620275257
157	0.09348055211452132
158	0.05296346225091008
159	0.1940728185879353
160	0.15972263321475677
161	0.09348055211452132
162	0.14727098441461423
163	0.11175569566235918
164	0.8501615448994049
165	0.11544347070631857
166	0.13801229332339257
167	0.17043778391330408
168	0.15213071221465968
169	0.011330268629776648
170	0.005369661486237472
171	0.03000761409888835
172	0.03705779481220513
173	0.0358740049446921
174	0.015423659850313087
175	0.0184389351286641
176	0.015932618141390915
177	0.9680555771461441
178	0.9680555771461441
179	0.9071954723294549
180	0.9680555771461441
181	0.9680555771461441
182	0.9680555771461441
183	0.9071954723294549
184	0.9680555771461441
185	0.9838981538483329
186	0.05744148237014341
187	0.037664258914665634
188	0.03472803056127704
189	0.028581295041564064
190	0.021339514049848227
191	0.0184389351286641
192	0.019997932954225955
193	0.03954385360034591
194	1.0
195	0.013766972933527197
196	0.0047928951403666395
197	0.0028510352648104934
198	0.028121083425988992
199	0.14727098441461423
200	1.0
