1	1.0
2	0.8925879504044916
3	0.7838846950415602
4	0.6996860333005961
5	0.10472979393476876
6	0.1878732744065199
7	0.2912132099152615
8	0.3008228213237163
9	0.4299397258291108
10	0.481677716615238
11	0.7967132492072909
12	0.6884197964379001
13	0.8364723744993592
14	0.8230036250150391
15	0.9071954723294419
16	0.8925879504044916
17	0.7712627042813326
18	0.7466251623243612
19	0.9071954723294419
20	0.16233655139003125
21	0.15462038588001104
22	0.005729890533725346
23	0.022771096439116737
24	0.048048213152916255
25	0.03529636723622752
26	0.7838846950415602
27	0.3837590186752804
28	0.29597901853585135
29	0.2729051014782441
30	0.8230036250150391
31	0.513991542262758
32	0.23966952741252232
33	0.23581040555488308
34	0.35384195289533515
35	0.5574491330158786
36	0.4739218161276132
37	0.4739218161276132
38	0.39642250686331326
39	0.4369758436353341
40	0.6664286233595222
41	0.5309525138815143
42	0.2685108255202325
43	0.3837590186752804
44	0.7967132492072909
45	0.6045810297425014
46	0.45139540946972445
47	0.2819105719970956
48	0.28652413961186873
49	0.39642250686331326
50	0.4441271100328679
51	0.481677716615238
52	0.481677716615238
53	0.5057153295259778
54	0.513991542262758
55	0.5758441417787756
56	0.07569604040982107
57	0.05211065273008481
58	0.04651334071458728
59	0.7838846950415602
60	0.5396417421912962
61	0.48956054519592274
62	0.7111366461700487
63	0.9524680951766463
64	0.513991542262758
65	0.4095038717012285
66	0.4441271100328679
67	0.02204368690561934
68	0.19407281858793526
69	0.13579004060925667
70	0.10995622264422979
71	0.677334966787895
72	0.7838846950415602
73	0.8782156365502464
74	0.6144752151203912
75	0.5852680376789872
76	0.7346031188276507
77	0.01727970878760305
78	0.025928821455018843
79	0.03307734111793591
80	0.3057458946813841
81	0.32100381758685115
82	0.2685108255202325
83	0.31074953590015464
84	0.011515692539375738
85	0.006850065475449527
86	0.03828064801966494
87	0.6884197964379001
88	0.7111366461700487
89	0.7967132492072909
90	0.8364723744993592
91	0.12318811002815046
92	0.19094788792080922
93	0.19407281858793526
94	0.10644373457266826
95	0.14027091400017716
96	0.17322705937262783
97	0.7838846950415602
98	0.8925879504044916
99	0.8230036250150391
100	0.49757237909340374
101	0.01493095993810043
102	0.04151724745489924
103	0.009174704819918203
104	0.8501615448994049
105	0.8501615448994049
106	0.8640747434825015
107	0.3481444442078041
108	0.10138426111191785
109	0.0965652740621615
110	0.04651334071458728
111	0.09348055211451999
112	0.29597901853585135
113	0.8230036250150391
114	0.8230036250150391
115	0.6556978921951199
116	0.6245313223904277
117	0.6996860333005961
118	0.8640747434825015
119	0.8925879504044916
120	0.8501615448994049
121	0.8782156365502464
122	0.9680555771461302
123	1.0
124	0.4739218161276132
125	0.36551822152450336
126	0.0376642589146651
127	0.020995908477665633
128	0.03254473486014822
129	1.0
130	0.9680555771461302
131	0.9524680951766463
132	0.9071954723294419
133	0.028581295041564068
134	0.03254473486014822
135	0.06867110513305712
136	0.013327194928720636
137	0.05211065273008481
138	0.2599334021689762
139	0.1676934209382962
140	0.15972263321475677
141	0.0997517873372933
142	0.040848743123739185
143	0.01672771846330013
144	0.01209037089818743
145	0.01209037089818743
146	0.012489335512977668
147	0.04288725609876025
148	0.05651656845829405
149	0.9524680951766463
150	0.33159647562093936
151	0.35384195289533515
152	0.9071954723294419
153	0.9071954723294419
154	0.9220420515895035
155	0.9071954723294419
156	0.9220420515895035
157	0.32100381758685115
158	0.32625716018605594
159	0.07209806342155774
160	0.08480513362914895
161	0.07693483325865831
162	0.07693483325865831
163	0.059336967552506205
164	0.012693727967806583
165	0.17606198232518802
166	0.32100381758685115
167	0.11733274450692358
168	0.10138426111191785
169	0.7712627042813326
170	0.4299397258291108
171	0.4162055494255547
172	0.7712627042813326
173	0.9680555771461302
174	0.1252041276287828
175	0.051271575016962036
176	0.061295000982726805
177	0.10304345090533532
178	0.4739218161276132
179	0.983898153848333
180	0.983898153848333
181	0.983898153848333
182	0.466290799956401
183	0.10818572446379085
184	0.03361866366814549
185	0.02722277164592025
186	0.08077418408895645
187	0.9524680951766463
188	0.6144752151203912
189	0.6347520014624478
190	0.809751747262771
191	0.7712627042813326
192	0.06540703669975813
193	0.07447719441285175
194	0.21742711012398036
195	0.8782156365502464
196	0.9071954723294419
197	0.983898153848333
198	0.983898153848333
199	1.0
200	1.0
