1	0.9371316004437338
2	0.3964225068633104
3	0.3775797899972509
4	0.7588439508744703
5	0.6884197964379098
6	0.4029101033605775
7	0.3315964756209417
8	0.3900393726467364
9	0.210481526578285
10	0.3837590186752776
11	0.18187177108593947
12	0.466290799956401
13	0.5139915422627543
14	0.26418730551764663
15	0.35384195289533266
16	0.45139540946972445
17	0.5224031981891458
18	0.6556978921951151
19	0.3481444442078041
20	0.481677716615238
21	0.42301690250931745
22	0.3008228213237163
23	0.22460188780169196
24	0.5574491330158786
25	0.809751747262771
26	0.3481444442078041
27	0.1546203858800121
28	0.5574491330158786
29	0.3210038175868534
30	0.057441482370143
31	0.15715080394779135
32	0.3655182215245059
33	0.8782156365502402
34	0.8925879504044913
35	0.9071954723294354
36	0.8925879504044913
37	0.8782156365502402
38	0.9524680951766531
39	0.35384195289533266
40	0.2819105719970956
41	0.31583506350196755
42	0.3775797899972509
43	0.8364723744993591
44	0.5948461590153669
45	0.458782657233562
46	0.5396417421912961
47	0.5224031981891458
48	0.41620554942555466
49	0.5309525138815104
50	0.6144752151203955
51	0.6144752151203955
52	0.6045810297425014
53	0.7967132492072908
54	0.699686033300596
55	0.6144752151203955
56	0.47392181612760975
57	0.1357900406092586
58	0.06229811565656806
59	0.10644373457266748
60	0.06756537356313774
61	0.013992274382953328
62	0.02858129504156386
63	0.239669527412524
64	0.9524680951766531
65	0.045764390058400266
66	0.07569604040982107
67	0.11175569566235839
68	0.9680555771461302
69	0.9071954723294354
70	0.9071954723294354
71	0.8925879504044913
72	0.9680555771461302
73	0.04084874312373918
74	0.026784434765055484
75	0.06435386265758171
76	0.6773349667878901
77	0.5948461590153669
78	0.8501615448993988
79	0.809751747262771
80	0.823003625015039
81	0.9524680951766531
82	0.8364723744993591
83	0.9071954723294354
84	0.823003625015039
85	0.466290799956401
86	0.3008228213237163
87	0.4299397258291138
88	0.5309525138815104
89	0.8640747434825014
90	0.9371316004437338
91	0.27290510147824604
92	0.12933568132305998
93	0.1154434707063194
94	0.9524680951766531
95	0.9524680951766531
96	0.9220420515895166
97	0.8925879504044913
98	0.8782156365502402
99	0.9838981538483258
100	0.9838981538483258
101	0.9371316004437338
102	0.02858129504156386
103	0.01567607357528464
104	0.10304345090533457
105	0.7967132492072908
106	0.24359180518339735
107	0.14256649781436706
108	0.41620554942555466
109	0.20375781569034165
110	0.08077418408895759
111	0.08480513362914895
112	0.11358461770178932
113	0.8782156365502402
114	0.8925879504044913
115	0.9220420515895166
116	0.9220420515895166
117	0.027222771645920248
118	0.06867110513305663
119	0.1649932472736998
120	0.6045810297425014
121	0.9071954723294354
122	0.9220420515895166
123	0.8925879504044913
124	0.8782156365502402
125	0.8501615448993988
126	0.5948461590153669
127	0.6884197964379098
128	0.08077418408895759
129	0.02390746372968368
130	0.028121083425988794
131	0.11925293695084131
132	0.18484816784601485
133	0.18484816784601485
134	0.3315964756209417
135	0.2685108255202325
136	0.49757237909340374
137	0.5396417421912961
138	0.7967132492072908
139	0.9524680951766531
140	0.9524680951766531
141	0.7712627042813326
142	0.6451399456130033
143	0.42301690250931745
144	0.436975843635331
145	0.481677716615238
146	0.7346031188276455
147	0.9220420515895166
148	0.8364723744993591
149	0.8364723744993591
150	0.585268037678983
151	0.6556978921951151
152	0.7712627042813326
153	0.809751747262771
154	0.7346031188276455
155	0.3900393726467364
156	0.35384195289533266
157	0.458782657233562
158	0.29121320991526145
159	0.26418730551764663
160	0.7588439508744703
161	0.746625162324361
162	0.6245313223904277
163	0.5758441417787756
164	0.6664286233595221
165	0.5396417421912961
166	0.5139915422627543
167	0.5309525138815104
168	0.3370231708678045
169	0.458782657233562
170	0.6664286233595221
171	0.8782156365502402
172	0.823003625015039
173	0.7967132492072908
174	0.49757237909340374
175	0.3964225068633104
176	0.40950387170123137
177	0.7712627042813326
178	0.7227746524257325
179	0.8640747434825014
180	0.9371316004437338
181	0.8501615448993988
182	0.9071954723294354
183	0.9838981538483258
184	0.8782156365502402
185	0.8925879504044913
186	0.8925879504044913
187	0.29597901853584924
188	0.18187177108593947
189	0.20047693868989175
190	0.3900393726467364
191	0.47392181612760975
192	0.6773349667878901
193	0.6245313223904277
194	0.5309525138815104
195	0.5484731728386727
196	0.3596327033558797
197	0.35384195289533266
198	0.41620554942555466
199	0.7838846950415547
200	0.7588439508744703
