1	1.0
2	0.9838981538483189
3	0.9838981538483189
4	0.9838981538483189
5	0.9838981538483189
6	0.7712627042813381
7	0.020657835589543632
8	0.014221262971401435
9	0.00873861362363561
10	0.004009124378788894
11	0.10138426111191857
12	0.059336967552506205
13	0.7346031188276404
14	0.9524680951766599
15	0.5574491330158746
16	0.2959790185358472
17	0.6245313223904233
18	0.08903724340857933
19	0.4816777166152415
20	0.4299397258291138
21	0.7588439508744758
22	0.7466251623243558
23	0.7967132492072909
24	0.9524680951766599
25	0.9524680951766599
26	0.9371316004437272
27	0.8364723744993592
28	0.7967132492072909
29	0.7588439508744758
30	0.7838846950415548
31	0.878215636550234
32	0.18484816784601354
33	0.04963373414423629
34	0.023143753598938947
35	0.015175310452307484
36	0.00873861362363561
37	0.019675929314445232
38	0.1496811268916325
39	0.9071954723294418
40	0.8097517472627768
41	1.0
42	0.3425386759286075
43	0.2959790185358472
44	1.0
45	0.9680555771461302
46	0.4662907999563977
47	0.3715000583087311
48	0.9680555771461302
49	0.12120455403275993
50	0.01904739310838174
51	0.0020606560225769253
52	0.008057369233584964
53	0.0043480927706904
54	0.024696375181437333
55	0.10644373457266824
56	0.33159647562093936
57	0.9838981538483189
58	0.9680555771461302
59	0.9680555771461302
60	0.9524680951766599
61	0.05127157501696167
62	0.05471117929721302
63	0.3775797899972536
64	1.0
65	0.9838981538483189
66	0.9838981538483189
67	0.3775797899972536
68	0.04151724745489924
69	0.04430247303072529
70	0.9838981538483189
71	0.9680555771461302
72	0.9680555771461302
73	0.9680555771461302
74	0.3425386759286075
75	0.1380122933233906
76	0.11733274450692274
77	0.9838981538483189
78	0.038907124553427985
79	0.034168845156028235
80	0.035296367236227776
81	0.04151724745489924
82	0.13145230613269135
83	1.0
84	0.06435386265758127
85	0.08209608258032107
86	0.9838981538483189
87	0.038280648019664666
88	0.010113261253784644
89	0.030997821620274375
90	1.0
91	0.06867110513305663
92	0.025928821455018475
93	0.02168874285044923
94	1.0
95	0.9071954723294418
96	1.0
97	1.0
98	1.0
99	0.9838981538483189
100	0.9071954723294418
101	1.0
102	0.011515692539375656
103	0.0159326181413908
104	0.055606547367958434
105	0.9838981538483189
106	0.034728030561276546
107	0.023143753598938947
108	0.05383022830539263
109	0.9680555771461302
110	0.9680555771461302
111	0.9524680951766599
112	0.060308038307035794
113	0.04883453939311201
114	0.9838981538483189
115	0.12933568132305998
116	0.04151724745489924
117	0.010446984132459602
118	0.01874069491496012
119	0.0159326181413908
120	0.9838981538483189
121	0.13145230613269135
122	0.1336035702664378
123	0.29121320991525945
124	0.26851082552023436
125	0.060308038307035794
126	0.011147830387442766
127	0.004491573493650784
128	0.002945115272426268
129	0.0013294115143323943
130	0.007799981223697675
131	0.10472979393476801
132	0.9524680951766599
133	0.3775797899972536
134	0.4662907999563977
135	0.33702317086780686
136	0.305745894681384
137	0.7346031188276404
138	0.9371316004437272
139	0.1878732744065212
140	0.04963373414423629
141	0.0021286546673816124
142	0.00041987477004941864
143	0.0003871421943870425
144	0.022771096439116578
145	0.14489964968096242
146	0.9220420515895167
147	0.27290510147824604
148	0.09049436982916118
149	0.22460188780169357
150	0.6664286233595221
151	0.7111366461700487
152	0.7712627042813381
153	0.9838981538483189
154	0.3425386759286075
155	0.17043778391330167
156	0.1231881100281487
157	0.17043778391330167
158	0.1818717710859382
159	0.3837590186752804
160	0.7466251623243558
161	0.8640747434825136
162	0.7466251623243558
163	0.7588439508744758
164	0.6996860333005911
165	0.6996860333005911
166	0.8925879504044915
167	0.2599334021689743
168	0.2641873055176448
169	0.4739218161276132
170	0.9220420515895167
171	0.6556978921951105
172	0.6884197964379098
173	0.09197534264619776
174	0.06867110513305663
175	0.33159647562093936
176	0.5758441417787797
177	0.5484731728386689
178	0.9838981538483189
179	0.9838981538483189
180	0.05211065273008482
181	0.03361866366814549
182	0.02766828206704513
183	0.02168874285044923
184	0.22460188780169357
185	0.22460188780169357
186	0.7111366461700487
187	0.7227746524257377
188	0.9071954723294418
189	0.30082282132371846
190	0.3262571601860536
191	0.1496811268916325
192	0.4739218161276132
193	0.7588439508744758
194	0.7838846950415548
195	0.7346031188276404
196	0.44412711003286787
197	0.0965652740621615
198	0.08480513362914956
199	0.05296346225090971
200	0.878215636550234
