1	1.0
2	1.0
3	1.0
4	0.9838981538483258
5	0.3596327033558848
6	0.2557479945175701
7	0.26851082552023625
8	0.9524680951766531
9	0.07819389939674361
10	0.07569604040982214
11	0.08343961441458023
12	0.02592882145501866
13	0.040191002946471474
14	0.09814559940423298
15	0.17606198232518674
16	0.4895605451959193
17	0.4739218161276098
18	0.5665719880005109
19	0.5396417421913038
20	0.5484731728386728
21	0.8640747434825136
22	0.8640747434825136
23	0.5665719880005109
24	0.6347520014624433
25	0.7111366461700436
26	0.8640747434825136
27	0.9371316004437339
28	0.7111366461700436
29	0.6144752151203955
30	0.6245313223904277
31	0.6347520014624433
32	0.6664286233595222
33	0.26851082552023625
34	0.17606198232518674
35	0.4299397258291168
36	0.40291010336058325
37	0.3425386759286099
38	0.35384195289533266
39	0.3008228213237163
40	0.3057458946813862
41	0.3315964756209417
42	0.8097517472627768
43	0.5948461590153626
44	0.7712627042813436
45	0.5224031981891458
46	0.37757978999725084
47	0.3315964756209417
48	0.2599334021689762
49	0.32100381758685564
50	0.3262571601860536
51	0.3315964756209417
52	0.37757978999725084
53	0.3262571601860536
54	0.2516299796562454
55	0.37757978999725084
56	0.40291010336058325
57	0.4513954094697245
58	0.8097517472627768
59	0.5484731728386728
60	0.43697584363533093
61	0.5758441417787837
62	0.9220420515895167
63	0.6045810297425057
64	0.6245313223904277
65	0.4095038717012314
66	0.2396695274125257
67	0.2912132099152615
68	0.6773349667878902
69	0.12725313808047412
70	0.3057458946813862
71	0.3008228213237163
72	0.5309525138815105
73	0.35384195289533266
74	0.35384195289533266
75	0.272905101478246
76	0.03954385360034535
77	0.03529636723622802
78	0.012901465378461725
79	0.027222771645920248
80	0.09656527406216149
81	0.10138426111191928
82	0.2516299796562454
83	0.6245313223904277
84	0.46629079995640094
85	0.49757237909340374
86	0.3900393726467364
87	0.7588439508744704
88	0.8782156365502402
89	0.7967132492072909
90	0.9071954723294482
91	0.8782156365502402
92	0.4513954094697245
93	0.5665719880005109
94	0.8782156365502402
95	0.9524680951766531
96	0.9838981538483258
97	0.968055577146137
98	0.7111366461700436
99	0.6556978921951151
100	0.9524680951766531
101	0.9838981538483258
102	0.9838981538483258
103	0.6347520014624433
104	0.4513954094697245
105	0.4739218161276098
106	0.4816777166152449
107	0.5224031981891458
108	0.585268037678983
109	0.49757237909340374
110	0.17322705937262783
111	0.16233655139003356
112	0.14489964968096344
113	0.12725313808047412
114	0.18787327440651988
115	0.4299397258291168
116	0.6773349667878902
117	0.5396417421913038
118	0.5309525138815105
119	0.3425386759286099
120	0.3964225068633104
121	0.3964225068633104
122	0.46629079995640094
123	0.6996860333005911
124	0.8782156365502402
125	0.8640747434825136
126	0.5057153295259742
127	0.6144752151203955
128	0.6451399456130124
129	0.6556978921951151
130	0.4513954094697245
131	0.2557479945175701
132	0.13360357026643682
133	0.43697584363533093
134	0.4739218161276098
135	0.18787327440651988
136	0.07693483325865776
137	0.09348055211451999
138	0.37150005830873106
139	0.6884197964379097
140	0.13801229332339157
141	0.014930959938100537
142	0.008057369233585021
143	0.46629079995640094
144	0.2912132099152615
145	0.013992274382953526
146	0.0547111792972134
147	0.05044600800408453
148	0.052963462250909706
149	0.07093715149651018
150	0.10138426111191928
151	0.22460188780169194
152	0.7967132492072909
153	0.7588439508744704
154	0.9838981538483258
155	0.7838846950415546
156	0.968055577146137
157	0.9220420515895167
158	0.9220420515895167
159	0.8925879504044915
160	0.9220420515895167
161	0.8925879504044915
162	0.7967132492072909
163	0.7838846950415546
164	0.7111366461700436
165	0.7588439508744704
166	0.8640747434825136
167	0.21392613224755938
168	0.06129500098272636
169	0.012901465378461725
170	0.007309608887594876
171	0.002945115272426268
172	0.004565079704726418
173	0.17322705937262783
174	0.513991542262758
175	0.6884197964379097
176	0.07209806342155775
177	0.05838153282986845
178	0.15715080394779138
179	0.5309525138815105
180	0.1521307122146586
181	0.2396695274125257
182	0.17043778391330286
183	0.2396695274125257
184	0.16769342093829617
185	0.2516299796562454
186	0.23201342268367284
187	0.3315964756209417
188	0.8501615448993988
189	0.4513954094697245
190	0.28652413961186873
191	0.09049436982916183
192	0.024298717947761457
193	0.08903724340857869
194	0.07693483325865776
195	0.0876035794134446
196	0.9524680951766531
197	0.2557479945175701
198	0.2516299796562454
199	0.37150005830873106
200	0.968055577146137
