1	0.9838981538483258
2	0.9838981538483258
3	0.9838981538483258
4	0.9838981538483258
5	1.0
6	0.9838981538483258
7	0.8501615448993989
8	0.7588439508744811
9	0.8925879504044913
10	0.010968329737619204
11	0.0059189685685374725
12	0.003696581267296058
13	0.001668619814789229
14	0.0008438466194897047
15	0.006739766775034943
16	0.019997932954225812
17	0.03646109590141791
18	0.1676934209382962
19	0.17894329980857993
20	0.099751787337294
21	0.09656527406216217
22	0.9838981538483258
23	0.9838981538483258
24	0.7712627042813435
25	0.9838981538483258
26	0.8501615448993989
27	0.9371316004437406
28	0.9071954723294482
29	0.11925293695084299
30	0.05933696755250662
31	0.11358461770179093
32	0.08903724340857996
33	0.9371316004437406
34	0.9371316004437406
35	0.5758441417787838
36	0.6347520014624433
37	0.7967132492072965
38	0.466290799956401
39	0.3715000583087337
40	0.24359180518339907
41	0.27737129133826793
42	0.32625716018605594
43	0.6045810297425057
44	0.6996860333005961
45	0.43697584363533404
46	0.3315964756209417
47	0.32625716018605594
48	0.3715000583087337
49	0.2358104055548831
50	0.6884197964379097
51	0.6556978921951152
52	0.6347520014624433
53	0.21742711012398036
54	0.3481444442078041
55	0.3655182215245059
56	0.3715000583087337
57	0.40950387170123137
58	0.8364723744993591
59	0.8097517472627768
60	0.45878265723356193
61	0.3837590186752831
62	0.4230169025093174
63	0.594846159015367
64	0.6884197964379097
65	0.7227746524257427
66	0.6451399456130125
67	0.6996860333005961
68	0.7967132492072965
69	0.7838846950415546
70	0.7967132492072965
71	0.7227746524257427
72	0.7967132492072965
73	0.6451399456130125
74	0.8640747434825137
75	0.6451399456130125
76	0.8097517472627768
77	0.566571988000511
78	0.6144752151203955
79	0.18187177108593947
80	0.040191002946471474
81	0.19407281858793526
82	0.14727098441461317
83	0.1676934209382962
84	0.20709238541955197
85	0.20709238541955197
86	0.12318811002814956
87	0.1212045540327608
88	0.2004769386898946
89	0.05383022830539301
90	0.8364723744993591
91	0.968055577146144
92	0.9838981538483258
93	0.9838981538483258
94	0.9838981538483258
95	0.9838981538483258
96	0.9838981538483258
97	0.5484731728386727
98	0.5574491330158786
99	0.6996860333005961
100	0.8097517472627768
101	0.8230036250150449
102	0.952468095176653
103	0.8925879504044913
104	0.6996860333005961
105	0.952468095176653
106	0.9220420515895167
107	0.5396417421913038
108	0.5057153295259813
109	0.7466251623243612
110	0.7712627042813435
111	0.8501615448993989
112	0.7588439508744811
113	0.952468095176653
114	0.010617952774480096
115	0.003299523896879426
116	0.00511443124754004
117	0.005457537922228155
118	0.006419412822152425
119	0.013766972933527003
120	0.05838153282986846
121	0.19407281858793526
122	0.1380122933233916
123	0.14727098441461317
124	0.3315964756209417
125	0.28652413961187073
126	0.2209853827589335
127	0.05383022830539301
128	0.0547111792972134
129	0.7346031188276455
130	0.8364723744993591
131	0.8782156365502402
132	0.9071954723294482
133	0.1521307122146586
134	0.006214348384488079
135	0.005637628717885366
136	0.010968329737619204
137	0.022404439747549142
138	0.9838981538483258
139	1.0
140	1.0
141	0.9838981538483258
142	0.9838981538483258
143	0.9838981538483258
144	0.015676073575284756
145	0.007927630713798602
146	0.009026975134420856
147	0.007927630713798602
148	0.099751787337294
149	0.8501615448993989
150	0.3057458946813862
151	0.12318811002814956
152	0.09348055211452065
153	0.18787327440651988
154	0.9071954723294482
155	0.6996860333005961
156	0.7227746524257427
157	0.9220420515895167
158	0.8640747434825137
159	0.011895693606068052
160	0.007799981223697674
161	0.04502749889045438
162	0.106443734572669
163	0.9838981538483258
164	0.8925879504044913
165	0.8925879504044913
166	0.7712627042813435
167	0.9371316004437406
168	0.9371316004437406
169	0.05560654736795804
170	0.04651334071458695
171	0.968055577146144
172	0.16499324727369982
173	0.1521307122146586
174	0.3775797899972509
175	0.24757827243667163
176	0.2209853827589335
177	0.20375781569034168
178	0.0007655338325415709
179	0.0010421053394971877
180	0.002851035264810493
181	0.00511443124754004
182	0.011147830387442765
183	0.9838981538483258
184	0.7227746524257427
185	0.7466251623243612
186	0.9838981538483258
187	1.0
188	1.0
189	0.9838981538483258
190	0.9838981538483258
191	0.952468095176653
192	0.968055577146144
193	0.9838981538483258
194	0.9220420515895167
195	0.952468095176653
196	0.9838981538483258
197	1.0
198	0.9838981538483258
199	0.9071954723294482
200	0.9371316004437406
