1	0.9838981538483189
2	0.9838981538483189
3	0.9524680951766462
4	0.9071954723294353
5	0.45878265723355866
6	0.3008228213237163
7	0.25993340216897615
8	0.27290510147824604
9	0.38375901867528034
10	0.31583506350196755
11	0.7111366461700385
12	0.9838981538483189
13	0.9524680951766462
14	0.9838981538483189
15	0.9838981538483189
16	1.0
17	0.968055577146137
18	0.9220420515895166
19	0.7111366461700385
20	0.7111366461700385
21	0.9838981538483189
22	0.24757827243666986
23	0.062298115656567614
24	0.05211065273008481
25	0.07209806342155774
26	0.8782156365502402
27	0.9524680951766462
28	0.07209806342155774
29	0.03254473486014822
30	0.03529636723622752
31	0.02133951404984807
32	0.03361866366814549
33	0.02469637518143698
34	0.02592882145501866
35	0.03000761409888792
36	0.9524680951766462
37	0.9524680951766462
38	0.9524680951766462
39	0.9524680951766462
40	0.823003625015039
41	0.7967132492072908
42	0.13145230613269135
43	0.05383022830539263
44	0.2912132099152594
45	0.29597901853584924
46	0.3655182215245059
47	0.9524680951766462
48	0.26418730551764663
49	0.061295000982726354
50	0.04576439005839995
51	0.049633734144235934
52	0.13145230613269135
53	0.9524680951766462
54	0.7227746524257376
55	0.823003625015039
56	0.9071954723294353
57	0.7967132492072908
58	0.8097517472627767
59	0.9220420515895166
60	0.9220420515895166
61	0.9071954723294353
62	0.7346031188276402
63	0.614475215120391
64	0.8097517472627767
65	0.8925879504044913
66	0.8364723744993531
67	0.8640747434825075
68	0.18484816784601352
69	0.1649932472736998
70	0.15972263321475677
71	0.07447719441285122
72	0.07327797408660665
73	0.8097517472627767
74	0.04288725609875994
75	0.0664774463128437
76	0.6245313223904232
77	0.20047693868989175
78	0.46629079995640094
79	0.5396417421912999
80	0.25574799451756824
81	0.04019100294647118
82	0.00755081532523563
83	0.002759960588740131
84	0.0003934779152423591
85	0.006214348384488078
86	0.05127157501696166
87	0.12520412762878277
88	0.14489964968096344
89	0.1818717710859382
90	0.6045810297424971
91	0.6045810297424971
92	0.7588439508744703
93	0.9838981538483189
94	0.9838981538483189
95	1.0
96	1.0
97	0.7967132492072908
98	0.823003625015039
99	0.9524680951766462
100	0.7588439508744703
101	0.07693483325865774
102	0.016458371314135432
103	0.015175310452307482
104	0.010446984132459527
105	0.0053696614862374335
106	0.000258002639649743
107	0.0026287744047199277
108	0.00947745670446487
109	0.042196692099190254
110	0.2516299796562454
111	0.968055577146137
112	0.45878265723355866
113	0.30574589468138624
114	0.2912132099152594
115	0.19407281858793524
116	0.20375781569034165
117	0.2358104055548814
118	0.746625162324361
119	0.7588439508744703
120	0.7712627042813435
121	0.8364723744993531
122	0.746625162324361
123	0.746625162324361
124	0.22460188780169194
125	0.18787327440651988
126	0.22827757824649697
127	0.24757827243666986
128	0.15715080394779024
129	0.31583506350196755
130	0.7227746524257376
131	0.699686033300591
132	0.6773349667878901
133	0.7111366461700385
134	0.8640747434825075
135	0.8782156365502402
136	0.8640747434825075
137	0.005637628717885326
138	0.08209608258032106
139	0.08077418408895759
140	0.07947357060372906
141	0.07947357060372906
142	0.09975178733729258
143	0.10138426111191856
144	0.10138426111191856
145	0.9220420515895166
146	0.8364723744993531
147	0.033077341117935664
148	0.02133951404984807
149	0.05560654736795804
150	0.12933568132305998
151	0.9220420515895166
152	0.8925879504044913
153	0.8925879504044913
154	0.8782156365502402
155	0.746625162324361
156	0.823003625015039
157	0.7712627042813435
158	0.8364723744993531
159	0.968055577146137
160	0.8925879504044913
161	0.436975843635331
162	0.20375781569034165
163	0.17043778391330283
164	0.32100381758685564
165	0.3370231708678045
166	0.522403198189142
167	0.8364723744993531
168	0.7967132492072908
169	0.7838846950415546
170	0.7712627042813435
171	0.8925879504044913
172	0.7838846950415546
173	0.7111366461700385
174	0.7346031188276402
175	0.7712627042813435
176	0.968055577146137
177	0.09814559940423227
178	0.02469637518143698
179	0.024298717947761454
180	0.023522509426831248
181	0.020325206299054217
182	0.07693483325865774
183	0.9838981538483189
184	1.0
185	1.0
186	0.9838981538483189
187	1.0
188	0.9838981538483189
189	0.08077418408895759
190	0.00755081532523563
191	0.018142034232021265
192	0.008459463654885606
193	0.008597905811488784
194	0.07947357060372906
195	0.968055577146137
196	1.0
197	0.9371316004437337
198	0.9220420515895166
199	0.968055577146137
200	1.0
