1	1.0
2	0.5396417421912962
3	0.4895605451959158
4	0.47392181612760637
5	0.5484731728386688
6	0.20709238541955047
7	0.04883453939311236
8	0.010791719379643074
9	0.011515692539375573
10	0.012288234154010976
11	0.009950419076984445
12	0.012489335512977493
13	0.02390746372968351
14	0.14968112689163143
15	0.14489964968096344
16	0.14489964968096344
17	0.154620385880011
18	0.22827757824649536
19	0.3262571601860513
20	0.8782156365502339
21	0.758843950874465
22	0.746625162324361
23	0.35963270335587966
24	0.15213071221465752
25	0.11544347070631858
26	0.10644373457266673
27	0.1597226332147545
28	0.1818717710859369
29	0.1252041276287828
30	0.154620385880011
31	0.18484816784601354
32	0.8097517472627594
33	0.07209806342155775
34	0.05471117929721263
35	0.06229811565656762
36	0.002384812237737442
37	0.0062143483844879464
38	0.028581295041563655
39	0.014930959938100428
40	0.014930959938100428
41	0.017279708787602804
42	0.03254473486014822
43	0.42301690250931445
44	0.9838981538483189
45	0.9838981538483189
46	1.0
47	0.44412711003286787
48	0.04963373414423558
49	0.02635315591720863
50	0.02510054021835723
51	0.017001473575159215
52	0.017562497419084194
53	0.01311260248634491
54	0.015676073575284534
55	0.04963373414423558
56	0.9838981538483189
57	0.14968112689163143
58	0.1380122933233906
59	0.8364723744993472
60	0.8925879504044915
61	0.2685108255202325
62	0.21392613224755633
63	0.1972488898661471
64	0.1972488898661471
65	0.09975178733729188
66	0.041517247454898654
67	0.04288725609875964
68	0.09814559940423159
69	0.210481526578282
70	0.8097517472627594
71	0.2685108255202325
72	0.1472709844146121
73	0.1252041276287828
74	0.28652413961186873
75	0.14027091400017716
76	0.783884695041549
77	0.7967132492072908
78	0.8097517472627594
79	0.9371316004437271
80	0.9220420515895167
81	0.8640747434825014
82	0.8782156365502339
83	0.1972488898661471
84	0.31583506350196533
85	0.3315964756209393
86	0.28191057199709163
87	0.2959790185358472
88	0.7967132492072908
89	0.6245313223904189
90	0.585268037678979
91	0.2599334021689762
92	0.1760619823251855
93	0.19094788792080922
94	0.9071954723294289
95	0.1099562226442282
96	0.020325206299054217
97	0.009790198959862089
98	0.6664286233595222
99	0.10818572446379239
100	0.746625162324361
101	0.10818572446379239
102	0.4029101033605775
103	0.6451399456130033
104	0.6245313223904189
105	0.6773349667878853
106	0.6556978921951105
107	0.15213071221465752
108	0.08903724340857806
109	0.7111366461700386
110	0.22098538275893193
111	0.8097517472627594
112	0.23581040555487975
113	0.2599334021689762
114	0.1336035702664359
115	0.7346031188276403
116	0.21742711012397728
117	0.2516299796562454
118	0.37757978999724556
119	0.783884695041549
120	0.9220420515895167
121	0.07209806342155775
122	0.020657835589543483
123	0.04576439005839962
124	0.04502749889045438
125	0.05383022830539263
126	0.1231881100281487
127	0.42301690250931445
128	0.9524680951766463
129	0.9071954723294289
130	0.9071954723294289
131	0.9371316004437271
132	0.39003937264673083
133	0.14027091400017716
134	0.024696375181436806
135	0.014930959938100428
136	0.011515692539375573
137	0.008597905811488723
138	0.08903724340857806
139	0.9071954723294289
140	0.9524680951766463
141	0.3210038175868511
142	0.06867110513305613
143	0.022771096439116737
144	0.011147830387442765
145	0.002897693479410653
146	0.0016686198147892052
147	0.05127157501696131
148	0.06229811565656762
149	0.027668282067044737
150	0.006962169253653725
151	0.003042299783147321
152	0.0076743871260476935
153	0.008738613623635486
154	0.007429233258548931
155	0.9838981538483189
156	0.5484731728386688
157	0.4895605451959158
158	0.466290799956401
159	0.5224031981891384
160	0.004009124378788865
161	0.0005356333306484069
162	0.0002665163506524516
163	0.0050320794624387636
164	0.06979493239667438
165	0.8782156365502339
166	0.6245313223904189
167	0.783884695041549
168	1.0
169	1.0
170	1.0
171	0.6556978921951105
172	0.6144752151203912
173	1.0
174	0.06867110513305613
175	0.007309608887594824
176	0.0008576564720537011
177	0.0005270086451645937
178	0.004074735137074894
179	0.5057153295259705
180	0.4029101033605775
181	0.9838981538483189
182	0.3715000583087311
183	0.3008228213237163
184	0.2959790185358472
185	0.2912132099152574
186	0.2516299796562454
187	0.746625162324361
188	0.746625162324361
189	0.7967132492072908
190	0.7967132492072908
191	0.7712627042813436
192	0.3315964756209393
193	0.1252041276287828
194	0.11358461770178933
195	0.1117556956623576
196	0.12120455403276079
197	0.746625162324361
198	0.1676934209382962
199	0.3370231708678045
200	1.0
