1	0.9371316004437338
2	0.9371316004437338
3	0.6144752151203912
4	0.6347520014624478
5	0.677334966787895
6	0.7227746524257377
7	0.850161544899405
8	0.8230036250150449
9	0.8364723744993592
10	0.7967132492072908
11	0.7838846950415547
12	0.9371316004437338
13	1.0
14	1.0
15	1.0
16	1.0
17	0.9071954723294419
18	0.7838846950415547
19	0.850161544899405
20	0.850161544899405
21	0.7838846950415547
22	0.9071954723294419
23	0.9371316004437338
24	0.7838846950415547
25	0.5852680376789829
26	0.6245313223904277
27	0.9838981538483259
28	0.566571988000515
29	0.5852680376789829
30	1.0
31	0.9524680951766599
32	0.9680555771461371
33	0.16233655139003356
34	0.17606198232518802
35	0.17894329980857993
36	0.18484816784601485
37	0.9524680951766599
38	0.9524680951766599
39	0.7111366461700437
40	0.9524680951766599
41	0.9838981538483259
42	0.9838981538483259
43	1.0
44	1.0
45	0.20375781569034168
46	0.1314523061326923
47	0.12933568132306
48	0.12725313808047323
49	0.034728030561276796
50	0.006214348384488079
51	0.02314375359893911
52	0.02592882145501866
53	0.04084874312373918
54	0.04963373414423629
55	0.35384195289533266
56	0.8925879504044913
57	0.850161544899405
58	0.8925879504044913
59	0.3315964756209417
60	0.3837590186752804
61	1.0
62	0.9838981538483259
63	0.18787327440652124
64	0.060308038307035794
65	0.04430247303072529
66	0.9838981538483259
67	0.03954385360034563
68	0.0336186636681455
69	0.08480513362914956
70	1.0
71	0.04576439005840027
72	0.022404439747548983
73	0.03202070454638309
74	0.21742711012398036
75	0.5758441417787797
76	0.6045810297425057
77	0.8097517472627768
78	0.5057153295259778
79	0.2599334021689762
80	0.6245313223904277
81	0.6245313223904277
82	1.0
83	1.0
84	1.0
85	0.8782156365502403
86	0.7466251623243612
87	0.7967132492072908
88	0.771262704281338
89	0.10472979393476875
90	0.21742711012398036
91	0.2320134226836728
92	0.9524680951766599
93	0.5758441417787797
94	0.008459463654885606
95	0.006850065475449526
96	0.04963373414423629
97	1.0
98	0.08903724340857933
99	0.03202070454638309
100	0.043589121425845555
101	0.9838981538483259
102	0.04883453939311236
103	0.05044600800408417
104	0.1818717710859382
105	1.0
106	1.0
107	0.9524680951766599
108	0.9371316004437338
109	0.3158350635019676
110	0.34814444420780405
111	0.9524680951766599
112	0.9371316004437338
113	0.7227746524257377
114	0.771262704281338
115	0.17894329980857993
116	0.07693483325865776
117	0.09501039487561766
118	0.3837590186752804
119	0.47392181612760975
120	0.4299397258291138
121	0.15462038588001212
122	0.12933568132306
123	0.10138426111191857
124	0.057441482370143
125	0.05127157501696167
126	0.1425664978143681
127	0.9071954723294419
128	0.9680555771461371
129	0.9680555771461371
130	0.9838981538483259
131	1.0
132	0.7838846950415547
133	0.9220420515895102
134	0.9371316004437338
135	0.11925293695084216
136	0.07447719441285175
137	0.08209608258032106
138	0.08209608258032106
139	0.513991542262758
140	0.3262571601860536
141	0.34814444420780405
142	0.1252041276287837
143	0.052110652730085194
144	0.26851082552023436
145	0.05127157501696167
146	0.04883453939311236
147	0.6556978921951152
148	0.7838846950415547
149	0.15972263321475677
150	0.15462038588001212
151	0.6996860333005961
152	0.6245313223904277
153	0.8230036250150449
154	0.7967132492072908
155	0.8640747434825075
156	0.9680555771461371
157	0.9071954723294419
158	0.8782156365502403
159	0.28652413961186873
160	0.3262571601860536
161	0.8230036250150449
162	0.8640747434825075
163	0.09049436982916118
164	0.07447719441285175
165	0.109956222644229
166	0.1336035702664378
167	0.11358461770179014
168	0.14727098441461317
169	0.30082282132371846
170	0.3158350635019676
171	0.6245313223904277
172	0.677334966787895
173	0.677334966787895
174	0.8230036250150449
175	0.9524680951766599
176	0.9071954723294419
177	0.8782156365502403
178	0.5852680376789829
179	0.6996860333005961
180	0.6884197964379097
181	0.850161544899405
182	0.8925879504044913
183	0.8640747434825075
184	0.8640747434825075
185	0.850161544899405
186	0.9371316004437338
187	0.9371316004437338
188	0.850161544899405
189	0.8925879504044913
190	0.9220420515895102
191	0.9371316004437338
192	0.9371316004437338
193	0.6245313223904277
194	0.436975843635331
195	0.3900393726467364
196	0.42301690250932045
197	1.0
198	0.9524680951766599
199	0.9680555771461371
200	1.0
