1	1.0
2	1.0
3	0.2865241396118728
4	0.11358461770179093
5	0.10995622264422977
6	0.5574491330158785
7	0.4739218161276131
8	0.022043686905619336
9	0.00027531100170731634
10	0.0018694178137101953
11	1.0
12	0.0547111792972134
13	0.00495105369311161
14	0.0008716923278076731
15	0.0023086307871881062
16	1.0
17	0.00414141963895089
18	0.007674387126047693
19	0.030498699465507893
20	0.15715080394779135
21	0.7838846950415601
22	0.5758441417787837
23	0.4895605451959227
24	0.7838846950415601
25	0.8097517472627824
26	0.44412711003287414
27	0.9524680951766598
28	0.9220420515895166
29	0.9371316004437403
30	0.5852680376789872
31	0.12120455403276077
32	0.176061982325188
33	0.505715329525985
34	0.8364723744993591
35	0.8925879504044913
36	0.9838981538483328
37	0.9838981538483328
38	1.0
39	0.9071954723294547
40	0.10995622264422977
41	0.004074735137074952
42	0.0031941225103010833
43	0.09975178733729471
44	0.127253138080475
45	0.9838981538483328
46	1.0
47	0.9838981538483328
48	0.9838981538483328
49	0.15213071221465965
50	0.08077418408895759
51	0.06331764666180337
52	0.062298115656568495
53	0.19407281858793524
54	0.9838981538483328
55	0.9838981538483328
56	0.9838981538483328
57	0.9838981538483328
58	0.9680555771461439
59	0.9524680951766598
60	0.7967132492073021
61	0.3425386759286123
62	0.4739218161276131
63	0.4299397258291168
64	0.9838981538483328
65	0.5948461590153711
66	0.3425386759286123
67	0.7838846950415601
68	0.07569604040982214
69	0.029524436113289032
70	0.007191910689857912
71	0.009790198959862228
72	0.15972263321475905
73	0.15715080394779135
74	0.36551822152450847
75	1.0
76	1.0
77	1.0
78	0.21392613224756243
79	0.005729890533725345
80	0.007191910689857912
81	0.005637628717885406
82	0.007191910689857912
83	0.06540703669975811
84	0.07447719441285175
85	0.9524680951766598
86	0.16233655139003356
87	0.3425386759286123
88	0.513991542262758
89	0.9371316004437403
90	0.5665719880005149
91	0.699686033300596
92	0.42301690250932045
93	0.24757827243667338
94	0.9838981538483328
95	0.14489964968096344
96	0.02352250942683158
97	0.0032995238968794487
98	0.0032995238968794487
99	1.0
100	0.006419412822152425
101	0.0021988971683392484
102	0.004491573493650815
103	0.055606547367958434
104	1.0
105	0.0026717952406334006
106	0.0008168904262529344
107	0.022404439747549302
108	0.025928821455018843
109	0.10472979393476875
110	0.11358461770179093
111	0.2729051014782479
112	1.0
113	1.0
114	1.0
115	0.08760357941344458
116	0.015175310452307482
117	0.0009765898446339669
118	0.0021988971683392484
119	0.0020943793974174054
120	0.004009124378788921
121	1.0
122	1.0
123	0.10818572446379238
124	0.10472979393476875
125	0.09814559940423297
126	0.9680555771461439
127	1.0
128	0.1252041276287828
129	0.8925879504044913
130	0.8925879504044913
131	1.0
132	0.12120455403276077
133	0.0005270086451646011
134	8.417520853263029e-05
135	0.0014418122384338217
136	0.10995622264422977
137	0.8925879504044913
138	0.8925879504044913
139	0.8925879504044913
140	1.0
141	1.0
142	1.0
143	0.11175569566235917
144	0.10644373457266974
145	0.10472979393476875
146	0.0005623635409531145
147	0.012090370898187429
148	0.9071954723294547
149	0.9071954723294547
150	0.11925293695084385
151	0.8640747434825136
152	1.0
153	0.10304345090533529
154	0.0006723037820462358
155	0.003757077145472479
156	0.9071954723294547
157	0.010113261253784787
158	0.0035208757183272242
159	0.0015637163575655676
160	4.0545322241609426e-05
161	0.0005101736581558252
162	0.0010421053394971875
163	0.00254479972354816
164	0.007191910689857912
165	0.009790198959862228
166	0.02314375359893927
167	0.32100381758685564
168	1.0
169	1.0
170	1.0
171	1.0
172	1.0
173	1.0
174	0.31583506350196977
175	0.01967592931444537
176	0.006015834611932771
177	0.007191910689857912
178	0.00254479972354816
179	0.0010421053394971875
180	0.0005101736581558252
181	4.1883258770264824e-05
182	0.003042299783147364
183	0.005546852487609715
184	0.013327194928720823
185	1.0
186	1.0
187	1.0
188	1.0
189	0.002851035264810493
190	0.0004480424839484732
191	0.0020943793974174054
192	0.00254479972354816
193	0.01727970878760305
194	0.08480513362915015
195	1.0
196	1.0
197	1.0
198	0.9838981538483328
199	1.0
200	1.0
