1	1.0
2	0.8501615448994048
3	0.21742711012398036
4	0.16499324727370096
5	0.11358461770178932
6	0.14968112689163354
7	0.057441482370143404
8	0.01814203423202152
9	0.009477456704464872
10	0.01248933551297767
11	0.2819105719970956
12	0.9838981538483329
13	0.513991542262758
14	0.6664286233595221
15	0.677334966787895
16	0.00873861362363561
17	0.0020274756563298706
18	7.888324788986942e-05
19	0.0013732801563434583
20	1.0
21	0.008323250672588899
22	0.003944570074838709
23	0.005729890533725346
24	1.0
25	1.0
26	1.0
27	1.0
28	1.0
29	1.0
30	0.00206065602257691
31	0.0006723037820462359
32	0.004278080449843506
33	1.0
34	0.00652446881523681
35	0.0013511678105428593
36	0.003578496112179884
37	0.019047393108381876
38	0.43697584363533404
39	0.36551822152450847
40	0.3538419528953351
41	0.010278768401209682
42	0.006015834611932771
43	0.6664286233595221
44	0.28652413961186873
45	0.7227746524257325
46	0.677334966787895
47	0.03472803056127704
48	0.0370577948122046
49	0.05044600800408382
50	0.23201342268367284
51	0.20709238541955338
52	0.7967132492072908
53	0.6245313223904276
54	0.746625162324361
55	0.45139540946972445
56	0.2435918051833991
57	0.6884197964379097
58	0.7111366461700487
59	0.4095038717012285
60	0.0997517873372933
61	0.031505112088108564
62	0.027668282067045125
63	0.6556978921951198
64	0.6664286233595221
65	0.6996860333005961
66	0.9838981538483329
67	0.9220420515895166
68	0.0330773411179359
69	0.0612950009827268
70	0.052963462250909324
71	0.12933568132305998
72	0.9371316004437404
73	0.8230036250150506
74	0.466290799956401
75	0.5309525138815143
76	0.9838981538483329
77	0.8501615448994048
78	1.0
79	0.4029101033605775
80	0.3538419528953351
81	0.35963270335587966
82	0.35963270335587966
83	0.36551822152450847
84	0.9838981538483329
85	1.0
86	0.11175569566235917
87	0.6664286233595221
88	0.004074735137074952
89	0.00381856306039134
90	0.3370231708678044
91	0.32625716018605594
92	0.4299397258291168
93	0.6884197964379097
94	0.3775797899972509
95	0.25993340216897615
96	0.25574799451756824
97	0.6451399456130033
98	0.331596475620944
99	0.5758441417787756
100	0.31074953590015464
101	0.3837590186752804
102	0.6996860333005961
103	0.7588439508744758
104	0.7111366461700487
105	0.7111366461700487
106	0.052963462250909324
107	0.15972263321475677
108	0.7346031188276507
109	0.8501615448994048
110	0.013545299253377184
111	0.010968329737619126
112	0.8501615448994048
113	0.7227746524257325
114	0.5852680376789872
115	0.01700147357515921
116	0.002993313140091832
117	0.00873861362363561
118	1.0
119	1.0
120	1.0
121	0.5948461590153711
122	0.013112602486345097
123	0.018438935128663837
124	0.12318811002815043
125	0.6664286233595221
126	0.9524680951766598
127	0.9524680951766598
128	0.02510054021835723
129	0.030498699465507893
130	0.8097517472627709
131	0.7588439508744758
132	0.1472709844146142
133	0.1425664978143681
134	0.9071954723294419
135	0.8925879504044915
136	0.5948461590153711
137	0.5758441417787756
138	0.566571988000515
139	0.6664286233595221
140	0.6347520014624477
141	0.614475215120391
142	0.677334966787895
143	0.9524680951766598
144	0.9071954723294419
145	0.9680555771461302
146	0.9838981538483329
147	1.0
148	0.9838981538483329
149	0.9371316004437404
150	0.6451399456130033
151	0.6045810297425014
152	0.7111366461700487
153	0.7227746524257325
154	0.7967132492072908
155	0.9220420515895166
156	0.6996860333005961
157	0.5574491330158785
158	0.8097517472627709
159	0.9680555771461302
160	0.9838981538483329
161	0.9680555771461302
162	0.9680555771461302
163	0.7712627042813326
164	0.45139540946972445
165	0.746625162324361
166	0.5224031981891458
167	0.5484731728386766
168	0.6884197964379097
169	0.6996860333005961
170	0.9838981538483329
171	0.8925879504044915
172	0.9680555771461302
173	0.8925879504044915
174	0.677334966787895
175	0.8925879504044915
176	0.2685108255202324
177	0.026784434765055293
178	0.027222771645920248
179	0.027668282067045125
180	0.003246395470718101
181	0.026353155917208635
182	0.1425664978143681
183	0.16499324727370096
184	0.19407281858793526
185	0.8782156365502465
186	0.746625162324361
187	0.8501615448994048
188	0.331596475620944
189	0.331596475620944
190	0.8925879504044915
191	0.8925879504044915
192	0.8501615448994048
193	0.9220420515895166
194	0.34814444420780405
195	0.36551822152450847
196	0.9680555771461302
197	1.0
198	1.0
199	1.0
200	1.0
