1	0.922042051589523
2	0.7967132492072965
3	0.746625162324361
4	0.6884197964379146
5	0.6556978921951151
6	0.6773349667878997
7	0.5758441417787878
8	0.22827757824649697
9	0.25993340216897615
10	0.49757237909340724
11	0.6347520014624433
12	0.49757237909340724
13	0.3596327033558847
14	0.5139915422627617
15	0.5309525138815104
16	0.6347520014624433
17	0.436975843635334
18	0.5484731728386727
19	0.10995622264422976
20	0.02952443611328903
21	0.31074953590015686
22	0.014221262971401532
23	0.013992274382953526
24	0.01967592931444537
25	0.08760357941344458
26	0.3964225068633103
27	0.9680555771461439
28	0.9680555771461439
29	0.9680555771461439
30	0.9680555771461439
31	0.3964225068633103
32	0.33702317086780925
33	0.33702317086780925
34	0.23581040555488308
35	0.040191002946471474
36	0.04219669209919026
37	0.048834539393112344
38	0.18187177108593947
39	0.6045810297425099
40	0.348144444207804
41	0.31583506350196977
42	0.9371316004437403
43	0.5758441417787878
44	0.6245313223904277
45	0.9680555771461439
46	0.6884197964379146
47	0.6664286233595269
48	0.6664286233595269
49	0.3655182215245085
50	0.3008228213237205
51	0.6045810297425099
52	0.31074953590015686
53	0.25993340216897615
54	0.17606198232518797
55	0.26851082552023625
56	0.14489964968096447
57	0.29121320991526145
58	0.3775797899972562
59	0.3596327033558847
60	0.3837590186752831
61	0.5309525138815104
62	0.33702317086780925
63	0.3837590186752831
64	0.7227746524257427
65	0.4029101033605832
66	0.5057153295259849
67	0.6245313223904277
68	0.9071954723294482
69	0.9071954723294482
70	0.9680555771461439
71	0.9680555771461439
72	0.011515692539375736
73	0.002851035264810513
74	0.0014185963995909593
75	0.001900011506677121
76	0.0014185963995909593
77	0.0016686198147892286
78	0.005283200023099505
79	0.06435386265758171
80	0.00180970034057848
81	0.0012662220527620853
82	0.00034555845780303234
83	0.0032463954707181004
84	0.027668282067045122
85	0.952468095176653
86	0.9680555771461439
87	1.0
88	1.0
89	1.0
90	0.9838981538483259
91	0.9680555771461439
92	0.9680555771461439
93	0.9838981538483259
94	0.9838981538483259
95	0.03254473486014845
96	0.006015834611932771
97	0.0009301706690873712
98	0.0010421053394971875
99	0.0012662220527620853
100	1.0
101	0.06331764666180337
102	0.007309608887594874
103	0.0033535217887888376
104	0.0031941225103011063
105	0.003464183119191529
106	0.0029933131400918323
107	0.004639788871308575
108	0.02168874285044938
109	0.9680555771461439
110	0.8230036250150448
111	0.7712627042813435
112	0.7712627042813435
113	0.6664286233595269
114	0.3900393726467363
115	0.45878265723356193
116	0.3008228213237205
117	0.348144444207804
118	0.6884197964379146
119	0.9071954723294482
120	0.5139915422627617
121	0.5139915422627617
122	0.3596327033558847
123	0.4513954094697309
124	0.45878265723356193
125	0.4095038717012313
126	0.0029933131400918323
127	0.003408403375565032
128	0.038907124553428256
129	0.2729051014782479
130	0.6144752151203954
131	0.6664286233595269
132	0.8782156365502402
133	0.5309525138815104
134	0.49757237909340724
135	0.29121320991526145
136	0.3538419528953351
137	0.8782156365502402
138	0.8640747434825136
139	0.8782156365502402
140	0.8782156365502402
141	0.9071954723294482
142	0.5852680376789872
143	0.5057153295259849
144	0.3008228213237205
145	0.28191057199709557
146	0.8640747434825136
147	0.8230036250150448
148	0.7838846950415602
149	0.6045810297425099
150	0.4513954094697309
151	0.42301690250932045
152	0.5574491330158785
153	0.444127110032871
154	0.3210038175868579
155	0.2557479945175701
156	0.34253867592860987
157	0.746625162324361
158	0.7712627042813435
159	0.7967132492072965
160	0.922042051589523
161	0.5852680376789872
162	0.6144752151203954
163	0.348144444207804
164	0.28652413961187073
165	0.3837590186752831
166	0.6773349667878997
167	0.5139915422627617
168	0.7588439508744812
169	0.7967132492072965
170	0.6045810297425099
171	0.5057153295259849
172	0.6664286233595269
173	0.922042051589523
174	0.922042051589523
175	0.4029101033605832
176	0.4299397258291198
177	0.6556978921951151
178	0.6451399456130124
179	0.6045810297425099
180	0.7588439508744812
181	0.5396417421913038
182	0.5224031981891458
183	0.746625162324361
184	0.42301690250932045
185	0.3655182215245085
186	0.566571988000519
187	0.25993340216897615
188	0.07447719441285228
189	0.09348055211452062
190	0.02678443476505548
191	0.1357900406092586
192	0.6245313223904277
193	0.3837590186752831
194	0.4095038717012313
195	0.6773349667878997
196	0.7838846950415602
197	0.9371316004437403
198	0.9071954723294482
199	0.8782156365502402
200	0.9680555771461439
