1	0.983898153848319
2	0.8364723744993592
3	0.8364723744993592
4	0.6451399456130125
5	0.7967132492072909
6	0.8097517472627825
7	0.9071954723294547
8	0.9371316004437406
9	0.9524680951766599
10	0.47392181612761314
11	0.5396417421913039
12	0.32625716018605594
13	0.466290799956401
14	0.5224031981891458
15	0.8640747434825137
16	0.513991542262758
17	0.210481526578288
18	0.23201342268367284
19	0.098145599404233
20	0.14256649781436811
21	0.4299397258291169
22	0.18484816784601354
23	0.1818717710859395
24	0.7227746524257428
25	0.7712627042813436
26	0.983898153848319
27	0.9071954723294547
28	0.35384195289533515
29	0.164993247273701
30	0.1357900406092586
31	0.30082282132372057
32	0.8364723744993592
33	0.9220420515895167
34	0.8501615448994049
35	0.7588439508744759
36	0.9524680951766599
37	0.3964225068633076
38	0.04151724745489924
39	0.010968329737619282
40	0.011147830387442926
41	0.0028976934794107353
42	0.03705779481220461
43	0.9220420515895167
44	0.9371316004437406
45	0.983898153848319
46	0.2358104055548831
47	0.098145599404233
48	0.044302473030725924
49	0.04651334071458662
50	0.9071954723294547
51	0.8925879504044916
52	0.9220420515895167
53	0.9220420515895167
54	0.04219669209919027
55	0.008459463654885606
56	0.006962169253653924
57	0.6556978921951199
58	0.9371316004437406
59	1.0
60	1.0
61	0.6664286233595222
62	0.12520412762878458
63	0.12120455403276081
64	0.08480513362915017
65	1.0
66	0.8925879504044916
67	0.878215636550234
68	0.8925879504044916
69	0.10995622264422979
70	0.025928821455018475
71	0.03828064801966494
72	0.15462038588001104
73	0.9371316004437406
74	0.5852680376789872
75	0.004278080449843507
76	0.009026975134420792
77	0.010791719379643227
78	0.983898153848319
79	0.968055577146144
80	0.11733274450692358
81	0.010113261253784644
82	0.0008302591310470714
83	0.00015598350155572518
84	0.0007410792960859194
85	0.030007614098887928
86	0.32625716018605594
87	1.0
88	1.0
89	1.0
90	0.33159647562093936
91	0.030997821620274816
92	0.0014418122384338423
93	0.006631244087325166
94	0.0018694178137101957
95	0.01151569253937574
96	0.1336035702664378
97	0.968055577146144
98	0.968055577146144
99	0.015175310452307484
100	0.007799981223697676
101	0.015175310452307484
102	0.614475215120391
103	0.983898153848319
104	0.983898153848319
105	1.0
106	0.06540703669975813
107	0.005198130749139037
108	0.003520875718327175
109	0.003637059484442896
110	0.022043686905619652
111	0.3057458946813841
112	0.9220420515895167
113	0.1818717710859395
114	0.17043778391330408
115	0.277371291338266
116	0.34253867592860754
117	1.0
118	1.0
119	0.5948461590153628
120	0.466290799956401
121	0.2641873055176486
122	0.25162997965624895
123	0.5948461590153628
124	0.878215636550234
125	0.968055577146144
126	0.004209195456615612
127	0.000976589844633967
128	0.022771096439116737
129	0.026784434765055296
130	0.056516568458294864
131	0.013992274382953428
132	0.000765533832541571
133	0.0014418122384338423
134	0.0013511678105428593
135	0.002384812237737442
136	1.0
137	0.14727098441461423
138	0.002805128333603537
139	0.0028976934794107353
140	0.014930959938100643
141	0.983898153848319
142	0.9524680951766599
143	0.8501615448994049
144	0.968055577146144
145	1.0
146	1.0
147	0.968055577146144
148	0.8230036250150391
149	0.968055577146144
150	1.0
151	0.025511319561055724
152	0.00024573928273774096
153	0.0004064621128492973
154	0.14489964968096347
155	1.0
156	0.005114431247540004
157	0.004209195456615612
158	0.004565079704726418
159	0.0030920881101850054
160	0.00873861362363561
161	1.0
162	0.04651334071458662
163	0.015423659850313087
164	0.013545299253376991
165	0.021339514049848227
166	0.019047393108381876
167	0.968055577146144
168	0.5484731728386689
169	0.4975723790934038
170	0.6245313223904279
171	0.8097517472627825
172	0.699686033300596
173	0.699686033300596
174	0.45139540946973095
175	0.7346031188276403
176	0.7346031188276403
177	1.0
178	0.8925879504044916
179	0.878215636550234
180	0.9524680951766599
181	0.983898153848319
182	0.983898153848319
183	0.47392181612761314
184	0.40291010336058325
185	0.6664286233595222
186	0.4975723790934038
187	0.20375781569034312
188	0.164993247273701
189	0.2070923854195505
190	0.5948461590153628
191	0.4975723790934038
192	0.33159647562093936
193	0.22460188780169515
194	0.2819105719970996
195	0.7227746524257428
196	0.9524680951766599
197	0.983898153848319
198	0.9524680951766599
199	1.0
200	1.0
