1	0.9071954723294419
2	0.8782156365502464
3	0.8782156365502464
4	0.8925879504044915
5	0.9071954723294419
6	0.8782156365502464
7	0.8925879504044915
8	0.9220420515895166
9	0.9524680951766463
10	0.9220420515895166
11	0.9371316004437404
12	0.9680555771461302
13	0.9371316004437404
14	0.2396695274125223
15	0.22460188780169194
16	0.2557479945175719
17	0.9524680951766463
18	0.9071954723294419
19	0.9071954723294419
20	0.1878732744065199
21	0.07569604040982214
22	0.0612950009827268
23	0.002384812237737442
24	0.002271457569431769
25	0.0031941225103010837
26	0.003042299783147364
27	0.0025864462836876507
28	0.21048152657828498
29	0.7111366461700385
30	0.24359180518339907
31	0.005729890533725346
32	0.0050320794624388356
33	0.029049038185277303
34	1.0
35	0.0023086307871880737
36	0.0009453932456821844
37	0.007309608887594823
38	1.0
39	1.0
40	1.0
41	1.0
42	0.007076107650393189
43	0.00027087798631395606
44	0.0020606560225769105
45	1.0
46	0.02858129504156406
47	0.004715720680195316
48	0.006631244087325166
49	0.2685108255202325
50	1.0
51	0.9838981538483189
52	0.9680555771461302
53	0.8501615448994049
54	0.08209608258032164
55	0.01814203423202126
56	0.011515692539375738
57	0.011330268629776648
58	0.003944570074838709
59	0.006015834611932771
60	0.010791719379643227
61	0.019675929314445093
62	0.09049436982916181
63	0.8782156365502464
64	0.23201342268367284
65	0.2282775782464986
66	0.27737129133826594
67	0.9680555771461302
68	0.9680555771461302
69	0.09049436982916181
70	0.007550815325235631
71	0.04883453939311235
72	0.11544347070631858
73	0.1472709844146142
74	0.15213071221465968
75	0.8640747434825137
76	0.31074953590015464
77	0.19724888986614988
78	0.09197534264619907
79	0.7967132492072908
80	0.10138426111191928
81	0.11175569566235759
82	0.9838981538483189
83	0.9220420515895166
84	0.13801229332339254
85	0.19407281858793526
86	0.25993340216897615
87	0.8501615448994049
88	0.9220420515895166
89	0.6996860333005961
90	0.9838981538483189
91	0.8501615448994049
92	0.9524680951766463
93	0.9680555771461302
94	0.9838981538483189
95	0.9838981538483189
96	0.614475215120391
97	0.5057153295259778
98	0.466290799956401
99	0.1496811268916314
100	0.09656527406216149
101	0.05651656845829405
102	0.09656527406216149
103	0.1252041276287828
104	0.9838981538483189
105	0.0443024730307253
106	0.0008438466194897108
107	0.000661478449980534
108	0.001225773320081767
109	0.007799981223697675
110	0.0083232506725889
111	0.010278768401209684
112	0.04019100294647119
113	1.0
114	0.04651334071458728
115	0.059336967552506205
116	1.0
117	0.9838981538483189
118	0.9838981538483189
119	0.021339514049848223
120	0.01843893512866384
121	0.013766972933527001
122	0.9838981538483189
123	1.0
124	1.0
125	1.0
126	1.0
127	0.0014893899404870398
128	0.0011675099792966507
129	0.00011092558415419897
130	0.0020274756563298706
131	1.0
132	1.0
133	1.0
134	1.0
135	1.0
136	1.0
137	0.0023086307871880737
138	0.00030347484098480504
139	0.0010764932965619026
140	0.0010764932965619026
141	1.0
142	1.0
143	1.0
144	0.019047393108381876
145	0.0043480927706904
146	0.010617952774480096
147	0.9838981538483189
148	0.06540703669975813
149	0.0472745482168648
150	0.05383022830539263
151	0.00611428590286806
152	0.004141419638950832
153	0.003042299783147364
154	0.0010591597671173619
155	0.00016917178699911117
156	0.0006508274257462949
157	0.0443024730307253
158	0.9838981538483189
159	0.12933568132305998
160	0.08903724340857933
161	0.21048152657828498
162	0.41620554942555466
163	0.5309525138815143
164	0.5852680376789873
165	0.3370231708678045
166	0.1212045540327608
167	0.098145599404233
168	0.513991542262758
169	0.5948461590153628
170	0.6556978921951198
171	0.9838981538483189
172	0.9680555771461302
173	0.9220420515895166
174	0.9071954723294419
175	0.5396417421912961
176	0.5948461590153628
177	0.5396417421912961
178	0.677334966787895
179	0.8364723744993592
180	0.614475215120391
181	0.9524680951766463
182	0.9524680951766463
183	0.272905101478248
184	0.1472709844146142
185	0.098145599404233
186	0.8640747434825137
187	0.9220420515895166
188	0.03646109590141791
189	0.038907124553427985
190	0.1878732744065199
191	0.15972263321475677
192	0.35963270335587966
193	0.9524680951766463
194	0.21392613224755938
195	0.21048152657828498
196	0.08480513362914896
197	0.04151724745489924
198	0.05744148237014341
199	0.04576439005840027
200	0.9838981538483189
