1	0.5758441417787838
2	0.37757978999724556
3	0.19407281858793526
4	0.31074953590015464
5	0.6245313223904276
6	0.8782156365502338
7	0.3370231708678045
8	0.2435918051833956
9	0.8640747434825137
10	0.04963373414423558
11	0.1252041276287828
12	0.1521307122146575
13	0.1972488898661471
14	0.7712627042813435
15	0.7838846950415491
16	0.1972488898661471
17	0.2912132099152615
18	0.47392181612760637
19	0.9680555771461302
20	0.5484731728386688
21	0.8925879504044913
22	0.9220420515895166
23	0.8925879504044913
24	0.9071954723294288
25	0.9220420515895166
26	0.9680555771461302
27	0.9838981538483188
28	0.614475215120391
29	0.5758441417787838
30	0.3315964756209393
31	0.5057153295259705
32	0.8501615448993928
33	0.6245313223904276
34	0.2912132099152615
35	0.2912132099152615
36	0.31583506350196533
37	0.7838846950415491
38	0.809751747262771
39	0.7466251623243612
40	0.7346031188276403
41	0.7838846950415491
42	0.9071954723294288
43	0.4095038717012285
44	0.40291010336057753
45	0.3715000583087311
46	0.45139540946972445
47	0.5758441417787838
48	0.6773349667878853
49	0.7967132492072908
50	0.1357900406092586
51	0.09348055211451997
52	0.45139540946972445
53	1.0
54	0.9524680951766462
55	0.6556978921951104
56	0.7712627042813435
57	0.6045810297425014
58	0.5224031981891384
59	0.1732270593726278
60	0.5574491330158785
61	0.9838981538483188
62	0.9838981538483188
63	1.0
64	0.0028510352648104934
65	0.000803736982286617
66	0.00381856306039134
67	0.006631244087325165
68	1.0
69	1.0
70	1.0
71	1.0
72	1.0
73	1.0
74	0.012489335512977668
75	0.005283200023099468
76	0.002463507565100727
77	0.0063160484245059975
78	1.0
79	0.0061142859028680595
80	0.0035208757183271744
81	0.0022714575694317367
82	0.0002378892831781565
83	0.003696581267296084
84	1.0
85	1.0
86	1.0
87	0.31583506350196533
88	0.22098538275893193
89	0.2396695274125257
90	1.0
91	0.09348055211451997
92	0.01619336115132798
93	0.0036370594844428446
94	0.0046397888713085094
95	1.0
96	0.003881055214359075
97	0.0006833062745535662
98	0.00012630791292891363
99	0.0014418122384338217
100	1.0
101	0.012288234154010974
102	0.0003399943286790685
103	2.7912202484077824e-05
104	0.0002302900473239127
105	0.052963462250909324
106	1.0
107	0.7712627042813435
108	0.7712627042813435
109	0.14489964968096344
110	0.3262571601860513
111	0.6996860333005861
112	0.8501615448993928
113	0.17043778391330164
114	0.005283200023099468
115	0.0030422997831473205
116	0.011515692539375575
117	1.0
118	0.9524680951766462
119	0.9838981538483188
120	1.0
121	0.210481526578285
122	0.019359110527732544
123	0.823003625015039
124	1.0
125	1.0
126	1.0
127	1.0
128	1.0
129	0.9838981538483188
130	0.010113261253784643
131	0.03202070454638286
132	1.0
133	1.0
134	0.9220420515895166
135	1.0
136	0.00346418311919148
137	0.0013080055346563406
138	0.004419250868277081
139	0.016458371314135432
140	0.7111366461700386
141	1.0
142	0.09975178733729187
143	0.08903724340857805
144	0.7838846950415491
145	1.0
146	1.0
147	1.0
148	0.05838153282986846
149	0.00039991732244170497
150	1.860149067639622e-05
151	0.00018952954375246506
152	0.029524436113288616
153	0.9838981538483188
154	1.0
155	0.0016153167178432556
156	0.00016917178699911117
157	0.0007291465512741477
158	0.0036370594844428446
159	0.00414141963895089
160	0.003246395470718055
161	0.01445399904022356
162	0.09197534264619776
163	0.2396695274125257
164	0.22098538275893193
165	0.31583506350196533
166	1.0
167	1.0
168	0.0061142859028680595
169	0.0030422997831473205
170	0.003881055214359075
171	0.0031426912410505935
172	0.010617952774480096
173	0.8925879504044913
174	0.614475215120391
175	0.9220420515895166
176	0.37757978999724556
177	0.28652413961186873
178	0.3370231708678045
179	0.9220420515895166
180	0.8782156365502338
181	0.31583506350196533
182	0.19407281858793526
183	0.2435918051833956
184	0.3262571601860513
185	0.4816777166152449
186	0.31583506350196533
187	0.305745894681384
188	0.2320134226836728
189	0.22827757824649536
190	0.5948461590153626
191	0.9371316004437271
192	0.9220420515895166
193	0.758843950874465
194	0.7346031188276403
195	0.9524680951766462
196	0.9838981538483188
197	1.0
198	0.8782156365502338
199	0.9071954723294288
200	1.0
