1	0.9680555771461439
2	0.8782156365502339
3	0.9220420515895167
4	0.9071954723294419
5	0.1496811268916314
6	0.053830228305392636
7	0.020657835589543778
8	0.05560654736795765
9	0.15213071221465965
10	0.9524680951766463
11	0.9524680951766463
12	0.9371316004437406
13	0.16233655139003358
14	0.03828064801966494
15	0.0012662220527620764
16	0.05211065273008481
17	0.06435386265758127
18	0.8364723744993591
19	0.8097517472627825
20	0.7967132492072909
21	0.8364723744993591
22	0.983898153848319
23	0.7588439508744758
24	0.9524680951766463
25	0.9371316004437406
26	0.49757237909340374
27	0.3481444442078041
28	0.32100381758685564
29	0.3481444442078041
30	1.0
31	1.0
32	0.19094788792080922
33	0.1425664978143681
34	0.15213071221465965
35	0.8925879504044915
36	0.2641873055176486
37	0.10995622264422977
38	0.06540703669975813
39	0.04084874312373918
40	0.035296367236228025
41	0.04288725609876025
42	0.10138426111191928
43	0.7466251623243612
44	0.8097517472627825
45	0.3481444442078041
46	0.2004769386898946
47	0.21392613224755938
48	0.17606198232518802
49	0.08619300005539272
50	0.22098538275893198
51	0.8097517472627825
52	0.2282775782464954
53	0.07819389939674361
54	0.06331764666180337
55	0.030997821620274816
56	0.026353155917209006
57	0.01784991398793898
58	0.018142034232021265
59	0.014690543918280223
60	0.005457537922228077
61	0.00032383375060782415
62	0.0005443991622033164
63	2.050439099815247e-05
64	2.01742324488663e-05
65	0.001059159767117347
66	0.007076107650393189
67	1.0
68	1.0
69	1.0
70	1.0
71	0.007076107650393189
72	0.001094110495432293
73	5.5193506809930345e-05
74	2.01742324488663e-05
75	0.0005101736581558181
76	0.00026222494537734203
77	0.06030803830703579
78	0.25993340216897615
79	0.4513954094697309
80	0.5852680376789872
81	0.5057153295259778
82	0.48956054519592274
83	0.33159647562093936
84	0.22460188780169196
85	0.05651656845829486
86	0.029524436113288616
87	0.051271575016962036
88	0.23201342268367284
89	0.983898153848319
90	0.983898153848319
91	0.983898153848319
92	0.9680555771461439
93	0.9371316004437406
94	0.9371316004437406
95	0.32625716018605594
96	0.2435918051833991
97	0.210481526578285
98	0.054711179297213405
99	0.08343961441457963
100	0.08903724340857933
101	0.2516299796562454
102	0.16499324727369863
103	0.10304345090533384
104	0.09814559940423298
105	0.03828064801966494
106	0.9371316004437406
107	0.9371316004437406
108	1.0
109	1.0
110	0.9680555771461439
111	0.04019100294647119
112	0.034728030561276546
113	0.04219669209919026
114	0.10818572446379239
115	0.9680555771461439
116	0.13579004060925862
117	0.09348055211451999
118	0.09197534264619908
119	0.0358740049446916
120	0.015423659850313085
121	0.010791719379643228
122	0.007799981223697675
123	0.3370231708678045
124	0.2959790185358471
125	0.25574799451756824
126	0.8640747434825137
127	0.9680555771461439
128	0.9220420515895167
129	0.32625716018605594
130	0.272905101478248
131	0.8782156365502339
132	0.8097517472627825
133	0.8364723744993591
134	0.823003625015039
135	0.31074953590015464
136	0.40291010336058325
137	0.9220420515895167
138	0.8640747434825137
139	0.14489964968096344
140	0.09975178733729188
141	0.15213071221465965
142	0.466290799956401
143	0.60458102974251
144	0.6245313223904277
145	0.7346031188276403
146	0.8782156365502339
147	0.42301690250932045
148	0.32625716018605594
149	0.24757827243666988
150	0.06979493239667438
151	0.015676073575284756
152	0.05744148237014259
153	0.6996860333005961
154	0.10472979393476875
155	0.305745894681384
156	0.31074953590015464
157	0.31074953590015464
158	0.11733274450692358
159	0.07569604040982214
160	0.2004769386898946
161	0.02510054021835723
162	0.04288725609876025
163	0.054711179297213405
164	0.7838846950415602
165	0.7838846950415602
166	0.10644373457266824
167	0.043589121425845555
168	0.04651334071458662
169	0.23201342268367284
170	0.32625716018605594
171	0.210481526578285
172	0.40291010336058325
173	0.4299397258291168
174	0.823003625015039
175	0.7111366461700385
176	0.7838846950415602
177	0.7588439508744758
178	0.8097517472627825
179	0.983898153848319
180	0.6773349667879045
181	0.983898153848319
182	0.4513954094697309
183	0.24757827243666988
184	0.20709238541955047
185	0.2641873055176486
186	0.8925879504044915
187	0.9220420515895167
188	0.04019100294647119
189	0.07819389939674361
190	0.07327797408660718
191	0.9371316004437406
192	0.9371316004437406
193	0.9371316004437406
194	0.9680555771461439
195	0.983898153848319
196	0.04084874312373918
197	0.03705779481220461
198	0.04883453939311235
199	0.983898153848319
200	1.0
