1	0.9838981538483188
2	0.21392613224755938
3	0.17043778391330405
4	0.1314523061326923
5	0.20047693868989458
6	0.9071954723294418
7	0.25993340216897615
8	0.23581040555488642
9	0.9220420515895166
10	0.22098538275893193
11	0.21742711012398033
12	0.9071954723294418
13	0.4230169025093204
14	0.2641873055176485
15	0.26851082552023625
16	0.7967132492073021
17	0.823003625015039
18	0.15972263321475677
19	0.02678443476505529
20	0.030007614098887924
21	0.10138426111191927
22	0.11925293695084214
23	0.008323250672589018
24	0.5852680376789872
25	0.8501615448994048
26	0.6045810297425099
27	0.823003625015039
28	0.823003625015039
29	0.8097517472627824
30	0.8640747434825135
31	0.6347520014624477
32	0.9071954723294418
33	0.6556978921951198
34	0.8925879504044913
35	0.14489964968096344
36	0.14968112689163354
37	0.10995622264422977
38	0.12318811002815043
39	0.07819389939674361
40	0.11925293695084214
41	0.9220420515895166
42	0.5665719880005149
43	0.4230169025093204
44	0.2641873055176485
45	0.7346031188276402
46	0.032544734860148215
47	0.04288725609876025
48	0.836472374499359
49	0.27737129133826594
50	0.29121320991526145
51	0.9371316004437404
52	0.836472374499359
53	0.07447719441285175
54	0.005283200023099468
55	0.005283200023099468
56	0.006962169253653824
57	0.20047693868989458
58	0.06030803830703579
59	0.02352250942683158
60	0.21048152657828795
61	0.6664286233595221
62	0.40950387170122843
63	0.45878265723355866
64	0.6245313223904276
65	0.8097517472627824
66	0.09501039487561899
67	0.11544347070631855
68	0.05383022830539262
69	0.09501039487561899
70	0.08903724340857931
71	0.14256649781436806
72	0.07569604040982214
73	0.8782156365502339
74	0.9371316004437404
75	0.6664286233595221
76	0.7712627042813435
77	0.823003625015039
78	0.5665719880005149
79	0.6773349667879045
80	0.5484731728386688
81	0.7712627042813435
82	0.8501615448994048
83	0.8501615448994048
84	0.8782156365502339
85	0.9524680951766598
86	0.9371316004437404
87	0.45139540946973084
88	0.030997821620274812
89	0.022043686905619652
90	0.010278768401209682
91	0.7227746524257427
92	0.25162997965624895
93	0.1472709844146142
94	0.24359180518339907
95	0.14489964968096344
96	0.5309525138815142
97	0.1357900406092586
98	0.305745894681384
99	0.8501615448994048
100	0.7967132492073021
101	0.6773349667879045
102	0.6884197964379097
103	0.5574491330158785
104	0.7466251623243609
105	0.7712627042813435
106	0.8097517472627824
107	0.9524680951766598
108	0.8782156365502339
109	0.6045810297425099
110	0.19724888986614988
111	0.40291010336058325
112	0.836472374499359
113	0.40291010336058325
114	0.3655182215245085
115	0.46629079995640094
116	0.614475215120391
117	0.5574491330158785
118	0.052110652730084805
119	0.019359110527732544
120	0.014453999040223764
121	0.012090370898187257
122	0.7712627042813435
123	0.6045810297425099
124	0.15972263321475677
125	0.2037578156903431
126	0.45878265723355866
127	0.48167771661524483
128	0.4739218161276131
129	0.7111366461700486
130	0.7838846950415602
131	0.15715080394779357
132	0.2729051014782479
133	0.2641873055176485
134	0.4895605451959227
135	0.9220420515895166
136	0.5484731728386688
137	0.5758441417787837
138	0.6451399456130124
139	0.6884197964379097
140	0.6045810297425099
141	0.8097517472627824
142	0.33159647562093936
143	0.19724888986614988
144	0.052110652730084805
145	0.3655182215245085
146	0.3262571601860559
147	0.2819105719970996
148	0.25162997965624895
149	0.2819105719970996
150	0.26851082552023625
151	0.9071954723294418
152	0.7466251623243609
153	0.7967132492073021
154	0.8097517472627824
155	0.6773349667879045
156	0.9680555771461438
157	0.11175569566235917
158	0.10818572446379238
159	0.7346031188276402
160	0.9838981538483188
161	0.2865241396118687
162	0.030997821620274812
163	0.002759960588740131
164	0.003353521788788837
165	0.699686033300596
166	0.7227746524257427
167	0.7838846950415602
168	0.7712627042813435
169	0.7588439508744756
170	0.9524680951766598
171	0.9524680951766598
172	0.9524680951766598
173	0.02678443476505529
174	0.02352250942683158
175	0.009174704819918332
176	0.25162997965624895
177	0.9838981538483188
178	0.9838981538483188
179	0.09049436982916181
180	0.06756537356313871
181	0.614475215120391
182	0.6347520014624477
183	0.025928821455018472
184	0.21392613224755938
185	0.16499324727370096
186	0.2641873055176485
187	0.06647744631284418
188	0.01189569360606805
189	0.008597905811488844
190	0.7227746524257427
191	0.5139915422627579
192	0.26851082552023625
193	0.24757827243666986
194	0.46629079995640094
195	0.006962169253653824
196	0.04727454821686548
197	0.30082282132372057
198	0.33159647562093936
199	0.9838981538483188
200	1.0
