1	1.0
2	0.3008228213237163
3	0.07693483325865721
4	0.021339514049848223
5	0.00495105369311154
6	0.0012458335400746532
7	0.003353521788788837
8	1.0
9	0.9838981538483328
10	1.0
11	1.0
12	1.0
13	0.9838981538483328
14	0.9838981538483328
15	0.002628774404719928
16	0.0047928951403666395
17	0.007799981223697674
18	0.022404439747548667
19	0.07447719441285175
20	0.2959790185358471
21	0.758843950874465
22	0.45878265723355216
23	0.7227746524257325
24	0.2685108255202324
25	0.18484816784601615
26	0.03954385360034535
27	0.011895693606067882
28	0.01567607357528453
29	0.07209806342155876
30	0.44412711003286787
31	0.2641873055176485
32	0.6451399456130033
33	0.9524680951766462
34	0.9838981538483328
35	0.9680555771461301
36	0.9680555771461301
37	0.758843950874465
38	0.3964225068633132
39	0.4895605451959158
40	0.5396417421912962
41	0.5948461590153711
42	0.6664286233595221
43	0.16769342093829617
44	0.1135846177017877
45	0.16499324727369863
46	0.030007614098887924
47	0.2516299796562454
48	0.08480513362914895
49	0.758843950874465
50	0.6884197964379
51	0.0032463954707180544
52	8.837588257170737e-05
53	0.0032995238968794487
54	0.0011487109132294472
55	7.761308196840182e-05
56	0.0009925720876843127
57	0.0005809207180139167
58	0.0001073821303886647
59	0.017279708787602804
60	0.2396695274125257
61	0.2320134226836728
62	0.24359180518339907
63	0.3262571601860513
64	1.0
65	0.007076107650393189
66	0.006739766775034894
67	0.12725313808047323
68	0.4299397258291169
69	0.6664286233595221
70	0.5224031981891458
71	0.2396695274125257
72	0.11544347070631858
73	0.11733274450692356
74	0.1496811268916314
75	0.9524680951766462
76	0.9524680951766462
77	0.21392613224755636
78	0.19724888986614708
79	0.011147830387442765
80	0.01311260248634491
81	0.6884197964379
82	0.809751747262771
83	0.746625162324361
84	0.25574799451756464
85	0.1099562226442282
86	0.1314523061326904
87	0.1380122933233906
88	0.5948461590153711
89	0.28652413961186873
90	0.2641873055176485
91	0.04502749889045438
92	0.0066312440873250705
93	0.002759960588740131
94	0.7838846950415601
95	0.002463507565100692
96	0.21048152657828498
97	0.3210038175868511
98	0.9838981538483328
99	0.809751747262771
100	0.809751747262771
101	0.809751747262771
102	0.176061982325188
103	0.21392613224755636
104	0.21048152657828498
105	1.0
106	0.21742711012397725
107	0.21392613224755636
108	0.08619300005539396
109	0.1472709844146142
110	0.39003937264673083
111	0.7227746524257325
112	0.8501615448994049
113	0.9371316004437404
114	0.9524680951766462
115	0.1380122933233906
116	0.1496811268916314
117	0.2209853827589351
118	0.2819105719970916
119	0.7111366461700487
120	0.2037578156903373
121	0.019997932954225667
122	0.0009004569039077774
123	0.002851035264810493
124	0.6664286233595221
125	0.01645837131413543
126	0.21742711012397725
127	0.17894329980857734
128	0.07447719441285175
129	0.07327797408660612
130	0.030498699465507893
131	0.006316048424506088
132	0.00742923325854893
133	1.0
134	0.029524436113288192
135	0.009950419076984303
136	0.012489335512977491
137	0.017562497419084444
138	0.00012030425723314003
139	0.0006508274257462949
140	0.0008302591310470713
141	4.9265059119111364e-05
142	0.0011487109132294472
143	0.004009124378788922
144	0.005457537922228154
145	0.007550815325235738
146	0.22827757824649533
147	0.22460188780169194
148	0.9838981538483328
149	0.9838981538483328
150	0.6996860333005861
151	0.9838981538483328
152	0.00206065602257691
153	0.00028905010372683697
154	0.0008302591310470713
155	0.002759960588740131
156	0.0016153167178432556
157	0.00038714219438703966
158	0.020325206299054217
159	1.0
160	1.0
161	1.0
162	1.0
163	1.0
164	0.020657835589543483
165	0.000351213645895612
166	0.0016686198147892052
167	0.003142691241050594
168	0.0006300371192533686
169	3.9250125323177046e-05
170	0.0012662220527620764
171	0.5948461590153711
172	0.8640747434825014
173	0.9071954723294289
174	0.1472709844146142
175	0.1521307122146575
176	0.9371316004437404
177	0.9838981538483328
178	0.7346031188276402
179	0.4975723790934108
180	0.6045810297424928
181	0.5665719880005149
182	0.13579004060925665
183	0.0045650797047264826
184	0.03705779481220407
185	0.01311260248634491
186	0.12933568132306184
187	0.16499324727369863
188	0.7227746524257325
189	0.7227746524257325
190	0.746625162324361
191	0.8501615448994049
192	0.06540703669975811
193	0.019997932954225667
194	0.027222771645920248
195	0.03705779481220407
196	0.0675653735631387
197	0.0794735706037285
198	0.5852680376789788
199	0.5665719880005149
200	0.8501615448994049
