1	0.1789432998085799
2	0.18787327440652257
3	0.1546203858800132
4	0.22460188780169513
5	0.8364723744993591
6	0.21392613224756243
7	0.1760619823251905
8	0.1081857244637924
9	0.10472979393477024
10	0.09656527406216288
11	0.746625162324361
12	0.7111366461700487
13	0.03954385360034591
14	0.0009301706690873715
15	0.0005715668219861488
16	0.012489335512977847
17	0.04019100294647176
18	0.013992274382953626
19	0.968055577146144
20	1.0
21	1.0
22	0.968055577146144
23	0.019675929314445374
24	0.017562497419084444
25	0.024696375181437507
26	0.0009301706690873715
27	0.0012662220527620944
28	0.0037570771454724793
29	0.06647744631284513
30	0.10644373457266976
31	0.1357900406092586
32	0.14489964968096347
33	0.8364723744993591
34	0.968055577146144
35	0.8364723744993591
36	0.44412711003287414
37	0.3655182215245085
38	0.5574491330158785
39	0.11925293695084385
40	0.2641873055176523
41	0.7967132492073021
42	0.6884197964379097
43	0.12318811002815044
44	0.25162997965624895
45	0.7712627042813435
46	0.7712627042813435
47	0.699686033300596
48	0.9071954723294547
49	0.9524680951766599
50	0.11358461770179094
51	0.11544347070632022
52	0.18187177108593947
53	0.019675929314445374
54	0.029049038185277716
55	0.9220420515895167
56	0.6664286233595222
57	0.9524680951766599
58	0.9371316004437404
59	0.8230036250150508
60	0.8364723744993591
61	0.9071954723294547
62	0.7712627042813435
63	0.5309525138815219
64	0.9220420515895167
65	0.013327194928720823
66	0.018740694914960387
67	0.06229811565656851
68	0.029049038185277716
69	0.030498699465507893
70	0.699686033300596
71	0.5948461590153711
72	0.5948461590153711
73	0.8782156365502465
74	0.8925879504045041
75	0.1676934209382986
76	0.1314523061326923
77	0.48956054519592274
78	0.3655182215245085
79	0.8640747434825137
80	0.4513954094697309
81	0.08760357941344458
82	0.5309525138815219
83	0.6144752151203998
84	0.5574491330158785
85	0.14489964968096347
86	0.1571508039477936
87	0.08760357941344458
88	0.18787327440652257
89	0.8782156365502465
90	0.9071954723294547
91	0.7712627042813435
92	0.7712627042813435
93	0.8782156365502465
94	0.1314523061326923
95	0.016727718463300366
96	0.009324852154700494
97	0.003696581267296084
98	0.06979493239667536
99	0.7346031188276507
100	0.7588439508744865
101	0.8640747434825137
102	0.7967132492073021
103	0.850161544899417
104	0.7967132492073021
105	0.8230036250150508
106	0.8640747434825137
107	0.06030803830703579
108	0.06647744631284513
109	0.015932618141390915
110	0.09348055211452132
111	0.04883453939311235
112	0.0035208757183272242
113	0.011515692539375738
114	0.008738613623635734
115	0.010278768401209828
116	0.048048213152916935
117	0.04019100294647176
118	0.04084874312373918
119	0.031505112088109015
120	0.12933568132305998
121	0.05560654736795923
122	0.13360357026643968
123	0.08343961441458082
124	0.09656527406216288
125	0.9524680951766599
126	0.6245313223904277
127	0.47392181612761985
128	0.505715329525985
129	0.005457537922228155
130	0.006739766775034991
131	0.0017236818362313376
132	0.001286944230771775
133	0.011330268629776647
134	0.9838981538483329
135	1.0
136	1.0
137	1.0
138	1.0
139	0.025100540218357583
140	0.015175310452307482
141	0.008459463654885726
142	0.019359110527732818
143	0.035296367236228025
144	0.9838981538483329
145	0.5309525138815219
146	0.1789432998085799
147	0.968055577146144
148	0.1081857244637924
149	0.07819389939674472
150	0.14489964968096347
151	0.2475782724366734
152	0.9220420515895167
153	0.9220420515895167
154	0.5852680376789872
155	0.12725313808047503
156	0.0744771944128528
157	0.12520412762878458
158	0.3538419528953402
159	0.8640747434825137
160	0.7838846950415602
161	0.2912132099152615
162	0.007309608887594928
163	0.048048213152916935
164	0.9071954723294547
165	0.0057298905337253465
166	0.013112602486345095
167	0.04963373414423699
168	0.9371316004437404
169	0.07819389939674472
170	0.013766972933527197
171	0.057441482370143404
172	0.03361866366814597
173	0.8640747434825137
174	0.8640747434825137
175	0.3158350635019743
176	0.30574589468138835
177	0.1571508039477936
178	0.1760619823251905
179	0.32100381758685564
180	0.3425386759286123
181	0.513991542262758
182	0.8640747434825137
183	0.8364723744993591
184	0.9371316004437404
185	0.9371316004437404
186	0.9371316004437404
187	1.0
188	1.0
189	0.9838981538483329
190	0.9220420515895167
191	0.9071954723294547
192	0.9524680951766599
193	0.9524680951766599
194	0.9524680951766599
195	0.5484731728386766
196	0.4230169025093265
197	0.4513954094697309
198	0.9524680951766599
199	0.968055577146144
200	1.0
