1	1.0
2	1.0
3	0.4369758436353279
4	0.4299397258291168
5	0.9220420515895166
6	1.0
7	0.8364723744993591
8	0.8230036250150389
9	0.809751747262771
10	0.746625162324361
11	0.758843950874465
12	0.9838981538483189
13	0.3538419528953301
14	0.5224031981891458
15	1.0
16	0.8501615448993928
17	0.6884197964379097
18	0.7967132492072908
19	1.0
20	1.0
21	1.0
22	0.8782156365502339
23	0.6556978921951104
24	0.8230036250150389
25	1.0
26	0.8501615448993928
27	0.35963270335587966
28	0.20047693868989175
29	0.16769342093829617
30	0.05560654736795764
31	0.08480513362914895
32	0.05560654736795764
33	0.18484816784601354
34	0.8501615448993928
35	0.699686033300596
36	0.22460188780169194
37	0.04288725609875963
38	0.012090370898187255
39	0.0063160484245059975
40	0.013327194928720634
41	0.005114431247540003
42	0.06435386265758125
43	0.16769342093829617
44	0.04084874312373917
45	0.03587400494469159
46	0.03646109590141791
47	0.07209806342155775
48	1.0
49	1.0
50	0.9524680951766462
51	0.9524680951766462
52	0.8230036250150389
53	0.4975723790934037
54	0.41620554942555466
55	0.5484731728386688
56	0.809751747262771
57	0.8501615448993928
58	0.9371316004437271
59	0.9680555771461301
60	0.9838981538483189
61	1.0
62	1.0
63	0.758843950874465
64	0.7227746524257325
65	0.40291010336057753
66	0.5484731728386688
67	0.45878265723355866
68	0.8925879504044915
69	1.0
70	1.0
71	0.0744771944128507
72	0.0675653735631387
73	0.06647744631284323
74	0.05744148237014259
75	0.17043778391330164
76	0.783884695041549
77	0.9680555771461301
78	0.2729051014782441
79	0.016727718463300126
80	0.010617952774480096
81	0.009477456704464872
82	0.013766972933527001
83	0.008597905811488844
84	0.15213071221465752
85	0.40291010336057753
86	0.4369758436353279
87	0.09656527406216149
88	0.014221262971401534
89	0.027222771645920248
90	0.0046397888713085094
91	0.015932618141390915
92	0.17606198232518802
93	0.1212045540327608
94	0.03361866366814549
95	0.04651334071458662
96	0.9838981538483189
97	0.011895693606068052
98	0.005457537922228077
99	0.01170415097775544
100	0.005823662247270161
101	0.002503823749912712
102	0.42301690250931445
103	0.8501615448993928
104	0.8782156365502339
105	0.9838981538483189
106	0.9838981538483189
107	1.0
108	1.0
109	0.305745894681384
110	0.25993340216897615
111	0.19724888986614708
112	0.038907124553427985
113	0.6884197964379097
114	0.013545299253376991
115	0.015932618141390915
116	0.11358461770178932
117	0.9680555771461301
118	0.23966952741252226
119	0.466290799956401
120	1.0
121	1.0
122	1.0
123	0.9524680951766462
124	0.8230036250150389
125	1.0
126	0.21048152657828498
127	0.032544734860148215
128	0.005918968568537471
129	0.012489335512977491
130	0.004491573493650751
131	0.9371316004437271
132	0.22827757824649536
133	0.16233655139003356
134	0.25574799451756824
135	0.2729051014782441
136	0.9838981538483189
137	0.9838981538483189
138	0.9838981538483189
139	0.8640747434825137
140	0.8640747434825137
141	0.8501615448993928
142	0.9524680951766462
143	0.9838981538483189
144	0.9071954723294289
145	0.9371316004437271
146	0.8782156365502339
147	0.6884197964379097
148	0.2729051014782441
149	0.14489964968096344
150	0.03705779481220407
151	0.16233655139003356
152	0.3107495359001546
153	0.305745894681384
154	0.4895605451959158
155	0.6245313223904276
156	1.0
157	1.0
158	0.513991542262758
159	0.513991542262758
160	0.9838981538483189
161	0.5574491330158786
162	0.14256649781436603
163	0.11175569566235759
164	0.45878265723355866
165	0.9371316004437271
166	0.3900393726467364
167	0.40291010336057753
168	0.38375901867528034
169	0.39642250686330754
170	0.11358461770178932
171	0.004209195456615611
172	0.0010941104954322774
173	0.00755081532523563
174	0.0025447997235481246
175	0.032544734860148215
176	0.8925879504044915
177	0.04651334071458662
178	0.0472745482168648
179	0.1649932472736986
180	0.9838981538483189
181	0.23966952741252226
182	0.030997821620274372
183	0.022771096439116734
184	0.012901465378461633
185	0.009477456704464872
186	0.08903724340857805
187	0.9680555771461301
188	0.3107495359001546
189	0.19407281858793526
190	0.6451399456130124
191	0.34814444420780405
192	0.26418730551764474
193	0.2819105719970956
194	0.9838981538483189
195	0.9680555771461301
196	0.23966952741252226
197	0.2037578156903402
198	0.20709238541955047
199	0.3538419528953301
200	1.0
