1	0.983898153848312
2	0.5852680376789747
3	0.5309525138815068
4	0.5224031981891384
5	0.5309525138815068
6	0.5224031981891384
7	0.5224031981891384
8	0.5948461590153628
9	0.8782156365502276
10	0.8501615448993989
11	0.43697584363532477
12	0.48167771661523806
13	0.9371316004437205
14	0.8364723744993472
15	0.7712627042813326
16	0.7712627042813326
17	0.46629079995639433
18	0.2865241396118647
19	0.4739218161276098
20	0.8782156365502276
21	0.21742711012397725
22	0.44412711003286787
23	0.9371316004437205
24	0.8097517472627652
25	0.983898153848312
26	0.8640747434825014
27	0.9524680951766462
28	0.9680555771461301
29	0.9371316004437205
30	0.9371316004437205
31	0.9371316004437205
32	0.9524680951766462
33	0.9524680951766462
34	0.4975723790934038
35	0.6996860333005861
36	0.8782156365502276
37	0.7346031188276351
38	0.8925879504044916
39	0.19724888986614852
40	0.21048152657828353
41	0.5309525138815068
42	0.8364723744993472
43	0.9071954723294354
44	0.7838846950415436
45	0.4095038717012256
46	0.10304345090533311
47	0.2358104055548814
48	0.17894329980857737
49	0.37150005830872584
50	0.36551822152450075
51	0.13360357026643588
52	0.14727098441461314
53	0.3008228213237163
54	0.7466251623243612
55	0.5948461590153628
56	0.6045810297424972
57	0.5758441417787756
58	0.5139915422627507
59	0.31074953590015025
60	0.21048152657828353
61	0.14968112689163143
62	0.13360357026643588
63	0.0068500654754494765
64	0.326257160186049
65	0.43697584363532477
66	0.8925879504044916
67	0.9680555771461301
68	0.9680555771461301
69	0.9680555771461301
70	0.4739218161276098
71	0.40291010336057753
72	0.2729051014782421
73	0.28191057199709363
74	0.26418730551764663
75	0.3775797899972482
76	0.2516299796562454
77	0.6245313223904189
78	0.6773349667878901
79	0.6996860333005861
80	0.3775797899972482
81	0.06540703669975813
82	0.07093715149650916
83	0.24359180518339565
84	0.983898153848312
85	0.983898153848312
86	0.983898153848312
87	0.9371316004437205
88	0.9371316004437205
89	0.9371316004437205
90	0.21392613224755785
91	0.0408487431237386
92	0.04804821315291591
93	0.022771096439116574
94	0.22827757824649378
95	0.37150005830872584
96	0.2865241396118647
97	0.3481444442077991
98	0.3210038175868511
99	0.33159647562093936
100	0.5309525138815068
101	0.3964225068633076
102	0.4095038717012256
103	0.2912132099152574
104	0.45139540946972134
105	0.5852680376789747
106	0.9371316004437205
107	0.9071954723294354
108	0.8925879504044916
109	0.9220420515895036
110	0.9680555771461301
111	0.9371316004437205
112	0.5852680376789747
113	0.5309525138815068
114	0.1425664978143671
115	0.13360357026643588
116	0.21392613224755785
117	0.566571988000511
118	0.9371316004437205
119	0.9220420515895036
120	0.7967132492072909
121	0.7712627042813326
122	0.7967132492072909
123	0.983898153848312
124	0.9371316004437205
125	0.9680555771461301
126	0.7227746524257325
127	0.6245313223904189
128	0.9371316004437205
129	0.07447719441285124
130	0.01593261814139069
131	0.01445399904022356
132	0.015175310452307375
133	0.012901465378461633
134	0.013327194928720539
135	0.983898153848312
136	0.983898153848312
137	0.983898153848312
138	0.983898153848312
139	0.004792895140366606
140	0.008323250672588841
141	0.015175310452307375
142	0.011147830387442687
143	0.005823662247270204
144	0.009950419076984374
145	0.8925879504044916
146	0.5948461590153628
147	0.6045810297424972
148	0.566571988000511
149	0.5309525138815068
150	0.5139915422627507
151	0.5309525138815068
152	0.13360357026643588
153	0.030997821620274597
154	0.043589121425845555
155	0.09197534264619713
156	0.1878732744065199
157	0.5758441417787756
158	0.9680555771461301
159	0.9680555771461301
160	0.9524680951766462
161	0.9371316004437205
162	0.8925879504044916
163	0.8097517472627652
164	0.8640747434825014
165	0.8782156365502276
166	0.4739218161276098
167	0.5139915422627507
168	0.8925879504044916
169	0.5574491330158706
170	0.4975723790934038
171	0.0876035794134446
172	0.07447719441285124
173	0.005198130749138926
174	0.004565079704726386
175	0.09656527406216012
176	0.566571988000511
177	0.6347520014624433
178	0.9220420515895036
179	0.5224031981891384
180	0.4975723790934038
181	0.5758441417787756
182	0.8925879504044916
183	0.4975723790934038
184	0.4739218161276098
185	0.48167771661523806
186	0.33159647562093936
187	0.35384195289533266
188	0.40291010336057753
189	0.9220420515895036
190	0.5309525138815068
191	0.5758441417787756
192	0.6045810297424972
193	0.9220420515895036
194	0.9371316004437205
195	0.8782156365502276
196	0.8640747434825014
197	0.8640747434825014
198	0.8640747434825014
199	0.8782156365502276
200	0.983898153848312
