1	0.6347520014624477
2	0.5396417421913039
3	0.6045810297425099
4	1.0
5	0.9680555771461439
6	0.9680555771461439
7	0.9680555771461439
8	0.5852680376789872
9	0.5396417421913039
10	0.614475215120391
11	0.9524680951766463
12	0.0547111792972134
13	0.030007614098887924
14	0.04151724745489924
15	0.34814444420780405
16	0.6664286233595221
17	0.3837590186752804
18	0.4230169025093204
19	0.17043778391330405
20	0.1676934209382962
21	0.33702317086780925
22	0.2557479945175683
23	0.272905101478248
24	0.6347520014624477
25	0.9838981538483188
26	0.9524680951766463
27	0.9371316004437404
28	0.9071954723294547
29	0.08480513362915017
30	0.08209608258032164
31	0.43697584363533404
32	0.9838981538483188
33	0.9838981538483188
34	0.9838981538483188
35	0.9524680951766463
36	0.6556978921951198
37	0.3107495359001546
38	0.5758441417787838
39	0.6884197964379098
40	0.6451399456130124
41	0.9371316004437404
42	0.8782156365502464
43	0.8364723744993591
44	0.25993340216897615
45	0.34814444420780405
46	0.40950387170123426
47	0.41620554942555466
48	0.2557479945175683
49	0.17606198232518802
50	0.15213071221465968
51	0.9071954723294547
52	0.6556978921951198
53	0.15715080394779135
54	0.6664286233595221
55	0.9838981538483188
56	0.127253138080475
57	0.10995622264422977
58	0.1314523061326923
59	0.2516299796562454
60	0.3775797899972509
61	0.8925879504044915
62	0.9071954723294547
63	0.2070923854195505
64	0.10472979393476876
65	0.08480513362915017
66	0.8925879504044915
67	0.24359180518339907
68	0.22460188780169515
69	0.17043778391330405
70	0.04288725609876024
71	0.7967132492072909
72	0.8097517472627824
73	0.8501615448994049
74	0.7588439508744866
75	0.7967132492072909
76	0.1252041276287828
77	0.13579004060925862
78	0.10138426111191928
79	0.1425664978143701
80	0.2209853827589351
81	0.08619300005539272
82	0.08343961441457963
83	0.7967132492072909
84	0.17043778391330405
85	0.0997517873372933
86	0.0997517873372933
87	0.05044600800408453
88	0.15715080394779135
89	0.7227746524257427
90	0.8925879504044915
91	0.3425386759286075
92	0.6451399456130124
93	0.5852680376789872
94	0.04084874312373918
95	0.6664286233595221
96	0.40291010336058325
97	0.39642250686331315
98	0.40291010336058325
99	0.40291010336058325
100	0.09197534264619907
101	0.02812108342598899
102	0.566571988000515
103	0.5758441417787838
104	0.9524680951766463
105	0.9371316004437404
106	0.3715000583087311
107	0.43697584363533404
108	0.9071954723294547
109	0.48956054519592274
110	0.5484731728386766
111	0.14489964968096347
112	0.1972488898661499
113	0.1117556956623576
114	0.272905101478248
115	0.823003625015039
116	0.7967132492072909
117	0.699686033300596
118	0.6451399456130124
119	0.43697584363533404
120	0.6451399456130124
121	0.44412711003286787
122	0.6556978921951198
123	0.614475215120391
124	0.6451399456130124
125	0.614475215120391
126	0.6451399456130124
127	0.6773349667879046
128	0.48167771661524483
129	0.3837590186752804
130	0.3837590186752804
131	0.3900393726467363
132	0.7967132492072909
133	0.2070923854195505
134	0.09348055211451999
135	0.04084874312373918
136	0.04019100294647119
137	0.009174704819918202
138	0.006631244087325165
139	0.9524680951766463
140	0.003944570074838709
141	0.015175310452307484
142	0.02592882145501884
143	0.029524436113289032
144	0.32625716018605594
145	0.32100381758685564
146	0.6884197964379098
147	0.5309525138815143
148	0.25993340216897615
149	0.2819105719970956
150	0.746625162324361
151	0.9371316004437404
152	0.9371316004437404
153	0.9371316004437404
154	0.9524680951766463
155	0.9371316004437404
156	0.4587826572335587
157	0.466290799956401
158	0.34814444420780405
159	0.1336035702664378
160	0.14027091400017716
161	0.466290799956401
162	0.3715000583087311
163	0.043589121425845555
164	0.03954385360034591
165	0.004074735137074894
166	0.9524680951766463
167	0.0007058543855178155
168	0.002384812237737442
169	0.001962709116638142
170	0.003637059484442896
171	0.030997821620274812
172	0.11925293695084216
173	0.566571988000515
174	0.3900393726467363
175	0.045764390058400266
176	0.01784991398793898
177	0.05296346225091008
178	0.25993340216897615
179	0.2516299796562454
180	0.6556978921951198
181	0.7111366461700386
182	0.9220420515895166
183	0.8782156365502464
184	0.699686033300596
185	0.13579004060925862
186	0.0997517873372933
187	0.1212045540327608
188	0.30082282132372057
189	0.466290799956401
190	0.2912132099152615
191	0.12318811002815044
192	0.09656527406216149
193	0.9680555771461439
194	0.9838981538483188
195	0.44412711003286787
196	0.35963270335588476
197	0.04502749889045438
198	0.04430247303072592
199	0.0547111792972134
200	0.1117556956623576
