1	1.0
2	0.983898153848333
3	0.983898153848333
4	0.9680555771461302
5	0.272905101478248
6	0.11733274450692358
7	0.8782156365502464
8	0.08619300005539396
9	0.05651656845829406
10	0.09049436982916054
11	0.24757827243667344
12	0.9071954723294418
13	0.9680555771461302
14	0.9071954723294418
15	0.9071954723294418
16	0.9680555771461302
17	0.09814559940423298
18	0.03416884515602848
19	0.029049038185277716
20	0.05651656845829406
21	0.1081857244637924
22	0.210481526578285
23	1.0
24	0.9524680951766599
25	0.04430247303072529
26	0.04430247303072529
27	0.043589121425845555
28	0.0370577948122046
29	0.035296367236227526
30	0.850161544899405
31	0.850161544899405
32	0.9220420515895167
33	0.9071954723294418
34	0.809751747262771
35	0.809751747262771
36	0.746625162324361
37	0.823003625015039
38	0.9220420515895167
39	0.9680555771461302
40	0.9071954723294418
41	0.8782156365502464
42	0.7838846950415602
43	0.823003625015039
44	0.823003625015039
45	0.0025038237499127474
46	0.004951053693111541
47	0.02510054021835723
48	0.11733274450692358
49	0.0997517873372933
50	1.0
51	0.983898153848333
52	0.9524680951766599
53	0.17894329980857993
54	0.06435386265758218
55	0.03307734111793591
56	0.029049038185277716
57	0.042196692099189664
58	0.07947357060372964
59	0.054711179297213405
60	0.07693483325865831
61	0.04430247303072529
62	0.052963462250909324
63	0.055606547367958434
64	0.1212045540327608
65	1.0
66	0.9371316004437404
67	0.9680555771461302
68	0.19094788792080924
69	0.10472979393476876
70	0.07819389939674361
71	0.07693483325865831
72	0.983898153848333
73	0.983898153848333
74	0.9680555771461302
75	0.9680555771461302
76	0.042196692099189664
77	0.0538302283053934
78	0.10138426111191785
79	0.19407281858793526
80	0.08209608258032165
81	0.024696375181437157
82	0.0011302145468318858
83	0.002851035264810493
84	0.01151569253937574
85	0.07447719441285175
86	0.983898153848333
87	0.809751747262771
88	0.7712627042813326
89	0.7712627042813326
90	0.7588439508744758
91	0.850161544899405
92	0.7967132492072909
93	0.746625162324361
94	0.08480513362914896
95	0.0965652740621615
96	0.1818717710859395
97	0.8364723744993592
98	0.17322705937262783
99	0.3057458946813841
100	0.8364723744993592
101	0.850161544899405
102	0.3481444442078041
103	0.3425386759286075
104	0.3900393726467364
105	0.22460188780169196
106	0.7588439508744758
107	0.23581040555488308
108	0.16769342093829617
109	0.12318811002815046
110	0.10644373457266824
111	0.1252041276287828
112	0.1314523061326923
113	0.07447719441285175
114	0.7227746524257326
115	0.677334966787895
116	0.809751747262771
117	0.6451399456130033
118	0.677334966787895
119	0.983898153848333
120	1.0
121	0.9680555771461302
122	0.9524680951766599
123	0.9371316004437404
124	0.9371316004437404
125	0.9220420515895167
126	0.8925879504044916
127	0.809751747262771
128	0.5057153295259778
129	0.4895605451959228
130	0.5224031981891458
131	0.6664286233595221
132	0.7346031188276508
133	0.2912132099152615
134	0.40291010336057753
135	0.5574491330158786
136	0.05838153282986846
137	0.07693483325865831
138	0.021339514049848227
139	0.025928821455018843
140	0.12725313808047323
141	0.05838153282986846
142	0.7111366461700487
143	0.1252041276287828
144	0.18484816784601615
145	0.3481444442078041
146	0.8364723744993592
147	0.7712627042813326
148	0.7838846950415602
149	0.04019100294647119
150	0.06756537356313776
151	0.04430247303072529
152	0.7967132492072909
153	0.8640747434825015
154	0.7967132492072909
155	0.7712627042813326
156	0.06756537356313776
157	0.011147830387442765
158	0.0876035794134446
159	0.8364723744993592
160	0.8782156365502464
161	0.9371316004437404
162	0.32625716018605594
163	0.2641873055176485
164	0.210481526578285
165	0.23201342268367284
166	0.2912132099152615
167	0.17043778391330164
168	0.19094788792080924
169	0.1878732744065199
170	0.31074953590015464
171	0.1972488898661499
172	0.22098538275893512
173	0.1597226332147568
174	0.07447719441285175
175	0.07693483325865831
176	0.042196692099189664
177	0.21742711012398036
178	0.9680555771461302
179	0.809751747262771
180	0.1878732744065199
181	0.1496811268916314
182	0.12933568132305998
183	0.09348055211451999
184	0.7346031188276508
185	0.9220420515895167
186	0.850161544899405
187	0.2819105719970956
188	0.1336035702664378
189	0.7967132492072909
190	0.04288725609876025
191	0.07947357060372964
192	0.14489964968096347
193	0.2599334021689762
194	0.1496811268916314
195	0.12933568132305998
196	0.16233655139003356
197	1.0
198	0.15213071221465752
199	0.1972488898661499
200	0.9071954723294418
