1	0.444127110032871
2	0.34253867592860743
3	0.5139915422627543
4	0.45878265723355866
5	0.5574491330158824
6	0.8230036250150331
7	0.7466251623243664
8	0.7227746524257325
9	0.7227746524257325
10	0.6773349667878948
11	0.6451399456130078
12	0.6347520014624477
13	0.2599334021689743
14	0.3964225068633103
15	0.5574491330158824
16	0.6773349667878948
17	0.6773349667878948
18	0.9071954723294418
19	0.7227746524257325
20	0.6451399456130078
21	0.6664286233595268
22	0.5396417421913
23	0.7346031188276402
24	0.29597901853584924
25	0.21392613224755785
26	0.2516299796562454
27	0.12318811002815044
28	0.27737129133826793
29	0.49757237909340724
30	0.5309525138815104
31	0.5574491330158824
32	0.3964225068633103
33	0.566571988000515
34	0.3900393726467336
35	0.3900393726467336
36	0.566571988000515
37	0.056516568458294454
38	0.006015834611932686
39	0.014453999040223764
40	0.017279708787603047
41	0.02592882145501866
42	0.8640747434825075
43	0.836472374499359
44	0.8097517472627709
45	0.8097517472627709
46	0.8097517472627709
47	0.7588439508744756
48	0.1972488898661499
49	0.23581040555488308
50	0.207092385419549
51	0.15715080394779135
52	0.23201342268367117
53	0.6347520014624477
54	0.4739218161276131
55	0.27737129133826793
56	0.3775797899972509
57	0.21392613224755785
58	0.10995622264422976
59	0.23201342268367117
60	0.07327797408660718
61	0.164993247273701
62	0.5224031981891384
63	0.23581040555488308
64	0.028581295041563655
65	0.0330773411179359
66	0.030997821620274812
67	0.1047297939347695
68	0.8925879504044978
69	0.4895605451959158
70	0.08760357941344458
71	0.06129500098272593
72	0.03254473486014845
73	0.00022293356467316153
74	0.0001585362275004046
75	0.0006198923584892981
76	0.0009151932040789202
77	0.3481444442078016
78	1.0
79	1.0
80	1.0
81	0.3481444442078016
82	0.006316048424505952
83	0.005546852487609636
84	0.005546852487609636
85	0.0003399943286790733
86	0.02551131956105554
87	0.207092385419549
88	0.26851082552023436
89	0.5758441417787797
90	0.5139915422627543
91	0.9680555771461301
92	0.9071954723294418
93	0.92204205158951
94	0.8230036250150331
95	0.06129500098272593
96	0.036461095901418175
97	0.04883453939311269
98	0.1878732744065212
99	0.15462038588000993
100	0.7967132492072965
101	0.7588439508744756
102	0.7466251623243664
103	0.7466251623243664
104	0.836472374499359
105	0.7227746524257325
106	0.49757237909340724
107	0.305745894681384
108	0.23581040555488308
109	0.25574799451756824
110	0.29121320991525945
111	0.29121320991525945
112	0.3158350635019698
113	0.2641873055176485
114	0.2475782724366716
115	0.5852680376789788
116	0.7967132492072965
117	0.8097517472627709
118	0.8640747434825075
119	0.7111366461700435
120	0.6451399456130078
121	0.6556978921951104
122	0.3370231708678045
123	0.3262571601860513
124	0.29597901853584924
125	0.305745894681384
126	0.3775797899972509
127	0.5224031981891384
128	0.40291010336058036
129	0.4095038717012285
130	0.3964225068633103
131	0.27737129133826793
132	0.1623365513900324
133	0.11175569566235839
134	0.1380122933233906
135	0.17322705937262659
136	0.4369758436353278
137	0.4369758436353278
138	0.7227746524257325
139	0.771262704281338
140	0.5484731728386688
141	0.5574491330158824
142	0.18187177108593688
143	0.4369758436353278
144	0.40291010336058036
145	0.4299397258291138
146	0.4369758436353278
147	0.14027091400017813
148	0.07819389939674415
149	0.07447719441285122
150	0.3107495359001524
151	0.836472374499359
152	0.8640747434825075
153	0.8782156365502338
154	0.6773349667878948
155	0.6884197964379049
156	0.6773349667878948
157	0.14256649781436806
158	0.3262571601860513
159	0.031505112088108786
160	0.08343961441458023
161	0.6245313223904276
162	0.17043778391330164
163	0.32100381758685337
164	0.3008228213237184
165	0.2641873055176485
166	0.27290510147824404
167	0.2641873055176485
168	0.23966952741252398
169	0.2209853827589335
170	0.29121320991525945
171	0.2209853827589335
172	0.3107495359001524
173	0.1623365513900324
174	0.29597901853584924
175	0.6045810297425014
176	0.5574491330158824
177	0.6045810297425014
178	0.6451399456130078
179	0.771262704281338
180	0.8097517472627709
181	0.8097517472627709
182	0.7346031188276402
183	0.4816777166152414
184	0.5484731728386688
185	0.4369758436353278
186	0.3481444442078016
187	0.1909478879208092
188	0.305745894681384
189	0.29597901853584924
190	0.2865241396118667
191	0.2865241396118667
192	0.5852680376789788
193	0.771262704281338
194	0.5852680376789788
195	0.5758441417787797
196	0.7227746524257325
197	0.6451399456130078
198	0.6347520014624477
199	0.7967132492072965
200	1.0
