1	0.5484731728386688
2	0.5484731728386688
3	0.9071954723294418
4	0.5224031981891457
5	0.48956054519592274
6	0.4975723790934036
7	0.5224031981891457
8	0.7111366461700385
9	0.7588439508744758
10	0.45878265723355866
11	0.45878265723355866
12	0.5057153295259778
13	0.48167771661524483
14	0.4513954094697244
15	0.9524680951766462
16	0.10644373457266974
17	0.07819389939674361
18	0.02812108342598899
19	0.09501039487561898
20	0.09049436982916181
21	0.11358461770179093
22	0.22827757824649858
23	0.3008228213237163
24	0.5758441417787837
25	0.47392181612761314
26	0.5948461590153626
27	0.4162055494255546
28	0.3370231708678044
29	0.21392613224755938
30	0.2912132099152615
31	0.48167771661524483
32	0.7346031188276403
33	0.466290799956401
34	0.5309525138815068
35	0.08077418408895759
36	0.05211065273008481
37	0.48167771661524483
38	0.5758441417787837
39	0.9371316004437404
40	0.5057153295259778
41	0.7588439508744758
42	0.8640747434825136
43	0.9371316004437404
44	0.8501615448994048
45	0.836472374499359
46	0.4975723790934036
47	0.6773349667878948
48	0.24359180518339907
49	0.699686033300596
50	0.5665719880005149
51	0.5758441417787837
52	0.466290799956401
53	0.6245313223904276
54	0.9838981538483188
55	0.9524680951766462
56	0.5574491330158785
57	0.003696581267296084
58	0.003246395470718101
59	0.0009925720876842986
60	0.21048152657828498
61	0.21048152657828498
62	0.1357900406092586
63	0.11925293695084214
64	0.9838981538483188
65	1.0
66	1.0
67	0.7588439508744758
68	0.2729051014782479
69	0.17894329980857737
70	0.008738613623635485
71	0.02314375359893927
72	0.07327797408660716
73	0.8097517472627824
74	0.20047693868989175
75	0.052963462250909324
76	0.0001664478089116465
77	0.0001957837424078547
78	0.006524468815236717
79	0.13801229332339057
80	0.5484731728386688
81	0.9371316004437404
82	0.1357900406092586
83	0.15715080394779135
84	0.1972488898661499
85	0.9838981538483188
86	0.5139915422627579
87	0.5574491330158785
88	0.5396417421913038
89	0.8097517472627824
90	0.8097517472627824
91	0.7712627042813435
92	0.5224031981891457
93	0.013545299253376991
94	0.2037578156903431
95	0.466290799956401
96	0.5224031981891457
97	0.9524680951766462
98	0.36551822152450847
99	0.5574491330158785
100	0.3900393726467363
101	0.04804821315291624
102	0.20047693868989175
103	0.012489335512977668
104	0.041517247454899237
105	0.04219669209919026
106	0.8097517472627824
107	0.08619300005539272
108	0.43697584363533404
109	0.5484731728386688
110	0.21048152657828498
111	0.10818572446379239
112	0.21392613224755938
113	0.9220420515895167
114	0.7838846950415602
115	0.7838846950415602
116	0.8097517472627824
117	0.8097517472627824
118	0.7838846950415602
119	0.01967592931444509
120	0.06979493239667436
121	0.22460188780169194
122	0.0290490381852773
123	0.02812108342598899
124	0.022404439747548983
125	0.023522509426831248
126	0.03587400494469159
127	0.5057153295259778
128	0.36551822152450847
129	0.33159647562093936
130	0.3900393726467363
131	0.28652413961186873
132	0.3107495359001546
133	0.5852680376789872
134	0.9071954723294418
135	0.9371316004437404
136	0.8640747434825136
137	0.9838981538483188
138	0.9838981538483188
139	0.9838981538483188
140	0.5852680376789872
141	0.20709238541955047
142	0.30574589468138835
143	0.9071954723294418
144	0.9680555771461438
145	0.8782156365502463
146	0.9524680951766462
147	0.05651656845829486
148	0.07209806342155774
149	0.08480513362915015
150	0.23581040555488308
151	1.0
152	0.9524680951766462
153	0.9220420515895167
154	0.9371316004437404
155	0.21742711012398036
156	0.09501039487561898
157	0.06540703669975813
158	0.030498699465507886
159	0.9371316004437404
160	0.4162055494255546
161	0.44412711003286787
162	0.176061982325188
163	0.0686711051330571
164	0.11925293695084214
165	0.6347520014624477
166	0.7346031188276403
167	0.7588439508744758
168	0.9524680951766462
169	0.48956054519592274
170	0.2516299796562454
171	0.19094788792080922
172	0.31583506350196977
173	1.0
174	0.9838981538483188
175	0.8501615448994048
176	0.8230036250150389
177	0.7588439508744758
178	0.9524680951766462
179	0.2819105719970956
180	0.23201342268367284
181	0.2209853827589351
182	0.31583506350196977
183	0.2819105719970956
184	0.16233655139003353
185	0.16769342093829617
186	0.21048152657828498
187	0.19407281858793526
188	0.17894329980857737
189	0.03361866366814549
190	0.0370577948122046
191	0.4975723790934036
192	0.466290799956401
193	0.09197534264619907
194	0.15213071221465965
195	0.5484731728386688
196	0.19407281858793526
197	0.5309525138815068
198	0.5758441417787837
199	0.9680555771461438
200	0.9838981538483188
