1	0.8364723744993591
2	0.8364723744993591
3	0.8230036250150506
4	0.2396695274125291
5	0.15213071221465965
6	0.0686711051330571
7	0.7346031188276506
8	0.17322705937263028
9	0.022771096439116734
10	0.01493095993810064
11	0.09197534264619908
12	0.9220420515895298
13	0.9524680951766599
14	0.6996860333005959
15	0.1972488898661499
16	0.1546203858800132
17	0.1357900406092586
18	0.35963270335588476
19	0.15972263321475902
20	0.2773712913382699
21	0.2037578156903431
22	0.3900393726467363
23	0.6347520014624477
24	0.9524680951766599
25	0.9371316004437403
26	0.5396417421913038
27	0.45139540946973084
28	0.4587826572335652
29	0.5484731728386766
30	0.24359180518339904
31	0.059336967552507044
32	0.07819389939674472
33	0.5309525138815143
34	0.6144752151203997
35	0.5852680376789872
36	0.5224031981891457
37	0.5484731728386766
38	0.34814444420780405
39	0.4739218161276131
40	0.36551822152450847
41	0.7346031188276506
42	0.7838846950415601
43	0.9838981538483329
44	0.14256649781437009
45	0.1154434707063202
46	0.21048152657828498
47	0.6045810297425099
48	0.8501615448994048
49	0.43697584363533404
50	0.6451399456130124
51	0.6045810297425099
52	0.0686711051330571
53	0.40291010336058325
54	0.3315964756209441
55	0.5665719880005149
56	0.5396417421913038
57	0.8097517472627823
58	0.42301690250932045
59	0.36551822152450847
60	0.37150005830873634
61	0.8782156365502463
62	0.40291010336058325
63	0.30082282132372057
64	0.34814444420780405
65	0.5396417421913038
66	0.7838846950415601
67	0.8364723744993591
68	0.575844141778792
69	0.18187177108593947
70	0.40950387170123426
71	0.4975723790934108
72	0.9524680951766599
73	0.9371316004437403
74	0.3775797899972509
75	0.12120455403276079
76	0.2320134226836761
77	0.19407281858793526
78	0.21048152657828498
79	0.8501615448994048
80	0.6996860333005959
81	0.6045810297425099
82	0.2070923854195534
83	0.25993340216897615
84	0.22827757824649858
85	0.2557479945175719
86	0.08760357941344458
87	0.18787327440651988
88	0.23581040555488308
89	0.3262571601860559
90	0.37150005830873634
91	0.8782156365502463
92	0.4739218161276131
93	0.5139915422627652
94	0.2773712913382699
95	0.23581040555488308
96	0.5224031981891457
97	0.7967132492073021
98	0.746625162324361
99	0.6556978921951198
100	0.7111366461700487
101	0.3775797899972509
102	0.3210038175868602
103	0.36551822152450847
104	0.6347520014624477
105	0.4739218161276131
106	0.6996860333005959
107	0.7588439508744756
108	0.6245313223904276
109	0.5139915422627652
110	0.4975723790934108
111	0.7838846950415601
112	0.7838846950415601
113	0.8097517472627823
114	0.08343961441458082
115	0.021339514049848227
116	0.12318811002815043
117	0.892587950404504
118	0.7588439508744756
119	0.03361866366814597
120	0.018740694914960384
121	0.10472979393477024
122	0.08903724340858057
123	0.16499324727370096
124	0.7227746524257427
125	0.892587950404504
126	0.12318811002815043
127	0.07947357060373075
128	0.10818572446379392
129	0.7588439508744756
130	0.9371316004437403
131	0.9838981538483329
132	0.9371316004437403
133	0.746625162324361
134	0.12725313808047503
135	0.09197534264619908
136	0.05383022830539339
137	0.6996860333005959
138	0.7227746524257427
139	0.8782156365502463
140	0.31583506350196977
141	0.11358461770179093
142	0.055606547367958434
143	0.04651334071458728
144	0.07093715149651067
145	0.7712627042813435
146	0.9220420515895298
147	0.25162997965624534
148	0.28191057199709557
149	0.2773712913382699
150	0.9220420515895298
151	0.14968112689163354
152	0.15213071221465965
153	0.10995622264422977
154	0.12120455403276079
155	0.9524680951766599
156	0.10818572446379392
157	0.07947357060373075
158	0.36551822152450847
159	0.7227746524257427
160	0.6245313223904276
161	0.6144752151203997
162	0.746625162324361
163	0.7346031188276506
164	0.7227746524257427
165	0.6556978921951198
166	0.8097517472627823
167	0.7588439508744756
168	0.7588439508744756
169	0.7838846950415601
170	0.4587826572335652
171	0.40291010336058325
172	0.5484731728386766
173	0.24359180518339904
174	0.015175310452307699
175	0.05127157501696203
176	0.05651656845829485
177	0.05651656845829485
178	1.0
179	0.8501615448994048
180	1.0
181	1.0
182	1.0
183	0.8097517472627823
184	0.7588439508744756
185	0.007927630713798602
186	0.0242987179477618
187	0.06979493239667536
188	0.2641873055176485
189	0.07093715149651067
190	0.6045810297425099
191	0.6245313223904276
192	0.8230036250150506
193	0.7838846950415601
194	0.8097517472627823
195	0.8501615448994048
196	0.7712627042813435
197	0.7838846950415601
198	0.8097517472627823
199	0.8364723744993591
200	0.9838981538483329
