1	0.9220420515895167
2	0.2396695274125257
3	0.39642250686330754
4	0.03828064801966493
5	0.05127157501696203
6	0.10995622264422977
7	0.154620385880011
8	0.23581040555488308
9	0.9071954723294418
10	0.9838981538483188
11	1.0
12	0.9838981538483188
13	0.31583506350196977
14	0.15972263321475677
15	0.05560654736795765
16	0.06647744631284418
17	0.12933568132305998
18	0.9220420515895167
19	0.020657835589543774
20	0.11358461770179094
21	0.39642250686330754
22	0.39642250686330754
23	0.40950387170122843
24	0.513991542262758
25	0.7346031188276403
26	0.968055577146144
27	0.9838981538483188
28	0.7967132492072908
29	0.5309525138815067
30	0.31074953590015464
31	0.2729051014782479
32	0.2641873055176485
33	0.22098538275893193
34	0.154620385880011
35	0.6245313223904277
36	0.7227746524257427
37	0.746625162324361
38	0.7967132492072908
39	0.968055577146144
40	0.04219669209919026
41	0.01619336115132798
42	0.004209195456615611
43	0.004278080449843506
44	0.005369661486237472
45	0.00932485215470036
46	0.5396417421913038
47	0.7588439508744758
48	0.7712627042813435
49	0.7227746524257427
50	0.9220420515895167
51	0.9371316004437404
52	0.3900393726467364
53	0.35963270335588476
54	0.2246018878016951
55	0.8640747434825136
56	0.0013511678105428593
57	0.009026975134420792
58	0.009174704819918202
59	0.12933568132305998
60	0.07209806342155774
61	0.9220420515895167
62	1.0
63	1.0
64	0.9524680951766462
65	0.154620385880011
66	0.00414141963895089
67	0.0007907953330514215
68	0.011147830387442922
69	1.0
70	0.8782156365502339
71	0.9371316004437404
72	0.09501039487561899
73	0.016458371314135432
74	0.24757827243666988
75	0.7227746524257427
76	0.8501615448994048
77	0.968055577146144
78	0.9524680951766462
79	0.9371316004437404
80	1.0
81	1.0
82	0.8640747434825136
83	1.0
84	0.11544347070631857
85	0.018438935128663837
86	0.01493095993810043
87	1.0
88	0.9838981538483188
89	0.9220420515895167
90	0.9220420515895167
91	0.0014418122384338217
92	0.00021581208061492306
93	0.0031941225103010837
94	0.08619300005539272
95	1.0
96	0.9524680951766462
97	0.07209806342155774
98	0.07209806342155774
99	0.0876035794134446
100	0.009477456704464872
101	0.010617952774480095
102	0.6556978921951104
103	0.0005904276939048648
104	0.009632558682416177
105	0.014690543918280431
106	0.007799981223697674
107	0.007309608887594823
108	0.00022293356467315996
109	0.00023788928317815646
110	0.0038810552143591303
111	0.010278768401209682
112	0.6556978921951104
113	0.5665719880005149
114	0.5758441417787837
115	0.614475215120391
116	0.5309525138815067
117	0.7111366461700385
118	0.45139540946973084
119	0.01999793295422567
120	0.0018097003405784802
121	0.0003084413155953434
122	0.0020274756563298706
123	1.0
124	0.36551822152450847
125	1.0
126	0.25162997965624895
127	0.23201342268367284
128	1.0
129	0.968055577146144
130	1.0
131	0.04651334071458661
132	0.016727718463300126
133	0.011330268629776647
134	0.013992274382953427
135	0.014221262971401534
136	0.0014418122384338217
137	0.011895693606068052
138	1.0
139	0.14489964968096344
140	0.968055577146144
141	0.06647744631284418
142	0.005114431247540004
143	0.0030422997831473205
144	0.12318811002814868
145	0.9524680951766462
146	0.9071954723294418
147	0.9371316004437404
148	1.0
149	1.0
150	0.9524680951766462
151	0.968055577146144
152	0.11733274450692356
153	0.019359110527732544
154	0.019047393108381876
155	0.004209195456615611
156	0.10644373457266823
157	0.9524680951766462
158	0.003299523896879449
159	0.010968329737619124
160	0.003578496112179884
161	0.0023464123579847473
162	0.00041987477004942157
163	0.003299523896879449
164	0.04804821315291625
165	0.9838981538483188
166	1.0
167	1.0
168	1.0
169	1.0
170	0.8782156365502339
171	0.19407281858793526
172	0.3538419528953301
173	1.0
174	0.40950387170122843
175	0.003299523896879449
176	0.0007174059456835025
177	0.0016686198147892288
178	0.13579004060925862
179	0.305745894681384
180	0.3262571601860559
181	0.2729051014782479
182	0.34814444420780405
183	0.6451399456130124
184	0.9220420515895167
185	0.9371316004437404
186	0.9838981538483188
187	0.9371316004437404
188	0.9071954723294418
189	0.7111366461700385
190	0.5396417421913038
191	0.5948461590153626
192	0.6347520014624387
193	0.6347520014624387
194	0.6556978921951104
195	0.7967132492072908
196	0.9371316004437404
197	0.9371316004437404
198	0.9838981538483188
199	0.9838981538483188
200	0.968055577146144
