1	0.17894329980857737
2	0.01784991398793847
3	0.00022293356467315998
4	0.0008716923278076485
5	0.003042299783147321
6	0.0031941225103010837
7	0.0046397888713084435
8	0.004348092770690338
9	0.0051981307491388885
10	0.06979493239667438
11	0.9680555771461302
12	1.0
13	0.9838981538483189
14	0.9838981538483189
15	0.08619300005539274
16	0.007799981223697563
17	0.006631244087325071
18	0.00611428590286806
19	0.015175310452307482
20	0.08209608258032047
21	0.2516299796562454
22	0.39003937264673083
23	0.15462038588001104
24	0.027668282067044733
25	0.010968329737619126
26	0.024696375181436803
27	0.9838981538483189
28	1.0
29	1.0
30	1.0
31	0.9838981538483189
32	0.9680555771461302
33	0.012288234154010974
34	0.009026975134420794
35	0.04430247303072466
36	0.08903724340857806
37	0.3057458946813797
38	1.0
39	0.9838981538483189
40	0.9680555771461302
41	0.9680555771461302
42	0.2729051014782441
43	0.05383022830539263
44	0.027222771645920248
45	0.043589121425845555
46	0.03361866366814501
47	1.0
48	1.0
49	0.9838981538483189
50	0.9838981538483189
51	0.9524680951766462
52	0.03307734111793543
53	0.010968329737619126
54	0.04288725609875964
55	0.16769342093829617
56	0.002628774404719891
57	7.392398434323259e-05
58	0.0006944888267967084
59	0.0016686198147892052
60	0.0003399943286790685
61	0.00027981656498743195
62	0.002805128333603497
63	0.8501615448993928
64	0.7111366461700386
65	0.5758441417787756
66	0.6556978921951105
67	0.6556978921951105
68	0.3370231708677997
69	0.2729051014782441
70	0.5396417421912962
71	0.49757237909340374
72	0.5309525138815068
73	0.9220420515895166
74	0.4441271100328678
75	0.4029101033605775
76	0.16499324727369866
77	0.09049436982916054
78	0.3481444442078041
79	0.5948461590153626
80	0.4095038717012285
81	0.49757237909340374
82	0.49757237909340374
83	0.3655182215245033
84	0.746625162324361
85	0.7227746524257325
86	0.6347520014624387
87	0.6347520014624387
88	0.6045810297424928
89	0.7712627042813325
90	0.746625162324361
91	1.0
92	0.10995622264422822
93	0.06647744631284325
94	0.08480513362914774
95	0.19094788792080652
96	0.6664286233595222
97	0.8925879504044915
98	0.7111366461700386
99	0.8640747434825015
100	1.0
101	0.9071954723294289
102	0.8925879504044915
103	0.8925879504044915
104	0.9838981538483189
105	1.0
106	0.019675929314445093
107	0.0021286546673816124
108	0.00206065602257691
109	0.001723681836231313
110	0.0019311058764015325
111	0.9838981538483189
112	0.3596327033558797
113	0.4369758436353279
114	1.0
115	0.0300076140988875
116	0.003944570074838652
117	0.008323250672588782
118	0.01619336115132798
119	1.0
120	0.9071954723294289
121	1.0
122	0.9680555771461302
123	0.9838981538483189
124	1.0
125	1.0
126	0.9071954723294289
127	0.9838981538483189
128	1.0
129	0.9838981538483189
130	0.013992274382953229
131	0.006631244087325071
132	0.0050320794624387636
133	0.031505112088108564
134	0.9838981538483189
135	0.41620554942555466
136	0.37757978999724556
137	0.002586446283687614
138	0.0031941225103010837
139	0.0013732801563434388
140	0.001025325519646744
141	0.018740694914959853
142	0.002715520127955496
143	0.0002378892831781565
144	0.00035696138316949357
145	0.001695927376489869
146	0.0008302591310470713
147	0.00024976089423135706
148	0.002851035264810493
149	0.15213071221465535
150	0.030997821620274372
151	0.0005185228330395475
152	0.04288725609875964
153	0.9680555771461302
154	0.027222771645920248
155	0.019675929314445093
156	0.018142034232021265
157	1.0
158	0.9838981538483189
159	0.038907124553427985
160	0.3538419528953301
161	0.9838981538483189
162	0.9838981538483189
163	0.9838981538483189
164	0.3481444442078041
165	0.022404439747548664
166	1.0
167	0.9838981538483189
168	0.008597905811488723
169	0.00707610765039319
170	0.025100540218356872
171	1.0
172	0.060308038307034934
173	0.006419412822152334
174	0.018438935128663576
175	0.14489964968096344
176	0.39003937264673083
177	0.24359180518339563
178	1.0
179	0.07327797408660612
180	0.010446984132459453
181	0.0008859578853748352
182	0.0014654080128054352
183	0.001395754378613407
184	0.042196692099189664
185	0.052963462250908575
186	0.0006944888267967084
187	0.000661478449980534
188	0.0020943793974173754
189	0.003142691241050594
190	0.0029933131400917898
191	0.0008438466194896989
192	0.00018052084351760924
193	0.018142034232021265
194	0.1818717710859369
195	1.0
196	1.0
197	1.0
198	1.0
199	1.0
200	1.0
