1	0.8230036250150389
2	0.6884197964379
3	0.07093715149650967
4	0.21392613224755938
5	0.08209608258032164
6	0.15972263321475677
7	0.1336035702664378
8	0.1472709844146142
9	0.1472709844146142
10	0.21742711012397725
11	0.3775797899972509
12	0.5948461590153626
13	0.48167771661523795
14	0.5948461590153626
15	0.836472374499359
16	0.7967132492072908
17	0.5396417421912961
18	0.6556978921951105
19	0.746625162324361
20	0.6664286233595221
21	0.5574491330158785
22	0.6773349667878948
23	0.6045810297425014
24	0.8501615448994049
25	0.9680555771461301
26	0.8501615448994049
27	0.2685108255202325
28	0.2516299796562454
29	0.5224031981891384
30	0.7712627042813326
31	0.9680555771461301
32	0.6664286233595221
33	0.2435918051833956
34	0.5057153295259778
35	0.49757237909340374
36	0.03202070454638286
37	0.05383022830539263
38	0.08480513362914896
39	0.09197534264619776
40	0.08619300005539272
41	0.07569604040982107
42	0.014221262971401331
43	0.3837590186752804
44	0.33159647562093936
45	0.39642250686331315
46	0.3538419528953351
47	0.4095038717012285
48	0.40291010336057753
49	0.9838981538483189
50	1.0
51	0.9524680951766463
52	0.20047693868989175
53	0.11925293695084216
54	0.1878732744065199
55	0.11925293695084216
56	0.1472709844146142
57	0.8925879504044915
58	0.35963270335587966
59	0.9371316004437404
60	0.9524680951766463
61	0.9524680951766463
62	0.9838981538483189
63	0.9838981538483189
64	0.42301690250932045
65	0.2320134226836695
66	0.1496811268916314
67	0.06435386265758125
68	0.07093715149650967
69	0.17043778391330164
70	0.8782156365502339
71	0.9524680951766463
72	0.40291010336057753
73	0.3538419528953351
74	0.10995622264422977
75	0.6556978921951105
76	0.07327797408660716
77	0.06756537356313774
78	0.6556978921951105
79	0.15715080394779138
80	0.3107495359001502
81	0.39642250686331315
82	0.29121320991525734
83	0.5758441417787756
84	0.5224031981891384
85	0.27737129133826594
86	0.3655182215245033
87	0.783884695041549
88	0.699686033300586
89	0.9071954723294419
90	0.836472374499359
91	0.8097517472627709
92	0.7588439508744758
93	0.4095038717012285
94	0.25574799451756824
95	0.6045810297425014
96	0.8640747434825012
97	0.5224031981891384
98	0.5852680376789788
99	0.16769342093829617
100	0.11733274450692358
101	0.1472709844146142
102	0.1336035702664378
103	0.15213071221465752
104	0.9071954723294419
105	0.7346031188276403
106	0.8097517472627709
107	0.7967132492072908
108	0.783884695041549
109	0.04019100294647119
110	0.041517247454899237
111	0.03828064801966439
112	0.0058236622472702445
113	0.02858129504156366
114	0.0015385376373511577
115	9.129215786581521e-05
116	0.0017518905076602488
117	0.004141419638950831
118	0.008597905811488844
119	0.03416884515602799
120	0.9680555771461301
121	1.0
122	0.8230036250150389
123	0.9680555771461301
124	0.9838981538483189
125	0.0472745482168648
126	0.10472979393476875
127	0.009790198959862087
128	0.010968329737619124
129	0.015423659850313085
130	0.9071954723294419
131	1.0
132	0.9071954723294419
133	0.6347520014624477
134	0.8925879504044915
135	0.6347520014624477
136	0.9071954723294419
137	0.9838981538483189
138	0.9838981538483189
139	0.9680555771461301
140	0.9680555771461301
141	0.9680555771461301
142	0.9524680951766463
143	0.9524680951766463
144	0.9220420515895036
145	0.8925879504044915
146	0.8097517472627709
147	0.836472374499359
148	0.6664286233595221
149	0.9838981538483189
150	0.9838981538483189
151	0.9524680951766463
152	0.019997932954225667
153	0.024696375181437153
154	0.02390746372968351
155	0.019997932954225667
156	0.07569604040982107
157	1.0
158	0.9524680951766463
159	0.6884197964379
160	0.8782156365502339
161	0.8782156365502339
162	0.1496811268916314
163	0.1314523061326923
164	0.10995622264422977
165	0.10818572446379085
166	0.07447719441285175
167	0.11358461770178932
168	0.0020943793974173754
169	0.002463507565100692
170	0.0018694178137101689
171	0.004278080449843506
172	0.11925293695084216
173	0.9838981538483189
174	0.8097517472627709
175	0.8782156365502339
176	0.17894329980857737
177	0.21048152657828498
178	0.1272531380804732
179	0.11358461770178932
180	0.21048152657828498
181	0.6773349667878948
182	0.9838981538483189
183	0.3837590186752804
184	0.45139540946972445
185	0.9371316004437404
186	0.41620554942555466
187	0.3210038175868511
188	0.7346031188276403
189	0.614475215120391
190	0.2685108255202325
191	0.17322705937262536
192	0.15213071221465752
193	0.03416884515602799
194	0.6773349667878948
195	0.10472979393476875
196	0.12120455403275907
197	0.19094788792080922
198	0.176061982325188
199	0.39003937264673083
200	0.9371316004437404
