1	0.952468095176653
2	0.9220420515895101
3	0.9220420515895101
4	0.8501615448993989
5	0.8640747434825014
6	0.9071954723294418
7	0.9071954723294418
8	0.8501615448993989
9	0.8640747434825014
10	0.8640747434825014
11	0.8501615448993989
12	0.809751747262771
13	0.3655182215245033
14	0.4369758436353341
15	0.31074953590015464
16	0.2641873055176467
17	0.6556978921951152
18	0.6664286233595221
19	0.6045810297425014
20	0.7838846950415547
21	0.4029101033605775
22	0.305745894681384
23	0.24757827243667163
24	0.3837590186752777
25	0.7227746524257325
26	0.6773349667878948
27	0.6773349667878948
28	0.7466251623243612
29	0.24757827243667163
30	0.13579004060925667
31	0.18484816784601485
32	0.21392613224755788
33	0.8230036250150332
34	0.7111366461700436
35	0.7588439508744704
36	0.9680555771461301
37	0.9838981538483258
38	0.9838981538483258
39	0.9838981538483258
40	0.9220420515895101
41	0.771262704281338
42	0.7967132492072965
43	0.7588439508744704
44	0.6347520014624433
45	0.5852680376789872
46	0.6664286233595221
47	0.6664286233595221
48	0.9220420515895101
49	0.7346031188276455
50	0.5224031981891458
51	0.3370231708678045
52	0.3900393726467364
53	0.35384195289533266
54	0.40950387170122554
55	0.3315964756209417
56	0.3481444442078041
57	0.2641873055176467
58	0.20709238541955194
59	0.27737129133826793
60	0.305745894681384
61	0.5139915422627543
62	0.444127110032871
63	0.3481444442078041
64	0.05127157501696167
65	0.019675929314445093
66	0.024696375181437153
67	0.06331764666180247
68	0.06435386265758172
69	0.0612950009827268
70	0.05383022830539225
71	0.594846159015367
72	0.5852680376789872
73	0.9838981538483258
74	0.9838981538483258
75	1.0
76	0.049633734144235934
77	0.03254473486014845
78	0.060308038307035364
79	0.07327797408660718
80	0.26851082552023436
81	0.305745894681384
82	0.5139915422627543
83	0.1649932472736998
84	0.2557479945175664
85	0.9838981538483258
86	0.9838981538483258
87	0.9371316004437404
88	0.6556978921951152
89	0.21392613224755788
90	0.45878265723355544
91	0.09975178733729258
92	0.21392613224755788
93	0.5574491330158786
94	0.952468095176653
95	1.0
96	0.22098538275893354
97	0.06540703669975811
98	0.016193361151328096
99	0.5396417421912961
100	0.8925879504044915
101	0.8640747434825014
102	0.8925879504044915
103	0.21392613224755788
104	0.06867110513305663
105	0.1154434707063194
106	0.4029101033605775
107	0.5139915422627543
108	0.2358104055548831
109	0.12318811002814956
110	0.21742711012398036
111	0.35963270335588227
112	0.47392181612760975
113	0.7967132492072965
114	0.566571988000511
115	0.41620554942555466
116	0.5224031981891458
117	0.594846159015367
118	0.548473172838665
119	0.2819105719970956
120	0.19407281858793526
121	0.21392613224755788
122	0.23201342268367284
123	0.9371316004437404
124	0.47392181612760975
125	0.12318811002814956
126	0.10995622264422977
127	0.5309525138815105
128	0.45878265723355544
129	0.5057153295259778
130	0.8782156365502402
131	0.5224031981891458
132	0.7838846950415547
133	0.6773349667878948
134	0.9371316004437404
135	1.0
136	0.952468095176653
137	0.47392181612760975
138	0.14256649781436706
139	0.41620554942555466
140	0.3715000583087337
141	0.47392181612760975
142	0.15972263321475563
143	0.18187177108593688
144	0.27737129133826793
145	0.10995622264422977
146	0.13801229332339157
147	0.8782156365502402
148	0.9220420515895101
149	0.9220420515895101
150	0.8230036250150332
151	0.24757827243667163
152	0.22098538275893354
153	0.6884197964379049
154	0.952468095176653
155	0.9371316004437404
156	0.3775797899972509
157	0.3315964756209417
158	0.809751747262771
159	0.8501615448993989
160	0.809751747262771
161	0.0612950009827268
162	0.08480513362914895
163	0.14256649781436706
164	0.10138426111191785
165	0.07819389939674361
166	0.07093715149650967
167	0.01567607357528464
168	0.020657835589543774
169	0.9071954723294418
170	1.0
171	1.0
172	0.8925879504044915
173	0.8925879504044915
174	0.8925879504044915
175	0.8640747434825014
176	0.8640747434825014
177	0.013545299253377089
178	0.022043686905619343
179	0.04576439005840027
180	0.06867110513305663
181	0.060308038307035364
182	0.06979493239667488
183	0.05127157501696167
184	0.1252041276287837
185	0.07447719441285122
186	0.06229811565656806
187	0.07947357060372963
188	0.42993972582911383
189	0.7111366461700436
190	0.7111366461700436
191	0.8782156365502402
192	0.8364723744993592
193	0.7838846950415547
194	0.8364723744993592
195	0.809751747262771
196	0.8782156365502402
197	0.952468095176653
198	0.8925879504044915
199	0.8925879504044915
200	1.0
