1	0.9071954723294418
2	0.9220420515895166
3	0.8364723744993591
4	0.8501615448993928
5	0.9838981538483188
6	0.9838981538483188
7	0.3425386759286075
8	0.23966952741252232
9	0.6556978921951104
10	0.758843950874465
11	0.10818572446379239
12	0.08209608258032165
13	0.24359180518339907
14	0.3158350635019698
15	0.5758441417787837
16	0.7712627042813435
17	0.7111366461700385
18	0.37150005830873106
19	0.5758441417787837
20	0.07093715149650967
21	0.03954385360034535
22	0.098145599404233
23	0.1314523061326923
24	0.7346031188276402
25	0.23966952741252232
26	0.13579004060925862
27	0.18484816784601354
28	0.3008228213237163
29	0.1909478879208065
30	0.12318811002814868
31	0.210481526578285
32	0.21392613224755636
33	0.08077418408895759
34	0.08077418408895759
35	0.45878265723355866
36	0.8364723744993591
37	0.9071954723294418
38	0.9838981538483188
39	0.9524680951766463
40	0.9680555771461301
41	0.9838981538483188
42	0.5574491330158785
43	0.11925293695084047
44	0.16233655139003358
45	0.13579004060925862
46	0.09348055211451999
47	0.04804821315291625
48	0.03828064801966439
49	0.052963462250909324
50	0.1878732744065199
51	0.3370231708678045
52	0.9220420515895166
53	0.9680555771461301
54	0.18484816784601354
55	0.15715080394779135
56	0.305745894681384
57	0.17043778391330164
58	0.614475215120391
59	0.49757237909340374
60	0.1972488898661471
61	0.07093715149650967
62	0.14489964968096344
63	0.17894329980857737
64	0.16233655139003358
65	0.12725313808047323
66	0.07947357060372963
67	0.07693483325865721
68	0.14027091400017713
69	0.8501615448993928
70	0.8782156365502339
71	0.9838981538483188
72	0.9371316004437404
73	0.2912132099152615
74	0.783884695041549
75	0.7967132492072908
76	0.8501615448993928
77	0.8782156365502339
78	0.3008228213237163
79	0.783884695041549
80	0.9220420515895166
81	0.8782156365502339
82	0.07569604040982214
83	0.0744771944128507
84	0.06229811565656762
85	0.08619300005539274
86	0.07693483325865721
87	0.15715080394779135
88	0.1597226332147545
89	0.15715080394779135
90	0.0744771944128507
91	0.0018694178137101955
92	0.02812108342598859
93	0.8364723744993591
94	0.8501615448993928
95	0.9220420515895166
96	0.10995622264422822
97	0.0876035794134446
98	0.15462038588001104
99	0.054711179297213405
100	0.023522509426831248
101	0.004074735137074894
102	0.015423659850313085
103	0.023143753598938943
104	0.00947745670446487
105	0.012288234154010974
106	0.011147830387442765
107	0.09049436982916181
108	0.08903724340857806
109	0.9524680951766463
110	0.9838981538483188
111	0.9838981538483188
112	0.9838981538483188
113	0.9071954723294418
114	0.03529636723622752
115	0.03529636723622752
116	0.03705779481220407
117	0.05560654736795764
118	0.06331764666180247
119	0.11358461770179093
120	0.8782156365502339
121	0.7712627042813435
122	0.37150005830873106
123	0.3837590186752804
124	0.5852680376789788
125	0.5484731728386688
126	0.9680555771461301
127	0.9838981538483188
128	0.176061982325188
129	0.1909478879208065
130	0.17322705937262783
131	0.05383022830539263
132	0.03099782162027437
133	0.809751747262771
134	0.8364723744993591
135	0.8364723744993591
136	0.8640747434825136
137	0.9371316004437404
138	0.9838981538483188
139	0.9838981538483188
140	0.9838981538483188
141	0.9680555771461301
142	0.05744148237014259
143	0.027668282067044733
144	0.024696375181437153
145	0.024298717947761457
146	0.03587400494469159
147	0.9680555771461301
148	0.9371316004437404
149	0.7466251623243612
150	0.823003625015039
151	0.823003625015039
152	0.48956054519591585
153	0.09501039487561765
154	0.10304345090533384
155	0.48956054519591585
156	0.45878265723355866
157	0.2865241396118646
158	0.31074953590015464
159	0.3775797899972509
160	0.8640747434825136
161	0.7346031188276402
162	0.8501615448993928
163	0.9220420515895166
164	0.8925879504044915
165	0.758843950874465
166	0.783884695041549
167	0.2641873055176448
168	0.23201342268367284
169	0.49757237909340374
170	0.9838981538483188
171	0.9680555771461301
172	0.48956054519591585
173	0.3900393726467363
174	0.2865241396118646
175	0.6347520014624387
176	0.7111366461700385
177	0.9220420515895166
178	0.4739218161276064
179	0.45139540946972445
180	0.758843950874465
181	0.7346031188276402
182	0.7712627042813435
183	0.4369758436353279
184	0.10818572446379239
185	0.054711179297213405
186	0.06540703669975813
187	0.027222771645920248
188	0.9524680951766463
189	0.823003625015039
190	0.8782156365502339
191	0.8640747434825136
192	0.9680555771461301
193	0.8364723744993591
194	0.03705779481220407
195	0.03529636723622752
196	0.13360357026643588
197	0.1878732744065199
198	0.1818717710859395
199	0.5948461590153626
200	0.6245313223904277
