1	0.8640747434825014
2	0.8501615448993928
3	0.8925879504044915
4	0.9680555771461301
5	0.9680555771461301
6	0.9838981538483188
7	0.8925879504044915
8	0.809751747262771
9	0.8230036250150273
10	0.9680555771461301
11	0.9838981538483188
12	0.9838981538483188
13	0.8925879504044915
14	0.8640747434825014
15	0.6347520014624387
16	0.08903724340857931
17	0.019675929314445093
18	0.008738613623635485
19	0.0046397888713085094
20	0.0036370594844428957
21	0.003092088110184961
22	0.0009151932040789202
23	2.0839952710505337e-05
24	0.00016113072972067275
25	0.040191002946470614
26	0.0769348332586572
27	0.10995622264422976
28	0.015423659850313087
29	0.014221262971401331
30	0.014221262971401331
31	0.014453999040223764
32	0.00028905010372683285
33	0.002851035264810493
34	0.5309525138815068
35	0.2396695274125223
36	0.2599334021689725
37	0.6451399456130031
38	0.6347520014624387
39	0.9071954723294419
40	0.6884197964379
41	0.011147830387442765
42	0.02133951404984792
43	0.02390746372968351
44	0.06129500098272593
45	0.07327797408660716
46	0.025511319561055356
47	0.014690543918280221
48	0.1252041276287828
49	0.809751747262771
50	0.8230036250150273
51	0.2435918051833956
52	0.05044600800408382
53	0.02168874285044923
54	0.010446984132459602
55	0.006962169253653824
56	0.017849913987938726
57	0.0330773411179359
58	0.11733274450692358
59	0.9680555771461301
60	0.9838981538483188
61	0.9680555771461301
62	0.9680555771461301
63	0.11175569566235759
64	0.02635315591720863
65	0.006015834611932686
66	0.009790198959862089
67	0.023522509426831248
68	0.02510054021835687
69	0.06129500098272593
70	0.3008228213237163
71	0.8640747434825014
72	0.8925879504044915
73	0.3262571601860513
74	0.2516299796562454
75	0.2641873055176486
76	0.21742711012397725
77	0.2685108255202325
78	0.8640747434825014
79	0.7227746524257325
80	0.9371316004437271
81	0.10138426111191785
82	0.07327797408660716
83	0.9680555771461301
84	0.9838981538483188
85	0.9680555771461301
86	0.9838981538483188
87	0.10472979393476876
88	0.09501039487561765
89	0.9524680951766463
90	0.8925879504044915
91	0.7967132492072908
92	0.8925879504044915
93	0.210481526578285
94	0.17894329980857737
95	0.25574799451756824
96	0.2641873055176486
97	0.4513954094697245
98	0.8230036250150273
99	0.8364723744993591
100	0.9838981538483188
101	0.9680555771461301
102	0.9524680951766463
103	0.9524680951766463
104	0.6884197964379
105	0.6884197964379
106	0.8782156365502339
107	0.783884695041549
108	0.7967132492072908
109	0.8782156365502339
110	0.9220420515895036
111	0.09814559940423298
112	0.02510054021835687
113	0.09348055211451997
114	0.04963373414423629
115	0.9071954723294419
116	0.3596327033558797
117	0.29121320991525734
118	0.02429871794776111
119	0.015175310452307265
120	0.6451399456130031
121	0.677334966787895
122	0.2435918051833956
123	0.5758441417787755
124	0.3425386759286075
125	0.5948461590153626
126	0.6144752151203824
127	0.5948461590153626
128	0.9071954723294419
129	0.17043778391330164
130	0.15462038588000881
131	0.17606198232518802
132	0.12725313808047323
133	0.14027091400017713
134	0.2599334021689725
135	0.2641873055176486
136	0.9071954723294419
137	0.9680555771461301
138	0.9680555771461301
139	0.9838981538483188
140	0.8925879504044915
141	0.8501615448993928
142	0.8925879504044915
143	0.8364723744993591
144	0.8640747434825014
145	0.18484816784601354
146	0.18187177108593688
147	0.2396695274125223
148	0.17894329980857737
149	0.10472979393476876
150	0.09814559940423298
151	0.1380122933233906
152	0.8364723744993591
153	0.9524680951766463
154	0.0036965812672960317
155	0.0005270086451645937
156	0.000816890426252923
157	0.0002340588265392881
158	0.00014382334778855534
159	0.0013294115143323755
160	0.5852680376789788
161	0.22098538275893195
162	0.04288725609875964
163	0.07209806342155672
164	0.9220420515895036
165	0.08480513362914895
166	0.020325206299053933
167	0.0076743871260476935
168	0.009026975134420792
169	0.03000761409888792
170	0.018438935128663837
171	0.9680555771461301
172	0.9680555771461301
173	0.9680555771461301
174	0.9838981538483188
175	0.045764390058399614
176	0.03000761409888792
177	0.027668282067045125
178	0.026784434765055293
179	0.012693727967806401
180	0.06435386265758125
181	0.9220420515895036
182	0.04651334071458661
183	0.02429871794776111
184	0.22827757824649536
185	0.9680555771461301
186	0.4975723790934037
187	0.09049436982916054
188	0.042196692099189664
189	0.002463507565100692
190	0.0024238405452939728
191	0.006316048424505908
192	0.016727718463300126
193	0.017001473575158972
194	0.01727970878760305
195	0.017849913987938726
196	0.01999793295422567
197	0.024696375181437153
198	0.8501615448993928
199	0.5948461590153626
200	0.9680555771461301
