1	0.983898153848319
2	0.9071954723294483
3	0.513991542262758
4	0.12520412762878458
5	0.05560654736795844
6	0.1818717710859382
7	0.1521307122146586
8	0.15462038588001104
9	0.2104815265782835
10	0.36551822152450597
11	0.8640747434825075
12	0.699686033300591
13	0.699686033300591
14	0.6347520014624478
15	0.8925879504044915
16	0.24359180518339735
17	0.22827757824649697
18	1.0
19	1.0
20	0.983898153848319
21	1.0
22	0.0807741840889576
23	0.07569604040982161
24	0.026353155917208822
25	0.9071954723294483
26	0.8782156365502402
27	0.983898153848319
28	1.0
29	1.0
30	1.0
31	0.983898153848319
32	0.9220420515895167
33	0.025928821455018663
34	0.026353155917208822
35	0.09049436982916183
36	1.0
37	1.0
38	1.0
39	0.9680555771461371
40	0.1940728185879353
41	0.1972488898661485
42	0.8925879504044915
43	0.7111366461700387
44	0.6245313223904233
45	0.7967132492072909
46	0.9071954723294483
47	0.8925879504044915
48	0.8640747434825075
49	0.8782156365502402
50	0.9680555771461371
51	0.9680555771461371
52	0.8925879504044915
53	0.8782156365502402
54	0.9371316004437339
55	0.983898153848319
56	0.9680555771461371
57	0.9680555771461371
58	0.9680555771461371
59	0.29121320991525945
60	0.18787327440652124
61	0.20709238541955047
62	0.850161544899405
63	0.9680555771461371
64	0.9680555771461371
65	0.9680555771461371
66	0.9680555771461371
67	0.8364723744993532
68	0.9220420515895167
69	0.4029101033605804
70	0.3481444442078041
71	0.4029101033605804
72	0.3262571601860536
73	0.6773349667878997
74	0.009026975134420858
75	0.009632558682416109
76	0.007429233258548984
77	0.00707610765039319
78	0.004951053693111611
79	1.0
80	1.0
81	0.009477456704464872
82	0.006850065475449526
83	0.005546852487609677
84	0.016727718463300248
85	0.983898153848319
86	0.1521307122146586
87	0.016727718463300248
88	0.015676073575284756
89	0.983898153848319
90	0.01904739310838174
91	0.01619336115132798
92	0.046513340714586626
93	0.2599334021689762
94	0.9371316004437339
95	0.9371316004437339
96	0.8097517472627767
97	0.07569604040982161
98	0.03646109590141792
99	0.06540703669975813
100	0.08480513362914956
101	1.0
102	0.9680555771461371
103	0.9680555771461371
104	0.983898153848319
105	0.04019100294647119
106	0.005918968568537472
107	0.006962169253653874
108	0.09049436982916183
109	1.0
110	0.8782156365502402
111	0.2685108255202363
112	0.04727454821686514
113	0.015676073575284756
114	0.010791719379643152
115	1.0
116	0.015175310452307484
117	0.015423659850312977
118	0.15462038588001104
119	0.0020274756563298563
120	0.0005443991622033126
121	0.0017518905076602614
122	0.008189230970776997
123	1.0
124	0.004209195456615642
125	0.00041987477004941864
126	0.0017518905076602614
127	0.003944570074838709
128	0.11544347070631858
129	0.49757237909340374
130	0.7712627042813436
131	0.7466251623243612
132	0.983898153848319
133	1.0
134	0.9524680951766599
135	0.8097517472627767
136	0.30082282132371846
137	0.277371291338266
138	0.277371291338266
139	0.2685108255202363
140	0.07447719441285175
141	0.030007614098887928
142	0.11925293695084216
143	0.10138426111191857
144	0.2209853827589335
145	0.11358461770179014
146	0.109956222644229
147	0.983898153848319
148	1.0
149	1.0
150	0.14256649781436911
151	0.030997821620274594
152	0.0033535217887888137
153	0.14256649781436911
154	0.09501039487561834
155	0.11544347070631858
156	0.028121083425988996
157	0.17043778391330286
158	0.23966952741252573
159	0.8097517472627767
160	0.5484731728386728
161	0.6347520014624478
162	0.6773349667878997
163	1.0
164	0.9071954723294483
165	0.585268037678983
166	0.7466251623243612
167	0.7838846950415547
168	1.0
169	0.28652413961186873
170	0.1521307122146586
171	0.13579004060925765
172	0.25162997965624717
173	0.9071954723294483
174	0.9680555771461371
175	0.0807741840889576
176	0.0015137643410159695
177	0.00017761412466811823
178	0.0015637163575655567
179	0.009950419076984516
180	0.8640747434825075
181	0.8782156365502402
182	0.8925879504044915
183	0.1818717710859382
184	0.33159647562093936
185	0.40950387170123137
186	0.6773349667878997
187	0.983898153848319
188	0.983898153848319
189	0.7838846950415547
190	0.7967132492072909
191	0.7967132492072909
192	0.7838846950415547
193	0.7111366461700387
194	0.699686033300591
195	0.8230036250150391
196	1.0
197	0.983898153848319
198	0.9680555771461371
199	0.983898153848319
200	1.0
