1	0.9838981538483189
2	0.9371316004437404
3	0.8501615448994049
4	0.809751747262771
5	0.7838846950415602
6	0.8364723744993592
7	0.5484731728386689
8	0.40291010336057753
9	0.4162055494255547
10	0.36551822152450336
11	0.20709238541955047
12	0.2475782724366734
13	0.33159647562093936
14	0.6556978921951105
15	0.6556978921951105
16	0.6996860333005961
17	0.6884197964379097
18	0.5574491330158785
19	0.5948461590153626
20	0.35384195289533515
21	0.614475215120391
22	0.6664286233595221
23	0.6556978921951105
24	0.7588439508744758
25	0.5948461590153626
26	0.614475215120391
27	0.6045810297425014
28	0.3775797899972509
29	0.23201342268367284
30	0.45139540946972445
31	0.7838846950415602
32	0.5948461590153626
33	0.8782156365502464
34	0.809751747262771
35	0.6556978921951105
36	0.5396417421912961
37	0.5309525138815143
38	0.809751747262771
39	0.4975723790934038
40	0.3158350635019698
41	0.45878265723355866
42	0.3837590186752804
43	0.04084874312373918
44	0.7111366461700486
45	0.07093715149650967
46	0.09656527406216149
47	0.23581040555488308
48	0.210481526578285
49	0.2641873055176486
50	0.5309525138815143
51	0.8640747434825014
52	0.7588439508744758
53	0.6996860333005961
54	0.8640747434825014
55	0.9524680951766599
56	0.9220420515895036
57	0.5484731728386689
58	0.0876035794134446
59	0.022404439747548986
60	0.011895693606067882
61	0.007429233258548931
62	0.01874069491496012
63	0.05383022830539263
64	0.3596327033558797
65	0.7346031188276403
66	0.5758441417787756
67	0.7346031188276403
68	0.7712627042813326
69	0.5484731728386689
70	0.3775797899972509
71	0.28652413961186873
72	0.3008228213237163
73	0.3837590186752804
74	0.677334966787895
75	0.6996860333005961
76	0.6245313223904277
77	0.20709238541955047
78	0.10138426111191785
79	0.45878265723355866
80	0.17894329980857993
81	0.012901465378461817
82	0.022043686905619343
83	0.45878265723355866
84	0.614475215120391
85	0.6245313223904277
86	0.823003625015039
87	0.823003625015039
88	0.8501615448994049
89	0.8925879504044915
90	0.9220420515895036
91	0.9680555771461302
92	0.6347520014624477
93	0.24359180518339563
94	0.052963462250909324
95	0.7346031188276403
96	0.1425664978143681
97	0.07327797408660718
98	0.0769348332586583
99	0.5309525138815143
100	0.5758441417787756
101	0.809751747262771
102	0.8364723744993592
103	0.45878265723355866
104	0.44412711003286787
105	0.44412711003286787
106	0.11358461770178933
107	0.08619300005539272
108	0.44412711003286787
109	0.481677716615238
110	0.022404439747548986
111	0.09656527406216149
112	0.6045810297425014
113	0.6347520014624477
114	0.3158350635019698
115	0.15213071221465752
116	0.0769348332586583
117	0.059336967552506205
118	0.029524436113288616
119	0.02551131956105536
120	1.0
121	0.9524680951766599
122	0.9524680951766599
123	0.9838981538483189
124	0.9838981538483189
125	0.9838981538483189
126	0.9838981538483189
127	0.9838981538483189
128	0.02032520629905422
129	0.01814203423202126
130	0.0026287744047199095
131	0.009477456704464739
132	0.04963373414423629
133	0.20709238541955047
134	0.5948461590153626
135	0.3158350635019698
136	0.3107495359001547
137	0.15972263321475677
138	0.3008228213237163
139	0.3837590186752804
140	0.15462038588001104
141	0.1272531380804732
142	0.6245313223904277
143	0.6347520014624477
144	0.4895605451959158
145	0.6996860333005961
146	0.28652413961186873
147	0.4162055494255547
148	0.4369758436353278
149	0.5396417421912961
150	0.5224031981891458
151	0.21742711012397725
152	0.15462038588001104
153	0.19094788792080922
154	0.5224031981891458
155	0.513991542262758
156	0.6245313223904277
157	0.012288234154010976
158	0.002671795240633401
159	0.002805128333603497
160	0.042196692099189664
161	0.07569604040982107
162	0.5057153295259778
163	0.677334966787895
164	0.9524680951766599
165	0.7588439508744758
166	0.5396417421912961
167	0.481677716615238
168	0.5057153295259778
169	0.566571988000515
170	0.614475215120391
171	0.7227746524257325
172	0.809751747262771
173	0.7712627042813326
174	0.6245313223904277
175	0.6451399456130033
176	0.9220420515895036
177	0.9838981538483189
178	0.8925879504044915
179	0.3837590186752804
180	0.1425664978143681
181	0.1972488898661499
182	0.45878265723355866
183	0.4095038717012285
184	0.4895605451959158
185	0.8925879504044915
186	0.9524680951766599
187	0.5852680376789872
188	0.4369758436353278
189	0.4369758436353278
190	0.3964225068633132
191	0.5484731728386689
192	0.6045810297425014
193	0.5484731728386689
194	0.20709238541955047
195	0.21392613224755938
196	0.3900393726467363
197	0.3837590186752804
198	0.4975723790934038
199	0.6884197964379097
200	0.7111366461700486
