1	1.0
2	0.9220420515895166
3	0.8925879504044913
4	0.8782156365502339
5	0.9371316004437404
6	0.9524680951766463
7	0.9524680951766463
8	0.9838981538483188
9	0.9838981538483188
10	0.9838981538483188
11	0.9838981538483188
12	0.9838981538483188
13	0.9838981538483188
14	0.9838981538483188
15	0.8640747434825136
16	0.614475215120391
17	0.8364723744993592
18	0.6347520014624387
19	0.5224031981891458
20	0.6045810297425099
21	0.6664286233595221
22	0.6045810297425099
23	0.6347520014624387
24	0.7588439508744758
25	0.9371316004437404
26	0.968055577146144
27	0.614475215120391
28	0.6664286233595221
29	0.6773349667879045
30	0.7712627042813435
31	0.6451399456130124
32	0.6451399456130124
33	0.7111366461700385
34	0.6884197964379097
35	0.7967132492072909
36	0.8097517472627825
37	0.3158350635019698
38	0.19407281858793526
39	0.08903724340857933
40	0.08480513362915015
41	0.22827757824649536
42	0.20375781569034312
43	0.02551131956105572
44	0.012288234154010976
45	0.054711179297213405
46	0.968055577146144
47	0.2557479945175683
48	0.16769342093829617
49	0.34814444420780405
50	0.513991542262758
51	0.513991542262758
52	0.5948461590153626
53	0.5574491330158786
54	0.6556978921951104
55	0.7466251623243612
56	0.8364723744993592
57	0.210481526578285
58	0.18484816784601354
59	0.027222771645920248
60	0.05296346225091008
61	0.05838153282986845
62	0.9838981538483188
63	0.6884197964379097
64	0.8364723744993592
65	0.8097517472627825
66	0.7838846950415601
67	0.7346031188276403
68	0.7111366461700385
69	0.04288725609876025
70	0.04502749889045438
71	0.17043778391330405
72	0.16233655139003356
73	0.19407281858793526
74	0.7967132492072909
75	0.9071954723294419
76	0.5057153295259778
77	0.2819105719970956
78	0.3655182215245085
79	0.7466251623243612
80	0.40291010336058325
81	0.39642250686330754
82	0.5396417421913038
83	0.7712627042813435
84	0.35963270335588476
85	0.3655182215245085
86	0.7588439508744758
87	0.3370231708678045
88	0.0330773411179359
89	0.0330773411179359
90	0.968055577146144
91	0.8501615448993928
92	0.05651656845829486
93	0.06979493239667436
94	0.09501039487561899
95	0.9838981538483188
96	0.9838981538483188
97	0.9838981538483188
98	0.009950419076984586
99	0.012489335512977668
100	1.0
101	0.008189230970776996
102	0.0002538483208393753
103	0.0004480424839484732
104	0.9838981538483188
105	1.0
106	1.0
107	1.0
108	0.9838981538483188
109	0.9838981538483188
110	1.0
111	0.9838981538483188
112	0.011895693606068052
113	0.01619336115132798
114	0.013545299253376991
115	0.9838981538483188
116	0.011895693606068052
117	0.009632558682416179
118	0.9838981538483188
119	0.09814559940423298
120	0.07819389939674361
121	0.07819389939674361
122	0.9838981538483188
123	0.8501615448993928
124	0.009174704819918203
125	0.03049869946550789
126	0.05744148237014259
127	0.5224031981891458
128	0.10644373457266824
129	0.11544347070631858
130	0.11925293695084216
131	0.09501039487561899
132	0.16233655139003356
133	0.9838981538483188
134	0.5948461590153626
135	0.513991542262758
136	0.513991542262758
137	1.0
138	0.5758441417787838
139	0.4739218161276064
140	0.8501615448993928
141	0.9838981538483188
142	0.07569604040982214
143	0.06229811565656762
144	0.07093715149651068
145	0.968055577146144
146	0.9524680951766463
147	0.9838981538483188
148	1.0
149	0.968055577146144
150	0.1472709844146142
151	0.16233655139003356
152	0.15213071221465968
153	0.5574491330158786
154	0.1972488898661499
155	0.14489964968096344
156	0.48956054519592274
157	0.17322705937262783
158	0.5758441417787838
159	0.6556978921951104
160	0.6884197964379097
161	0.6773349667879045
162	0.35384195289533515
163	0.4369758436353341
164	0.08903724340857933
165	0.1972488898661499
166	0.2599334021689762
167	0.32100381758685564
168	0.5852680376789872
169	0.8501615448993928
170	0.823003625015039
171	0.8640747434825136
172	0.21742711012398033
173	0.1878732744065199
174	0.07327797408660716
175	0.07693483325865721
176	0.15715080394779135
177	0.14027091400017713
178	0.16233655139003356
179	0.20709238541955047
180	0.3370231708678045
181	0.8925879504044913
182	0.8640747434825136
183	0.823003625015039
184	0.9838981538483188
185	0.9838981538483188
186	0.1472709844146142
187	0.11544347070631858
188	0.40950387170122843
189	0.6773349667879045
190	0.8364723744993592
191	1.0
192	0.8097517472627825
193	0.7712627042813435
194	0.12933568132306
195	0.3008228213237205
196	0.154620385880011
197	0.823003625015039
198	0.968055577146144
199	0.9838981538483188
200	1.0
