1	0.6773349667879045
2	0.7111366461700436
3	0.9838981538483329
4	0.968055577146144
5	0.9838981538483329
6	0.2819105719970956
7	0.2209853827589351
8	0.2282775782464986
9	0.25993340216897803
10	0.40291010336058325
11	0.09501039487561899
12	0.008881624169591424
13	0.05651656845829485
14	0.5484731728386727
15	0.2819105719970956
16	0.3964225068633104
17	0.30082282132372057
18	0.43697584363533404
19	0.6451399456130124
20	0.5948461590153669
21	0.6664286233595269
22	0.7346031188276455
23	0.4895605451959227
24	0.32625716018605594
25	0.2209853827589351
26	0.10472979393476949
27	0.3425386759286099
28	0.3715000583087337
29	0.34814444420780405
30	0.2865241396118708
31	0.29121320991526145
32	0.30574589468138835
33	0.20047693868989602
34	0.16769342093829737
35	0.21048152657828498
36	0.3775797899972509
37	0.2037578156903431
38	0.466290799956401
39	0.3596327033558873
40	0.30574589468138835
41	0.3370231708678045
42	0.8782156365502464
43	0.08480513362915015
44	0.0547111792972134
45	0.0547111792972134
46	0.06979493239667488
47	0.15715080394779135
48	0.466290799956401
49	0.1972488898661499
50	0.3655182215245085
51	0.2819105719970956
52	0.27737129133826793
53	0.3655182215245085
54	0.4299397258291199
55	0.29597901853584924
56	0.6556978921951198
57	0.6451399456130124
58	0.02592882145501866
59	0.016193361151328096
60	0.1252041276287837
61	0.11925293695084299
62	0.13801229332339157
63	0.17322705937262906
64	0.2209853827589351
65	0.7466251623243665
66	0.5224031981891458
67	0.5574491330158825
68	0.8097517472627824
69	0.8097517472627824
70	0.9071954723294546
71	0.7967132492073022
72	0.6996860333005961
73	0.4895605451959227
74	0.43697584363533404
75	0.7346031188276455
76	0.3715000583087337
77	0.3315964756209417
78	0.3107495359001568
79	0.27737129133826793
80	0.32625716018605594
81	0.13801229332339157
82	0.1972488898661499
83	0.8925879504044915
84	0.8230036250150506
85	0.13801229332339157
86	0.038907124553428256
87	0.08077418408895817
88	0.4162055494255576
89	0.9371316004437404
90	0.9220420515895166
91	0.7967132492073022
92	0.40291010336058325
93	0.13801229332339157
94	0.07569604040982214
95	0.0686711051330571
96	0.1878732744065212
97	0.22460188780169354
98	0.48167771661524483
99	0.21048152657828498
100	0.11175569566235839
101	0.09814559940423298
102	0.11925293695084299
103	0.3425386759286099
104	0.014930959938100641
105	0.06647744631284419
106	0.8925879504044915
107	0.1972488898661499
108	0.08903724340857995
109	0.09814559940423298
110	0.09975178733729258
111	0.10644373457266974
112	0.9220420515895166
113	0.9220420515895166
114	0.9524680951766598
115	0.8640747434825136
116	0.7588439508744758
117	0.8640747434825136
118	0.9838981538483329
119	0.9838981538483329
120	0.968055577146144
121	0.9524680951766598
122	0.9524680951766598
123	0.7227746524257427
124	0.9071954723294546
125	0.9371316004437404
126	0.09501039487561899
127	0.08760357941344458
128	0.04727454821686548
129	0.05383022830539301
130	0.08619300005539333
131	0.8782156365502464
132	0.07819389939674416
133	0.15462038588001212
134	0.968055577146144
135	0.23201342268367448
136	0.12318811002815043
137	0.09348055211452064
138	0.10644373457266974
139	0.35384195289533515
140	0.7967132492073022
141	0.5758441417787878
142	0.5224031981891458
143	0.4739218161276131
144	0.466290799956401
145	0.4975723790934073
146	0.771262704281349
147	0.8782156365502464
148	0.566571988000515
149	0.5139915422627617
150	0.4513954094697309
151	0.44412711003287103
152	0.4513954094697309
153	0.5139915422627617
154	0.5139915422627617
155	0.7111366461700436
156	0.3315964756209417
157	0.2557479945175701
158	0.2475782724366716
159	0.1818717710859395
160	0.19407281858793662
161	0.3210038175868579
162	0.7466251623243665
163	0.8097517472627824
164	0.8230036250150506
165	0.12725313808047503
166	0.07947357060373075
167	0.15213071221465965
168	0.6245313223904277
169	0.27737129133826793
170	0.4299397258291199
171	0.5484731728386727
172	0.8640747434825136
173	0.9838981538483329
174	0.15462038588001212
175	0.010791719379643228
176	0.006214348384488123
177	0.018438935128663837
178	0.02204368690561934
179	0.09049436982916247
180	0.566571988000515
181	0.9838981538483329
182	0.9838981538483329
183	0.566571988000515
184	0.43697584363533404
185	0.5948461590153669
186	0.8501615448994048
187	0.7588439508744758
188	0.13579004060925862
189	0.02722277164592044
190	0.01756249741908457
191	0.08343961441458023
192	0.771262704281349
193	0.771262704281349
194	0.771262704281349
195	0.771262704281349
196	0.7466251623243665
197	0.6884197964379146
198	0.6245313223904277
199	0.9838981538483329
200	1.0
