1	0.9838981538483328
2	0.6664286233595317
3	0.566571988000523
4	0.5852680376789872
5	0.6996860333005961
6	0.9838981538483328
7	0.8925879504044915
8	0.7588439508744866
9	0.7227746524257427
10	0.210481526578285
11	0.04883453939311235
12	0.11925293695084387
13	0.850161544899417
14	0.23581040555488308
15	0.0538302283053934
16	0.03954385360034591
17	0.03828064801966494
18	0.1878732744065199
19	0.8782156365502464
20	0.06030803830703665
21	0.14968112689163354
22	0.9524680951766599
23	0.7111366461700487
24	0.9524680951766599
25	0.22827757824649864
26	0.9071954723294546
27	0.05651656845829486
28	0.058381532829869284
29	0.1314523061326923
30	0.12520412762878458
31	0.5484731728386766
32	0.5396417421913039
33	0.058381532829869284
34	0.047274548216865483
35	0.06979493239667538
36	0.968055577146144
37	0.04288725609876025
38	0.044302473030725924
39	0.09975178733729471
40	0.850161544899417
41	0.035296367236228025
42	0.014930959938100643
43	0.011515692539375738
44	0.040191002946471766
45	0.850161544899417
46	0.17043778391330405
47	0.12933568132306184
48	0.850161544899417
49	0.9524680951766599
50	0.13579004060925862
51	0.1732270593726303
52	0.9838981538483328
53	0.7227746524257427
54	0.3775797899972562
55	0.968055577146144
56	0.014690543918280431
57	0.03361866366814597
58	0.06331764666180337
59	0.968055577146144
60	0.9838981538483328
61	0.968055577146144
62	0.9838981538483328
63	0.9371316004437406
64	0.9524680951766599
65	0.07819389939674362
66	0.013766972933527001
67	0.030997821620274816
68	0.7712627042813436
69	0.2685108255202363
70	0.16769342093829856
71	0.1425664978143701
72	0.8097517472627825
73	0.7967132492073022
74	0.14027091400017716
75	0.1878732744065199
76	0.850161544899417
77	0.03954385360034591
78	0.01843893512866384
79	0.02032520629905451
80	0.05933696755250705
81	0.8782156365502464
82	0.17043778391330405
83	0.13360357026643968
84	0.11175569566236078
85	0.13360357026643968
86	0.08077418408895874
87	0.045764390058400266
88	0.06435386265758217
89	0.10304345090533532
90	0.019997932954225955
91	0.026784434765055674
92	0.030007614098888354
93	0.17894329980858248
94	0.6347520014624477
95	0.9371316004437406
96	0.46629079995640105
97	0.17606198232518802
98	0.6347520014624477
99	0.1425664978143701
100	0.12933568132306184
101	0.15462038588001323
102	0.03307734111793637
103	0.19407281858793526
104	0.8230036250150508
105	0.1212045540327608
106	0.028581295041564064
107	0.23581040555488308
108	0.4162055494255547
109	0.3057458946813884
110	0.272905101478248
111	0.18187177108593947
112	0.4587826572335652
113	0.4369758436353341
114	0.46629079995640105
115	0.7838846950415602
116	0.6884197964379196
117	0.10995622264422977
118	0.07947357060373077
119	0.11358461770179094
120	0.3481444442078041
121	0.48167771661524483
122	0.2819105719970956
123	0.210481526578285
124	0.505715329525985
125	0.5758441417787838
126	0.6144752151203998
127	0.6347520014624477
128	0.5309525138815143
129	0.32625716018605594
130	0.3775797899972562
131	0.5574491330158785
132	0.5309525138815143
133	0.40950387170123426
134	0.3775797899972562
135	0.5948461590153712
136	0.4441271100328742
137	0.2819105719970956
138	0.48167771661524483
139	0.6347520014624477
140	0.6773349667879046
141	0.9524680951766599
142	0.4587826572335652
143	0.030498699465507897
144	0.3158350635019698
145	0.4299397258291168
146	0.046513340714587285
147	0.04358912142584617
148	0.04804821315291693
149	0.047274548216865483
150	0.025100540218357587
151	0.2912132099152615
152	0.2685108255202363
153	0.27737129133826993
154	0.6773349667879046
155	0.8640747434825136
156	0.1972488898661499
157	0.05296346225091008
158	0.14027091400017716
159	0.2912132099152615
160	0.21742711012398036
161	0.3481444442078041
162	0.7346031188276508
163	0.7712627042813436
164	0.968055577146144
165	0.4513954094697309
166	0.3158350635019698
167	0.32100381758686025
168	0.1972488898661499
169	0.2599334021689762
170	0.3481444442078041
171	0.7588439508744866
172	0.5948461590153712
173	0.7967132492073022
174	0.4299397258291168
175	0.4513954094697309
176	0.5574491330158785
177	0.47392181612761314
178	0.48167771661524483
179	0.5948461590153712
180	0.7227746524257427
181	0.8640747434825136
182	0.6996860333005961
183	0.24757827243667338
184	0.05560654736795844
185	0.03472803056127704
186	0.015423659850313087
187	0.025100540218357587
188	0.1013842611119193
189	0.3315964756209441
190	0.3315964756209441
191	0.9524680951766599
192	0.5574491330158785
193	0.5574491330158785
194	0.9371316004437406
195	0.968055577146144
196	0.968055577146144
197	0.8925879504044915
198	0.8782156365502464
199	0.8782156365502464
200	0.968055577146144
