1	0.8925879504044913
2	0.7111366461700385
3	0.7111366461700385
4	0.746625162324361
5	0.9838981538483189
6	0.758843950874465
7	0.746625162324361
8	0.11925293695084047
9	0.11175569566235759
10	0.758843950874465
11	0.2865241396118647
12	0.029524436113288616
13	0.03202070454638286
14	0.08903724340857806
15	0.7227746524257326
16	0.9371316004437404
17	0.9680555771461302
18	0.9524680951766463
19	0.746625162324361
20	0.8230036250150391
21	0.758843950874465
22	0.7838846950415491
23	0.9524680951766463
24	0.6245313223904277
25	0.5948461590153628
26	0.5758441417787756
27	0.40291010336057753
28	0.07327797408660718
29	0.4299397258291107
30	0.3900393726467364
31	0.6451399456130033
32	0.9680555771461302
33	0.5948461590153628
34	0.48956054519591585
35	0.210481526578285
36	0.09656527406216149
37	0.5948461590153628
38	0.6451399456130033
39	0.9838981538483189
40	0.9838981538483189
41	0.05560654736795765
42	0.05044600800408381
43	0.030007614098887924
44	0.030997821620274372
45	0.9071954723294418
46	0.025100540218356872
47	0.011147830387442766
48	0.8925879504044913
49	0.8925879504044913
50	0.8925879504044913
51	0.9838981538483189
52	0.9838981538483189
53	0.9838981538483189
54	0.028121083425988593
55	0.03828064801966494
56	0.8925879504044913
57	0.10472979393476876
58	0.06030803830703579
59	0.023143753598938947
60	0.02032520629905422
61	0.9071954723294418
62	0.9071954723294418
63	0.9838981538483189
64	0.3425386759286075
65	0.1081857244637924
66	0.16233655139003358
67	0.13579004060925862
68	0.210481526578285
69	0.23201342268367287
70	0.7111366461700385
71	0.2599334021689762
72	0.11925293695084047
73	0.17322705937262783
74	0.04502749889045438
75	0.12725313808047323
76	0.12933568132305998
77	0.6144752151203912
78	0.8925879504044913
79	0.8501615448993928
80	0.8640747434825015
81	0.9071954723294418
82	0.9838981538483189
83	0.9371316004437404
84	0.9371316004437404
85	0.9220420515895167
86	0.9524680951766463
87	0.45139540946972445
88	0.1909478879208065
89	0.22460188780169196
90	0.22460188780169196
91	0.21742711012398036
92	0.1909478879208065
93	0.07947357060372964
94	0.10472979393476876
95	0.9524680951766463
96	0.9371316004437404
97	0.9838981538483189
98	0.45139540946972445
99	0.3425386759286075
100	0.8097517472627711
101	0.6144752151203912
102	0.7967132492072909
103	0.9838981538483189
104	0.9838981538483189
105	0.9524680951766463
106	0.758843950874465
107	0.9071954723294418
108	0.2912132099152615
109	0.04430247303072529
110	0.513991542262758
111	0.8925879504044913
112	0.10304345090533383
113	0.08343961441457963
114	0.001994829555235368
115	0.0020943793974173754
116	0.018438935128663837
117	0.9220420515895167
118	0.9838981538483189
119	0.9838981538483189
120	0.9680555771461302
121	0.9838981538483189
122	0.9680555771461302
123	1.0
124	0.9838981538483189
125	0.020995908477665633
126	0.0018097003405784804
127	0.0008438466194896989
128	0.0020943793974173754
129	0.011330268629776648
130	0.9071954723294418
131	0.8925879504044913
132	0.9838981538483189
133	0.9838981538483189
134	0.9680555771461302
135	0.9680555771461302
136	0.9680555771461302
137	0.9371316004437404
138	0.029524436113288616
139	0.05296346225090933
140	0.07947357060372964
141	0.08077418408895759
142	0.09975178733729188
143	0.9680555771461302
144	0.9371316004437404
145	0.9524680951766463
146	0.9371316004437404
147	0.9680555771461302
148	0.9680555771461302
149	0.9220420515895167
150	0.9071954723294418
151	0.9071954723294418
152	0.016458371314135432
153	0.006524468815236718
154	0.005283200023099469
155	0.008738613623635486
156	0.18787327440651988
157	0.8097517472627711
158	0.9838981538483189
159	0.7227746524257326
160	0.8501615448993928
161	0.8782156365502339
162	0.699686033300596
163	0.7712627042813435
164	0.05383022830539263
165	0.05560654736795765
166	0.6045810297425014
167	0.37150005830873106
168	0.010278768401209684
169	0.008459463654885606
170	0.010446984132459454
171	0.008738613623635486
172	0.23966952741252232
173	0.2729051014782441
174	0.015175310452307482
175	0.025928821455018472
176	0.6451399456130033
177	0.15462038588001104
178	0.1496811268916314
179	0.4587826572335587
180	0.8925879504044913
181	0.2819105719970956
182	0.3008228213237163
183	0.15213071221465752
184	0.06331764666180248
185	0.15972263321475452
186	0.5224031981891458
187	0.677334966787895
188	0.9371316004437404
189	0.746625162324361
190	0.6884197964379098
191	0.8925879504044913
192	0.758843950874465
193	0.9838981538483189
194	0.9838981538483189
195	0.32625716018605594
196	0.2865241396118647
197	0.1818717710859395
198	0.15972263321475452
199	0.27737129133826594
200	0.32625716018605594
