1	0.513991542262758
2	0.3715000583087337
3	0.699686033300596
4	0.8501615448994048
5	0.2004769386898946
6	0.014690543918280325
7	0.004871332588256415
8	0.004871332588256415
9	0.004074735137074923
10	0.0019000115066771211
11	0.001395754378613417
12	0.000871692327807667
13	0.007429233258548982
14	1.0
15	0.9680555771461369
16	0.018142034232021393
17	0.004491573493650814
18	0.019047393108381872
19	0.06540703669975811
20	1.0
21	0.9220420515895166
22	0.9220420515895166
23	0.23201342268367445
24	0.13145230613269226
25	0.057441482370142995
26	0.07327797408660716
27	0.20375781569034163
28	0.11358461770179011
29	1.0
30	0.9680555771461369
31	0.9524680951766598
32	0.8640747434825075
33	0.1472709844146142
34	0.13801229332339157
35	0.3057458946813862
36	0.13579004060925762
37	0.10644373457266898
38	0.17322705937262903
39	0.5574491330158785
40	0.7588439508744756
41	0.7838846950415601
42	0.7111366461700435
43	0.8501615448994048
44	0.8230036250150448
45	0.9071954723294482
46	0.9071954723294482
47	0.9371316004437404
48	0.9680555771461369
49	0.8097517472627767
50	0.7967132492072964
51	0.836472374499359
52	0.17043778391330283
53	0.15972263321475674
54	0.045764390058400266
55	0.0794735706037302
56	0.8230036250150448
57	0.05933696755250663
58	0.04963373414423628
59	0.17322705937262903
60	0.836472374499359
61	0.9524680951766598
62	0.9524680951766598
63	0.836472374499359
64	0.836472374499359
65	0.15972263321475674
66	0.2475782724366716
67	0.1472709844146142
68	0.9071954723294482
69	0.17043778391330283
70	0.05471117929721339
71	0.04727454821686514
72	0.16769342093829737
73	0.8782156365502402
74	0.8640747434825075
75	0.9371316004437404
76	0.011147830387442843
77	0.0038810552143591576
78	0.0015893071365663163
79	0.05838153282986886
80	1.0
81	1.0
82	0.008057369233585077
83	0.0005443991622033124
84	0.0010088158858740138
85	0.001465408012805456
86	0.0026287744047199277
87	0.004009124378788922
88	0.0058236622472702445
89	0.01445399904022366
90	0.05471117929721339
91	0.7111366461700435
92	0.5852680376789872
93	0.3107495359001568
94	0.6773349667878996
95	0.5852680376789872
96	0.1789432998085799
97	0.09348055211452062
98	0.05471117929721339
99	0.06435386265758171
100	0.06030803830703579
101	0.11544347070631938
102	0.28191057199709757
103	0.8501615448994048
104	0.9371316004437404
105	0.8782156365502402
106	0.9071954723294482
107	0.9071954723294482
108	0.8782156365502402
109	0.7588439508744756
110	0.8230036250150448
111	0.8097517472627767
112	0.5224031981891457
113	0.3008228213237184
114	0.3715000583087337
115	0.513991542262758
116	0.6556978921951151
117	0.6884197964379096
118	0.8925879504044977
119	0.8782156365502402
120	0.9220420515895166
121	0.8097517472627767
122	0.7227746524257376
123	0.35963270335588476
124	0.2865241396118687
125	0.38375901867528034
126	0.8501615448994048
127	0.8230036250150448
128	0.836472374499359
129	0.9220420515895166
130	0.836472374499359
131	0.7466251623243609
132	0.6884197964379096
133	0.7346031188276455
134	0.5665719880005149
135	0.5852680376789872
136	0.4095038717012285
137	0.4739218161276097
138	0.7588439508744756
139	0.9371316004437404
140	0.9071954723294482
141	0.8230036250150448
142	0.6664286233595269
143	0.6773349667878996
144	0.7111366461700435
145	0.7838846950415601
146	0.4299397258291168
147	0.3715000583087337
148	0.33702317086780686
149	0.9071954723294482
150	0.4739218161276097
151	0.1909478879208092
152	0.1789432998085799
153	0.12318811002814954
154	0.8501615448994048
155	0.8501615448994048
156	0.4739218161276097
157	0.09049436982916181
158	0.0756960404098216
159	0.02099590847766593
160	0.4441271100328709
161	0.4441271100328709
162	0.46629079995640094
163	0.8782156365502402
164	0.6556978921951151
165	0.07209806342155825
166	0.2865241396118687
167	0.4230169025093234
168	0.4441271100328709
169	0.9680555771461369
170	1.0
171	0.9220420515895166
172	0.5758441417787837
173	0.8230036250150448
174	0.36551822152450847
175	0.49757237909340724
176	0.37757978999725356
177	0.5758441417787837
178	0.19407281858793524
179	0.5396417421913
180	0.12725313808047412
181	0.33702317086780686
182	0.272905101478246
183	0.14968112689163351
184	0.18787327440652118
185	0.5396417421913
186	0.9524680951766598
187	0.6347520014624477
188	0.6664286233595269
189	0.5948461590153669
190	0.4441271100328709
191	0.5224031981891457
192	0.17322705937262903
193	0.36551822152450847
194	0.34814444420780405
195	0.3262571601860559
196	0.33159647562094163
197	0.3262571601860559
198	0.31583506350196977
199	0.7466251623243609
200	1.0
