1	0.7227746524257428
2	0.6451399456130125
3	0.6245313223904277
4	0.9680555771461302
5	0.9838981538483189
6	0.7466251623243612
7	0.6451399456130125
8	0.8097517472627711
9	0.4975723790934038
10	0.1099562226442282
11	0.11925293695084216
12	0.4895605451959158
13	0.4029101033605833
14	0.16769342093829856
15	0.15213071221465752
16	0.2819105719970956
17	0.37150005830873106
18	0.8230036250150391
19	0.9371316004437272
20	0.9071954723294418
21	0.783884695041549
22	0.8640747434825137
23	0.2037578156903402
24	0.08209608258032049
25	0.09197534264619778
26	0.11733274450692356
27	0.17322705937262783
28	0.1972488898661471
29	0.6045810297425014
30	0.22098538275893195
31	0.2396695274125257
32	0.5948461590153628
33	0.9371316004437272
34	0.5309525138815068
35	0.15213071221465752
36	0.3425386759286075
37	0.39642250686330754
38	0.4975723790934038
39	0.5057153295259778
40	0.513991542262758
41	0.5574491330158785
42	0.27737129133826594
43	0.251629979656249
44	0.23201342268367284
45	0.23581040555487973
46	0.9524680951766463
47	0.6245313223904277
48	0.210481526578285
49	0.059336967552506205
50	0.06435386265758127
51	0.8097517472627711
52	0.8230036250150391
53	0.1252041276287828
54	0.09656527406216149
55	0.061295000982726805
56	0.10644373457266824
57	0.9220420515895167
58	0.9071954723294418
59	0.9220420515895167
60	0.9371316004437272
61	0.9524680951766463
62	0.9371316004437272
63	0.8925879504044916
64	0.9071954723294418
65	0.6245313223904277
66	0.5758441417787838
67	0.2070923854195505
68	0.0330773411179359
69	0.1013842611119193
70	0.3775797899972509
71	0.14027091400017713
72	0.2004769386898946
73	0.7466251623243612
74	0.3655182215245033
75	0.35963270335588476
76	0.04502749889045438
77	0.002993313140091832
78	0.019047393108381876
79	0.008189230970776996
80	0.1425664978143681
81	0.5758441417787838
82	0.8364723744993592
83	1.0
84	0.8925879504044916
85	0.8782156365502338
86	0.4895605451959158
87	0.47392181612760637
88	0.6451399456130125
89	0.007429233258548931
90	0.008459463654885606
91	0.005369661486237395
92	0.3370231708678045
93	0.34814444420780405
94	0.08619300005539272
95	0.23581040555487973
96	0.13579004060925862
97	0.09049436982916183
98	0.056516568458294864
99	0.17043778391330164
100	0.9371316004437272
101	0.8230036250150391
102	0.305745894681384
103	0.1314523061326923
104	0.07093715149650967
105	0.8097517472627711
106	0.9838981538483189
107	1.0
108	0.9220420515895167
109	0.9071954723294418
110	0.04883453939311236
111	0.056516568458294864
112	0.23581040555487973
113	0.9838981538483189
114	0.8782156365502338
115	0.8640747434825137
116	0.19094788792080922
117	0.005283200023099469
118	0.0003455584578030299
119	0.01874069491496012
120	0.04430247303072529
121	0.17606198232518802
122	0.466290799956401
123	0.4587826572335587
124	0.2435918051833991
125	0.04883453939311236
126	0.017001473575159215
127	0.03646109590141792
128	0.9371316004437272
129	0.7227746524257428
130	0.7712627042813436
131	0.8097517472627711
132	0.8782156365502338
133	0.7466251623243612
134	0.0876035794134446
135	0.06647744631284419
136	0.09049436982916183
137	0.10644373457266824
138	0.2819105719970956
139	0.022404439747548983
140	0.006631244087325166
141	0.010446984132459602
142	0.2685108255202363
143	0.7227746524257428
144	0.9838981538483189
145	0.8230036250150391
146	0.8097517472627711
147	0.8640747434825137
148	0.8501615448994049
149	0.7466251623243612
150	0.1336035702664378
151	0.11925293695084216
152	0.6664286233595221
153	0.6144752151203912
154	0.3370231708678045
155	0.037664258914665634
156	0.09348055211451999
157	0.16233655139003358
158	1.0
159	1.0
160	0.9838981538483189
161	0.9838981538483189
162	0.8925879504044916
163	0.10304345090533383
164	0.1380122933233906
165	0.3900393726467364
166	0.33159647562093936
167	0.30082282132372057
168	0.6347520014624387
169	0.6245313223904277
170	0.07693483325865721
171	0.11733274450692356
172	0.2557479945175683
173	0.1380122933233906
174	0.14489964968096347
175	0.15715080394779135
176	0.2070923854195505
177	0.2557479945175683
178	0.2435918051833991
179	0.24757827243666986
180	0.2819105719970956
181	0.8925879504044916
182	0.9071954723294418
183	0.22460188780169515
184	0.1972488898661471
185	0.10644373457266824
186	0.210481526578285
187	0.9220420515895167
188	0.8230036250150391
189	0.08903724340857933
190	0.1099562226442282
191	0.27737129133826594
192	0.7588439508744759
193	0.7111366461700386
194	0.6045810297425014
195	0.30082282132372057
196	0.34814444420780405
197	0.17894329980857993
198	0.16769342093829856
199	0.5574491330158785
200	0.8640747434825137
