1	1.0
2	0.9071954723294418
3	0.6773349667878948
4	0.5574491330158785
5	0.22460188780169194
6	0.3370231708678045
7	0.937131600443727
8	0.12933568132305998
9	0.04502749889045438
10	0.34253867592860743
11	0.20709238541955044
12	0.23581040555488308
13	0.9838981538483189
14	0.061295000982725924
15	0.026784434765055296
16	0.11175569566235918
17	1.0
18	1.0
19	1.0
20	1.0
21	0.7111366461700487
22	0.6556978921951105
23	0.6773349667878948
24	0.8364723744993472
25	0.2320134226836728
26	0.08077418408895759
27	0.1314523061326923
28	0.39003937264673083
29	0.05127157501696131
30	0.03646109590141791
31	0.04151724745489924
32	0.4369758436353279
33	0.3315964756209393
34	0.00335352178878879
35	0.0035208757183271744
36	0.31074953590015464
37	0.08480513362914895
38	0.31074953590015464
39	0.34253867592860743
40	0.3837590186752804
41	0.5224031981891384
42	0.05044600800408453
43	0.02635315591720882
44	0.03416884515602799
45	0.6556978921951105
46	0.12725313808047323
47	0.14027091400017713
48	1.0
49	1.0
50	0.8640747434825014
51	0.7967132492073021
52	0.9220420515895167
53	0.9680555771461301
54	0.9838981538483189
55	0.9680555771461301
56	0.4662907999563944
57	0.14489964968096344
58	0.01756249741908432
59	0.01904739310838174
60	0.3315964756209393
61	1.0
62	0.9680555771461301
63	0.6884197964379097
64	0.5665719880005149
65	0.8925879504044915
66	0.21742711012397725
67	0.09348055211452132
68	0.08480513362914895
69	0.937131600443727
70	0.8782156365502338
71	0.9838981538483189
72	0.9838981538483189
73	0.8230036250150389
74	0.8230036250150389
75	0.024696375181437153
76	0.12520412762878458
77	0.12120455403276079
78	0.5852680376789788
79	0.23581040555488308
80	0.5948461590153711
81	0.8925879504044915
82	0.7967132492073021
83	0.14489964968096344
84	0.13579004060925667
85	0.14489964968096344
86	0.12520412762878458
87	0.35384195289533515
88	1.0
89	0.32100381758685564
90	0.2599334021689762
91	0.6245313223904189
92	0.6347520014624477
93	0.4369758436353279
94	0.9680555771461301
95	0.04019100294647118
96	0.004209195456615611
97	0.003246395470718101
98	0.007674387126047747
99	1.0
100	0.45139540946972445
101	0.9838981538483189
102	0.9838981538483189
103	0.6245313223904189
104	0.614475215120391
105	0.6245313223904189
106	0.9680555771461301
107	0.9838981538483189
108	0.9524680951766599
109	0.7111366461700487
110	0.9838981538483189
111	0.3775797899972509
112	0.3655182215245033
113	0.022771096439116574
114	0.0769348332586572
115	0.12120455403276079
116	0.9838981538483189
117	0.9838981538483189
118	0.6045810297425014
119	0.6556978921951105
120	0.9680555771461301
121	0.48167771661523806
122	0.4095038717012285
123	0.02551131956105554
124	0.01904739310838174
125	0.024696375181437153
126	0.28191057199709557
127	0.4095038717012285
128	0.513991542262758
129	0.5309525138815142
130	1.0
131	0.17894329980857993
132	0.5309525138815142
133	0.5484731728386688
134	0.6664286233595221
135	0.9220420515895167
136	0.35384195289533515
137	0.6664286233595221
138	0.3315964756209393
139	0.37150005830873106
140	0.16499324727369863
141	0.16769342093829617
142	0.25574799451756824
143	0.013545299253376991
144	0.011895693606067967
145	0.0049510536931115755
146	0.003408403375565032
147	0.0046397888713085094
148	0.34814444420780405
149	0.34814444420780405
150	1.0
151	0.9838981538483189
152	0.9680555771461301
153	0.6556978921951105
154	0.5574491330158785
155	0.5224031981891384
156	1.0
157	0.9838981538483189
158	0.8364723744993472
159	0.8501615448994049
160	0.7588439508744758
161	0.6245313223904189
162	0.6347520014624477
163	0.5574491330158785
164	0.7588439508744758
165	0.8364723744993472
166	0.5224031981891384
167	0.5396417421912961
168	1.0
169	1.0
170	0.6347520014624477
171	0.6347520014624477
172	0.3837590186752804
173	0.41620554942555466
174	0.12520412762878458
175	0.1336035702664378
176	0.2516299796562454
177	1.0
178	1.0
179	0.9838981538483189
180	0.9524680951766599
181	1.0
182	0.8364723744993472
183	0.809751747262771
184	0.809751747262771
185	0.9838981538483189
186	0.9838981538483189
187	0.9071954723294418
188	0.8782156365502338
189	0.8501615448994049
190	0.809751747262771
191	0.5852680376789788
192	0.513991542262758
193	0.4369758436353279
194	0.5665719880005149
195	0.8782156365502338
196	0.8925879504044915
197	0.7588439508744758
198	0.809751747262771
199	0.8925879504044915
200	0.9071954723294418
