1	0.4441271100328678
2	0.10472979393476874
3	0.02469637518143715
4	0.004348092770690399
5	0.00027531100170731244
6	0.000694488826796728
7	6.284732873436292e-05
8	4.32653452539759e-05
9	1.344468595823297e-05
10	0.0006833062745535759
11	0.0001415075263694463
12	0.0003871421943870507
13	0.0008716923278076731
14	1.0
15	1.0
16	1.0
17	1.0
18	0.0009301706690873714
19	0.0003999173224417106
20	0.0001415075263694463
21	0.0006833062745535759
22	1.344468595823297e-05
23	4.469303857690138e-05
24	5.609676834340151e-05
25	0.0028051283336035368
26	0.00031348906834405315
27	0.006214348384488034
28	0.027668282067045122
29	0.10644373457266824
30	0.436975843635334
31	0.9838981538483329
32	0.9680555771461301
33	1.0
34	1.0
35	0.9220420515895166
36	0.9220420515895166
37	0.020995908477665932
38	0.08480513362914895
39	0.003246395470718055
40	0.016458371314135432
41	0.10138426111191928
42	0.5852680376789788
43	0.7227746524257427
44	0.513991542262758
45	0.7111366461700486
46	0.16499324727369863
47	0.09814559940423298
48	0.14489964968096344
49	0.05296346225091007
50	0.05296346225091007
51	0.0030920881101850054
52	0.0005715668219861406
53	0.00021934392271274688
54	0.03361866366814597
55	0.9838981538483329
56	0.8501615448994049
57	0.9838981538483329
58	0.7588439508744864
59	0.7466251623243717
60	0.9680555771461301
61	0.9838981538483329
62	0.04651334071458662
63	0.008323250672589018
64	0.011147830387442765
65	0.02469637518143715
66	0.0997517873372947
67	0.018438935128663837
68	0.004009124378788922
69	0.0050320794624388356
70	0.001994829555235368
71	0.004209195456615671
72	0.004951053693111611
73	0.006316048424506088
74	1.0
75	0.030498699465507893
76	1.0
77	0.348144444207809
78	1.0
79	0.6556978921951198
80	0.5574491330158785
81	0.6451399456130124
82	0.06979493239667436
83	0.05296346225091007
84	0.22827757824649533
85	0.8782156365502338
86	0.9524680951766463
87	1.0
88	0.9680555771461301
89	0.5574491330158785
90	0.17043778391330405
91	0.6245313223904276
92	0.22098538275893506
93	0.25162997965624895
94	1.0
95	1.0
96	1.0
97	1.0
98	1.0
99	0.4441271100328678
100	0.2685108255202401
101	0.8640747434825137
102	0.2773712913382699
103	0.2729051014782441
104	0.7838846950415602
105	0.2773712913382699
106	0.371500058308731
107	0.3655182215245085
108	1.0
109	0.46629079995640094
110	0.3900393726467363
111	0.505715329525985
112	0.25993340216897615
113	0.6664286233595221
114	0.12120455403276079
115	0.892587950404504
116	0.006316048424506088
117	0.010113261253784643
118	0.006631244087325165
119	0.007076107650393188
120	0.006015834611932771
121	0.005729890533725427
122	0.013545299253377182
123	0.10472979393476874
124	0.6556978921951198
125	0.348144444207809
126	0.010968329737619126
127	0.011704150977755606
128	0.029524436113289032
129	0.9838981538483329
130	0.9838981538483329
131	0.7588439508744864
132	0.7838846950415602
133	0.8230036250150506
134	0.9838981538483329
135	0.043589121425846165
136	0.002463507565100762
137	0.0012662220527620764
138	0.0005270086451646011
139	0.0006614784499805435
140	0.0020943793974173754
141	0.8501615448994049
142	0.008189230970777112
143	0.06030803830703665
144	0.07093715149650967
145	0.7227746524257427
146	0.8501615448994049
147	0.9680555771461301
148	0.7838846950415602
149	0.8782156365502338
150	0.2641873055176485
151	0.0330773411179359
152	0.008057369233584962
153	0.007799981223697675
154	0.021688742850449225
155	0.348144444207809
156	0.34253867592860743
157	0.2557479945175719
158	0.6664286233595221
159	0.7712627042813435
160	0.03416884515602848
161	0.041517247454899237
162	0.2685108255202401
163	0.47392181612761314
164	0.8230036250150506
165	0.8097517472627709
166	0.9071954723294546
167	0.8782156365502338
168	0.8782156365502338
169	0.9680555771461301
170	0.29121320991526145
171	0.1380122933233906
172	0.2729051014782441
173	0.2685108255202401
174	0.6884197964379195
175	0.02678443476505567
176	0.03828064801966493
177	0.12318811002815042
178	1.0
179	0.044302473030725924
180	0.04019100294647176
181	0.007309608887594823
182	0.00025384832083937524
183	0.00023788928317815646
184	0.0008438466194896988
185	0.00018347513186353526
186	0.059336967552506205
187	0.348144444207809
188	1.0
189	1.0
190	1.0
191	0.348144444207809
192	0.029524436113289032
193	0.004209195456615671
194	0.0011866166988221
195	0.00029378051233887965
196	0.000198987813567983
197	0.003299523896879449
198	0.012090370898187257
199	0.04651334071458662
200	1.0
