1	0.8230036250150391
2	0.7838846950415603
3	0.513991542262758
4	0.513991542262758
5	0.513991542262758
6	0.5852680376789872
7	0.6884197964379097
8	0.6664286233595222
9	0.5396417421913038
10	0.45878265723355866
11	0.466290799956401
12	0.60458102974251
13	0.6884197964379097
14	0.8782156365502464
15	0.10995622264422977
16	0.003353521788788838
17	0.010617952774480096
18	0.0032463954707181012
19	0.02032520629905422
20	0.021688742850449538
21	0.15715080394779135
22	0.2004769386898946
23	0.33159647562093936
24	0.8640747434825137
25	0.7111366461700487
26	0.5057153295259778
27	0.7712627042813436
28	0.5484731728386767
29	0.5484731728386767
30	0.43697584363533404
31	0.40950387170123426
32	0.5057153295259778
33	0.9220420515895167
34	0.9071954723294547
35	0.968055577146144
36	0.9371316004437404
37	0.5484731728386767
38	0.45878265723355866
39	0.45878265723355866
40	0.3837590186752804
41	0.2685108255202363
42	0.466290799956401
43	0.35384195289533515
44	0.15213071221465968
45	0.27737129133826594
46	1.0
47	1.0
48	0.746625162324361
49	1.0
50	1.0
51	1.0
52	0.009324852154700492
53	0.00041987477004942157
54	0.0006508274257463042
55	0.006214348384488123
56	0.017001473575159215
57	1.0
58	1.0
59	1.0
60	1.0
61	1.0
62	1.0
63	0.018142034232021265
64	0.0022714575694317693
65	3.2831645528475324e-05
66	0.00018952954375246506
67	0.0010764932965619026
68	1.0
69	1.0
70	1.0
71	0.746625162324361
72	1.0
73	0.9838981538483328
74	0.04219669209919026
75	0.04804821315291693
76	0.8782156365502464
77	0.6451399456130125
78	0.027222771645920248
79	0.004278080449843506
80	0.001441812238433822
81	0.0002843958634265
82	0.007309608887594823
83	0.005369661486237472
84	0.008323250672589018
85	0.010446984132459751
86	0.008881624169591424
87	1.0
88	0.017562497419084444
89	0.0006833062745535857
90	0.008597905811488844
91	1.0
92	1.0
93	1.0
94	0.003637059484442896
95	0.0006403479026656335
96	0.014453999040223766
97	0.011515692539375738
98	0.009174704819918203
99	0.008459463654885606
100	0.0003134890683440532
101	1.0
102	0.004141419638950891
103	0.004278080449843506
104	0.0015637163575655678
105	0.0025864462836876507
106	0.0003569613831694986
107	0.003637059484442896
108	1.0
109	0.32625716018605594
110	0.5574491330158785
111	1.0
112	1.0
113	1.0
114	0.4299397258291169
115	0.466290799956401
116	1.0
117	0.004074735137074952
118	0.00033451979230623877
119	0.0024238405452939728
120	0.002897693479410694
121	0.5057153295259778
122	0.5057153295259778
123	0.011895693606068052
124	1.0
125	0.0005623635409531145
126	2.532182371629836e-05
127	0.0007058543855178155
128	0.0030920881101850054
129	0.006214348384488123
130	0.0007410792960859194
131	0.0043480927706904
132	1.0
133	1.0
134	1.0
135	1.0
136	0.003578496112179884
137	0.0011487109132294474
138	0.01727970878760305
139	1.0
140	0.007550815325235737
141	0.002163490864431252
142	0.0005356333306484069
143	0.00041987477004942157
144	0.001723681836231313
145	0.000960864945202363
146	0.001839316735680622
147	0.007309608887594823
148	0.027222771645920248
149	0.566571988000515
150	0.8925879504044915
151	0.8925879504044915
152	0.9371316004437404
153	0.968055577146144
154	0.850161544899405
155	0.7838846950415603
156	0.8364723744993591
157	0.9371316004437404
158	0.9220420515895167
159	0.9371316004437404
160	0.32625716018605594
161	0.07569604040982215
162	0.09348055211451999
163	0.9524680951766463
164	0.031505112088109015
165	0.030498699465507893
166	0.0290490381852773
167	0.011147830387442924
168	0.015423659850313085
169	0.10644373457266976
170	0.7712627042813436
171	0.5574491330158785
172	0.40291010336058325
173	0.24757827243667338
174	0.31583506350196977
175	0.3057458946813884
176	0.7588439508744758
177	0.8364723744993591
178	0.8782156365502464
179	0.60458102974251
180	0.2912132099152615
181	0.32625716018605594
182	0.34814444420780405
183	0.4230169025093205
184	0.3655182215245085
185	0.7227746524257428
186	0.9524680951766463
187	0.9838981538483328
188	0.5484731728386767
189	0.029524436113288612
190	0.014453999040223766
191	0.05044600800408453
192	0.021688742850449538
193	0.45878265723355866
194	1.0
195	0.9838981538483328
196	0.9838981538483328
197	0.7588439508744758
198	0.6884197964379097
199	0.7838846950415603
200	1.0
