1	1.0
2	0.9838981538483189
3	0.8782156365502339
4	0.7838846950415602
5	0.9680555771461301
6	0.3008228213237163
7	0.2912132099152615
8	0.40950387170122843
9	0.020995908477665783
10	0.02551131956105572
11	0.9838981538483189
12	0.023907463729683512
13	0.022771096439116734
14	0.03202070454638264
15	0.3655182215245033
16	0.35384195289533515
17	0.3262571601860513
18	0.01311260248634491
19	0.014690543918280221
20	0.024696375181437157
21	0.9838981538483189
22	0.020657835589543632
23	0.008323250672588899
24	0.17606198232518674
25	0.37150005830873106
26	0.38375901867527495
27	0.15715080394779135
28	0.31583506350196755
29	0.5758441417787756
30	0.6045810297425015
31	0.9220420515895036
32	0.8782156365502339
33	0.809751747262771
34	0.5396417421912961
35	0.40291010336057753
36	0.7227746524257325
37	0.7346031188276403
38	0.8782156365502339
39	0.677334966787895
40	0.7111366461700385
41	0.7346031188276403
42	0.8501615448993928
43	0.809751747262771
44	0.7588439508744758
45	0.7588439508744758
46	0.8501615448993928
47	0.8501615448993928
48	0.8364723744993592
49	0.4299397258291107
50	0.17322705937262783
51	0.3596327033558797
52	0.9071954723294419
53	0.5574491330158786
54	0.5139915422627507
55	0.5574491330158786
56	0.5484731728386688
57	0.9220420515895036
58	0.17322705937262783
59	0.14727098441461317
60	0.6144752151203824
61	0.9071954723294419
62	0.9838981538483189
63	0.6884197964379
64	0.3315964756209417
65	0.48167771661523806
66	0.48167771661523806
67	0.8925879504044915
68	0.9838981538483189
69	0.9838981538483189
70	0.9680555771461301
71	0.6556978921951104
72	0.6556978921951104
73	0.9524680951766463
74	0.9680555771461301
75	0.18187177108593688
76	0.002671795240633401
77	0.006316048424505953
78	0.9680555771461301
79	0.02314375359893911
80	0.013545299253376991
81	0.009950419076984445
82	0.010113261253784716
83	0.02204368690561934
84	0.02204368690561934
85	0.010617952774479945
86	0.01079171937964315
87	0.9838981538483189
88	0.24757827243667163
89	0.12120455403275908
90	0.6451399456130031
91	0.5139915422627507
92	0.34814444420780405
93	0.39642250686330754
94	0.6245313223904277
95	0.809751747262771
96	0.8364723744993592
97	0.10304345090533458
98	0.016458371314135432
99	0.0008302591310470595
100	0.004871332588256381
101	0.00363705948444287
102	0.003578496112179884
103	0.0047928951403666395
104	0.02314375359893911
105	1.0
106	0.017562497419084194
107	0.005283200023099431
108	0.004491573493650784
109	0.012693727967806403
110	0.010617952774479945
111	0.0026287744047199095
112	0.0066312440873250705
113	0.9838981538483189
114	0.9838981538483189
115	0.9838981538483189
116	0.8782156365502339
117	0.9838981538483189
118	0.9838981538483189
119	0.024696375181437157
120	0.0017518905076602364
121	0.004565079704726418
122	0.0053696614862374335
123	0.010446984132459529
124	0.011704150977755524
125	0.019359110527732683
126	0.03705779481220434
127	0.8230036250150273
128	0.17043778391330042
129	0.2729051014782441
130	0.9838981538483189
131	0.9838981538483189
132	0.8640747434825014
133	0.8925879504044915
134	0.9220420515895036
135	0.9680555771461301
136	0.9838981538483189
137	0.8640747434825014
138	0.9680555771461301
139	0.25574799451756647
140	0.3008228213237163
141	0.2912132099152615
142	0.3210038175868534
143	0.9680555771461301
144	0.31074953590015464
145	0.11175569566235839
146	0.13801229332339157
147	0.45139540946972445
148	0.7346031188276403
149	0.7588439508744758
150	0.7838846950415602
151	0.9371316004437404
152	0.9838981538483189
153	0.6996860333005961
154	0.9838981538483189
155	0.3655182215245033
156	0.25993340216897615
157	0.25574799451756647
158	0.9838981538483189
159	0.17894329980857865
160	0.062298115656568065
161	0.0376642589146651
162	0.04727454821686481
163	0.017849913987938726
164	0.024298717947761457
165	0.9680555771461301
166	0.12933568132305998
167	0.06435386265758081
168	0.027222771645920248
169	0.009477456704464739
170	0.003881055214359103
171	0.0014893899404870398
172	0.0006403479026656381
173	0.015676073575284645
174	0.9838981538483189
175	0.9220420515895036
176	0.9524680951766463
177	0.9838981538483189
178	1.0
179	0.004951053693111541
180	0.004348092770690369
181	0.011515692539375738
182	0.013327194928720634
183	0.0026287744047199095
184	0.002271457569431753
185	0.014453999040223662
186	1.0
187	0.019997932954225528
188	0.0025038237499127123
189	0.0012662220527620855
190	0.0014654080128054456
191	0.001994829555235368
192	0.0005019589204015528
193	0.019047393108381605
194	0.09348055211451999
195	0.9680555771461301
196	0.9371316004437404
197	0.9524680951766463
198	0.9838981538483189
199	0.9838981538483189
200	0.9838981538483189
