1	0.1972488898661499
2	0.0046397888713085094
3	0.0032995238968794023
4	0.007799981223697674
5	0.09814559940423298
6	0.002805128333603497
7	0.004951053693111541
8	0.00652446881523681
9	0.0050320794624387636
10	0.008881624169591297
11	0.038907124553427985
12	1.0
13	1.0
14	0.8364723744993591
15	0.8925879504044913
16	1.0
17	1.0
18	1.0
19	0.8782156365502339
20	0.8640747434825014
21	0.9838981538483189
22	1.0
23	0.04651334071458728
24	0.012901465378461817
25	0.007076107650393088
26	0.0047928951403666395
27	0.00335352178878879
28	0.029524436113288616
29	0.9838981538483189
30	0.09814559940423298
31	0.010113261253784643
32	0.0018393167356805958
33	0.0045650797047264175
34	0.1940728185879325
35	0.5139915422627507
36	0.5139915422627507
37	0.7588439508744758
38	0.8925879504044913
39	0.9071954723294418
40	0.9071954723294418
41	0.9220420515895035
42	0.013327194928720634
43	0.010791719379643228
44	0.055606547367958434
45	0.9220420515895035
46	0.9220420515895035
47	0.9838981538483189
48	0.0076743871260476935
49	0.014453999040223764
50	0.9524680951766462
51	0.016727718463300126
52	0.06435386265758125
53	0.05744148237014259
54	8.417520853263029e-05
55	2.791220248407822e-05
56	0.0013080055346563406
57	0.00346418311919148
58	0.015676073575284534
59	1.0
60	1.0
61	0.055606547367958434
62	0.004209195456615611
63	3.503418891533403e-05
64	1.98493900617464e-05
65	0.0004198747700494216
66	3.503418891533403e-05
67	0.0005019589204015527
68	0.000803736982286617
69	2.1181006010625973e-05
70	0.00013047588992904006
71	0.009026975134420792
72	0.9838981538483189
73	0.9680555771461302
74	1.0
75	0.9838981538483189
76	0.9838981538483189
77	0.3425386759286075
78	0.3370231708678044
79	0.3837590186752804
80	0.9838981538483189
81	0.9838981538483189
82	0.9838981538483189
83	0.9838981538483189
84	0.9680555771461302
85	0.9524680951766462
86	0.9680555771461302
87	0.9680555771461302
88	0.3837590186752804
89	0.35963270335587966
90	0.35963270335587966
91	0.0044192508682770176
92	3.503418891533403e-05
93	2.1181006010625973e-05
94	0.000803736982286617
95	0.0005019589204015527
96	3.503418891533403e-05
97	0.0004198747700494216
98	2.0504390998152176e-05
99	3.6190266078127803e-05
100	0.004209195456615611
101	0.055606547367958434
102	1.0
103	1.0
104	0.015932618141390686
105	0.00346418311919148
106	0.0013080055346563406
107	2.3347786289363818e-05
108	0.00011092558415419897
109	0.009026975134420792
110	0.01619336115132798
111	0.11925293695084216
112	0.04883453939311235
113	0.04219669209918966
114	1.0
115	1.0
116	1.0
117	0.1496811268916314
118	0.09049436982916052
119	0.09197534264619907
120	1.0
121	0.9838981538483189
122	0.9838981538483189
123	0.9838981538483189
124	0.9680555771461302
125	1.0
126	1.0
127	0.8501615448994049
128	0.5396417421912961
129	0.3900393726467308
130	0.4441271100328678
131	0.466290799956401
132	0.8097517472627709
133	0.29597901853585135
134	0.22827757824649533
135	0.1496811268916314
136	0.7588439508744758
137	0.8501615448994049
138	0.8925879504044913
139	0.481677716615238
140	0.04883453939311235
141	0.07209806342155774
142	0.16499324727370096
143	0.18187177108593688
144	0.481677716615238
145	0.5396417421912961
146	0.3900393726467308
147	0.5484731728386688
148	0.5758441417787756
149	0.677334966787895
150	0.9071954723294418
151	0.05383022830539262
152	0.019047393108381605
153	0.12318811002815044
154	0.31583506350196977
155	0.4587826572335587
156	0.746625162324361
157	0.5758441417787756
158	0.481677716615238
159	0.1496811268916314
160	0.14256649781436806
161	0.07569604040982107
162	0.034168845156027985
163	0.03202070454638286
164	0.9680555771461302
165	1.0
166	0.9680555771461302
167	0.9220420515895035
168	0.9371316004437403
169	0.9371316004437403
170	1.0
171	0.9371316004437403
172	1.0
173	0.9220420515895035
174	0.015932618141390686
175	0.006739766775034894
176	0.06540703669975813
177	0.02204368690561934
178	0.023522509426831248
179	0.031505112088108564
180	0.030007614098887924
181	0.13579004060925667
182	0.1940728185879325
183	0.2037578156903402
184	0.9680555771461302
185	0.9071954723294418
186	0.6884197964379
187	0.677334966787895
188	0.783884695041549
189	0.4369758436353278
190	0.36551822152450336
191	0.3370231708678044
192	0.4299397258291108
193	0.49757237909340374
194	0.5758441417787756
195	0.677334966787895
196	0.8364723744993591
197	0.5574491330158785
198	0.6045810297425014
199	0.783884695041549
200	0.9838981538483189
