1	0.3315964756209417
2	0.210481526578285
3	0.15715080394779135
4	0.23201342268367117
5	0.6045810297425014
6	0.4029101033605775
7	0.010113261253784572
8	0.9838981538483118
9	0.030997821620274594
10	0.005823662247270204
11	0.02592882145501866
12	0.9838981538483118
13	0.2959790185358493
14	0.20709238541954902
15	1.0
16	0.9838981538483118
17	0.07093715149650967
18	0.02204368690561934
19	0.02551131956105536
20	0.06540703669975813
21	0.7111366461700437
22	0.6996860333005861
23	0.9838981538483118
24	0.9838981538483118
25	0.07327797408660716
26	0.04727454821686481
27	0.038907124553427985
28	0.042196692099189664
29	0.07093715149650967
30	0.41620554942554877
31	0.22098538275893354
32	0.31583506350196755
33	0.10304345090533311
34	0.7111366461700437
35	0.1448996496809614
36	0.39003937264673083
37	0.8782156365502277
38	0.783884695041549
39	0.7712627042813326
40	0.6664286233595221
41	0.6556978921951059
42	0.1425664978143671
43	0.05651656845829405
44	1.0
45	0.3715000583087311
46	0.3481444442077991
47	0.03416884515602799
48	0.6556978921951059
49	0.19094788792080786
50	0.2516299796562454
51	0.1732270593726266
52	0.21742711012397728
53	0.3057458946813819
54	0.23201342268367117
55	0.23201342268367117
56	0.029524436113288616
57	0.042196692099189664
58	0.09814559940423298
59	0.003194122510301038
60	0.014690543918280221
61	0.007550815325235577
62	0.0026287744047199095
63	0.0014185963995909394
64	0.0009151932040789137
65	0.09501039487561766
66	1.0
67	1.0
68	1.0
69	1.0
70	0.09501039487561766
71	0.003578496112179833
72	0.0044192508682770176
73	0.006631244087325071
74	0.0076743871260476935
75	0.013327194928720636
76	0.42301690250931745
77	0.566571988000511
78	0.1448996496809614
79	0.11925293695084131
80	0.12120455403275907
81	0.9680555771461301
82	0.9680555771461301
83	0.952468095176653
84	0.952468095176653
85	0.9838981538483118
86	0.32625716018605133
87	0.1425664978143671
88	0.06867110513305613
89	0.8364723744993592
90	0.0044192508682770176
91	0.0025447997235481428
92	0.007309608887594875
93	0.004951053693111541
94	0.019675929314445093
95	0.17043778391330042
96	0.17894329980857865
97	0.6996860333005861
98	0.783884695041549
99	0.9838981538483118
100	0.27290510147824404
101	0.05933696755250579
102	0.010113261253784572
103	0.005369661486237395
104	0.006015834611932686
105	0.04883453939311235
106	1.0
107	1.0
108	1.0
109	0.952468095176653
110	0.92204205158951
111	0.92204205158951
112	1.0
113	0.9838981538483118
114	1.0
115	1.0
116	1.0
117	1.0
118	1.0
119	1.0
120	1.0
121	1.0
122	1.0
123	1.0
124	0.9838981538483118
125	0.9838981538483118
126	0.9680555771461301
127	0.9371316004437272
128	0.952468095176653
129	0.952468095176653
130	1.0
131	1.0
132	0.05044600800408382
133	0.0047157206801952825
134	0.006631244087325071
135	0.014221262971401333
136	0.06229811565656806
137	0.05383022830539225
138	0.029524436113288616
139	0.011895693606067884
140	0.015175310452307375
141	0.0076743871260476935
142	0.005637628717885286
143	0.008057369233584905
144	0.011704150977755524
145	0.22827757824649372
146	0.24757827243667163
147	0.20709238541954902
148	0.746625162324361
149	0.6347520014624433
150	0.16499324727369982
151	0.21742711012397728
152	0.26418730551764663
153	0.39003937264673083
154	0.9680555771461301
155	0.47392181612760975
156	0.41620554942554877
157	0.7712627042813326
158	0.7346031188276351
159	0.783884695041549
160	0.809751747262771
161	0.48167771661523795
162	0.48956054519591236
163	0.9838981538483118
164	0.3837590186752777
165	0.22460188780169196
166	0.19407281858793252
167	0.3315964756209417
168	0.8640747434825014
169	0.9838981538483118
170	0.809751747262771
171	0.7346031188276351
172	0.6996860333005861
173	0.4029101033605775
174	0.4029101033605775
175	0.9071954723294354
176	0.9838981538483118
177	0.13360357026643682
178	0.017562497419084194
179	0.026353155917208635
180	0.08077418408895702
181	1.0
182	1.0
183	0.21742711012397728
184	0.3008228213237163
185	1.0
186	0.024298717947761284
187	0.008459463654885547
188	0.03416884515602799
189	0.9838981538483118
190	0.031505112088108564
191	0.031505112088108564
192	0.23201342268367117
193	0.18187177108593688
194	0.14727098441461314
195	0.32625716018605133
196	1.0
197	1.0
198	1.0
199	1.0
200	1.0
