1	0.746625162324361
2	0.6773349667878948
3	0.9220420515895166
4	0.9220420515895166
5	0.5396417421913038
6	0.34253867592860743
7	0.9838981538483188
8	1.0
9	0.32100381758685564
10	0.2685108255202324
11	0.210481526578285
12	0.21742711012398033
13	0.25574799451756824
14	0.9524680951766462
15	0.9220420515895166
16	0.8364723744993591
17	0.9838981538483188
18	0.9680555771461439
19	0.023522509426831248
20	0.007799981223697563
21	0.011147830387442765
22	0.06030803830703579
23	0.8501615448993927
24	0.9371316004437403
25	0.8364723744993591
26	0.8364723744993591
27	0.9838981538483188
28	0.9838981538483188
29	0.18484816784601352
30	0.18187177108593944
31	0.08619300005539272
32	0.09501039487561763
33	0.9524680951766462
34	0.8782156365502338
35	0.8097517472627824
36	0.1380122933233906
37	0.13360357026643588
38	0.22827757824649533
39	0.21392613224755938
40	0.24757827243666988
41	0.7967132492072908
42	0.8501615448993927
43	0.24359180518339907
44	0.6045810297425014
45	0.9838981538483188
46	0.37150005830873106
47	0.699686033300596
48	0.8501615448993927
49	0.9838981538483188
50	0.11925293695084045
51	0.000960864945202363
52	0.00047040156643291924
53	0.00031861942937681055
54	0.002128654667381612
55	0.019675929314445093
56	0.48167771661524483
57	0.14027091400017713
58	0.3655182215245033
59	0.7346031188276402
60	0.8501615448993927
61	0.9838981538483188
62	1.0
63	0.008323250672588899
64	0.00029378051233887965
65	0.0015385376373511577
66	2.6157406985813598e-05
67	2.573622444280148e-05
68	0.00031348906834405315
69	3.1782857560725795e-05
70	0.0001022780531873032
71	0.003637059484442844
72	0.9838981538483188
73	0.8230036250150389
74	0.5309525138815067
75	0.7111366461700385
76	0.5396417421913038
77	0.8640747434825137
78	0.5484731728386688
79	0.7227746524257428
80	0.9220420515895166
81	0.8925879504044915
82	0.9220420515895166
83	0.9220420515895166
84	1.0
85	1.0
86	1.0
87	0.3837590186752804
88	0.34814444420780405
89	0.9838981538483188
90	0.5057153295259778
91	0.5665719880005149
92	1.0
93	0.9071954723294416
94	0.9371316004437403
95	0.7227746524257428
96	0.7346031188276402
97	0.22460188780169194
98	0.2037578156903431
99	0.40291010336057753
100	0.3538419528953301
101	0.9838981538483188
102	0.9680555771461439
103	0.9220420515895166
104	0.9838981538483188
105	0.8640747434825137
106	0.6884197964379097
107	0.7111366461700385
108	0.22460188780169194
109	0.176061982325188
110	0.758843950874465
111	1.0
112	0.8230036250150389
113	0.9680555771461439
114	0.48956054519591574
115	0.48956054519591574
116	0.758843950874465
117	0.004209195456615611
118	8.982218558500486e-05
119	2.1527640770318298e-05
120	0.0002985883357843618
121	1.4581423846185274e-05
122	2.5321823716298357e-05
123	0.0015385376373511577
124	0.00031348906834405315
125	0.008459463654885604
126	0.9838981538483188
127	0.9524680951766462
128	0.3655182215245033
129	0.8640747434825137
130	0.03646109590141792
131	0.01700147357515921
132	0.0003809084903342007
133	0.0016417519552458459
134	6.284732873436203e-05
135	8.67370396787845e-06
136	1.0202418610812096e-05
137	1.0202418610812096e-05
138	2.5321823716298357e-05
139	0.001225773320081767
140	0.001395754378613427
141	0.000960864945202363
142	0.154620385880011
143	1.0
144	1.0
145	1.0
146	1.0
147	0.9071954723294416
148	0.9524680951766462
149	0.8097517472627824
150	0.9680555771461439
151	0.8230036250150389
152	0.5758441417787837
153	0.5852680376789872
154	1.0
155	1.0
156	1.0
157	0.6664286233595221
158	0.37757978999725084
159	0.20709238541955047
160	1.0
161	1.0
162	1.0
163	1.0
164	0.6347520014624387
165	0.6664286233595221
166	0.04804821315291625
167	0.0025864462836876507
168	0.0025038237499127474
169	0.0014185963995909494
170	6.083970709003627e-05
171	1.0369384850360166e-05
172	1.003814083596575e-05
173	8.67370396787845e-06
174	6.18353707160372e-05
175	0.0016153167178432556
176	0.00047040156643291924
177	0.01700147357515921
178	0.034728030561276546
179	0.9838981538483188
180	0.47392181612760637
181	0.9680555771461439
182	0.9838981538483188
183	1.0
184	1.0
185	1.0
186	0.2396695274125257
187	0.37757978999725084
188	0.19407281858793526
189	0.9220420515895166
190	0.07947357060372963
191	0.0019311058764015323
192	0.0023848122377374418
193	0.0038185630603913396
194	0.00346418311919148
195	0.12120455403276079
196	0.9838981538483188
197	0.9524680951766462
198	0.9371316004437403
199	0.9838981538483188
200	0.9838981538483188
