1	0.9680555771461301
2	0.7346031188276403
3	0.7588439508744758
4	0.12725313808047323
5	0.0006614784499805341
6	0.003944570074838709
7	0.004141419638950832
8	0.004491573493650751
9	0.008881624169591297
10	0.0408487431237386
11	0.1448996496809614
12	0.003408403375565057
13	0.0025864462836876507
14	0.001869417813710169
15	8.555276600875402e-05
16	2.8833264476781604e-05
17	0.0005019589204015456
18	0.0004938764550907831
19	0.00932485215470036
20	0.1336035702664378
21	1.0
22	1.0
23	1.0
24	0.08343961441458082
25	0.0020943793974173754
26	0.005198130749138962
27	1.0
28	1.0
29	1.0
30	1.0
31	0.025511319561055363
32	0.02277109643911641
33	0.0807741840889576
34	1.0
35	0.9838981538483189
36	0.9838981538483189
37	0.9838981538483189
38	0.1380122933233906
39	0.015676073575284756
40	0.0005715668219861406
41	0.0009453932456821711
42	3.283164552847486e-05
43	9.278618677018997e-05
44	0.006214348384488035
45	0.006962169253653825
46	0.07093715149650967
47	1.0
48	0.2037578156903402
49	0.6664286233595222
50	0.8925879504044915
51	0.9838981538483189
52	0.3008228213237163
53	0.030997821620274816
54	0.019675929314445093
55	0.01727970878760305
56	0.0022714575694317693
57	0.0076743871260476935
58	0.24757827243666988
59	0.9838981538483189
60	0.5224031981891385
61	0.37757978999725095
62	0.08903724340857934
63	0.0654070366997572
64	0.7111366461700487
65	0.16769342093829617
66	0.08343961441458082
67	0.1154434707063186
68	0.7346031188276403
69	0.21742711012397728
70	0.06867110513305615
71	0.05471117929721262
72	0.1231881100281487
73	0.03049869946550746
74	0.006316048424505998
75	0.018142034232021265
76	0.8364723744993472
77	0.9220420515895166
78	0.9071954723294419
79	0.9524680951766599
80	0.9071954723294419
81	0.9071954723294419
82	0.8925879504044915
83	0.9371316004437271
84	0.8782156365502339
85	0.8925879504044915
86	0.9680555771461301
87	0.9680555771461301
88	0.9524680951766599
89	0.1231881100281487
90	0.05838153282986846
91	0.05044600800408382
92	0.048834539393111664
93	0.1314523061326923
94	0.07447719441285176
95	0.1231881100281487
96	0.8501615448994049
97	0.2516299796562454
98	0.2641873055176485
99	0.3370231708678045
100	0.9524680951766599
101	0.06979493239667438
102	0.07693483325865721
103	0.10995622264422822
104	0.22460188780169194
105	0.3837590186752804
106	0.3262571601860513
107	0.3715000583087311
108	0.6451399456130033
109	0.809751747262771
110	0.9680555771461301
111	0.9680555771461301
112	0.8230036250150391
113	0.3370231708678045
114	0.21742711012397728
115	0.21742711012397728
116	0.4299397258291107
117	0.4513954094697245
118	0.41620554942554877
119	0.24757827243666988
120	0.3158350635019698
121	0.11925293695084216
122	0.6144752151203912
123	0.7967132492072909
124	0.23966952741252573
125	0.1972488898661499
126	0.3964225068633132
127	0.9220420515895166
128	0.9524680951766599
129	0.9524680951766599
130	0.9371316004437271
131	0.5396417421912961
132	0.42301690250932045
133	0.3837590186752804
134	0.7588439508744758
135	0.7346031188276403
136	0.25574799451756824
137	0.046513340714587285
138	0.10995622264422822
139	0.05471117929721262
140	0.3158350635019698
141	0.809751747262771
142	0.9371316004437271
143	0.7227746524257325
144	0.5758441417787756
145	0.06331764666180247
146	0.06129500098272593
147	0.4739218161276132
148	0.4513954094697245
149	0.8925879504044915
150	0.9371316004437271
151	0.4895605451959158
152	0.513991542262758
153	0.5484731728386688
154	0.17043778391330164
155	0.23966952741252573
156	0.4895605451959158
157	0.12933568132306
158	0.5758441417787756
159	0.513991542262758
160	0.6144752151203912
161	0.5224031981891385
162	0.4029101033605776
163	0.2070923854195505
164	0.2139261322475594
165	0.3538419528953352
166	0.4299397258291107
167	0.3964225068633132
168	0.7227746524257325
169	0.8640747434825015
170	0.5484731728386688
171	0.5057153295259778
172	0.8230036250150391
173	0.9071954723294419
174	0.7838846950415491
175	0.5309525138815143
176	0.2599334021689725
177	0.5396417421912961
178	0.8640747434825015
179	0.6347520014624477
180	0.4441271100328742
181	0.2037578156903402
182	0.3262571601860513
183	0.677334966787895
184	0.9220420515895166
185	0.7111366461700487
186	0.4739218161276132
187	0.49757237909340374
188	0.513991542262758
189	0.5309525138815143
190	0.23966952741252573
191	0.481677716615238
192	0.9220420515895166
193	0.7588439508744758
194	0.6556978921951105
195	0.5484731728386688
196	0.5574491330158706
197	0.7838846950415491
198	0.8925879504044915
199	0.9220420515895166
200	1.0
