1	1.0
2	1.0
3	0.9838981538483189
4	0.9680555771461301
5	0.01935911052773282
6	0.02099590847766593
7	0.04502749889045438
8	0.03361866366814549
9	0.9071954723294416
10	0.2599334021689725
11	0.45139540946972445
12	1.0
13	0.31074953590015464
14	0.34814444420780405
15	0.7712627042813325
16	0.24757827243667338
17	0.2209853827589351
18	0.19407281858793252
19	0.11544347070631858
20	0.9371316004437404
21	0.011147830387442765
22	0.03202070454638286
23	0.04651334071458727
24	1.0
25	0.9838981538483189
26	0.9680555771461301
27	0.022043686905619336
28	0.006739766775034894
29	0.027668282067045125
30	0.9071954723294416
31	0.02099590847766593
32	0.008881624169591297
33	0.021688742850449534
34	0.0593369675525062
35	0.5758441417787755
36	0.09348055211451999
37	0.37150005830873106
38	0.8782156365502339
39	0.8782156365502339
40	0.11544347070631858
41	0.17322705937262783
42	0.25574799451756824
43	0.23581040555488308
44	0.9220420515895166
45	0.9220420515895166
46	0.9838981538483189
47	0.8925879504044913
48	0.8782156365502339
49	0.8782156365502339
50	0.9838981538483189
51	0.305745894681384
52	0.23966952741252567
53	0.1472709844146142
54	0.24757827243667338
55	0.7466251623243612
56	0.03472803056127704
57	0.032544734860148215
58	0.9838981538483189
59	0.8501615448994049
60	0.8640747434825012
61	0.5224031981891458
62	0.1521307122146575
63	0.49757237909340374
64	0.08619300005539272
65	0.29597901853585135
66	0.8501615448994049
67	0.0769348332586572
68	0.06756537356313774
69	0.08903724340857933
70	0.09348055211451999
71	0.9524680951766598
72	0.9524680951766598
73	0.018438935128663837
74	0.0018694178137101689
75	0.00032383375060781954
76	0.0006944888267967084
77	0.0020943793974173754
78	1.0
79	0.1448996496809614
80	0.9838981538483189
81	0.7712627042813325
82	0.9838981538483189
83	0.8782156365502339
84	1.0
85	0.11733274450692356
86	0.010278768401209682
87	0.00019263126270860305
88	0.00019898781356798582
89	0.005114431247540004
90	0.003042299783147364
91	0.2685108255202325
92	0.9838981538483189
93	0.9680555771461301
94	0.9838981538483189
95	0.9838981538483189
96	0.9838981538483189
97	0.9838981538483189
98	0.9680555771461301
99	0.9680555771461301
100	0.9524680951766598
101	0.7712627042813325
102	0.3262571601860513
103	0.3538419528953351
104	0.5309525138815143
105	0.9838981538483189
106	0.9838981538483189
107	0.9524680951766598
108	0.9680555771461301
109	0.9838981538483189
110	0.9680555771461301
111	0.9680555771461301
112	0.9680555771461301
113	0.9524680951766598
114	0.9838981538483189
115	1.0
116	0.9371316004437404
117	0.3262571601860513
118	0.37757978999725084
119	0.9838981538483189
120	0.8925879504044913
121	0.8640747434825012
122	0.8364723744993591
123	0.6045810297425014
124	0.7712627042813325
125	0.9838981538483189
126	0.9371316004437404
127	0.164993247273701
128	0.17043778391330164
129	0.5574491330158785
130	0.677334966787895
131	0.5852680376789788
132	0.17043778391330164
133	0.24757827243667338
134	0.3964225068633132
135	0.5057153295259778
136	0.8925879504044913
137	0.6884197964379097
138	0.6347520014624477
139	0.7838846950415601
140	0.513991542262758
141	0.5484731728386688
142	0.513991542262758
143	0.8501615448994049
144	0.7967132492072908
145	0.03529636723622752
146	0.0472745482168648
147	0.7466251623243612
148	0.7967132492072908
149	0.7967132492072908
150	0.809751747262771
151	0.8364723744993591
152	0.9680555771461301
153	0.1425664978143681
154	0.2037578156903402
155	0.9680555771461301
156	0.9838981538483189
157	0.5309525138815143
158	0.4095038717012285
159	0.4299397258291107
160	0.7588439508744756
161	0.8364723744993591
162	0.823003625015039
163	0.45139540946972445
164	0.20709238541955047
165	0.029524436113288616
166	0.20047693868989175
167	0.00755081532523563
168	0.481677716615238
169	0.6451399456130033
170	0.331596475620944
171	0.2209853827589351
172	0.3008228213237163
173	0.44412711003287414
174	0.5309525138815143
175	0.3262571601860513
176	0.4095038717012285
177	0.7588439508744756
178	0.7838846950415601
179	0.9524680951766598
180	0.9680555771461301
181	0.11175569566235918
182	0.04019100294647119
183	0.07209806342155774
184	0.06331764666180247
185	0.006214348384488035
186	0.002384812237737442
187	0.001225773320081767
188	0.0025447997235481606
189	0.014453999040223762
190	0.11925293695084216
191	1.0
192	0.6556978921951104
193	0.1496811268916314
194	1.0
195	0.0025447997235481606
196	0.0012060361066649748
197	0.0010421053394971728
198	0.0015637163575655455
199	0.018438935128663837
200	0.9838981538483189
