1	0.983898153848319
2	0.9524680951766463
3	0.9680555771461301
4	0.9680555771461301
5	0.9371316004437272
6	0.9220420515895167
7	0.9524680951766463
8	0.9680555771461301
9	0.9524680951766463
10	0.9680555771461301
11	0.9371316004437272
12	0.07209806342155775
13	0.14727098441461212
14	0.9680555771461301
15	0.9524680951766463
16	0.022404439747548983
17	0.010446984132459602
18	0.0358740049446916
19	0.03705779481220407
20	0.03954385360034535
21	0.14968112689163143
22	0.007927630713798602
23	0.005546852487609637
24	0.004074735137074894
25	0.0017805608241138408
26	0.0009608649452023631
27	0.007191910689857811
28	0.027668282067044737
29	0.13579004060925667
30	0.9524680951766463
31	0.8230036250150391
32	0.7346031188276404
33	0.7346031188276404
34	0.49757237909340374
35	0.4739218161276064
36	0.5665719880005069
37	0.9220420515895167
38	0.983898153848319
39	0.983898153848319
40	0.983898153848319
41	0.6347520014624388
42	0.28191057199709163
43	0.24359180518339563
44	0.8925879504044915
45	0.7466251623243612
46	0.8640747434825137
47	0.15213071221465752
48	0.0358740049446916
49	0.0083232506725889
50	0.002715520127955496
51	0.010278768401209684
52	0.00932485215470036
53	0.007309608887594824
54	0.008057369233584964
55	0.7838846950415491
56	0.6045810297425014
57	0.5758441417787838
58	0.9371316004437272
59	0.9220420515895167
60	0.7227746524257326
61	0.3370231708678045
62	0.31583506350196533
63	0.1117556956623576
64	0.12120455403276081
65	0.39003937264673083
66	0.4095038717012285
67	0.4816777166152449
68	0.9680555771461301
69	0.9220420515895167
70	0.9680555771461301
71	0.983898153848319
72	0.983898153848319
73	0.9680555771461301
74	0.9524680951766463
75	0.14489964968096344
76	0.03954385360034535
77	0.025928821455018475
78	0.04019100294647119
79	0.13579004060925667
80	0.9071954723294419
81	0.9680555771461301
82	0.9680555771461301
83	0.9371316004437272
84	0.9220420515895167
85	0.010968329737619128
86	0.012090370898187257
87	0.983898153848319
88	0.0358740049446916
89	0.0016959273764898693
90	0.0014893899404870398
91	0.0014185963995909494
92	0.0005623635409531145
93	0.0010088158858739997
94	0.878215636550234
95	0.983898153848319
96	0.983898153848319
97	0.983898153848319
98	0.983898153848319
99	0.983898153848319
100	0.983898153848319
101	0.878215636550234
102	0.983898153848319
103	0.0011487109132294474
104	0.0007907953330514216
105	0.0025447997235481246
106	0.0015637163575655457
107	0.00022293356467315998
108	0.0358740049446916
109	0.983898153848319
110	0.09348055211451999
111	0.0965652740621615
112	0.8501615448993928
113	0.8501615448993928
114	0.14727098441461212
115	0.07209806342155775
116	0.013992274382953428
117	0.009026975134420794
118	0.02168874285044923
119	0.029524436113288616
120	0.37150005830873106
121	0.9680555771461301
122	0.9680555771461301
123	0.9680555771461301
124	0.6347520014624388
125	0.013766972933527003
126	0.015423659850312866
127	0.010113261253784644
128	0.0008302591310470714
129	0.008189230970776997
130	0.513991542262758
131	0.983898153848319
132	0.9680555771461301
133	0.9680555771461301
134	0.5224031981891384
135	0.04883453939311236
136	0.014690543918280223
137	0.015175310452307484
138	0.015175310452307484
139	0.0358740049446916
140	0.04288725609875964
141	0.983898153848319
142	0.10304345090533384
143	0.09975178733729188
144	0.3210038175868557
145	0.8640747434825137
146	0.809751747262771
147	0.9220420515895167
148	0.9524680951766463
149	0.9524680951766463
150	0.8364723744993592
151	0.3008228213237163
152	0.07093715149650967
153	0.0744771944128507
154	0.9371316004437272
155	0.013545299253376991
156	0.02204368690561934
157	0.02551131956105572
158	0.037664258914665634
159	0.03705779481220407
160	0.04576439005839962
161	0.05560654736795765
162	0.011147830387442765
163	0.009026975134420794
164	0.027668282067044737
165	0.04727454821686481
166	0.028121083425988996
167	0.020657835589543486
168	0.014690543918280223
169	0.005637628717885326
170	0.004141419638950832
171	0.004348092770690338
172	0.1336035702664359
173	0.23966952741252573
174	0.9524680951766463
175	0.9680555771461301
176	0.9524680951766463
177	0.983898153848319
178	0.983898153848319
179	0.9680555771461301
180	0.9524680951766463
181	0.9680555771461301
182	0.9680555771461301
183	0.9680555771461301
184	0.9680555771461301
185	0.9680555771461301
186	0.9371316004437272
187	0.9680555771461301
188	0.2865241396118688
189	0.04804821315291625
190	0.04430247303072467
191	0.04430247303072467
192	0.04084874312373918
193	0.029524436113288616
194	0.9680555771461301
195	0.983898153848319
196	0.15213071221465752
197	0.14727098441461212
198	0.9524680951766463
199	0.983898153848319
200	0.9524680951766463
