1	0.7588439508744756
2	0.16769342093829856
3	0.044302473030725285
4	0.044302473030725285
5	0.07327797408660716
6	0.331596475620944
7	0.34814444420780405
8	0.3425386759286123
9	0.9371316004437403
10	0.05383022830539339
11	0.021339514049848223
12	0.05383022830539339
13	0.12725313808047503
14	0.21742711012398033
15	0.20709238541955338
16	0.272905101478248
17	0.16769342093829856
18	0.9220420515895298
19	0.7227746524257427
20	0.7712627042813435
21	0.32100381758686025
22	0.37150005830873634
23	0.3837590186752858
24	0.6451399456130124
25	0.9838981538483328
26	0.12120455403276079
27	0.05651656845829485
28	0.0675653735631387
29	0.04804821315291693
30	0.05651656845829485
31	0.20709238541955338
32	0.0032463954707181004
33	0.0016417519552458693
34	0.06030803830703665
35	1.0
36	0.11733274450692356
37	0.0612950009827268
38	0.06030803830703665
39	0.06867110513305712
40	1.0
41	1.0
42	0.35963270335588476
43	0.32100381758686025
44	0.31583506350196977
45	0.06331764666180337
46	0.0769348332586583
47	0.6347520014624477
48	0.6347520014624477
49	0.7111366461700486
50	0.8097517472627824
51	0.8097517472627824
52	0.9524680951766598
53	0.746625162324361
54	0.8640747434825136
55	0.0769348332586583
56	0.0022348829091087073
57	0.0007907953330514326
58	7.761308196840291e-05
59	0.0010421053394971875
60	0.03254473486014868
61	0.03529636723622802
62	0.04084874312373918
63	0.15715080394779135
64	0.9838981538483328
65	0.6451399456130124
66	0.9680555771461439
67	0.007927630713798602
68	0.003578496112179884
69	0.004009124378788921
70	0.00414141963895089
71	0.0009608649452023766
72	0.007799981223697785
73	0.05044600800408525
74	0.06030803830703665
75	0.020325206299054505
76	0.06030803830703665
77	0.3775797899972509
78	0.9071954723294546
79	0.08619300005539395
80	0.005198130749139036
81	0.004715720680195382
82	0.009790198959862228
83	0.03529636723622802
84	0.09197534264619907
85	0.05383022830539339
86	0.14968112689163354
87	0.49757237909341073
88	0.9838981538483328
89	1.0
90	0.9838981538483328
91	0.48956054519592274
92	0.14027091400017713
93	0.0370577948122046
94	0.04019100294647176
95	0.9371316004437403
96	0.012090370898187429
97	0.008597905811488844
98	0.0032463954707181004
99	0.01469054391828043
100	0.08903724340858057
101	0.1314523061326923
102	0.05211065273008555
103	0.006419412822152425
104	0.009477456704465006
105	0.09049436982916181
106	0.9838981538483328
107	0.9838981538483328
108	0.9838981538483328
109	1.0
110	0.9838981538483328
111	1.0
112	0.08343961441458082
113	0.013992274382953626
114	0.011895693606068052
115	0.07569604040982214
116	0.21392613224756243
117	0.9838981538483328
118	0.3900393726467363
119	0.0675653735631387
120	0.018438935128663837
121	0.041517247454899237
122	0.3775797899972509
123	0.3538419528953351
124	0.331596475620944
125	0.03416884515602848
126	0.010278768401209682
127	0.0062143483844881225
128	0.007674387126047693
129	0.03254473486014868
130	0.6245313223904277
131	0.9680555771461439
132	0.11925293695084385
133	0.017279708787603047
134	0.013766972933527001
135	0.003637059484442896
136	0.003578496112179884
137	0.009632558682416177
138	0.0022348829091087073
139	0.002628774404719965
140	0.10138426111191928
141	1.0
142	0.8925879504045041
143	0.31583506350196977
144	0.1314523061326923
145	0.03529636723622802
146	0.03766425891466617
147	0.07209806342155876
148	0.7227746524257427
149	0.699686033300596
150	0.031505112088109015
151	0.015423659850313085
152	0.04288725609876025
153	0.06867110513305712
154	0.9524680951766598
155	0.0769348332586583
156	0.04963373414423629
157	0.04804821315291693
158	0.9838981538483328
159	0.2516299796562454
160	0.05471117929721339
161	0.009174704819918332
162	0.9524680951766598
163	0.02551131956105572
164	0.016458371314135432
165	0.11358461770179093
166	0.9680555771461439
167	0.6773349667879045
168	0.9220420515895298
169	0.4095038717012343
170	0.20709238541955338
171	0.2773712913382699
172	0.9524680951766598
173	0.7111366461700486
174	0.1909478879208119
175	0.16769342093829856
176	0.1357900406092586
177	0.14027091400017713
178	0.5396417421913038
179	0.5057153295259778
180	0.575844141778792
181	0.9524680951766598
182	0.9524680951766598
183	0.6451399456130124
184	0.6451399456130124
185	0.09656527406216286
186	0.04219669209919026
187	0.08077418408895873
188	0.3538419528953351
189	0.8501615448994048
190	0.26851082552023625
191	0.35963270335588476
192	0.6773349667879045
193	0.9838981538483328
194	0.9524680951766598
195	0.6144752151203998
196	0.272905101478248
197	0.2865241396118728
198	0.37150005830873634
199	0.4513954094697309
200	1.0
