1	0.968055577146144
2	0.968055577146144
3	0.16233655139003358
4	0.06331764666180337
5	0.04430247303072529
6	0.03828064801966439
7	0.03828064801966439
8	0.009950419076984445
9	0.0017805608241138406
10	0.0048713325882563455
11	0.029049038185277303
12	0.9524680951766463
13	0.6884197964379098
14	0.11925293695084216
15	0.10995622264422822
16	0.14027091400017716
17	0.2959790185358471
18	0.8501615448993928
19	0.7967132492072909
20	0.8364723744993591
21	0.8925879504044915
22	0.6996860333005961
23	0.677334966787895
24	0.2557479945175683
25	0.4299397258291168
26	0.2729051014782441
27	0.2641873055176448
28	0.7346031188276404
29	0.6664286233595221
30	0.614475215120391
31	0.823003625015039
32	0.8640747434825137
33	0.8782156365502339
34	0.9071954723294419
35	0.7588439508744759
36	0.5948461590153628
37	0.6556978921951105
38	0.05296346225090933
39	0.0021286546673816124
40	0.008881624169591424
41	0.020657835589543483
42	0.037664258914665634
43	0.05296346225090933
44	0.9524680951766463
45	0.968055577146144
46	0.8925879504044915
47	0.7588439508744759
48	0.8364723744993591
49	0.06331764666180337
50	0.19094788792080922
51	0.14027091400017716
52	0.7838846950415491
53	0.9524680951766463
54	0.968055577146144
55	0.8501615448993928
56	0.6996860333005961
57	0.6556978921951105
58	0.05296346225090933
59	0.0807741840889576
60	0.3425386759286075
61	0.04804821315291625
62	0.04019100294647119
63	0.023522509426831584
64	0.025928821455018475
65	0.210481526578285
66	0.24757827243666988
67	0.9071954723294419
68	0.968055577146144
69	0.9220420515895167
70	0.8925879504044915
71	0.2004769386898946
72	0.0876035794134446
73	0.11175569566235759
74	0.1336035702664378
75	0.3370231708678093
76	0.968055577146144
77	0.18187177108593947
78	0.023143753598938943
79	0.011704150977755607
80	0.013992274382953428
81	0.022404439747548983
82	0.15972263321475677
83	0.9838981538483189
84	0.8925879504044915
85	0.9838981538483189
86	0.9838981538483189
87	0.9838981538483189
88	0.11733274450692358
89	0.022771096439116737
90	0.0043480927706903375
91	0.0024635075651007273
92	0.005114431247540004
93	0.018142034232021265
94	0.9838981538483189
95	0.5057153295259778
96	0.022404439747548983
97	0.00024178242661367338
98	0.0006508274257463042
99	0.002027475656329842
100	0.0027155201279554955
101	0.0025447997235481246
102	0.001994829555235368
103	0.00046282723278070657
104	0.012288234154010976
105	1.0
106	1.0
107	1.0
108	1.0
109	1.0
110	1.0
111	0.9838981538483189
112	0.02168874285044923
113	0.00022658195241164296
114	0.0019000115066771077
115	0.002628774404719928
116	0.0025447997235481246
117	0.0023086307871881067
118	0.001225773320081767
119	0.0005185228330395549
120	0.02204368690561934
121	0.9838981538483189
122	0.4975723790934038
123	0.9838981538483189
124	0.01999793295422567
125	0.0037570771454724264
126	0.004951053693111611
127	0.011147830387442766
128	0.022404439747548983
129	0.10995622264422822
130	0.9838981538483189
131	0.9838981538483189
132	0.9838981538483189
133	0.8925879504044915
134	0.9838981538483189
135	0.15213071221465752
136	0.013112602486345095
137	0.0019311058764015325
138	0.0017236818362313376
139	0.025511319561055724
140	0.210481526578285
141	0.9524680951766463
142	0.9838981538483189
143	0.8364723744993591
144	0.8501615448993928
145	0.025511319561055724
146	0.009950419076984445
147	0.022771096439116737
148	0.041517247454898654
149	0.39642250686330754
150	0.053830228305392636
151	0.026353155917209006
152	0.02858129504156366
153	0.029524436113289032
154	0.010446984132459602
155	0.013112602486345095
156	0.01874069491496012
157	0.04084874312373918
158	0.15213071221465752
159	0.968055577146144
160	0.9220420515895167
161	0.03890712455342798
162	0.04288725609875964
163	0.05211065273008481
164	0.08343961441457964
165	0.968055577146144
166	0.968055577146144
167	0.968055577146144
168	0.9838981538483189
169	0.9838981538483189
170	0.968055577146144
171	0.968055577146144
172	0.9838981538483189
173	0.07327797408660716
174	0.05127157501696131
175	0.05933696755250621
176	0.07693483325865721
177	0.9220420515895167
178	0.33159647562093936
179	0.9371316004437272
180	0.08619300005539272
181	0.07209806342155775
182	0.06331764666180337
183	0.05044600800408453
184	0.9524680951766463
185	0.9524680951766463
186	0.968055577146144
187	0.968055577146144
188	0.9220420515895167
189	0.007799981223697675
190	0.01445399904022356
191	0.011704150977755607
192	0.06867110513305615
193	0.9524680951766463
194	0.39642250686330754
195	0.968055577146144
196	0.9071954723294419
197	0.9071954723294419
198	0.9220420515895167
199	0.9220420515895167
200	0.9838981538483189
