1	0.9071954723294546
2	0.8925879504044915
3	0.0997517873372933
4	0.044302473030725924
5	0.850161544899417
6	0.850161544899417
7	0.11925293695084385
8	0.12318811002815043
9	0.8782156365502464
10	0.04651334071458728
11	0.08619300005539396
12	0.15972263321475902
13	0.30082282132372057
14	0.8782156365502464
15	0.7346031188276507
16	0.7346031188276507
17	0.7346031188276507
18	0.7588439508744866
19	0.823003625015039
20	0.3775797899972562
21	0.32625716018605594
22	0.28652413961186873
23	0.2209853827589351
24	0.566571988000523
25	0.7111366461700487
26	0.5852680376789872
27	0.5484731728386767
28	0.3900393726467363
29	0.6556978921951199
30	0.7967132492072909
31	0.8640747434825136
32	0.24359180518339907
33	0.25993340216897615
34	0.2729051014782479
35	0.48956054519592274
36	0.23581040555488308
37	0.7227746524257428
38	0.6884197964379097
39	0.8640747434825136
40	0.32100381758685564
41	0.32625716018605594
42	0.0019000115066771346
43	0.00010738213038866622
44	2.615740698581397e-05
45	0.00049387645509079
46	2.6585482332195215e-05
47	5.4304789454705086e-05
48	0.0006508274257463043
49	0.002198897168339217
50	0.006631244087325165
51	1.0
52	0.06647744631284512
53	0.010446984132459751
54	0.1472709844146142
55	0.04576439005840027
56	0.176061982325188
57	0.41620554942555466
58	0.566571988000523
59	0.1972488898661499
60	0.1909478879208119
61	0.3964225068633132
62	0.9838981538483328
63	0.9838981538483328
64	0.6451399456130125
65	0.49757237909340374
66	0.9838981538483328
67	0.9838981538483328
68	0.9838981538483328
69	0.9838981538483328
70	0.9071954723294546
71	0.6144752151203998
72	0.6451399456130125
73	0.9838981538483328
74	0.31583506350196977
75	0.17043778391330405
76	0.28652413961186873
77	0.008459463654885606
78	0.17322705937262783
79	0.14027091400017716
80	0.0370577948122046
81	0.17322705937262783
82	0.1013842611119193
83	0.7967132492072909
84	0.007309608887594927
85	0.0026717952406334006
86	0.0011866166988221
87	0.0005270086451646011
88	5.60967683434023e-05
89	0.0005356333306484069
90	4.542445618186492e-05
91	0.0014185963995909695
92	0.05560654736795844
93	0.7712627042813436
94	0.6144752151203998
95	0.5396417421913038
96	0.48956054519592274
97	0.48956054519592274
98	0.6245313223904277
99	0.6347520014624478
100	0.8097517472627824
101	0.6245313223904277
102	0.6773349667879045
103	0.850161544899417
104	0.3057458946813884
105	0.22460188780169513
106	0.30082282132372057
107	0.10644373457266976
108	0.1472709844146142
109	0.6773349667879045
110	0.3964225068633132
111	0.5852680376789872
112	0.48956054519592274
113	0.48956054519592274
114	0.5309525138815143
115	0.7346031188276507
116	0.850161544899417
117	0.8097517472627824
118	0.8364723744993591
119	0.33702317086780925
120	0.17043778391330405
121	0.17322705937262783
122	0.037664258914665634
123	0.2282775782464986
124	0.1909478879208119
125	0.18484816784601615
126	0.6245313223904277
127	0.40291010336058325
128	0.004009124378788922
129	0.003696581267296084
130	0.49757237909340374
131	0.49757237909340374
132	0.000672303782046236
133	0.00022658195241164294
134	0.005283200023099468
135	0.008459463654885606
136	0.9680555771461439
137	0.03416884515602848
138	0.0007174059456835026
139	0.0018694178137101957
140	0.08903724340858059
141	0.9524680951766599
142	0.9838981538483328
143	0.5948461590153712
144	0.4095038717012343
145	1.0
146	0.9838981538483328
147	0.9838981538483328
148	1.0
149	0.9838981538483328
150	1.0
151	0.9371316004437404
152	0.5057153295259849
153	0.4299397258291168
154	0.9680555771461439
155	0.1013842611119193
156	0.0035208757183272242
157	0.007429233258549036
158	0.03646109590141792
159	0.9838981538483328
160	0.0370577948122046
161	0.005369661486237472
162	0.0009925720876842986
163	0.000672303782046236
164	0.006015834611932771
165	0.0031941225103010837
166	0.002544799723548161
167	0.018142034232021265
168	0.18484816784601615
169	0.1909478879208119
170	0.2396695274125257
171	0.513991542262758
172	0.5758441417787837
173	0.7838846950415601
174	0.9220420515895166
175	0.8097517472627824
176	0.7838846950415601
177	0.5309525138815143
178	0.3837590186752804
179	0.3655182215245085
180	0.49757237909340374
181	0.32625716018605594
182	0.5224031981891458
183	0.6451399456130125
184	0.8640747434825136
185	0.9524680951766599
186	0.9680555771461439
187	0.31074953590015464
188	0.04963373414423699
189	0.026353155917209006
190	0.018142034232021265
191	0.850161544899417
192	0.03361866366814549
193	0.1425664978143701
194	0.9680555771461439
195	0.9220420515895166
196	0.1154434707063202
197	0.10818572446379238
198	0.9524680951766599
199	1.0
200	1.0
