1	0.29597901853585135
2	0.06647744631284418
3	0.02314375359893927
4	0.014690543918280221
5	0.014690543918280221
6	0.019997932954225667
7	0.04963373414423628
8	1.0
9	0.9838981538483188
10	1.0
11	0.5224031981891457
12	0.9371316004437403
13	0.055606547367958434
14	0.013766972933527001
15	0.04019100294647119
16	0.9838981538483188
17	1.0
18	1.0
19	1.0
20	0.9371316004437403
21	0.1252041276287828
22	0.09814559940423298
23	0.1472709844146142
24	0.9071954723294418
25	0.4441271100328678
26	0.8501615448994048
27	0.9371316004437403
28	0.9524680951766462
29	0.09656527406216149
30	0.07093715149650966
31	0.055606547367958434
32	0.05296346225090932
33	0.05296346225090932
34	0.03646109590141791
35	0.25993340216897615
36	0.9680555771461301
37	0.9680555771461301
38	0.9524680951766462
39	0.9680555771461301
40	0.9680555771461301
41	0.9680555771461301
42	0.9680555771461301
43	0.9838981538483188
44	0.6773349667878948
45	0.6347520014624477
46	0.6556978921951198
47	0.9838981538483188
48	0.16499324727370096
49	0.06331764666180247
50	0.019047393108381872
51	0.03828064801966493
52	0.9838981538483188
53	0.6773349667878948
54	0.22460188780169194
55	0.5852680376789872
56	0.2435918051833956
57	0.010791719379643227
58	0.00346418311919148
59	0.012693727967806582
60	0.038907124553427985
61	0.9838981538483188
62	1.0
63	0.0006300371192533686
64	3.3915041970280234e-05
65	0.0031941225103010833
66	0.18484816784601615
67	0.20047693868989172
68	0.9838981538483188
69	0.9838981538483188
70	0.0012458335400746354
71	0.001094110495432293
72	0.00010565307984570667
73	0.00013698715011009559
74	0.019675929314445093
75	1.0
76	0.9680555771461301
77	0.9680555771461301
78	1.0
79	0.11175569566235759
80	0.08903724340857931
81	0.14256649781436806
82	1.0
83	1.0
84	1.0
85	0.9680555771461301
86	0.1135846177017893
87	0.09814559940423298
88	0.10995622264422977
89	0.019359110527732818
90	0.00023405882653929142
91	0.0001304758899290419
92	0.0011302145468318854
93	0.0012662220527620944
94	1.0
95	0.9838981538483188
96	0.19407281858793524
97	0.18787327440651988
98	0.9838981538483188
99	0.004278080449843505
100	0.00011646120716896553
101	0.001186616698822083
102	1.0
103	1.0
104	0.030007614098887924
105	0.003757077145472479
106	0.003353521788788837
107	0.02314375359893927
108	0.3262571601860559
109	0.9838981538483188
110	0.6045810297425014
111	0.24757827243666986
112	0.5574491330158785
113	0.9680555771461301
114	0.9524680951766462
115	0.04963373414423628
116	0.008057369233585077
117	0.038907124553427985
118	0.18484816784601615
119	0.9838981538483188
120	0.9838981538483188
121	0.6556978921951198
122	0.6451399456130031
123	0.6556978921951198
124	0.9838981538483188
125	0.9371316004437403
126	0.04804821315291624
127	0.07093715149650966
128	0.06540703669975811
129	0.6884197964379
130	0.3425386759286075
131	0.4441271100328678
132	0.09049436982916052
133	0.06867110513305712
134	0.9838981538483188
135	0.0067397667750349905
136	0.0024238405452939723
137	0.008881624169591297
138	0.14256649781436806
139	0.22098538275893506
140	0.007309608887594823
141	8.982218558500615e-05
142	4.6167843698248974e-05
143	0.0006000902548658375
144	0.0007410792960859193
145	0.08480513362914895
146	1.0
147	0.11733274450692355
148	0.0038185630603913396
149	7.041023655526795e-05
150	0.00017194034396490114
151	0.025511319561055717
152	1.0
153	0.9524680951766462
154	0.9524680951766462
155	0.9524680951766462
156	0.9680555771461301
157	0.9220420515895035
158	1.0
159	1.0
160	1.0
161	0.8782156365502464
162	0.8782156365502464
163	1.0
164	1.0
165	1.0
166	1.0
167	1.0
168	0.022771096439116734
169	0.0005019589204015528
170	0.0002055541213394046
171	0.003520875718327174
172	0.11733274450692355
173	1.0
174	0.08343961441457963
175	0.0007291465512741477
176	0.000803736982286617
177	0.00013261117466143403
178	0.00015598350155572515
179	0.007191910689857911
180	0.21742711012398033
181	1.0
182	0.14027091400017713
183	0.010113261253784643
184	0.002384812237737442
185	0.006419412822152425
186	0.9838981538483188
187	0.06331764666180247
188	0.10138426111191784
189	0.9220420515895035
190	0.746625162324361
191	0.746625162324361
192	0.7588439508744758
193	0.9071954723294418
194	0.8925879504044913
195	0.49757237909340374
196	0.5139915422627507
197	0.08209608258032162
198	0.13360357026643777
199	0.14027091400017713
200	0.9838981538483188
