1	0.9838981538483329
2	0.9371316004437404
3	0.7712627042813435
4	0.2004769386898946
5	0.2209853827589351
6	0.40291010336057753
7	0.8501615448994048
8	0.25574799451756464
9	0.14027091400017913
10	0.07093715149650967
11	0.024298717947761804
12	0.011704150977755607
13	0.007550815325235631
14	0.004278080449843506
15	2.4512932672073777e-05
16	1.9529778236767454e-05
17	0.000493876455090783
18	2.3347786289363486e-05
19	8.534041321022445e-06
20	3.799630272278663e-05
21	0.003142691241050594
22	0.098145599404233
23	1.0
24	1.0
25	1.0
26	1.0
27	0.09656527406216149
28	0.003142691241050594
29	3.9250125323177046e-05
30	9.407058987088251e-06
31	2.3729881185408945e-05
32	0.000493876455090783
33	1.9529778236767454e-05
34	3.5607535981549386e-05
35	0.001994829555235368
36	0.0047157206801953155
37	0.007799981223697674
38	0.01814203423202126
39	0.02510054021835723
40	0.05127157501696131
41	0.15715080394779135
42	0.8230036250150506
43	0.7838846950415602
44	0.7838846950415602
45	0.9680555771461302
46	0.5484731728386767
47	0.28652413961186873
48	0.09049436982916052
49	0.012489335512977668
50	0.0008168904262529228
51	0.0007174059456835128
52	0.00012030425723314175
53	0.00015347187921147437
54	0.0006723037820462359
55	0.0013732801563434583
56	0.003637059484442896
57	1.0
58	1.0
59	1.0
60	1.0
61	0.02390746372968351
62	0.02551131956105572
63	0.05560654736795764
64	1.0
65	1.0
66	1.0
67	0.9524680951766463
68	0.9680555771461302
69	0.008597905811488844
70	0.011147830387442765
71	0.015676073575284753
72	0.013545299253376991
73	1.0
74	0.9838981538483329
75	0.9838981538483329
76	1.0
77	1.0
78	1.0
79	1.0
80	0.009632558682416041
81	0.002503823749912712
82	0.00414141963895089
83	0.00719191068985781
84	0.08209608258032165
85	0.08077418408895759
86	0.9071954723294289
87	0.8782156365502339
88	0.9838981538483329
89	1.0
90	0.0053696614862373945
91	0.013112602486345095
92	0.013766972933527001
93	0.15715080394779135
94	1.0
95	1.0
96	1.0
97	1.0
98	0.15972263321475677
99	0.0009151932040789203
100	0.00023029004732391274
101	0.007309608887594927
102	0.9838981538483329
103	1.0
104	1.0
105	0.8640747434825012
106	0.041517247454899237
107	0.013992274382953427
108	0.0034084033755650083
109	0.018438935128663837
110	0.02551131956105572
111	0.03049869946550789
112	0.016458371314135432
113	0.016458371314135432
114	0.010446984132459602
115	0.021339514049848223
116	0.031505112088109015
117	0.020995908477665932
118	0.023143753598939273
119	0.003637059484442896
120	0.0013732801563434583
121	0.000580920718013925
122	0.00011646120716896553
123	4.8471800716522645e-05
124	2.532182371629836e-05
125	0.0002708779863139599
126	0.011704150977755607
127	0.0876035794134446
128	0.07947357060372849
129	0.10818572446379393
130	0.43697584363533404
131	0.34253867592860743
132	0.1546203858800132
133	0.11733274450692356
134	0.6664286233595221
135	0.699686033300586
136	0.4975723790934108
137	0.3837590186752749
138	0.043589121425846165
139	0.08480513362914895
140	0.22460188780169194
141	0.8925879504045041
142	0.8925879504045041
143	1.0
144	0.5309525138815067
145	0.45878265723355216
146	0.3900393726467363
147	0.39642250686331315
148	0.5396417421913038
149	0.481677716615238
150	0.481677716615238
151	0.4895605451959158
152	0.5057153295259705
153	0.5484731728386767
154	0.6144752151203912
155	0.8230036250150506
156	0.8364723744993591
157	0.9524680951766463
158	0.9680555771461302
159	0.9680555771461302
160	0.9371316004437404
161	0.4095038717012285
162	0.22827757824649536
163	0.3057458946813797
164	0.8925879504045041
165	0.9371316004437404
166	0.28652413961186873
167	0.21392613224755636
168	0.16769342093829856
169	0.06435386265758125
170	0.6556978921951198
171	0.9220420515895167
172	0.9680555771461302
173	0.9680555771461302
174	0.06030803830703493
175	0.06435386265758125
176	0.05838153282986846
177	0.05383022830539263
178	0.11925293695084045
179	0.9680555771461302
180	0.9524680951766463
181	0.9524680951766463
182	0.9680555771461302
183	1.0
184	0.08343961441457963
185	0.008597905811488844
186	0.00010063118771018777
187	0.0004704015664329125
188	0.0032995238968794487
189	0.9680555771461302
190	0.8782156365502339
191	0.8925879504045041
192	0.5758441417787756
193	0.6664286233595221
194	0.18484816784601615
195	0.14027091400017913
196	0.1496811268916314
197	0.331596475620944
198	1.0
199	1.0
200	1.0
