1	0.006631244087325166
2	0.00010063118771018634
3	0.0011675099792966509
4	0.002628774404719928
5	0.001186616698822083
6	3.9250125323177046e-05
7	0.0036965812672960317
8	1.0
9	0.3837590186752804
10	1.0
11	0.0011302145468318856
12	3.230299542326975e-05
13	5.4304789454705086e-05
14	0.0061142859028680595
15	0.06540703669975813
16	1.0
17	0.9838981538483189
18	0.9838981538483189
19	0.030997821620274812
20	0.03529636723622752
21	0.1030434509053353
22	1.0
23	0.9838981538483189
24	0.04651334071458662
25	0.0067397667750349905
26	0.027222771645920248
27	0.9371316004437404
28	0.06030803830703579
29	0.08343961441457964
30	1.0
31	1.0
32	0.9680555771461439
33	0.9524680951766463
34	0.9524680951766463
35	0.06756537356313871
36	0.07327797408660718
37	0.9838981538483189
38	0.05933696755250621
39	0.03529636723622752
40	0.06435386265758127
41	0.9838981538483189
42	0.9680555771461439
43	0.08209608258032164
44	0.03416884515602848
45	0.0358740049446921
46	1.0
47	0.05744148237014341
48	0.005729890533725346
49	5.007129947995302e-05
50	1.2805634424886544e-05
51	0.001094110495432293
52	1.0
53	0.3837590186752804
54	1.0
55	0.001723681836231313
56	3.4470073795370876e-05
57	0.001186616698822083
58	0.002628774404719928
59	0.0011487109132294474
60	0.004141419638950832
61	0.010446984132459602
62	0.9838981538483189
63	1.0
64	0.1472709844146142
65	0.10995622264422977
66	0.1117556956623576
67	0.12120455403276079
68	0.1252041276287828
69	0.40291010336057753
70	0.4162055494255547
71	0.4299397258291169
72	0.4162055494255547
73	0.3775797899972509
74	0.46629079995640094
75	0.8501615448994049
76	0.8782156365502465
77	0.699686033300596
78	0.5057153295259778
79	0.20047693868989178
80	0.18484816784601354
81	0.21742711012398033
82	0.5224031981891458
83	0.513991542262758
84	0.5484731728386766
85	0.5224031981891458
86	0.4299397258291169
87	0.3655182215245085
88	0.32100381758685115
89	0.3425386759286075
90	0.7111366461700386
91	0.9220420515895167
92	0.9524680951766463
93	0.9680555771461439
94	0.9680555771461439
95	0.9371316004437404
96	0.9371316004437404
97	0.7588439508744758
98	0.7712627042813436
99	0.7466251623243612
100	0.7712627042813436
101	0.3775797899972509
102	0.277371291338266
103	0.272905101478248
104	0.4095038717012343
105	0.176061982325188
106	0.010791719379643227
107	0.0021286546673816124
108	0.0020943793974174054
109	0.0035208757183271744
110	0.006631244087325166
111	0.019047393108381876
112	0.1496811268916314
113	1.0
114	0.3964225068633132
115	0.19094788792081194
116	0.19407281858793526
117	0.021339514049848227
118	0.2516299796562454
119	0.2641873055176485
120	0.34814444420780405
121	0.7712627042813436
122	0.7712627042813436
123	0.7712627042813436
124	1.0
125	1.0
126	0.9838981538483189
127	1.0
128	0.3715000583087311
129	0.026784434765055674
130	0.026353155917208635
131	0.31583506350196977
132	0.481677716615238
133	0.19094788792081194
134	0.17322705937262783
135	0.4230169025093205
136	0.9838981538483189
137	0.1496811268916314
138	0.022771096439116737
139	0.010113261253784643
140	0.004951053693111611
141	0.0018393167356805958
142	0.0009004569039077774
143	0.010278768401209684
144	0.176061982325188
145	1.0
146	0.9838981538483189
147	0.3900393726467364
148	0.2599334021689762
149	0.2641873055176485
150	0.09197534264619908
151	0.05044600800408453
152	0.012288234154010976
153	0.01248933551297767
154	0.019675929314445093
155	1.0
156	1.0
157	1.0
158	1.0
159	0.9838981538483189
160	1.0
161	0.022771096439116737
162	0.010968329737619126
163	0.007309608887594824
164	0.04576439005840027
165	0.5574491330158785
166	0.9220420515895167
167	0.9524680951766463
168	0.1496811268916314
169	0.007674387126047693
170	0.005032079462438836
171	0.005369661486237472
172	0.020657835589543778
173	0.06030803830703579
174	0.9838981538483189
175	0.9838981538483189
176	0.9838981538483189
177	0.9838981538483189
178	0.05744148237014341
179	0.008057369233585077
180	0.020657835589543778
181	0.01311260248634491
182	0.022404439747548983
183	0.164993247273701
184	0.9524680951766463
185	0.31583506350196977
186	0.18787327440651988
187	0.18484816784601354
188	0.2037578156903431
189	0.037664258914665634
190	0.0061142859028680595
191	0.005369661486237472
192	0.0024635075651006917
193	0.0018393167356805958
194	0.0011675099792966509
195	0.5758441417787837
196	0.006316048424505998
197	0.01874069491496012
198	0.07209806342155774
199	0.05383022830539263
200	0.11544347070631858
