1	0.3900393726467363
2	0.21392613224755938
3	0.21742711012398033
4	0.25162997965624534
5	0.28191057199709557
6	0.9524680951766598
7	0.9524680951766598
8	0.19094788792080922
9	0.12318811002815043
10	0.2246018878016919
11	0.3210038175868511
12	0.7227746524257325
13	0.6664286233595221
14	0.6451399456130031
15	0.29597901853585135
16	0.2209853827589351
17	0.7111366461700486
18	0.9838981538483328
19	0.9524680951766598
20	1.0
21	0.3008228213237163
22	0.2685108255202325
23	0.7111366461700486
24	0.746625162324361
25	0.5057153295259778
26	0.614475215120391
27	0.37150005830873106
28	0.42301690250932045
29	0.3262571601860559
30	0.2685108255202325
31	0.8640747434825012
32	0.9371316004437404
33	0.7712627042813325
34	0.7838846950415601
35	0.13145230613269226
36	0.02390746372968385
37	0.013766972933527001
38	0.2396695274125257
39	0.37150005830873106
40	0.9680555771461301
41	0.9838981538483328
42	0.8782156365502464
43	0.836472374499359
44	0.7712627042813325
45	0.513991542262758
46	0.3425386759286075
47	0.18787327440651988
48	0.2641873055176485
49	0.331596475620944
50	0.29121320991526145
51	0.3964225068633132
52	0.48956054519592274
53	0.10644373457266824
54	0.29597901853585135
55	0.5665719880005149
56	0.466290799956401
57	0.43697584363533404
58	0.4299397258291107
59	0.481677716615238
60	0.5758441417787756
61	0.9371316004437404
62	0.836472374499359
63	0.5758441417787756
64	0.7111366461700486
65	0.8501615448994048
66	0.8501615448994048
67	0.8640747434825012
68	0.8925879504044915
69	0.6884197964379097
70	0.7346031188276506
71	0.8501615448994048
72	0.9220420515895166
73	0.9838981538483328
74	0.9220420515895166
75	0.9220420515895166
76	0.7967132492072908
77	0.7967132492072908
78	0.9371316004437404
79	0.614475215120391
80	0.746625162324361
81	0.8782156365502464
82	0.4739218161276131
83	0.4299397258291107
84	0.5665719880005149
85	0.4975723790934037
86	0.44412711003286787
87	0.5665719880005149
88	0.9371316004437404
89	0.8501615448994048
90	0.8925879504044915
91	0.7227746524257325
92	0.8925879504044915
93	0.5665719880005149
94	0.5224031981891458
95	0.466290799956401
96	0.7588439508744758
97	0.16233655139003353
98	0.04219669209918966
99	0.013327194928720632
100	0.00601583461193277
101	0.003944570074838708
102	0.0014418122384338217
103	5.4304789454705466e-05
104	0.000803736982286617
105	0.000803736982286617
106	2.0839952710505188e-05
107	1.98493900617464e-05
108	0.0004131140110991133
109	2.746276449392502e-05
110	2.9784720172557977e-05
111	0.0028976934794106937
112	1.0
113	1.0
114	1.0
115	1.0
116	0.0029451152724262676
117	2.451293267207377e-05
118	2.2601954731434433e-05
119	0.0004131140110991133
120	2.0504390998152467e-05
121	2.15276407703186e-05
122	0.000803736982286617
123	0.000803736982286617
124	5.343038208960598e-05
125	0.001994829555235368
126	0.0046397888713085094
127	0.007076107650393189
128	0.015175310452307482
129	0.062298115656568495
130	0.21048152657828498
131	0.9838981538483328
132	0.9838981538483328
133	0.7838846950415601
134	0.7967132492072908
135	0.9524680951766598
136	0.6347520014624477
137	0.6664286233595221
138	0.3964225068633132
139	0.5309525138815142
140	0.43697584363533404
141	0.45878265723355866
142	0.4299397258291107
143	0.4975723790934037
144	0.21742711012398033
145	0.20047693868989175
146	0.37150005830873106
147	0.2729051014782479
148	0.28191057199709557
149	0.25162997965624534
150	0.466290799956401
151	0.45139540946972445
152	0.7346031188276506
153	0.9371316004437404
154	0.9524680951766598
155	0.5948461590153626
156	0.5574491330158785
157	0.2729051014782479
158	0.3425386759286075
159	0.2729051014782479
160	0.3370231708678044
161	0.7588439508744758
162	0.8782156365502464
163	0.21742711012398033
164	0.059336967552506205
165	0.02635315591720863
166	0.00873861362363561
167	0.0029451152724262676
168	0.0007907953330514327
169	0.0018694178137101953
170	0.01189569360606805
171	0.21392613224755938
172	0.06647744631284419
173	0.809751747262771
174	0.7967132492072908
175	0.7967132492072908
176	0.836472374499359
177	0.9838981538483328
178	0.1732270593726278
179	0.20047693868989175
180	0.1972488898661499
181	0.20047693868989175
182	0.20047693868989175
183	0.19407281858793526
184	0.12933568132305998
185	0.21392613224755938
186	0.10818572446379239
187	0.1272531380804732
188	0.48956054519592274
189	0.2865241396118687
190	0.2641873055176485
191	0.746625162324361
192	0.6664286233595221
193	0.27737129133826594
194	0.2641873055176485
195	0.5665719880005149
196	0.7111366461700486
197	0.7227746524257325
198	0.7838846950415601
199	0.7838846950415601
200	0.8640747434825012
