1	0.9838981538483048
2	0.9680555771461301
3	1.0
4	1.0
5	0.9838981538483048
6	0.9838981538483048
7	1.0
8	0.9680555771461301
9	0.9680555771461301
10	1.0
11	0.9838981538483048
12	1.0
13	0.937131600443727
14	0.9524680951766462
15	1.0
16	0.8782156365502339
17	0.9680555771461301
18	0.9524680951766462
19	0.0781938993967436
20	0.047274548216864797
21	0.9838981538483048
22	1.0
23	1.0
24	1.0
25	0.015932618141390686
26	0.002759960588740092
27	0.0015637163575655452
28	0.002759960588740092
29	0.055606547367957636
30	0.05044600800408381
31	0.09814559940423298
32	0.0037570771454724255
33	0.00035121364589560703
34	0.0001263079129289136
35	0.006015834611932686
36	0.03954385360034534
37	0.061295000982725924
38	0.9838981538483048
39	1.0
40	1.0
41	1.0
42	1.0
43	0.9680555771461301
44	0.9680555771461301
45	0.9838981538483048
46	0.08343961441457963
47	0.06229811565656761
48	0.015423659850313085
49	0.003408403375565008
50	0.0029933131400917893
51	0.0045650797047264175
52	0.09975178733729187
53	0.7227746524257325
54	0.03766425891466509
55	0.041517247454898654
56	0.34253867592860254
57	0.016458371314135432
58	0.14027091400017713
59	0.05211065273008481
60	0.10304345090533236
61	0.12120455403275907
62	0.45878265723355216
63	0.8925879504044913
64	0.31583506350196977
65	0.3370231708678044
66	0.8364723744993591
67	0.7588439508744649
68	0.8501615448993928
69	1.0
70	0.38375901867527484
71	0.277371291338262
72	0.548473172838661
73	0.23581040555488308
74	0.02390746372968351
75	0.022404439747548664
76	0.16233655139003123
77	0.9838981538483048
78	0.809751747262771
79	0.2685108255202324
80	0.2070923854195475
81	0.1940728185879325
82	0.20375781569034018
83	0.2959790185358471
84	0.9838981538483048
85	0.9838981538483048
86	0.8925879504044913
87	0.8925879504044913
88	0.9838981538483048
89	0.04430247303072529
90	0.9680555771461301
91	0.027668282067045125
92	0.003520875718327124
93	0.00038714219438703966
94	0.0008168904262529112
95	0.00199482955523534
96	0.002346412357984714
97	0.0010591597671173317
98	4.326534525397529e-05
99	5.794787992315112e-05
100	0.001206036106664975
101	0.0029933131400917893
102	0.9838981538483048
103	0.9838981538483048
104	0.2959790185358471
105	0.18787327440651988
106	0.7588439508744649
107	0.9838981538483048
108	1.0
109	1.0
110	0.9838981538483048
111	0.9838981538483048
112	0.9680555771461301
113	0.9680555771461301
114	0.9838981538483048
115	0.7346031188276299
116	0.8640747434825012
117	0.0043480927706903375
118	0.0024238405452939723
119	0.007309608887594823
120	0.006015834611932686
121	0.009174704819918202
122	0.025511319561055353
123	1.0
124	1.0
125	1.0
126	0.9838981538483048
127	0.019359110527732544
128	0.003142691241050549
129	0.0007291465512741477
130	0.009632558682416177
131	0.012901465378461631
132	0.012693727967806401
133	1.0
134	0.9680555771461301
135	0.9838981538483048
136	0.9838981538483048
137	0.9680555771461301
138	0.39003937264673083
139	0.35963270335587966
140	0.9680555771461301
141	0.9838981538483048
142	0.002463507565100692
143	0.0015385376373511577
144	0.00021581208061491997
145	8.555276600875402e-05
146	0.001167509979296634
147	0.0029933131400917893
148	0.002544799723548124
149	0.0008576564720537011
150	0.0003687405884503306
151	0.004209195456615552
152	0.032544734860148215
153	0.9838981538483048
154	0.04358912142584555
155	1.0
156	0.0066312440873250705
157	0.0056376287178852465
158	0.01027876840120968
159	0.0002937805123388755
160	0.0007410792960859088
161	0.9220420515895035
162	0.9838981538483048
163	0.9838981538483048
164	0.9838981538483048
165	1.0
166	1.0
167	1.0
168	0.9220420515895035
169	1.0
170	0.009632558682416177
171	0.006962169253653824
172	0.008459463654885485
173	0.011515692539375738
174	0.013766972933527001
175	0.9838981538483048
176	0.9680555771461301
177	0.47392181612760637
178	0.49757237909340374
179	0.7111366461700385
180	1.0
181	1.0
182	0.9680555771461301
183	0.677334966787895
184	0.48956054519591574
185	0.49757237909340374
186	0.041517247454898654
187	0.04651334071458661
188	1.0
189	0.0025038237499127114
190	0.001395754378613407
191	0.0002937805123388755
192	0.01469054391828022
193	1.0
194	1.0
195	1.0
196	0.07209806342155671
197	0.06867110513305613
198	1.0
199	1.0
200	0.8782156365502339
