1	0.9838981538483188
2	0.9838981538483188
3	0.9838981538483188
4	0.9838981538483188
5	0.9838981538483188
6	0.9680555771461301
7	0.9524680951766463
8	0.9371316004437404
9	0.8925879504044913
10	0.8782156365502464
11	0.9220420515895165
12	0.2396695274125223
13	0.10818572446379239
14	0.12520412762878277
15	0.1732270593726278
16	0.9371316004437404
17	0.9371316004437404
18	0.07093715149650967
19	0.0058236622472702445
20	0.0066312440873250705
21	0.013327194928720634
22	0.9838981538483188
23	0.9838981538483188
24	1.0
25	0.9838981538483188
26	0.9838981538483188
27	0.001994829555235368
28	0.0014893899404870396
29	0.00673976677503499
30	0.07327797408660716
31	0.9371316004437404
32	0.8640747434825012
33	0.9371316004437404
34	0.13801229332339057
35	0.09049436982916052
36	0.13360357026643588
37	0.25993340216897615
38	0.9071954723294416
39	0.18787327440651988
40	0.0472745482168648
41	0.019997932954225667
42	0.020325206299054217
43	0.002503823749912747
44	0.14256649781436806
45	0.9680555771461301
46	1.0
47	1.0
48	1.0
49	0.9838981538483188
50	0.16233655139003356
51	0.0018694178137101955
52	0.001994829555235368
53	0.0018694178137101955
54	0.07327797408660716
55	0.24359180518339907
56	0.9838981538483188
57	0.1472709844146142
58	0.04651334071458661
59	0.03416884515602847
60	0.030498699465507893
61	0.03472803056127704
62	0.40950387170123426
63	0.7346031188276402
64	0.6451399456130031
65	0.24757827243666983
66	0.05044600800408381
67	0.021688742850449225
68	0.027668282067045122
69	0.09975178733729329
70	0.9680555771461301
71	0.9838981538483188
72	0.836472374499359
73	0.8640747434825012
74	0.9838981538483188
75	0.9071954723294416
76	0.9220420515895165
77	0.9680555771461301
78	0.9838981538483188
79	0.154620385880011
80	0.007799981223697674
81	0.0002580026396497394
82	0.0015385376373511577
83	0.0044192508682770176
84	0.0011120160060804065
85	0.0001263079129289136
86	0.0010088158858740136
87	0.00011092558415419896
88	0.004009124378788921
89	1.0
90	0.4895605451959227
91	0.3370231708678044
92	0.6884197964378999
93	0.6664286233595221
94	0.7346031188276402
95	0.466290799956401
96	0.34814444420780405
97	0.09197534264619907
98	0.21742711012398036
99	0.49757237909340374
100	0.1472709844146142
101	0.23581040555488306
102	0.6045810297425013
103	0.18484816784601352
104	0.03472803056127704
105	0.0066312440873250705
106	0.0026717952406334006
107	0.1472709844146142
108	0.1472709844146142
109	0.1472709844146142
110	0.1472709844146142
111	0.11925293695084214
112	0.9524680951766463
113	0.012288234154010974
114	0.0358740049446921
115	0.154620385880011
116	0.8782156365502464
117	0.8925879504044913
118	0.9838981538483188
119	0.8925879504044913
120	0.9071954723294416
121	0.2557479945175682
122	0.10818572446379239
123	0.04288725609876025
124	0.007191910689857911
125	0.0009301706690873715
126	1.3664713065724128e-05
127	2.491409560653853e-05
128	0.0008716923278076608
129	0.0024238405452939723
130	0.14027091400017713
131	0.15715080394779135
132	0.28652413961186873
133	0.9371316004437404
134	0.40950387170123426
135	0.3837590186752749
136	0.9371316004437404
137	0.9524680951766463
138	0.06979493239667436
139	0.06647744631284418
140	0.1732270593726278
141	0.9838981538483188
142	0.9524680951766463
143	0.9220420515895165
144	0.9371316004437404
145	0.9524680951766463
146	0.9524680951766463
147	0.9680555771461301
148	0.9680555771461301
149	0.14027091400017713
150	0.11544347070631857
151	0.12120455403276079
152	0.8925879504044913
153	0.7588439508744758
154	0.8782156365502464
155	0.9524680951766463
156	0.9371316004437404
157	0.7111366461700385
158	0.6664286233595221
159	0.04288725609876025
160	0.0032463954707181004
161	0.0032463954707181004
162	0.056516568458294045
163	0.16233655139003356
164	0.6556978921951198
165	0.9371316004437404
166	1.0
167	0.746625162324361
168	0.5224031981891457
169	0.3900393726467363
170	0.14027091400017713
171	0.29597901853585135
172	0.30082282132371624
173	0.002463507565100692
174	0.0006614784499805339
175	0.000650827425746295
176	8.837588257170862e-05
177	0.0010941104954322928
178	0.0044192508682770176
179	0.0014185963995909491
180	0.0004267461712446214
181	0.008459463654885604
182	0.13579004060925665
183	0.9838981538483188
184	0.7838846950415601
185	0.8097517472627709
186	0.9524680951766463
187	0.07209806342155774
188	0.02314375359893927
189	0.018438935128663837
190	0.048834539393112344
191	0.014221262971401532
192	0.06331764666180245
193	0.030997821620274812
194	0.028121083425988586
195	0.03202070454638331
196	0.05127157501696203
197	0.154620385880011
198	0.9680555771461301
199	0.9680555771461301
200	0.9838981538483188
