1	0.9680555771461301
2	0.6347520014624477
3	0.5852680376789872
4	0.5758441417787838
5	0.44412711003287414
6	0.7967132492073021
7	0.466290799956401
8	0.8501615448994049
9	0.7712627042813435
10	0.8230036250150506
11	0.2209853827589351
12	0.2819105719970956
13	0.2004769386898946
14	0.8640747434825136
15	0.8640747434825136
16	0.348144444207804
17	0.2773712913382699
18	0.1272531380804732
19	0.11733274450692356
20	0.9220420515895297
21	0.9680555771461301
22	0.9071954723294418
23	0.9071954723294418
24	0.9680555771461301
25	0.9680555771461301
26	0.5852680376789872
27	0.5948461590153711
28	0.3900393726467363
29	0.6884197964379195
30	0.6556978921951199
31	0.6347520014624477
32	0.6144752151203998
33	0.2396695274125257
34	0.10138426111191928
35	0.08619300005539396
36	0.35963270335588476
37	0.23581040555488308
38	0.0675653735631387
39	0.21742711012398033
40	0.8097517472627709
41	0.8097517472627709
42	0.7838846950415602
43	0.28652413961186873
44	0.1336035702664378
45	0.05560654736795844
46	0.21392613224755938
47	0.8640747434825136
48	0.9838981538483328
49	0.8364723744993591
50	0.4029101033605832
51	0.41620554942556054
52	0.14027091400017913
53	0.1030434509053353
54	0.045764390058400266
55	0.028121083425988992
56	0.04019100294647176
57	0.25574799451756824
58	0.8364723744993591
59	0.8501615448994049
60	0.8782156365502464
61	0.9838981538483328
62	0.9838981538483328
63	0.7712627042813435
64	0.8640747434825136
65	0.8925879504045041
66	0.9220420515895297
67	0.5309525138815143
68	0.6245313223904276
69	0.6347520014624477
70	0.6347520014624477
71	0.6347520014624477
72	0.699686033300596
73	0.3964225068633132
74	0.22827757824649858
75	0.19407281858793526
76	0.19724888986614988
77	0.1293356813230618
78	0.9524680951766598
79	0.7111366461700487
80	0.7227746524257325
81	0.7227746524257325
82	0.7346031188276507
83	0.7346031188276507
84	0.746625162324361
85	0.08480513362914895
86	0.0242987179477618
87	0.005283200023099543
88	0.045764390058400266
89	0.15715080394779135
90	0.6884197964379195
91	0.0050320794624388356
92	0.0010764932965619102
93	0.052963462250909324
94	0.052110652730085555
95	0.045027498890455014
96	0.03646109590141843
97	0.052110652730085555
98	1.0
99	1.0
100	1.0
101	0.9838981538483328
102	0.9838981538483328
103	0.8782156365502464
104	1.0
105	1.0
106	1.0
107	1.0
108	1.0
109	0.9838981538483328
110	0.9838981538483328
111	0.8782156365502464
112	0.9838981538483328
113	0.018740694914960117
114	0.013992274382953427
115	0.006114285902868147
116	0.009174704819918332
117	0.009950419076984445
118	0.8501615448994049
119	0.35384195289533515
120	0.9838981538483328
121	0.9838981538483328
122	0.9838981538483328
123	0.9838981538483328
124	0.8640747434825136
125	0.8782156365502464
126	0.9838981538483328
127	0.7346031188276507
128	0.7111366461700487
129	0.01493095993810043
130	0.0016153167178432671
131	0.008057369233585077
132	0.00902697513442092
133	0.025511319561055717
134	0.9680555771461301
135	0.9524680951766598
136	0.013766972933527001
137	0.008189230970777114
138	0.04151724745489924
139	0.04430247303072529
140	0.045027498890455014
141	0.04651334071458727
142	0.052110652730085555
143	0.2819105719970956
144	0.26851082552023625
145	0.2773712913382699
146	0.3210038175868557
147	0.9838981538483328
148	0.9680555771461301
149	0.2819105719970956
150	0.0370577948122046
151	0.10995622264422977
152	0.6773349667878948
153	0.5057153295259778
154	0.466290799956401
155	0.3107495359001591
156	0.8782156365502464
157	0.5224031981891458
158	0.4975723790934108
159	0.2912132099152615
160	0.3425386759286123
161	0.6556978921951199
162	0.6347520014624477
163	0.6451399456130125
164	0.48956054519592274
165	0.6773349667878948
166	0.7712627042813435
167	0.9071954723294418
168	0.7346031188276507
169	0.7967132492073021
170	0.3964225068633132
171	0.7838846950415602
172	0.06979493239667536
173	0.019359110527732818
174	0.00902697513442092
175	0.0330773411179359
176	0.10138426111191928
177	0.051271575016962036
178	0.052963462250909324
179	0.9071954723294418
180	0.3964225068633132
181	0.9838981538483328
182	0.9838981538483328
183	0.8925879504045041
184	0.8097517472627709
185	0.23201342268367614
186	0.8925879504045041
187	0.027222771645920633
188	0.001094110495432293
189	0.010446984132459602
190	0.0070761076503932895
191	0.0067397667750349905
192	0.03954385360034535
193	0.05560654736795844
194	0.6773349667878948
195	0.40950387170123426
196	0.6556978921951199
197	0.466290799956401
198	0.2729051014782479
199	0.3900393726467363
200	0.8925879504045041
