1	0.43697584363533404
2	0.3655182215245085
3	0.48167771661524483
4	1.0
5	0.26851082552023625
6	0.02551131956105572
7	0.01044698413245975
8	0.013766972933527001
9	0.013766972933527001
10	0.012489335512977847
11	0.005457537922228154
12	0.00015598350155572737
13	0.0003345197923062435
14	2.297184382655015e-05
15	8.534041321022445e-06
16	1.9215312752222847e-05
17	0.0005019589204015528
18	0.00020555412133940753
19	0.03202070454638332
20	1.0
21	1.0
22	1.0
23	0.03202070454638332
24	0.0001989878135679858
25	0.0005019589204015528
26	1.9215312752222847e-05
27	8.534041321022445e-06
28	2.3347786289363818e-05
29	0.0003345197923062435
30	0.00202747565632987
31	0.1293356813230618
32	0.13801229332339254
33	0.14489964968096344
34	0.14489964968096344
35	0.1472709844146142
36	0.15715080394779135
37	0.2139261322475624
38	0.19724888986614988
39	0.9071954723294546
40	0.4975723790934108
41	0.43697584363533404
42	0.4975723790934108
43	1.0
44	1.0
45	0.14489964968096344
46	0.06647744631284512
47	0.05127157501696203
48	0.04651334071458728
49	0.2320134226836761
50	0.9680555771461439
51	0.9680555771461439
52	0.9838981538483328
53	0.09814559940423298
54	0.07209806342155876
55	0.05838153282986928
56	0.8097517472627824
57	0.4739218161276131
58	0.17322705937263028
59	0.4162055494255546
60	0.5224031981891457
61	0.6144752151203998
62	0.7346031188276506
63	0.7967132492073021
64	0.836472374499359
65	0.7346031188276506
66	0.7967132492073021
67	0.850161544899417
68	0.8640747434825136
69	0.8782156365502464
70	0.8782156365502464
71	0.9524680951766598
72	0.5224031981891457
73	0.08209608258032164
74	0.16769342093829856
75	0.21742711012398033
76	0.7227746524257427
77	0.7111366461700486
78	0.7111366461700486
79	0.6773349667879045
80	0.6773349667879045
81	0.43697584363533404
82	0.8097517472627824
83	0.850161544899417
84	0.35963270335588476
85	0.2773712913382699
86	0.310749535900159
87	0.2773712913382699
88	0.4739218161276131
89	0.6996860333005961
90	0.1472709844146142
91	0.03416884515602848
92	0.03000761409888835
93	0.014221262971401534
94	0.0045650797047264826
95	0.9680555771461439
96	0.9371316004437404
97	0.027222771645920636
98	0.025928821455018843
99	0.026353155917209006
100	0.02551131956105572
101	0.9680555771461439
102	0.9680555771461439
103	0.9680555771461439
104	1.0
105	0.9838981538483328
106	0.9838981538483328
107	0.9680555771461439
108	0.9838981538483328
109	0.008881624169591424
110	0.018740694914960384
111	0.013992274382953624
112	0.004074735137074952
113	0.9680555771461439
114	0.9524680951766598
115	0.03416884515602848
116	0.019047393108381876
117	0.017279708787603047
118	0.008057369233585077
119	0.11175569566236077
120	0.6773349667879045
121	0.4587826572335652
122	0.566571988000523
123	0.8782156365502464
124	0.6347520014624477
125	0.4587826572335652
126	0.7111366461700486
127	0.48167771661524483
128	0.3715000583087364
129	0.34814444420780405
130	0.26851082552023625
131	0.007927630713798602
132	0.043589121425846165
133	0.4230169025093204
134	0.23581040555488308
135	0.16769342093829856
136	0.5309525138815143
137	0.3900393726467363
138	0.30574589468138835
139	0.021688742850449538
140	0.03099782162027481
141	0.6451399456130124
142	0.025928821455018843
143	0.0004780998567717995
144	0.0004267461712446215
145	0.0358740049446921
146	0.5139915422627653
147	0.5057153295259849
148	0.02858129504156406
149	0.005546852487609716
150	0.00033999432867907813
151	0.005198130749139036
152	0.05838153282986928
153	0.9838981538483328
154	0.8782156365502464
155	1.0
156	1.0
157	1.0
158	0.9838981538483328
159	0.8640747434825136
160	1.0
161	0.06030803830703664
162	0.006419412822152425
163	0.002463507565100762
164	0.004951053693111611
165	0.029524436113289032
166	0.022043686905619652
167	0.03646109590141791
168	0.0004267461712446215
169	0.0003871421943870452
170	0.013992274382953624
171	0.2773712913382699
172	0.3775797899972563
173	0.23581040555488308
174	0.18187177108593947
175	0.29597901853585135
176	0.3715000583087364
177	0.4162055494255546
178	0.9220420515895297
179	0.746625162324361
180	0.6664286233595317
181	0.5574491330158785
182	0.48167771661524483
183	0.5057153295259849
184	0.5057153295259849
185	0.4162055494255546
186	0.4895605451959227
187	0.9220420515895297
188	0.7967132492073021
189	1.0
190	0.39642250686331315
191	0.43697584363533404
192	0.08619300005539395
193	0.5948461590153711
194	0.6664286233595317
195	0.04219669209919026
196	0.06030803830703664
197	0.02032520629905451
198	0.0675653735631387
199	0.1425664978143701
200	1.0
