1	0.0020606560225769396
2	0.00036280318422523335
3	0.001994829555235368
4	0.002945115272426268
5	6.816102218550646e-05
6	0.00027981656498743195
7	0.06540703669975813
8	0.2912132099152615
9	0.1972488898661499
10	0.09501039487561765
11	0.08343961441458082
12	0.07693483325865612
13	0.013992274382953427
14	0.2435918051833956
15	0.2819105719970956
16	0.2599334021689725
17	0.03254473486014822
18	0.1231881100281487
19	0.8782156365502214
20	0.016458371314135432
21	0.018438935128663837
22	0.01493095993810043
23	0.9838981538483188
24	0.9838981538483188
25	0.26851082552023625
26	0.12933568132305998
27	0.9838981538483188
28	0.016727718463300126
29	0.002945115272426268
30	0.0009004569039077775
31	0.00932485215470036
32	0.01700147357515921
33	0.1676934209382962
34	0.8640747434825137
35	0.7712627042813325
36	1.0
37	0.4587826572335587
38	0.3775797899972509
39	0.3715000583087364
40	0.45139540946972445
41	0.7111366461700386
42	0.809751747262771
43	0.9838981538483188
44	0.5224031981891384
45	0.022404439747548983
46	0.000871692327807661
47	0.0003399943286790685
48	1.0
49	0.0005904276939048648
50	0.0006000902548658376
51	0.0003687405884503359
52	0.11733274450692358
53	0.9371316004437271
54	0.8925879504044915
55	1.0
56	1.0
57	1.0
58	0.9838981538483188
59	0.8925879504044915
60	0.06229811565656762
61	0.00038714219438704524
62	0.0006614784499805341
63	0.0006000902548658376
64	0.0008576564720537011
65	0.0001438233477885574
66	0.006850065475449526
67	0.06756537356313774
68	0.14727098441461212
69	0.15213071221465752
70	0.5224031981891384
71	0.8640747434825137
72	0.6996860333005961
73	0.06229811565656762
74	0.019359110527732544
75	0.013992274382953427
76	0.010617952774480096
77	0.010968329737619126
78	0.010968329737619126
79	1.0
80	0.1448996496809614
81	0.2912132099152615
82	1.0
83	0.9838981538483188
84	0.034728030561276546
85	0.05383022830539186
86	0.017562497419084194
87	0.9371316004437271
88	0.2475782724366734
89	0.6884197964379097
90	1.0
91	0.4162055494255547
92	0.33159647562093936
93	0.5484731728386688
94	0.8364723744993591
95	0.3370231708678045
96	0.1909478879208065
97	0.9838981538483188
98	0.07819389939674361
99	0.07569604040982214
100	0.07693483325865612
101	0.06867110513305613
102	0.17894329980857993
103	0.9838981538483188
104	0.2070923854195534
105	0.015175310452307482
106	0.013766972933527003
107	0.012693727967806583
108	0.013766972933527003
109	0.0037570771454724255
110	0.004419250868277081
111	0.018740694914960117
112	0.9838981538483188
113	0.14968112689163354
114	0.7712627042813325
115	0.7588439508744758
116	0.1425664978143681
117	0.11544347070631694
118	0.2912132099152615
119	0.2819105719970956
120	0.10818572446379239
121	0.18484816784601352
122	1.0
123	0.2435918051833956
124	0.021688742850449232
125	0.026784434765055296
126	0.0019311058764015325
127	6.492119896632246e-05
128	0.001538537637351158
129	8.28198322750522e-05
130	1.3228201693375837e-05
131	2.1181006010626275e-05
132	0.0007174059456835026
133	0.004951053693111612
134	0.9838981538483188
135	0.06229811565656762
136	0.043589121425845555
137	0.305745894681384
138	0.8501615448993928
139	0.6664286233595317
140	0.8925879504044915
141	1.0
142	1.0
143	0.9838981538483188
144	1.0
145	1.0
146	1.0
147	0.9838981538483188
148	0.6773349667878853
149	0.8782156365502214
150	0.2819105719970956
151	0.8782156365502214
152	0.04502749889045438
153	0.05651656845829406
154	0.9838981538483188
155	0.012090370898187257
156	0.0009151932040789203
157	6.706350389273314e-05
158	1.071155943435543e-05
159	7.761308196840182e-05
160	0.001538537637351158
161	0.00013922899395054053
162	0.002715520127955496
163	0.3107495359001591
164	0.47392181612760637
165	0.466290799956401
166	0.5396417421912962
167	0.35384195289533515
168	0.7967132492073022
169	0.9680555771461301
170	0.11358461770178932
171	0.0612950009827268
172	0.052963462250909324
173	0.06867110513305613
174	0.33159647562093936
175	0.3775797899972509
176	0.9838981538483188
177	0.20047693868989178
178	0.9680555771461301
179	0.03254473486014822
180	0.015932618141390686
181	0.011147830387442766
182	0.0083232506725889
183	0.009790198959862089
184	0.004491573493650752
185	0.005823662247270162
186	0.18787327440652257
187	0.9680555771461301
188	0.26851082552023625
189	0.06331764666180248
190	0.02858129504156366
191	0.010278768401209684
192	0.03361866366814549
193	0.003299523896879449
194	0.0006833062745535662
195	0.0046397888713085094
196	0.9680555771461301
197	0.9680555771461301
198	1.0
199	1.0
200	1.0
