1	0.9680555771461301
2	0.45139540946972445
3	0.9071954723294289
4	0.8501615448993928
5	0.33159647562093936
6	0.3210038175868511
7	0.39642250686330754
8	0.8782156365502215
9	0.9220420515895036
10	0.40950387170122265
11	0.5758441417787756
12	0.7466251623243612
13	0.5852680376789705
14	0.6144752151203824
15	0.5665719880005069
16	0.36551822152449814
17	0.44412711003286787
18	0.9680555771461301
19	0.9838981538483049
20	0.5057153295259705
21	0.39642250686330754
22	0.3158350635019653
23	0.6451399456130033
24	0.7466251623243612
25	0.24359180518339563
26	0.7838846950415379
27	0.9524680951766462
28	0.9838981538483049
29	1.0
30	0.9524680951766462
31	0.210481526578282
32	0.059336967552505365
33	0.10818572446379085
34	0.36551822152449814
35	0.8097517472627594
36	0.7838846950415379
37	0.08209608258032047
38	0.03587400494469108
39	0.03766425891466509
40	0.2641873055176448
41	0.9524680951766462
42	0.9220420515895036
43	0.07093715149650866
44	0.04084874312373918
45	0.09049436982916054
46	0.05471117929721262
47	0.03361866366814501
48	0.11358461770178932
49	0.0744771944128507
50	0.059336967552505365
51	0.03416884515602799
52	0.11358461770178932
53	0.10304345090533237
54	0.23581040555487975
55	0.5309525138815068
56	0.7346031188276299
57	0.5574491330158785
58	0.39003937264673083
59	0.47392181612760637
60	0.04288725609875903
61	0.04651334071458662
62	0.00963255868241604
63	0.0006300371192533597
64	0.00047809985677179273
65	0.0003134890683440532
66	0.020325206299053933
67	0.07819389939674361
68	0.0013294115143323755
69	0.0007655338325415601
70	0.02678443476505491
71	0.1909478879208065
72	0.023522509426831248
73	0.03202070454638241
74	0.04883453939311235
75	0.014453999040223557
76	0.10818572446379085
77	0.010446984132459454
78	0.0472745482168648
79	0.04084874312373918
80	0.015175310452307267
81	0.9838981538483049
82	0.9220420515895036
83	0.9524680951766462
84	0.9838981538483049
85	0.9838981538483049
86	0.9838981538483049
87	0.9524680951766462
88	1.0
89	0.019359110527732544
90	0.020657835589543483
91	0.053830228305391865
92	0.6245313223904277
93	0.9680555771461301
94	0.3715000583087311
95	0.15213071221465535
96	0.035296367236227526
97	0.040191002946470614
98	0.24359180518339563
99	0.3057458946813797
100	0.466290799956401
101	0.12120455403275907
102	0.36551822152449814
103	0.012288234154010976
104	0.014690543918280221
105	0.023522509426831248
106	0.06331764666180247
107	0.40291010336057753
108	0.40291010336057753
109	0.07209806342155672
110	0.09814559940423159
111	0.06756537356313776
112	0.6773349667878853
113	0.25574799451756464
114	0.16499324727369863
115	0.8501615448993928
116	0.8782156365502215
117	1.0
118	0.28191057199709163
119	0.2641873055176448
120	0.31074953590015464
121	0.2729051014782402
122	0.7838846950415379
123	0.8782156365502215
124	1.0
125	1.0
126	0.45878265723355216
127	0.17894329980857734
128	0.1448996496809614
129	0.005457537922228077
130	0.5948461590153626
131	0.5852680376789705
132	0.5852680376789705
133	0.0059189685685373875
134	0.0045650797047264175
135	0.03766425891466509
136	0.3775797899972455
137	0.33159647562093936
138	0.04151724745489865
139	0.005457537922228077
140	0.01170415097775544
141	0.11544347070631693
142	0.07947357060372849
143	0.03202070454638241
144	0.02858129504156366
145	0.031505112088108564
146	0.05560654736795764
147	0.07693483325865612
148	0.3837590186752749
149	0.9220420515895036
150	0.8782156365502215
151	0.6773349667878853
152	0.42301690250931445
153	0.11358461770178932
154	0.22460188780169194
155	0.9524680951766462
156	0.9524680951766462
157	0.9071954723294289
158	0.8640747434825014
159	0.3775797899972455
160	0.9220420515895036
161	0.29121320991525734
162	0.045764390058399614
163	0.038907124553427985
164	0.04651334071458662
165	0.07209806342155672
166	0.24359180518339563
167	0.8230036250150272
168	0.9680555771461301
169	0.9524680951766462
170	0.9220420515895036
171	0.9220420515895036
172	0.8640747434825014
173	0.1380122933233906
174	0.0007291465512741374
175	0.0008576564720537012
176	0.09656527406216012
177	0.053830228305391865
178	0.12318811002814868
179	0.014453999040223557
180	0.060308038307034934
181	0.1380122933233906
182	0.8230036250150272
183	0.8640747434825014
184	0.36551822152449814
185	0.1117556956623576
186	0.16769342093829617
187	0.2516299796562454
188	0.9680555771461301
189	0.8640747434825014
190	0.8782156365502215
191	0.8097517472627594
192	0.8925879504044913
193	0.9371316004437271
194	0.9371316004437271
195	0.8501615448993928
196	0.8230036250150272
197	0.8230036250150272
198	0.8364723744993472
199	0.9838981538483049
200	0.9838981538483049
