1	0.06540703669975813
2	0.03646109590141791
3	0.04219669209919026
4	0.031505112088109015
5	0.055606547367958434
6	0.0547111792972134
7	0.08903724340857931
8	0.1472709844146142
9	0.27737129133826594
10	0.9680555771461438
11	0.9524680951766463
12	0.9220420515895166
13	0.8364723744993591
14	0.7838846950415601
15	0.9220420515895166
16	0.1496811268916314
17	0.07327797408660716
18	0.07327797408660716
19	0.05044600800408453
20	0.14027091400017713
21	0.9071954723294416
22	0.25993340216897615
23	0.9220420515895166
24	0.9524680951766463
25	0.9524680951766463
26	0.9220420515895166
27	0.9071954723294416
28	0.9220420515895166
29	0.9071954723294416
30	0.9524680951766463
31	0.31583506350196977
32	0.9371316004437404
33	0.19094788792080922
34	0.04288725609876025
35	0.04651334071458662
36	0.06540703669975813
37	0.09975178733729188
38	0.9371316004437404
39	0.18484816784601352
40	0.055606547367958434
41	0.04651334071458662
42	0.010791719379643227
43	0.03099782162027481
44	0.07209806342155774
45	0.07327797408660716
46	0.05651656845829485
47	0.08209608258032164
48	0.5852680376789872
49	0.40291010336057753
50	0.2959790185358471
51	0.40291010336057753
52	0.8501615448994048
53	0.31583506350196977
54	0.1496811268916314
55	0.1496811268916314
56	0.699686033300596
57	0.2912132099152615
58	0.0005533084497353728
59	7.156252532833154e-05
60	0.00018952954375246506
61	0.00021581208061492303
62	0.008057369233585078
63	1.0
64	1.0
65	0.002715520127955534
66	0.0016417519552458459
67	0.01311260248634491
68	0.9838981538483188
69	0.9838981538483188
70	0.9838981538483188
71	0.9838981538483188
72	1.0
73	0.9838981538483188
74	0.9838981538483188
75	1.0
76	0.011515692539375738
77	8.982218558500488e-05
78	0.0007058543855178155
79	1.0
80	0.9838981538483188
81	0.00755081532523563
82	3.738449210201162e-05
83	4.397339814568434e-05
84	7.636336806318987e-05
85	0.0005623635409531145
86	0.03202070454638331
87	0.003092088110184961
88	0.0011487109132294472
89	0.023907463729683845
90	0.48956054519592274
91	0.2209853827589351
92	0.10644373457266976
93	0.13145230613269226
94	0.13360357026643588
95	0.5852680376789872
96	0.9071954723294416
97	0.16769342093829617
98	0.019359110527732818
99	0.06030803830703578
100	0.9680555771461438
101	0.029524436113288612
102	0.007191910689857912
103	0.011147830387442922
104	0.012288234154010973
105	0.009026975134420792
106	0.011515692539375738
107	0.023907463729683845
108	0.07209806342155774
109	0.06540703669975813
110	0.11358461770179093
111	0.18787327440651988
112	0.8364723744993591
113	0.7967132492072907
114	0.9838981538483188
115	0.9838981538483188
116	0.9838981538483188
117	0.9680555771461438
118	0.9838981538483188
119	0.7967132492072907
120	0.05651656845829485
121	0.1425664978143681
122	0.15715080394779135
123	0.18484816784601352
124	0.6884197964379096
125	0.8925879504044913
126	0.9371316004437404
127	0.9838981538483188
128	0.2912132099152615
129	0.017562497419084194
130	0.011515692539375738
131	0.012693727967806583
132	0.006316048424505998
133	0.008881624169591424
134	0.03954385360034534
135	0.9680555771461438
136	0.05651656845829485
137	0.014453999040223762
138	0.2396695274125257
139	0.9680555771461438
140	0.9371316004437404
141	0.9371316004437404
142	0.9680555771461438
143	0.44412711003286787
144	0.03099782162027481
145	0.004491573493650815
146	0.010446984132459602
147	0.01999793295422595
148	0.18187177108593947
149	0.4095038717012285
150	0.30574589468138835
151	0.2959790185358471
152	0.22460188780169194
153	0.17894329980857737
154	0.09049436982916181
155	0.06030803830703578
156	0.06030803830703578
157	0.9371316004437404
158	0.9680555771461438
159	0.9220420515895166
160	0.9524680951766463
161	0.9071954723294416
162	0.02812108342598899
163	0.007191910689857912
164	0.12120455403276079
165	0.16499324727370096
166	0.21742711012398033
167	0.7111366461700386
168	0.6451399456130124
169	0.6556978921951198
170	0.32100381758685564
171	0.2396695274125257
172	0.45878265723355866
173	0.7227746524257428
174	0.7227746524257428
175	0.513991542262758
176	0.45878265723355866
177	0.7838846950415601
178	0.9071954723294416
179	0.823003625015039
180	0.7967132492072907
181	0.8640747434825136
182	0.9371316004437404
183	0.8782156365502464
184	0.9071954723294416
185	0.8782156365502464
186	0.9220420515895166
187	0.8364723744993591
188	0.9071954723294416
189	0.9524680951766463
190	0.9220420515895166
191	0.9371316004437404
192	0.9220420515895166
193	0.8782156365502464
194	0.8097517472627824
195	0.8364723744993591
196	0.8097517472627824
197	0.8364723744993591
198	0.8364723744993591
199	0.9220420515895166
200	0.9838981538483188
