1	0.9680555771461301
2	0.42301690250932045
3	0.4299397258291168
4	0.4587826572335587
5	0.44412711003287414
6	0.4299397258291168
7	0.44412711003287414
8	0.9680555771461301
9	0.4895605451959158
10	0.022404439747548983
11	0.016458371314135432
12	0.17043778391330164
13	0.677334966787895
14	0.210481526578285
15	0.0622981156565685
16	0.07209806342155774
17	0.13579004060925665
18	0.5852680376789788
19	0.566571988000515
20	0.7588439508744758
21	0.5484731728386688
22	0.42301690250932045
23	0.18484816784601354
24	0.2004769386898946
25	0.6664286233595221
26	0.8782156365502338
27	0.40291010336057753
28	0.35963270335588476
29	0.09197534264619776
30	0.6245313223904189
31	0.11175569566235918
32	0.5574491330158786
33	0.06867110513305615
34	0.37150005830873106
35	0.40291010336057753
36	0.41620554942555466
37	0.9838981538483189
38	0.40950387170122843
39	0.3837590186752804
40	0.614475215120391
41	0.5484731728386688
42	0.5396417421912961
43	0.4895605451959158
44	0.5057153295259778
45	0.7712627042813435
46	0.7111366461700486
47	0.44412711003287414
48	0.5574491330158786
49	0.614475215120391
50	0.9524680951766599
51	0.176061982325188
52	0.07447719441285175
53	0.06979493239667536
54	0.06331764666180247
55	0.061295000982725924
56	0.006214348384488035
57	0.06756537356313871
58	0.8925879504044913
59	0.8925879504044913
60	0.8364723744993471
61	0.13579004060925665
62	0.0934805521145213
63	0.23581040555488308
64	0.9524680951766599
65	0.9071954723294418
66	0.9071954723294418
67	0.10304345090533384
68	0.07947357060372963
69	0.08903724340857931
70	0.9220420515895166
71	0.9371316004437271
72	0.9838981538483189
73	0.9524680951766599
74	0.7588439508744758
75	0.8364723744993471
76	0.13579004060925665
77	0.06435386265758125
78	0.07819389939674361
79	0.9524680951766599
80	0.9838981538483189
81	0.9838981538483189
82	0.7227746524257325
83	0.9071954723294418
84	0.9680555771461301
85	0.9524680951766599
86	0.9838981538483189
87	0.746625162324361
88	0.9524680951766599
89	0.9220420515895166
90	0.019047393108381605
91	0.029524436113288612
92	0.061295000982725924
93	0.8501615448994049
94	0.9838981538483189
95	0.12120455403276079
96	0.12318811002814868
97	0.21392613224755938
98	0.11925293695084216
99	0.10138426111191785
100	0.22827757824649536
101	0.027222771645920248
102	0.029524436113288612
103	0.04804821315291625
104	0.0290490381852773
105	0.010617952774480095
106	0.014453999040223557
107	0.1380122933233906
108	0.6556978921951104
109	0.46629079995639433
110	0.31583506350196977
111	0.29121320991525734
112	0.35963270335588476
113	0.7712627042813435
114	0.823003625015039
115	0.783884695041549
116	0.8501615448994049
117	0.7712627042813435
118	0.6045810297425014
119	0.5484731728386688
120	0.566571988000515
121	0.5948461590153711
122	0.699686033300586
123	0.12318811002814868
124	0.11175569566235918
125	0.16233655139003125
126	0.11925293695084216
127	0.05744148237014259
128	0.0472745482168648
129	0.045764390058399614
130	0.03202070454638286
131	0.7967132492073021
132	0.41620554942555466
133	0.4895605451959158
134	0.9838981538483189
135	0.176061982325188
136	0.13579004060925665
137	0.12318811002814868
138	0.9071954723294418
139	0.9071954723294418
140	0.9838981538483189
141	0.041517247454899237
142	0.01999793295422567
143	0.006739766775034894
144	0.05127157501696131
145	0.9680555771461301
146	0.9838981538483189
147	1.0
148	0.05744148237014259
149	0.02812108342598899
150	0.02133951404984792
151	0.052963462250909324
152	0.9524680951766599
153	0.9680555771461301
154	0.9680555771461301
155	0.0965652740621615
156	0.042196692099189664
157	0.04963373414423629
158	0.3837590186752804
159	0.3655182215245033
160	0.8925879504044913
161	0.12725313808047323
162	0.017562497419084444
163	0.016727718463300126
164	0.04288725609875964
165	0.10644373457266823
166	0.9680555771461301
167	0.06647744631284418
168	0.006631244087325071
169	0.0083232506725889
170	0.8640747434825014
171	0.9680555771461301
172	0.9838981538483189
173	0.40291010336057753
174	0.27290510147824404
175	0.2516299796562454
176	0.17043778391330164
177	0.15972263321475677
178	0.783884695041549
179	0.8925879504044913
180	0.8782156365502338
181	0.7588439508744758
182	0.5948461590153711
183	0.5948461590153711
184	0.5948461590153711
185	0.5852680376789788
186	0.5948461590153711
187	0.5758441417787838
188	0.5948461590153711
189	0.007927630713798602
190	0.008597905811488721
191	0.39642250686331315
192	0.39642250686331315
193	0.48167771661524483
194	0.9838981538483189
195	0.9838981538483189
196	0.9838981538483189
197	0.9524680951766599
198	0.9524680951766599
199	0.9680555771461301
200	1.0
