1	0.9524680951766462
2	0.9838981538483049
3	0.9680555771461301
4	0.9680555771461301
5	0.29121320991525734
6	0.4369758436353278
7	0.9838981538483049
8	0.783884695041549
9	0.3425386759286026
10	0.758843950874465
11	0.09975178733729188
12	0.0654070366997572
13	0.059336967552505365
14	0.18187177108593688
15	0.9524680951766462
16	0.02678443476505491
17	0.02429871794776111
18	0.029524436113288612
19	0.0794735706037285
20	0.034728030561276546
21	0.02722277164591986
22	0.015932618141390686
23	0.6884197964378999
24	0.5758441417787755
25	0.9680555771461301
26	0.5309525138815068
27	0.45139540946972445
28	0.49757237909339663
29	0.9371316004437271
30	0.9220420515895035
31	0.5139915422627507
32	0.4299397258291108
33	0.6664286233595221
34	0.6664286233595221
35	0.1314523061326923
36	0.1272531380804714
37	0.7111366461700385
38	0.8925879504044913
39	0.47392181612760637
40	0.5948461590153626
41	0.03646109590141739
42	0.02168874285044892
43	0.03529636723622752
44	0.22460188780169194
45	0.758843950874465
46	0.45878265723355216
47	0.9220420515895035
48	0.3262571601860513
49	0.19407281858793252
50	0.1760619823251855
51	0.03416884515602799
52	0.04651334071458661
53	0.3210038175868511
54	0.9071954723294289
55	0.9071954723294289
56	0.07093715149650967
57	0.012901465378461631
58	0.03587400494469108
59	0.01935911052773227
60	0.015175310452307265
61	0.783884695041549
62	0.6773349667878853
63	0.6884197964378999
64	0.8640747434825012
65	0.9680555771461301
66	0.9524680951766462
67	0.9220420515895035
68	0.7466251623243505
69	0.7111366461700385
70	0.7712627042813326
71	0.8364723744993472
72	0.9071954723294289
73	0.025511319561055356
74	0.006524468815236718
75	0.005918968568537387
76	0.013545299253376799
77	0.09814559940423159
78	0.3107495359001502
79	0.10644373457266672
80	0.07819389939674361
81	0.08077418408895645
82	0.05211065273008481
83	0.2641873055176448
84	0.9220420515895035
85	0.6664286233595221
86	0.7967132492072908
87	0.1649932472736963
88	0.15972263321475447
89	0.6451399456130031
90	0.7346031188276299
91	0.03049869946550746
92	0.029524436113288612
93	0.025928821455018472
94	0.019997932954225382
95	0.009324852154700226
96	0.034728030561276546
97	0.9220420515895035
98	0.9220420515895035
99	0.9371316004437271
100	0.9371316004437271
101	0.9220420515895035
102	0.9220420515895035
103	0.023522509426831248
104	0.006419412822152334
105	0.006015834611932685
106	0.06979493239667438
107	0.025928821455018472
108	0.02429871794776111
109	0.9524680951766462
110	0.9680555771461301
111	0.5057153295259705
112	0.4230169025093144
113	0.21392613224755633
114	0.3262571601860513
115	0.3315964756209346
116	0.4162055494255487
117	0.9071954723294289
118	0.809751747262771
119	0.758843950874465
120	0.8640747434825012
121	0.8782156365502215
122	0.37757978999725084
123	0.3315964756209346
124	0.3057458946813797
125	0.3315964756209346
126	0.5224031981891384
127	0.49757237909339663
128	0.9220420515895035
129	0.9524680951766462
130	0.44412711003286787
131	0.3262571601860513
132	0.2641873055176448
133	0.1909478879208065
134	0.0330773411179359
135	0.6884197964378999
136	0.7346031188276299
137	0.7227746524257325
138	0.9071954723294289
139	0.9071954723294289
140	0.9838981538483049
141	0.9371316004437271
142	0.9220420515895035
143	0.031505112088108564
144	0.0190473931083816
145	0.05211065273008481
146	0.09049436982916052
147	0.056516568458294045
148	0.4662907999563944
149	0.45878265723355216
150	0.09348055211451997
151	0.5665719880005069
152	0.5309525138815068
153	0.9220420515895035
154	0.5574491330158705
155	0.0794735706037285
156	0.0794735706037285
157	0.14027091400017713
158	0.1760619823251855
159	0.6884197964378999
160	0.6451399456130031
161	0.23581040555487973
162	0.3715000583087258
163	0.4162055494255487
164	0.8364723744993472
165	0.6144752151203823
166	0.8501615448993928
167	0.09049436982916052
168	0.08760357941344458
169	0.003520875718327124
170	0.0012662220527620584
171	0.002423840545293938
172	0.0010941104954322774
173	0.022404439747548664
174	0.9680555771461301
175	0.18484816784601088
176	0.11175569566235759
177	0.11925293695084047
178	0.14968112689163143
179	0.9838981538483049
180	0.5758441417787755
181	0.5139915422627507
182	0.14968112689163143
183	0.6144752151203823
184	0.5574491330158705
185	0.9071954723294289
186	0.9071954723294289
187	0.7346031188276299
188	0.9071954723294289
189	0.9071954723294289
190	1.0
191	0.7712627042813326
192	0.6884197964378999
193	0.6996860333005861
194	0.9838981538483049
195	0.9838981538483049
196	0.9838981538483049
197	0.9838981538483049
198	0.9838981538483049
199	0.9838981538483049
200	0.9838981538483049
