1	0.9220420515895036
2	0.9220420515895036
3	0.7712627042813325
4	0.09814559940423159
5	0.09197534264619646
6	0.09975178733729188
7	0.09656527406216013
8	0.10304345090533239
9	0.9838981538483049
10	0.31074953590015025
11	0.22460188780169194
12	0.23581040555487973
13	0.9371316004437272
14	0.8925879504044915
15	0.9371316004437272
16	0.7967132492072908
17	0.6556978921951012
18	0.20047693868989178
19	0.21392613224755636
20	0.0408487431237386
21	0.29121320991525734
22	0.6884197964379
23	0.7967132492072908
24	0.8501615448993928
25	0.8501615448993928
26	0.6144752151203824
27	0.5758441417787756
28	0.3210038175868511
29	0.3008228213237163
30	0.2685108255202325
31	0.6451399456130033
32	0.6664286233595222
33	0.8782156365502215
34	0.7838846950415379
35	0.6996860333005861
36	0.2819105719970916
37	0.3210038175868511
38	0.48956054519590886
39	0.9220420515895036
40	0.8364723744993591
41	0.12933568132305814
42	0.2599334021689725
43	0.2599334021689725
44	0.20047693868989178
45	0.22460188780169194
46	0.9680555771461302
47	0.9524680951766462
48	0.9371316004437272
49	0.8925879504044915
50	0.8925879504044915
51	0.8364723744993591
52	0.7838846950415379
53	0.7838846950415379
54	0.7111366461700386
55	0.6144752151203824
56	0.6664286233595222
57	0.6996860333005861
58	0.8501615448993928
59	0.8230036250150273
60	0.7712627042813325
61	0.7712627042813325
62	0.7712627042813325
63	0.8501615448993928
64	0.8782156365502215
65	0.8501615448993928
66	0.6773349667878853
67	0.6144752151203824
68	0.47392181612760637
69	0.7838846950415379
70	0.6451399456130033
71	0.6556978921951012
72	0.6347520014624387
73	0.6556978921951012
74	0.8640747434825014
75	0.548473172838661
76	0.6045810297425014
77	0.3596327033558797
78	0.6773349667878853
79	0.7111366461700386
80	0.9220420515895036
81	0.9371316004437272
82	0.9371316004437272
83	0.36551822152449814
84	0.16499324727369863
85	0.14727098441461212
86	0.07209806342155671
87	0.06331764666180247
88	0.07209806342155671
89	0.030997821620274372
90	0.030997821620274372
91	0.8230036250150273
92	0.8230036250150273
93	0.16499324727369863
94	0.0069621692536537255
95	0.6996860333005861
96	0.7111366461700386
97	0.8501615448993928
98	0.8640747434825014
99	0.9220420515895036
100	0.8782156365502215
101	0.7111366461700386
102	0.03307734111793543
103	0.12318811002814693
104	0.907195472329429
105	0.9524680951766462
106	0.09197534264619646
107	0.12318811002814693
108	0.14727098441461212
109	0.16499324727369863
110	0.16499324727369863
111	0.1909478879208065
112	0.210481526578285
113	0.16499324727369863
114	0.2599334021689725
115	0.07209806342155671
116	0.012901465378461633
117	0.002463507565100692
118	2.978472017255756e-05
119	2.3347786289363486e-05
120	0.000493876455090776
121	3.503418891533403e-05
122	0.0005443991622033009
123	0.0019311058764015325
124	0.0014654080128054352
125	0.0005715668219861325
126	5.1723579370891045e-05
127	0.0012257733200817496
128	0.0030920881101849616
129	0.003944570074838653
130	0.007799981223697563
131	1.0
132	1.0
133	0.0035784961121798327
134	0.0005185228330395475
135	0.015175310452307267
136	0.20375781569033732
137	1.0
138	1.0
139	1.0
140	0.20047693868989178
141	0.017001473575158972
142	0.0005270086451645862
143	0.0034641831191914805
144	1.0
145	1.0
146	0.00792763071379849
147	0.004009124378788865
148	0.0031426912410505497
149	0.0012662220527620764
150	5.1723579370891045e-05
151	0.0005715668219861325
152	0.0014654080128054352
153	0.0019311058764015325
154	0.0005443991622033009
155	3.503418891533403e-05
156	0.000493876455090776
157	2.3347786289363486e-05
158	2.4512932672073428e-05
159	0.0023464123579847143
160	0.013766972933527001
161	0.05651656845829405
162	0.14727098441461212
163	0.48956054519590886
164	0.2865241396118647
165	0.0950103948756163
166	0.0320207045463824
167	0.014690543918280223
168	0.011515692539375575
169	0.012090370898187085
170	0.014690543918280223
171	0.01593261814139069
172	0.0376642589146651
173	1.0
174	1.0
175	0.9838981538483049
176	0.9838981538483049
177	1.0
178	1.0
179	1.0
180	1.0
181	0.9838981538483049
182	0.9838981538483049
183	0.03828064801966439
184	0.015423659850312865
185	0.01445399904022356
186	0.0076743871260476935
187	0.0067397667750348
188	0.013327194928720634
189	0.02858129504156366
190	0.06867110513305516
191	0.24359180518339563
192	0.16769342093829617
193	0.14968112689163143
194	0.14027091400017716
195	0.48956054519590886
196	0.2959790185358471
197	0.3775797899972455
198	0.5224031981891384
199	0.5758441417787756
200	0.8640747434825014
