1	0.983898153848333
2	0.016193361151328214
3	0.003520875718327174
4	0.0006300371192533686
5	0.001206036106664975
6	0.1272531380804732
7	0.983898153848333
8	0.5224031981891458
9	0.4587826572335587
10	0.03646109590141844
11	0.009790198959862228
12	0.01843893512866384
13	0.48956054519592274
14	0.48956054519592274
15	0.4816777166152449
16	0.4816777166152449
17	0.00932485215470036
18	0.005546852487609637
19	0.006524468815236811
20	0.004419250868277081
21	0.023143753598939273
22	0.16233655139003356
23	0.2037578156903402
24	0.9220420515895167
25	0.9680555771461302
26	0.983898153848333
27	0.9680555771461302
28	0.9680555771461302
29	0.5948461590153712
30	0.11175569566235918
31	0.176061982325188
32	0.46629079995640105
33	0.49757237909341084
34	0.9524680951766599
35	0.9071954723294419
36	0.1154434707063202
37	0.12933568132306184
38	0.47392181612761314
39	0.13801229332339257
40	0.47392181612761314
41	0.4816777166152449
42	0.9680555771461302
43	0.9680555771461302
44	0.49757237909341084
45	0.1818717710859369
46	0.5309525138815143
47	0.17043778391330164
48	0.053830228305392636
49	0.4587826572335587
50	0.4816777166152449
51	0.0769348332586583
52	0.5484731728386688
53	0.04358912142584617
54	0.08343961441458082
55	0.9071954723294419
56	0.9680555771461302
57	0.9220420515895167
58	0.3057458946813841
59	0.2819105719970956
60	0.7838846950415602
61	0.1472709844146142
62	0.1472709844146142
63	0.15715080394779135
64	0.4299397258291169
65	0.21742711012398033
66	0.5852680376789872
67	0.6045810297425014
68	0.3900393726467363
69	0.4299397258291169
70	0.4299397258291169
71	0.35384195289533515
72	0.27290510147824404
73	0.06435386265758217
74	0.3107495359001591
75	0.5852680376789872
76	0.45139540946972445
77	0.16233655139003356
78	0.04576439005840027
79	0.061295000982726805
80	0.4816777166152449
81	0.809751747262771
82	0.7346031188276507
83	0.6045810297425014
84	0.12933568132306184
85	0.3775797899972509
86	0.015676073575284753
87	0.02133951404984792
88	0.566571988000515
89	0.5224031981891458
90	0.5057153295259778
91	0.027668282067045125
92	0.02032520629905451
93	0.08343961441458082
94	0.48956054519592274
95	0.513991542262758
96	0.7466251623243612
97	0.7346031188276507
98	0.9371316004437404
99	0.9524680951766599
100	0.8364723744993591
101	0.7712627042813436
102	0.8364723744993591
103	0.8640747434825137
104	0.8782156365502465
105	0.983898153848333
106	0.9680555771461302
107	0.9680555771461302
108	0.9371316004437404
109	0.9524680951766599
110	0.566571988000515
111	0.18484816784601615
112	0.6773349667878948
113	0.3107495359001591
114	0.10472979393477025
115	0.06647744631284419
116	0.06540703669975813
117	0.015423659850313085
118	0.004951053693111611
119	0.07327797408660716
120	0.002805128333603497
121	0.4816777166152449
122	0.18484816784601615
123	0.4816777166152449
124	0.007927630713798603
125	0.005637628717885406
126	0.823003625015039
127	0.0010591597671173617
128	0.001042105339497173
129	0.004209195456615611
130	0.0043480927706904
131	0.0015893071365663278
132	0.0022714575694317693
133	0.004009124378788922
134	0.04963373414423629
135	0.983898153848333
136	0.020657835589543778
137	0.07327797408660716
138	0.014453999040223764
139	0.035296367236228025
140	0.014221262971401536
141	0.983898153848333
142	0.9220420515895167
143	1.0
144	0.9680555771461302
145	1.0
146	0.983898153848333
147	0.983898153848333
148	0.983898153848333
149	0.8925879504045042
150	0.02032520629905451
151	0.005918968568537472
152	0.009632558682416179
153	1.0
154	0.07447719441285175
155	0.030007614098887928
156	1.0
157	0.06540703669975813
158	0.008459463654885726
159	0.007674387126047693
160	0.0038810552143591303
161	0.003194122510301129
162	0.003142691241050594
163	0.0010253255196467585
164	0.0011675099792966342
165	0.983898153848333
166	0.006015834611932771
167	0.04019100294647118
168	0.9680555771461302
169	0.3107495359001591
170	0.5309525138815143
171	0.027222771645920636
172	0.022771096439116734
173	0.024298717947761804
174	0.0997517873372933
175	0.5057153295259778
176	0.5057153295259778
177	0.513991542262758
178	0.5758441417787837
179	0.6347520014624478
180	0.7111366461700486
181	0.12520412762878458
182	0.0030920881101849616
183	0.002198897168339217
184	0.0047157206801953155
185	0.016193361151328214
186	1.0
187	0.9524680951766599
188	0.9680555771461302
189	0.9680555771461302
190	0.983898153848333
191	0.983898153848333
192	0.983898153848333
193	0.983898153848333
194	1.0
195	1.0
196	1.0
197	0.9524680951766599
198	0.9524680951766599
199	0.9524680951766599
200	0.983898153848333
