1	0.9371316004437404
2	0.9071954723294419
3	0.9220420515895101
4	0.9838981538483259
5	0.9838981538483259
6	0.9838981538483259
7	0.466290799956401
8	0.35384195289533515
9	0.9220420515895101
10	0.9371316004437404
11	0.9838981538483259
12	0.033618663668145254
13	0.003042299783147342
14	0.0007291465512741529
15	0.0058236622472702445
16	0.04804821315291659
17	1.0
18	0.952468095176653
19	0.9680555771461302
20	0.9680555771461302
21	0.022771096439116737
22	0.012489335512977668
23	0.010617952774480022
24	0.09656527406216218
25	0.9838981538483259
26	0.9838981538483259
27	0.952468095176653
28	0.9371316004437404
29	0.9220420515895101
30	0.8364723744993591
31	0.8364723744993591
32	0.7838846950415601
33	0.9220420515895101
34	0.9371316004437404
35	0.1425664978143681
36	0.08343961441458023
37	0.030007614098887924
38	0.9371316004437404
39	0.952468095176653
40	0.952468095176653
41	0.9838981538483259
42	0.9680555771461302
43	0.035296367236227776
44	0.014453999040223662
45	0.015423659850313085
46	0.006015834611932771
47	0.011704150977755524
48	0.04727454821686481
49	0.9838981538483259
50	0.952468095176653
51	0.9838981538483259
52	1.0
53	0.059336967552506205
54	0.0025864462836876507
55	0.003408403375565032
56	1.0
57	0.952468095176653
58	0.6245313223904276
59	0.6347520014624431
60	0.9680555771461302
61	0.952468095176653
62	0.952468095176653
63	1.0
64	1.0
65	1.0
66	1.0
67	0.5484731728386727
68	0.5574491330158786
69	1.0
70	1.0
71	0.006739766775034943
72	0.006015834611932771
73	0.06435386265758171
74	1.0
75	0.9838981538483259
76	0.009174704819918268
77	0.02204368690561934
78	0.015423659850313085
79	0.004074735137074924
80	0.0033535217887888137
81	0.04804821315291659
82	0.9838981538483259
83	1.0
84	1.0
85	1.0
86	0.9838981538483259
87	0.026784434765055293
88	0.019997932954225667
89	0.07447719441285122
90	1.0
91	1.0
92	0.17894329980857865
93	0.012901465378461817
94	0.004209195456615642
95	0.012901465378461817
96	0.9838981538483259
97	1.0
98	0.9838981538483259
99	0.9838981538483259
100	0.9838981538483259
101	0.9838981538483259
102	0.9838981538483259
103	0.04151724745489895
104	0.022771096439116737
105	0.020657835589543778
106	0.2599334021689762
107	0.9838981538483259
108	1.0
109	0.9838981538483259
110	0.952468095176653
111	0.19407281858793526
112	0.19407281858793526
113	0.3964225068633104
114	0.7227746524257325
115	0.5758441417787797
116	0.08480513362914895
117	0.004871332588256381
118	0.004951053693111576
119	0.0076743871260476935
120	0.01727970878760305
121	0.09348055211452065
122	1.0
123	0.9838981538483259
124	0.9838981538483259
125	0.9838981538483259
126	0.9838981538483259
127	0.09814559940423298
128	0.02204368690561934
129	0.011515692539375738
130	0.002628774404719928
131	0.0011675099792966424
132	0.08209608258032165
133	0.952468095176653
134	0.5309525138815105
135	0.08480513362914895
136	0.20709238541955194
137	0.1496811268916325
138	0.8501615448993989
139	0.7967132492072965
140	0.7838846950415601
141	0.8097517472627709
142	0.7967132492072965
143	0.8230036250150449
144	0.9220420515895101
145	0.699686033300596
146	0.7466251623243612
147	0.01567607357528464
148	0.01593261814139069
149	0.002128654667381627
150	0.002271457569431753
151	0.20709238541955194
152	0.9680555771461302
153	0.9838981538483259
154	1.0
155	1.0
156	1.0
157	0.9838981538483259
158	0.19407281858793526
159	0.007799981223697674
160	0.02592882145501866
161	0.026784434765055293
162	0.12318811002815044
163	0.9220420515895101
164	0.7838846950415601
165	0.6773349667878948
166	0.7346031188276455
167	0.9220420515895101
168	0.5396417421912961
169	0.4975723790934073
170	0.4895605451959228
171	0.7466251623243612
172	0.9680555771461302
173	0.9680555771461302
174	0.9680555771461302
175	0.7967132492072965
176	0.7466251623243612
177	0.771262704281338
178	0.9680555771461302
179	0.8782156365502402
180	0.9371316004437404
181	0.8925879504044978
182	0.952468095176653
183	0.07569604040982161
184	0.07447719441285122
185	0.07093715149650967
186	0.08077418408895702
187	0.9680555771461302
188	0.9680555771461302
189	0.061295000982726805
190	0.031505112088108786
191	0.02812108342598879
192	0.010791719379643228
193	0.01727970878760305
194	0.9838981538483259
195	0.9838981538483259
196	0.9838981538483259
197	0.42301690250932045
198	0.45139540946972445
199	0.9838981538483259
200	1.0
