1	0.23201342268367614
2	0.2037578156903431
3	0.1314523061326923
4	0.1314523061326923
5	0.12120455403276079
6	0.09656527406216288
7	0.13801229332339257
8	0.3158350635019698
9	0.8782156365502465
10	0.8782156365502465
11	0.9071954723294419
12	0.3900393726467364
13	0.1878732744065199
14	0.15213071221465968
15	0.05127157501696203
16	0.05296346225090933
17	0.08343961441458082
18	0.08619300005539395
19	0.11175569566235917
20	0.8640747434825136
21	0.15972263321475677
22	0.004209195456615671
23	0.007429233258548931
24	0.003042299783147364
25	0.011704150977755607
26	0.026784434765055674
27	0.9838981538483328
28	0.9220420515895298
29	0.9838981538483328
30	1.0
31	1.0
32	0.9838981538483328
33	0.9220420515895298
34	0.9838981538483328
35	0.03705779481220461
36	0.016458371314135432
37	0.0030920881101850054
38	0.002163490864431252
39	0.0027599605887401314
40	0.15213071221465968
41	0.8782156365502465
42	0.9220420515895298
43	0.1336035702664378
44	0.06756537356313967
45	0.08209608258032165
46	0.19094788792080922
47	0.1676934209382986
48	0.04151724745489924
49	0.020657835589543778
50	0.7967132492073021
51	0.9680555771461302
52	1.0
53	0.9680555771461302
54	0.3057458946813884
55	0.07447719441285176
56	0.01843893512866384
57	0.0026287744047199654
58	0.002671795240633401
59	0.2819105719970956
60	0.9838981538483328
61	0.9371316004437404
62	1.0
63	0.010617952774480096
64	0.010278768401209684
65	0.8640747434825136
66	0.8782156365502465
67	0.16233655139003356
68	0.11544347070632023
69	0.9371316004437404
70	0.0330773411179359
71	0.05838153282986929
72	0.06229811565656851
73	0.1030434509053353
74	0.05044600800408453
75	0.046513340714587285
76	0.9071954723294419
77	0.8925879504045041
78	0.17043778391330164
79	0.029049038185277713
80	0.028121083425988996
81	0.026353155917209006
82	0.026353155917209006
83	0.02510054021835723
84	0.025928821455018843
85	0.09501039487561765
86	0.8640747434825136
87	0.9371316004437404
88	0.9680555771461302
89	0.95246809517666
90	0.95246809517666
91	0.95246809517666
92	0.3837590186752804
93	0.04151724745489924
94	0.05044600800408453
95	0.05744148237014341
96	0.1030434509053353
97	0.25993340216897615
98	1.0
99	1.0
100	0.9220420515895298
101	0.8640747434825136
102	0.8782156365502465
103	0.1030434509053353
104	0.05127157501696203
105	0.15213071221465968
106	0.17043778391330164
107	0.18484816784601618
108	0.22098538275893512
109	0.9838981538483328
110	0.05127157501696203
111	0.0011866166988221
112	0.000976589844633953
113	0.0003512136458956121
114	0.0016959273764898934
115	0.0036965812672960837
116	0.029524436113288612
117	0.1314523061326923
118	0.8364723744993591
119	0.9220420515895298
120	0.95246809517666
121	0.9838981538483328
122	0.9371316004437404
123	0.8364723744993591
124	0.8364723744993591
125	0.21742711012398036
126	0.2773712913382699
127	0.7346031188276507
128	0.6884197964379196
129	0.6996860333005961
130	0.8230036250150508
131	0.8925879504045041
132	0.9680555771461302
133	0.9071954723294419
134	0.9071954723294419
135	0.34814444420780405
136	0.1425664978143681
137	0.809751747262771
138	0.8230036250150508
139	0.8364723744993591
140	0.9220420515895298
141	0.9680555771461302
142	0.9680555771461302
143	0.9071954723294419
144	0.13801229332339257
145	0.12520412762878458
146	0.17606198232518802
147	0.2773712913382699
148	0.15972263321475677
149	0.677334966787895
150	0.677334966787895
151	0.7838846950415602
152	1.0
153	0.46629079995640105
154	0.3425386759286123
155	0.32100381758685564
156	0.06540703669975813
157	0.026784434765055674
158	0.677334966787895
159	0.6996860333005961
160	0.9838981538483328
161	0.6664286233595317
162	0.677334966787895
163	0.6556978921951199
164	0.9371316004437404
165	0.07447719441285176
166	0.05744148237014341
167	0.05838153282986929
168	0.004715720680195383
169	0.004278080449843567
170	0.010791719379643227
171	0.8925879504045041
172	0.1676934209382986
173	0.19094788792080922
174	0.95246809517666
175	0.9680555771461302
176	0.0028510352648105338
177	0.002544799723548161
178	0.8925879504045041
179	0.809751747262771
180	1.0
181	0.2396695274125257
182	0.11733274450692356
183	0.11733274450692356
184	0.15972263321475677
185	0.1878732744065199
186	0.3370231708678045
187	1.0
188	0.8640747434825136
189	0.8925879504045041
190	0.09197534264619907
191	0.09049436982916183
192	0.09656527406216288
193	0.10644373457266824
194	0.7712627042813545
195	0.8640747434825136
196	0.05838153282986929
197	0.11544347070632023
198	0.2685108255202363
199	0.9838981538483328
200	1.0
