1	0.8782156365502463
2	0.8364723744993591
3	0.3425386759286123
4	0.1135846177017893
5	0.053830228305393385
6	0.015932618141390912
7	0.0067397667750349905
8	0.003578496112179884
9	0.0006723037820462358
10	1.607307828459966e-05
11	1.003814083596575e-05
12	2.2601954731434592e-05
13	0.0004859241323929735
14	1.98493900617464e-05
15	2.0174232448866586e-05
16	0.00151376434101598
17	0.00027087798631395606
18	0.012288234154011148
19	0.3158350635019742
20	1.0
21	1.0
22	1.0
23	0.3158350635019742
24	0.012288234154011148
25	0.00027981656498742794
26	0.00151376434101598
27	2.0839952710505333e-05
28	1.98493900617464e-05
29	0.0004859241323929735
30	2.2601954731434592e-05
31	1.003814083596575e-05
32	1.5309094257357753e-05
33	0.0006723037820462358
34	0.0036965812672960312
35	0.0069621692536538235
36	0.015932618141390912
37	0.053830228305393385
38	0.18484816784601352
39	0.15715080394779132
40	0.008189230970777112
41	0.00755081532523563
42	0.002805128333603497
43	0.0001283749872229026
44	0.0032995238968794487
45	0.0067397667750349905
46	0.0058236622472702445
47	0.014930959938100428
48	0.11544347070632022
49	0.12318811002814867
50	0.0011120160060804065
51	0.004491573493650815
52	0.009632558682416177
53	0.004074735137074952
54	0.002094379397417405
55	0.0005356333306484068
56	0.0034641831191915295
57	0.010791719379643072
58	0.7227746524257325
59	1.0
60	0.00388105521435913
61	0.002851035264810493
62	0.008057369233585077
63	0.05471117929721262
64	0.04963373414423699
65	0.000329133406075836
66	0.0008716923278076608
67	0.0010088158858740138
68	0.0002665163506524554
69	0.026353155917209006
70	0.08077418408895758
71	1.0
72	0.2435918051833956
73	0.14489964968096342
74	0.23581040555488306
75	0.892587950404504
76	0.7111366461700485
77	0.937131600443727
78	0.2685108255202324
79	0.9071954723294418
80	0.05211065273008555
81	0.0045650797047264826
82	0.0010253255196467582
83	0.0027155201279555337
84	0.03361866366814548
85	1.0
86	1.0
87	0.9838981538483187
88	0.9838981538483187
89	0.9838981538483187
90	0.02099590847766593
91	0.0004859241323929735
92	0.000230290047323916
93	0.002897693479410735
94	0.03890712455342853
95	0.4029101033605775
96	0.9220420515895166
97	0.8097517472627824
98	0.8364723744993591
99	0.1135846177017893
100	0.16499324727370096
101	0.26418730551765224
102	0.9524680951766596
103	0.07093715149651067
104	0.010617952774480095
105	0.006850065475449622
106	0.023522509426831244
107	0.020325206299054217
108	0.00206065602257691
109	0.02390746372968385
110	0.9680555771461439
111	0.9680555771461439
112	1.0
113	0.053830228305393385
114	0.008881624169591424
115	0.002897693479410735
116	0.00388105521435913
117	0.7227746524257325
118	0.8230036250150389
119	0.09975178733729327
120	0.09197534264619907
121	0.0005715668219861405
122	0.00206065602257691
123	0.06647744631284418
124	0.07209806342155774
125	0.07209806342155774
126	0.10304345090533383
127	0.22098538275893193
128	0.6045810297425013
129	0.6556978921951104
130	0.20047693868989458
131	0.10138426111191928
132	0.09348055211452129
133	0.09197534264619907
134	0.00028439586342649995
135	4.3973398145683707e-05
136	0.0019311058764015598
137	0.0063160484245059975
138	0.012090370898187429
139	0.5948461590153711
140	0.27737129133826594
141	0.32100381758685564
142	0.34814444420779905
143	0.3158350635019742
144	0.42993972582911677
145	0.5948461590153711
146	0.937131600443727
147	0.9680555771461439
148	0.8097517472627824
149	0.42993972582911677
150	0.23581040555488306
151	0.5484731728386688
152	0.5484731728386688
153	0.25574799451756824
154	0.23581040555488306
155	0.29597901853585135
156	0.9680555771461439
157	0.9680555771461439
158	0.8501615448994048
159	0.7588439508744756
160	0.7466251623243504
161	0.699686033300596
162	0.7588439508744756
163	0.7588439508744756
164	0.7967132492072907
165	0.16769342093829853
166	0.0010253255196467582
167	0.0006833062745535857
168	0.002094379397417405
169	0.006015834611932685
170	0.20375781569034018
171	0.8364723744993591
172	0.9838981538483187
173	0.9838981538483187
174	0.00652446881523681
175	0.0042091954566156106
176	0.011704150977755606
177	0.018740694914960117
178	0.029524436113288612
179	0.892587950404504
180	0.9071954723294418
181	0.9838981538483187
182	0.9838981538483187
183	0.9838981538483187
184	0.9838981538483187
185	0.9220420515895166
186	0.892587950404504
187	0.937131600443727
188	0.08209608258032046
189	0.015423659850313303
190	0.004491573493650815
191	0.0023848122377374418
192	0.009632558682416177
193	0.9838981538483187
194	0.9838981538483187
195	0.0370577948122046
196	0.002423840545294007
197	0.002851035264810493
198	0.0018393167356806216
199	0.0023086307871881062
200	0.18187177108593947
