1	0.8640747434825014
2	0.9524680951766599
3	0.9220420515895167
4	0.9371316004437406
5	0.7346031188276403
6	0.25574799451756824
7	0.39003937264673083
8	0.17322705937262783
9	0.7712627042813436
10	0.5948461590153711
11	0.699686033300596
12	0.9371316004437406
13	0.9371316004437406
14	0.9371316004437406
15	0.5396417421912962
16	0.2004769386898946
17	0.22827757824649536
18	0.23201342268367614
19	0.9071954723294419
20	0.9838981538483188
21	0.10138426111191784
22	0.01814203423202152
23	0.008057369233585078
24	0.006316048424505998
25	0.00335352178878879
26	0.005457537922228155
27	0.05651656845829406
28	0.008459463654885606
29	0.9220420515895167
30	0.19094788792080922
31	0.019675929314445093
32	0.01493095993810043
33	0.013766972933527003
34	0.00932485215470036
35	0.012693727967806583
36	0.0675653735631387
37	0.04963373414423629
38	0.05296346225090933
39	0.05651656845829406
40	0.0574414823701426
41	0.1425664978143681
42	0.15213071221465752
43	0.15715080394779135
44	0.15715080394779135
45	0.17606198232518802
46	0.2819105719970956
47	0.16233655139003125
48	0.8925879504044915
49	0.3715000583087364
50	0.3964225068633132
51	0.9680555771461302
52	0.25993340216897615
53	0.2516299796562454
54	0.15715080394779135
55	0.19407281858793526
56	0.809751747262771
57	0.7967132492073021
58	0.9071954723294419
59	0.6884197964379098
60	0.9071954723294419
61	0.7346031188276403
62	0.677334966787895
63	0.7346031188276403
64	0.7346031188276403
65	0.9371316004437406
66	0.9220420515895167
67	0.9371316004437406
68	0.8782156365502339
69	0.5574491330158785
70	0.9220420515895167
71	0.9680555771461302
72	0.9838981538483188
73	0.11358461770178933
74	0.04883453939311236
75	0.025928821455018843
76	0.09501039487561765
77	0.9838981538483188
78	0.9524680951766599
79	0.4441271100328742
80	0.3158350635019698
81	0.8501615448994049
82	0.1212045540327608
83	0.053830228305392636
84	0.07569604040982107
85	0.0686711051330571
86	0.07693483325865721
87	0.0675653735631387
88	0.000765533832541571
89	8.555276600875402e-05
90	0.0005809207180139167
91	8.982218558500615e-05
92	0.008881624169591297
93	0.11733274450692356
94	0.14027091400017716
95	0.1972488898661499
96	0.2037578156903402
97	0.210481526578285
98	0.3715000583087364
99	0.2516299796562454
100	0.07209806342155775
101	0.043589121425846165
102	0.010791719379643227
103	0.01151569253937574
104	0.022043686905619343
105	0.06435386265758125
106	0.0675653735631387
107	0.09975178733729329
108	1.0
109	0.13145230613269226
110	0.0807741840889576
111	0.15213071221465752
112	1.0
113	0.6451399456130033
114	0.9838981538483188
115	0.9838981538483188
116	0.9838981538483188
117	0.9838981538483188
118	0.013992274382953428
119	0.005918968568537472
120	0.003142691241050594
121	0.000765533832541571
122	0.006114285902868147
123	0.29597901853585135
124	1.0
125	0.053830228305392636
126	0.009790198959862228
127	0.002544799723548161
128	0.00038714219438704524
129	0.005283200023099469
130	0.011147830387442766
131	0.008597905811488844
132	0.01672771846330013
133	0.03361866366814549
134	0.1546203858800132
135	0.9838981538483188
136	1.0
137	1.0
138	1.0
139	0.1546203858800132
140	0.2819105719970956
141	0.17606198232518802
142	0.1546203858800132
143	0.14968112689163354
144	0.14968112689163354
145	0.14027091400017716
146	0.004871332588256416
147	0.0026717952406334006
148	0.009790198959862228
149	0.053830228305392636
150	1.0
151	0.29597901853585135
152	0.005637628717885326
153	0.00019263126270860305
154	0.0015137643410159801
155	0.00335352178878879
156	0.012090370898187429
157	1.0
158	1.0
159	0.6556978921951105
160	0.6045810297425014
161	0.9838981538483188
162	0.9838981538483188
163	0.9838981538483188
164	0.9071954723294419
165	0.9371316004437406
166	0.8501615448994049
167	0.5948461590153711
168	0.7588439508744759
169	0.6664286233595317
170	0.677334966787895
171	0.8230036250150391
172	0.6245313223904277
173	0.2516299796562454
174	0.3158350635019698
175	0.7227746524257325
176	0.9071954723294419
177	0.9524680951766599
178	0.9371316004437406
179	0.9071954723294419
180	0.9838981538483188
181	0.06979493239667538
182	0.0686711051330571
183	0.9680555771461302
184	0.3210038175868557
185	0.2865241396118688
186	0.3210038175868557
187	0.05296346225090933
188	0.12725313808047323
189	0.9220420515895167
190	0.9371316004437406
191	0.9071954723294419
192	0.8501615448994049
193	0.8501615448994049
194	0.9371316004437406
195	0.9838981538483188
196	0.9838981538483188
197	0.9838981538483188
198	1.0
199	1.0
200	1.0
