1	0.45878265723355216
2	0.2037578156903402
3	0.03587400494469108
4	0.03529636723622752
5	0.04219669209918966
6	0.10644373457266673
7	0.09814559940423298
8	0.030498699465507893
9	0.027668282067044733
10	0.01593261814139069
11	9.741658249768499e-05
12	2.836899568812573e-05
13	0.0015137643410159587
14	0.00010395187020857982
15	0.0002538483208393753
16	4.616784369824832e-05
17	0.0015137643410159587
18	7.156252532832952e-05
19	3.076757251930166e-05
20	0.0028976934794106937
21	1.0
22	1.0
23	1.0
24	1.0
25	0.0028976934794106937
26	3.076757251930166e-05
27	7.156252532832952e-05
28	0.0015137643410159587
29	4.6923397017945535e-05
30	0.0002538483208393753
31	0.00010395187020857982
32	0.0015137643410159587
33	2.4914095606538178e-05
34	0.00015347187921147218
35	0.011330268629776487
36	0.03202070454638286
37	0.07209806342155672
38	0.1252041276287828
39	0.49757237909340374
40	0.9220420515895035
41	0.8925879504044915
42	0.7967132492072908
43	0.7967132492072908
44	0.7838846950415491
45	0.5852680376789788
46	0.5852680376789788
47	0.2729051014782441
48	0.2865241396118647
49	0.1448996496809614
50	0.3538419528953301
51	0.33159647562093936
52	0.35963270335587966
53	0.176061982325188
54	0.18787327440651988
55	0.3900393726467308
56	0.29121320991525734
57	0.5948461590153628
58	0.24757827243666988
59	0.05651656845829406
60	0.08619300005539152
61	0.11358461770178932
62	0.14727098441461212
63	0.5224031981891458
64	0.5665719880005069
65	0.746625162324361
66	0.3900393726467308
67	0.5396417421912961
68	0.31074953590015464
69	0.4739218161276064
70	0.20709238541955047
71	0.29121320991525734
72	0.6144752151203824
73	0.6451399456130033
74	0.6245313223904277
75	0.5224031981891458
76	0.45878265723355216
77	0.5574491330158785
78	0.12725313808047323
79	0.15715080394779135
80	0.6144752151203824
81	0.9220420515895035
82	0.7838846950415491
83	0.7588439508744651
84	0.466290799956401
85	0.45878265723355216
86	0.5224031981891458
87	0.7712627042813326
88	0.9838981538483049
89	0.39642250686330754
90	0.38375901867527495
91	0.3775797899972509
92	0.3900393726467308
93	0.6144752151203824
94	0.8097517472627709
95	0.5852680376789788
96	0.16769342093829617
97	0.07569604040982107
98	0.25574799451756464
99	0.3900393726467308
100	0.39642250686330754
101	0.4230169025093144
102	0.44412711003286787
103	0.176061982325188
104	0.176061982325188
105	0.22098538275893195
106	0.1909478879208065
107	0.38375901867527495
108	0.12933568132305814
109	0.4230169025093144
110	0.1252041276287828
111	0.09197534264619776
112	0.11544347070631693
113	0.8230036250150273
114	0.8364723744993592
115	0.8364723744993592
116	0.8364723744993592
117	0.9371316004437272
118	0.6144752151203824
119	0.5574491330158785
120	0.2282775782464921
121	0.2037578156903402
122	0.6556978921951011
123	0.8782156365502215
124	0.9838981538483049
125	0.7967132492072908
126	0.39642250686330754
127	0.3900393726467308
128	0.3008228213237163
129	0.3538419528953301
130	0.4230169025093144
131	0.38375901867527495
132	0.8640747434825014
133	0.9524680951766463
134	0.9680555771461302
135	0.8925879504044915
136	0.8925879504044915
137	0.7588439508744651
138	0.154620385880011
139	0.2685108255202325
140	0.15715080394779135
141	0.1314523061326923
142	0.4162055494255547
143	0.14027091400017716
144	0.002851035264810493
145	0.005546852487609637
146	0.48167771661523806
147	0.48956054519590886
148	1.0
149	0.9838981538483049
150	1.0
151	0.005457537922228078
152	0.005546852487609637
153	0.010791719379643074
154	0.002628774404719891
155	0.0014654080128054352
156	0.008459463654885485
157	0.038907124553427985
158	0.17322705937262536
159	0.9838981538483049
160	1.0
161	1.0
162	1.0
163	1.0
164	0.17043778391329922
165	0.03529636723622752
166	0.005823662247270162
167	0.0023848122377374426
168	0.005114431247540003
169	0.011147830387442766
170	0.006316048424505908
171	0.005457537922228078
172	0.5057153295259778
173	0.5057153295259778
174	0.5057153295259778
175	0.0056376287178852465
176	0.0020943793974173754
177	0.17043778391329922
178	0.40950387170122265
179	0.08077418408895645
180	0.3715000583087311
181	0.40950387170122265
182	0.3538419528953301
183	0.2641873055176448
184	0.024298717947761457
185	0.06129500098272593
186	0.17043778391329922
187	0.2282775782464921
188	0.4369758436353279
189	0.9680555771461302
190	0.9524680951766463
191	0.9371316004437272
192	0.9371316004437272
193	0.9220420515895035
194	0.9071954723294289
195	0.9220420515895035
196	0.9371316004437272
197	0.9838981538483049
198	0.9524680951766463
199	0.9524680951766463
200	0.9680555771461302
