1	0.9838981538483259
2	0.968055577146144
3	0.9524680951766531
4	0.968055577146144
5	0.968055577146144
6	1.0
7	0.9838981538483259
8	0.9838981538483259
9	0.9838981538483259
10	0.9524680951766531
11	0.9524680951766531
12	0.968055577146144
13	1.0
14	0.9838981538483259
15	0.968055577146144
16	0.9838981538483259
17	1.0
18	1.0
19	0.968055577146144
20	0.19094788792081058
21	0.03361866366814573
22	0.0022714575694317528
23	0.002945115272426268
24	0.0028976934794107145
25	0.006114285902868104
26	1.0
27	0.968055577146144
28	0.9838981538483259
29	0.11358461770179094
30	0.030498699465507893
31	0.012489335512977758
32	0.002586446283687669
33	0.024696375181437153
34	0.11733274450692356
35	0.968055577146144
36	0.9524680951766531
37	0.062298115656568065
38	0.026784434765055484
39	0.022404439747549142
40	0.0036370594844428957
41	0.008189230970777055
42	0.009790198959862158
43	0.008881624169591424
44	0.011895693606068052
45	0.9524680951766531
46	0.5665719880005149
47	0.42301690250932045
48	0.44412711003287103
49	0.5574491330158785
50	0.7712627042813435
51	0.8782156365502402
52	0.7838846950415602
53	0.5396417421913038
54	0.6347520014624431
55	0.7712627042813435
56	0.30082282132371624
57	0.25993340216897615
58	0.23201342268367448
59	0.2557479945175701
60	0.10995622264422977
61	0.1472709844146142
62	0.3837590186752831
63	0.16233655139003358
64	0.003944570074838709
65	0.0024238405452939897
66	0.004951053693111576
67	0.011515692539375738
68	0.0370577948122046
69	0.26851082552023436
70	0.9071954723294418
71	0.9071954723294418
72	0.8782156365502402
73	0.8782156365502402
74	1.0
75	1.0
76	1.0
77	0.2516299796562454
78	0.20047693868989316
79	0.19407281858793526
80	0.1878732744065199
81	0.18484816784601485
82	0.19094788792081058
83	0.3370231708678045
84	0.8640747434825137
85	0.5948461590153669
86	0.5665719880005149
87	0.8925879504044978
88	0.45139540946972445
89	0.2729051014782479
90	0.26851082552023436
91	0.11175569566235838
92	0.9220420515895231
93	0.7712627042813435
94	0.7588439508744758
95	0.7588439508744758
96	0.7838846950415602
97	0.09197534264619843
98	0.08209608258032165
99	0.11358461770179094
100	0.29597901853584924
101	0.7466251623243612
102	0.5665719880005149
103	0.2557479945175701
104	0.11358461770179094
105	0.14968112689163246
106	0.23581040555488308
107	0.2435918051833991
108	0.2516299796562454
109	0.3425386759286099
110	0.6556978921951152
111	0.6884197964379147
112	0.6144752151203955
113	0.8364723744993591
114	0.8230036250150449
115	0.9838981538483259
116	0.5224031981891458
117	0.2557479945175701
118	0.3315964756209417
119	0.4299397258291169
120	0.014221262971401534
121	0.009950419076984587
122	0.009174704819918202
123	0.008189230970777055
124	0.010446984132459529
125	0.0036370594844428957
126	0.009477456704464872
127	0.06030803830703622
128	1.0
129	0.10472979393476876
130	0.014930959938100535
131	0.003881055214359158
132	0.003299523896879449
133	0.011515692539375738
134	0.08760357941344458
135	1.0
136	0.007191910689857912
137	0.002027475656329856
138	0.0016153167178432671
139	0.0009608649452023698
140	0.03254473486014845
141	0.19094788792081058
142	1.0
143	0.9838981538483259
144	1.0
145	1.0
146	1.0
147	0.029049038185277508
148	0.009174704819918202
149	0.011147830387442844
150	1.0
151	0.5852680376789872
152	1.0
153	0.15462038588001212
154	0.03361866366814573
155	0.03000761409888814
156	0.06435386265758171
157	0.2139261322475609
158	1.0
159	0.9838981538483259
160	0.968055577146144
161	0.9838981538483259
162	0.5758441417787838
163	0.6045810297425014
164	0.10995622264422977
165	0.040191002946471474
166	0.042887256098759936
167	0.11358461770179094
168	0.9371316004437404
169	0.7838846950415602
170	0.8640747434825137
171	1.0
172	1.0
173	1.0
174	0.9838981538483259
175	0.9371316004437404
176	1.0
177	0.8501615448993988
178	0.8364723744993591
179	0.968055577146144
180	0.9071954723294418
181	0.968055577146144
182	0.03646109590141792
183	0.03361866366814573
184	0.04963373414423629
185	0.11925293695084131
186	0.8501615448993988
187	0.7588439508744758
188	0.7466251623243612
189	1.0
190	0.17894329980857862
191	0.04963373414423629
192	0.04576439005840027
193	0.038907124553428256
194	0.15462038588001212
195	0.9524680951766531
196	0.5852680376789872
197	0.9838981538483259
198	0.006419412822152426
199	0.004009124378788922
200	0.02204368690561934
