1	0.6996860333005959
2	0.3964225068633132
3	0.40950387170123426
4	0.3262571601860559
5	0.8925879504044915
6	0.9838981538483328
7	0.6884197964379097
8	0.6451399456130124
9	0.6451399456130124
10	0.7346031188276507
11	0.9524680951766598
12	0.9680555771461439
13	0.4029101033605832
14	0.14968112689163351
15	0.08903724340858057
16	0.3425386759286123
17	0.6245313223904276
18	0.9524680951766598
19	0.9524680951766598
20	0.34814444420780405
21	0.1972488898661499
22	0.8097517472627824
23	0.09197534264619907
24	0.025511319561055717
25	0.059336967552507044
26	0.02510054021835758
27	0.01999793295422595
28	0.01700147357515921
29	0.020325206299054217
30	0.021688742850449534
31	0.029049038185277713
32	0.176061982325188
33	0.7111366461700486
34	0.6556978921951198
35	0.5758441417787837
36	0.746625162324361
37	0.8097517472627824
38	0.9838981538483328
39	0.8782156365502464
40	0.21048152657828498
41	0.06435386265758217
42	0.16769342093829617
43	0.176061982325188
44	0.1732270593726278
45	0.10138426111191928
46	0.7838846950415602
47	0.746625162324361
48	0.7838846950415602
49	0.9371316004437404
50	0.9838981538483328
51	0.9680555771461439
52	0.8230036250150506
53	0.059336967552507044
54	0.1972488898661499
55	0.20047693868989458
56	0.0330773411179359
57	0.027668282067045125
58	0.18187177108593947
59	0.6347520014624477
60	0.6144752151203998
61	0.6884197964379097
62	0.5948461590153711
63	0.9524680951766598
64	0.9524680951766598
65	0.9838981538483328
66	1.0
67	1.0
68	0.17043778391330403
69	0.09348055211451997
70	0.059336967552507044
71	0.14489964968096344
72	0.2865241396118728
73	0.4230169025093204
74	0.9838981538483328
75	0.4230169025093204
76	0.08209608258032164
77	0.19407281858793526
78	0.6664286233595221
79	0.0045650797047264826
80	0.003944570074838709
81	0.1972488898661499
82	1.0
83	0.513991542262758
84	0.1546203858800132
85	0.08209608258032164
86	0.164993247273701
87	0.2070923854195534
88	0.03416884515602847
89	0.02510054021835758
90	0.017562497419084444
91	0.013766972933527001
92	0.015175310452307482
93	0.013327194928720823
94	0.01619336115132821
95	1.0
96	0.03000761409888835
97	0.030997821620274812
98	0.0395438536003459
99	0.012090370898187427
100	0.016458371314135432
101	0.013112602486345094
102	0.028121083425988992
103	0.02858129504156406
104	0.02678443476505567
105	0.9838981538483328
106	0.3057458946813884
107	0.3262571601860559
108	1.0
109	0.9838981538483328
110	0.9680555771461439
111	0.9524680951766598
112	0.3210038175868556
113	0.3210038175868556
114	0.07819389939674361
115	0.03705779481220459
116	0.029524436113288612
117	0.027668282067045125
118	0.02390746372968385
119	0.009174704819918203
120	0.01493095993810064
121	0.331596475620944
122	0.2557479945175719
123	0.2070923854195534
124	0.9524680951766598
125	0.9371316004437404
126	0.9524680951766598
127	0.9524680951766598
128	0.9838981538483328
129	0.9838981538483328
130	0.19407281858793526
131	0.2396695274125257
132	0.3370231708678044
133	0.9371316004437404
134	0.9371316004437404
135	0.9680555771461439
136	0.02858129504156406
137	0.023143753598939273
138	0.02390746372968385
139	0.09049436982916181
140	0.5309525138815142
141	0.9838981538483328
142	0.9680555771461439
143	0.9838981538483328
144	0.9838981538483328
145	0.5309525138815142
146	0.08480513362915015
147	0.024298717947761804
148	0.013545299253377182
149	0.020657835589543774
150	0.01700147357515921
151	0.010278768401209682
152	0.015175310452307482
153	0.01814203423202152
154	0.016727718463300366
155	0.013992274382953624
156	0.012901465378461815
157	0.28191057199709557
158	0.2912132099152615
159	0.46629079995640094
160	0.1972488898661499
161	0.08619300005539395
162	0.09501039487561898
163	0.2320134226836728
164	0.06647744631284418
165	0.3964225068633132
166	0.3964225068633132
167	0.6245313223904276
168	0.007799981223697784
169	0.01044698413245975
170	0.04651334071458728
171	0.7712627042813435
172	0.7838846950415602
173	0.8640747434825136
174	0.8925879504044915
175	0.8925879504044915
176	0.796713249207302
177	0.6451399456130124
178	0.5948461590153711
179	0.6347520014624477
180	0.28191057199709557
181	0.49757237909340374
182	0.5309525138815142
183	0.5396417421913038
184	0.3210038175868556
185	0.4895605451959227
186	0.10472979393476874
187	0.05127157501696203
188	0.018740694914960384
189	0.008057369233585078
190	0.00601583461193277
191	0.03202070454638331
192	0.01727970878760305
193	0.0547111792972134
194	0.1546203858800132
195	0.2641873055176485
196	0.3057458946813884
197	0.3964225068633132
198	0.836472374499359
199	0.836472374499359
200	0.8640747434825136
