1	1.0
2	1.0
3	1.0
4	1.0
5	0.9680555771461371
6	1.0
7	1.0
8	1.0
9	1.0
10	0.9680555771461371
11	0.9838981538483259
12	0.9838981538483259
13	0.9680555771461371
14	0.9680555771461371
15	0.9680555771461371
16	0.9838981538483259
17	0.09049436982916181
18	0.10138426111191928
19	0.09197534264619843
20	0.0890372434085787
21	0.1212045540327608
22	0.466290799956401
23	1.0
24	1.0
25	0.9838981538483259
26	0.9838981538483259
27	0.9838981538483259
28	0.1676934209382962
29	0.043589121425845555
30	0.04288725609875994
31	0.08760357941344458
32	0.8925879504044915
33	0.4513954094697245
34	0.5758441417787837
35	0.9838981538483259
36	1.0
37	0.8782156365502402
38	0.4299397258291168
39	0.40291010336057753
40	0.11733274450692358
41	0.20375781569034165
42	0.24359180518339907
43	1.0
44	0.8925879504044915
45	0.8782156365502402
46	0.7967132492072908
47	0.5057153295259778
48	0.8925879504044915
49	0.06030803830703579
50	0.07693483325865776
51	0.05211065273008518
52	0.03416884515602848
53	0.05044600800408453
54	0.9220420515895167
55	0.9220420515895167
56	0.9071954723294354
57	0.9220420515895167
58	0.8640747434825136
59	0.2599334021689762
60	0.23201342268367284
61	0.2819105719970956
62	0.3837590186752804
63	0.9220420515895167
64	0.9071954723294354
65	0.7466251623243612
66	0.8925879504044915
67	0.20375781569034165
68	0.24359180518339907
69	0.7111366461700437
70	0.7712627042813435
71	0.9838981538483259
72	1.0
73	0.3655182215245059
74	0.2912132099152615
75	0.1425664978143691
76	0.11733274450692358
77	0.15715080394779135
78	0.2396695274125257
79	0.9680555771461371
80	0.9680555771461371
81	0.0076743871260476935
82	0.0037570771454724524
83	0.0036370594844428706
84	0.010278768401209684
85	0.15715080394779135
86	0.08343961441458024
87	0.019675929314445093
88	0.034728030561276796
89	0.8925879504044915
90	0.12725313808047412
91	1.0
92	1.0
93	1.0
94	1.0
95	1.0
96	0.17894329980857865
97	0.9680555771461371
98	0.04576439005840027
99	0.013992274382953527
100	0.013112602486345002
101	0.08480513362914956
102	1.0
103	0.0077999812236976196
104	0.0045650797047264505
105	0.0037570771454724524
106	0.005918968568537472
107	1.0
108	0.30574589468138624
109	0.7712627042813435
110	0.029524436113288612
111	0.04727454821686548
112	0.08480513362914956
113	0.12725313808047412
114	0.34253867592860987
115	0.07947357060372906
116	0.06867110513305662
117	0.05383022830539301
118	0.06229811565656806
119	0.057441482370143
120	0.03766425891466563
121	0.04576439005840027
122	0.0664774463128437
123	0.11175569566235839
124	0.9838981538483259
125	0.4513954094697245
126	0.2516299796562454
127	0.9680555771461371
128	0.9838981538483259
129	1.0
130	1.0
131	1.0
132	0.9680555771461371
133	0.20047693868989175
134	0.3900393726467364
135	1.0
136	0.1357900406092586
137	0.03416884515602848
138	0.010113261253784716
139	0.004715720680195349
140	0.004009124378788921
141	0.0022714575694317528
142	0.0026287744047199467
143	0.0024238405452939554
144	0.008057369233585021
145	0.8925879504044915
146	0.7712627042813435
147	0.23201342268367284
148	0.40950387170123137
149	0.9371316004437338
150	0.7466251623243612
151	0.7227746524257427
152	0.17322705937262783
153	0.14968112689163246
154	0.37150005830873106
155	0.37150005830873106
156	0.9838981538483259
157	0.9371316004437338
158	0.9371316004437338
159	0.9524680951766531
160	0.9524680951766531
161	0.1878732744065199
162	0.17322705937262783
163	0.15462038588001212
164	0.11925293695084131
165	0.09975178733729258
166	0.8640747434825136
167	0.3964225068633104
168	0.7712627042813435
169	0.8925879504044915
170	1.0
171	0.9838981538483259
172	0.2599334021689762
173	0.1081857244637924
174	0.1212045540327608
175	0.9071954723294354
176	0.5484731728386728
177	0.5948461590153669
178	0.8501615448993989
179	0.8501615448993989
180	0.41620554942555466
181	0.44412711003287103
182	0.8925879504044915
183	0.08480513362914956
184	0.10138426111191928
185	0.040191002946471474
186	0.04727454821686548
187	0.8925879504044915
188	0.8925879504044915
189	0.9524680951766531
190	0.6347520014624433
191	0.6996860333005961
192	0.30574589468138624
193	0.2599334021689762
194	0.0076743871260476935
195	0.010617952774480096
196	0.019997932954225812
197	0.9371316004437338
198	1.0
199	1.0
200	1.0
