1	0.04804821315291624
2	0.045764390058400266
3	0.9838981538483188
4	0.9524680951766463
5	0.09348055211451997
6	0.03202070454638286
7	0.00015347187921147437
8	0.0008859578853748352
9	0.0046397888713085094
10	0.002759960588740092
11	0.0016686198147892288
12	0.0011487109132294472
13	3.738449210201109e-05
14	0.0013080055346563406
15	1.0
16	1.0
17	1.0
18	1.0
19	1.0
20	0.0013080055346563406
21	6.387584780858405e-05
22	0.0011487109132294472
23	0.0016417519552458227
24	0.0027155201279554955
25	0.004491573493650751
26	0.000945393245682171
27	0.00028439586342649594
28	0.012288234154010974
29	0.08077418408895759
30	0.9838981538483188
31	0.04883453939311235
32	0.02390746372968351
33	0.9524680951766463
34	0.9071954723294418
35	0.8501615448993927
36	0.7967132492072908
37	0.8640747434825012
38	0.4895605451959158
39	0.16769342093829617
40	0.12120455403276077
41	0.8501615448993927
42	0.05127157501696131
43	0.2729051014782441
44	0.02858129504156406
45	0.030007614098887928
46	0.1909478879208065
47	0.8364723744993591
48	1.0
49	0.24757827243666986
50	0.614475215120391
51	0.7227746524257325
52	0.9071954723294418
53	1.0
54	0.9838981538483188
55	0.9220420515895166
56	0.5574491330158785
57	0.513991542262758
58	0.9371316004437403
59	0.8925879504044915
60	0.6045810297425014
61	0.699686033300596
62	0.2729051014782441
63	0.09501039487561765
64	0.28191057199709557
65	0.06435386265758125
66	0.13360357026643588
67	0.018740694914959853
68	0.6556978921951104
69	0.614475215120391
70	0.5948461590153626
71	0.027222771645920248
72	0.023522509426831248
73	0.027668282067045125
74	0.01189569360606805
75	0.019997932954225667
76	0.49757237909340374
77	0.9680555771461301
78	1.0
79	0.9838981538483188
80	0.9524680951766463
81	0.9680555771461301
82	0.9838981538483188
83	0.9838981538483188
84	0.9838981538483188
85	0.9838981538483188
86	0.9838981538483188
87	0.9838981538483188
88	0.9524680951766463
89	0.4739218161276063
90	0.002945115272426226
91	0.0025864462836876503
92	0.0020943793974173754
93	0.0034084033755650083
94	0.01170415097775544
95	0.020325206299054217
96	0.016458371314135432
97	0.00018647776819776454
98	8.837588257170862e-05
99	0.0026717952406334006
100	0.04084874312373918
101	0.5665719880005069
102	0.9838981538483188
103	0.01567607357528453
104	0.009950419076984445
105	0.009790198959862089
106	0.013766972933527001
107	0.016458371314135432
108	0.03954385360034535
109	0.3158350635019698
110	0.37150005830873106
111	0.6347520014624387
112	0.34814444420780405
113	0.052963462250909324
114	0.6664286233595221
115	0.9680555771461301
116	0.9680555771461301
117	1.0
118	1.0
119	1.0
120	0.9838981538483188
121	0.6451399456130031
122	0.6556978921951104
123	0.37150005830873106
124	0.3538419528953301
125	0.018142034232021265
126	0.3158350635019698
127	0.03416884515602847
128	0.013992274382953227
129	0.010113261253784643
130	0.005729890533725346
131	0.005369661486237471
132	0.008881624169591422
133	0.9838981538483188
134	0.8501615448993927
135	0.9371316004437403
136	0.758843950874465
137	0.8640747434825012
138	0.16233655139003356
139	0.0011120160060804065
140	6.387584780858405e-05
141	0.00018952954375246506
142	0.017849913987938726
143	0.6556978921951104
144	1.0
145	1.0
146	0.3538419528953301
147	0.013112602486344908
148	0.000650827425746295
149	0.000976589844633953
150	0.0020943793974173754
151	0.0047157206801953155
152	0.020657835589543774
153	0.0069621692536538235
154	0.02168874285044923
155	0.010968329737619124
156	0.007309608887594823
157	0.007550815325235631
158	1.0
159	0.013766972933527001
160	0.01170415097775544
161	0.3837590186752749
162	0.1314523061326923
163	0.1314523061326923
164	0.09049436982916181
165	0.677334966787895
166	0.758843950874465
167	0.5852680376789788
168	0.809751747262771
169	0.5758441417787756
170	0.677334966787895
171	0.17043778391330164
172	0.3837590186752749
173	0.33159647562093936
174	0.8925879504044915
175	0.7712627042813435
176	0.9680555771461301
177	0.6664286233595221
178	0.020325206299054217
179	0.03254473486014822
180	0.32625716018605594
181	0.9680555771461301
182	0.9680555771461301
183	0.9071954723294418
184	0.2037578156903402
185	0.614475215120391
186	0.5396417421912961
187	0.1597226332147545
188	0.154620385880011
189	0.27737129133826594
190	0.19407281858793526
191	0.2865241396118646
192	0.7712627042813435
193	0.21742711012398036
194	0.22827757824649536
195	0.5758441417787756
196	0.7227746524257325
197	0.5309525138815067
198	0.5574491330158785
199	0.8640747434825012
200	1.0
