1	0.37150005830873106
2	0.1252041276287828
3	0.18787327440651988
4	0.5948461590153626
5	0.4230169025093144
6	0.002945115272426226
7	0.004209195456615552
8	0.0015893071365663052
9	0.001186616698822083
10	0.00013698715011009559
11	0.0006300371192533686
12	0.10472979393476875
13	0.7346031188276403
14	0.699686033300596
15	0.2685108255202325
16	0.5224031981891458
17	0.5224031981891458
18	0.9838981538483189
19	0.9680555771461302
20	0.9680555771461302
21	0.9371316004437406
22	0.05044600800408382
23	0.098145599404233
24	0.0290490381852773
25	0.8230036250150272
26	0.49757237909340374
27	0.3425386759286026
28	0.3262571601860559
29	0.9371316004437406
30	0.9680555771461302
31	0.9371316004437406
32	0.9524680951766463
33	0.8501615448993928
34	0.4895605451959158
35	0.5139915422627507
36	0.7227746524257325
37	0.7712627042813326
38	0.9371316004437406
39	0.8925879504044915
40	0.6664286233595222
41	0.6451399456130033
42	0.6144752151203824
43	0.27290510147824404
44	0.48167771661523795
45	0.5224031981891458
46	0.17043778391330164
47	0.154620385880011
48	0.15213071221465752
49	0.21392613224755633
50	0.9371316004437406
51	0.9371316004437406
52	0.08209608258032164
53	0.03646109590141791
54	0.0300076140988875
55	0.06979493239667436
56	0.098145599404233
57	0.23201342268367284
58	1.0
59	0.9524680951766463
60	0.9371316004437406
61	0.16233655139003125
62	0.0300076140988875
63	0.06435386265758127
64	0.0744771944128507
65	0.031505112088108564
66	0.07569604040982107
67	0.8501615448993928
68	0.8640747434825012
69	0.9220420515895035
70	0.21392613224755633
71	0.19724888986614708
72	0.04804821315291557
73	0.08480513362914895
74	0.758843950874465
75	0.8640747434825012
76	0.8925879504044915
77	0.699686033300596
78	0.4739218161276064
79	0.25993340216897615
80	0.210481526578285
81	0.41620554942555466
82	0.45139540946972445
83	0.8364723744993592
84	0.6884197964379
85	0.6347520014624387
86	0.5057153295259778
87	0.699686033300596
88	0.23201342268367284
89	0.3370231708678045
90	0.4029101033605775
91	0.6664286233595222
92	0.699686033300596
93	0.7346031188276403
94	0.8640747434825012
95	0.9680555771461302
96	0.005114431247540004
97	0.002671795240633401
98	0.0034084033755650083
99	0.005823662247270162
100	0.03646109590141791
101	0.19724888986614708
102	0.44412711003286787
103	0.5574491330158785
104	0.746625162324361
105	0.5309525138815068
106	0.4739218161276064
107	0.8230036250150272
108	0.8640747434825012
109	1.0
110	0.8925879504044915
111	0.9838981538483189
112	0.677334966787895
113	0.1380122933233906
114	0.07569604040982107
115	0.3008228213237163
116	0.5574491330158785
117	0.024298717947761457
118	0.002384812237737442
119	0.0017805608241138406
120	0.008459463654885606
121	0.01151569253937574
122	0.9838981538483189
123	0.9524680951766463
124	0.9680555771461302
125	0.10818572446379086
126	0.002759960588740092
127	0.0018393167356805958
128	0.005283200023099393
129	0.006214348384488034
130	0.007309608887594823
131	0.005823662247270162
132	0.02133951404984792
133	0.1818717710859369
134	0.14027091400017713
135	0.31074953590015464
136	0.8364723744993592
137	0.809751747262771
138	0.9524680951766463
139	1.0
140	0.9838981538483189
141	0.9838981538483189
142	0.8925879504044915
143	0.9071954723294419
144	0.9838981538483189
145	0.8640747434825012
146	0.8782156365502338
147	0.9371316004437406
148	1.0
149	0.9371316004437406
150	0.9220420515895035
151	1.0
152	1.0
153	1.0
154	1.0
155	1.0
156	1.0
157	0.010113261253784644
158	0.001538537637351158
159	2.5321823716298e-05
160	2.0839952710505042e-05
161	0.0015137643410159587
162	7.156252532832952e-05
163	1.7432044728210507e-05
164	0.0005809207180139167
165	0.0025447997235481246
166	0.006316048424505909
167	0.03828064801966439
168	0.9838981538483189
169	0.06229811565656762
170	0.018740694914959853
171	0.07569604040982107
172	0.03529636723622752
173	0.10644373457266673
174	0.9838981538483189
175	0.7712627042813326
176	0.9838981538483189
177	1.0
178	0.9838981538483189
179	0.783884695041549
180	0.9524680951766463
181	0.08760357941344458
182	0.01445399904022356
183	0.0744771944128507
184	0.5139915422627507
185	0.5057153295259778
186	0.07569604040982107
187	1.0
188	0.04651334071458662
189	0.01445399904022356
190	0.002671795240633401
191	0.0006000902548658376
192	1.7717326391993504e-05
193	7.392398434323259e-05
194	0.0015137643410159587
195	2.1181006010625973e-05
196	2.4118229201461184e-05
197	0.0014185963995909494
198	0.009950419076984445
199	1.0
200	1.0
