1	0.8640747434825136
2	0.6996860333005861
3	0.5758441417787837
4	0.6245313223904277
5	0.513991542262758
6	0.5758441417787837
7	0.6045810297425014
8	0.5224031981891384
9	0.566571988000515
10	0.6884197964379097
11	0.7227746524257324
12	0.7967132492072908
13	0.746625162324361
14	0.6347520014624477
15	0.7588439508744758
16	0.3370231708678045
17	0.12933568132305998
18	0.3370231708678045
19	0.39003937264673083
20	0.4816777166152449
21	0.8782156365502339
22	0.7111366461700486
23	0.6245313223904277
24	0.5948461590153626
25	0.3262571601860513
26	0.34814444420780405
27	0.22460188780169513
28	0.40291010336057753
29	0.3964225068633076
30	0.6996860333005861
31	0.19724888986614708
32	0.1878732744065199
33	0.6996860333005861
34	0.8501615448994049
35	0.25574799451756824
36	0.09501039487561765
37	0.5396417421912962
38	0.6451399456130124
39	0.8501615448994049
40	0.7967132492072908
41	0.30082282132372057
42	0.3837590186752804
43	0.7588439508744758
44	0.7838846950415491
45	0.2729051014782441
46	0.2959790185358471
47	0.8925879504044913
48	0.5057153295259778
49	0.3964225068633076
50	0.3964225068633076
51	0.32100381758685564
52	0.466290799956401
53	0.18484816784601352
54	0.06979493239667438
55	0.00742923325854893
56	0.07447719441285175
57	0.06979493239667438
58	0.0330773411179359
59	0.2819105719970956
60	0.7838846950415491
61	0.35384195289533016
62	0.7588439508744758
63	0.5574491330158785
64	0.35963270335588476
65	0.2729051014782441
66	0.01967592931444537
67	0.02168874285044923
68	0.9524680951766598
69	0.9524680951766598
70	0.09814559940423159
71	0.05838153282986846
72	0.04651334071458662
73	0.9371316004437271
74	0.9371316004437271
75	0.9371316004437271
76	0.9371316004437271
77	0.01843893512866384
78	0.006739766775034895
79	0.08209608258032049
80	0.9524680951766598
81	0.022771096439116734
82	0.06435386265758125
83	0.03587400494469159
84	0.0512715750169613
85	0.8097517472627709
86	0.2729051014782441
87	0.7967132492072908
88	0.40950387170122843
89	0.10472979393476875
90	0.0593369675525062
91	0.052963462250909324
92	0.054711179297213405
93	0.11733274450692356
94	0.24359180518339563
95	0.9524680951766598
96	0.9680555771461302
97	0.9524680951766598
98	0.2959790185358471
99	0.08760357941344458
100	0.06331764666180247
101	0.03828064801966439
102	0.2004769386898946
103	0.9220420515895167
104	0.9371316004437271
105	0.9838981538483188
106	0.26418730551764474
107	0.0675653735631387
108	0.05383022830539263
109	0.0512715750169613
110	0.2004769386898946
111	0.8782156365502339
112	0.8364723744993591
113	0.9220420515895167
114	0.8782156365502339
115	0.8925879504044913
116	0.9371316004437271
117	0.4369758436353279
118	0.6884197964379097
119	0.3715000583087311
120	0.32100381758685564
121	0.2959790185358471
122	0.19724888986614708
123	0.2004769386898946
124	0.2004769386898946
125	0.21392613224755938
126	0.8097517472627709
127	0.7838846950415491
128	0.7967132492072908
129	0.024696375181437157
130	0.07693483325865721
131	0.06540703669975813
132	0.6773349667878948
133	0.5852680376789788
134	1.0
135	0.9838981538483188
136	1.0
137	1.0
138	1.0
139	0.9220420515895167
140	0.6556978921951104
141	0.007799981223697675
142	0.00230863078718809
143	0.21742711012398036
144	0.02099590847766593
145	0.018142034232021265
146	0.0049510536931115755
147	0.001395754378613417
148	0.027222771645920248
149	0.15972263321475674
150	0.21392613224755938
151	0.566571988000515
152	0.8501615448994049
153	0.9371316004437271
154	0.6884197964379097
155	0.6556978921951104
156	0.8782156365502339
157	0.9371316004437271
158	1.0
159	0.9838981538483188
160	0.9524680951766598
161	0.823003625015039
162	0.7111366461700486
163	0.9220420515895167
164	0.11175569566235917
165	0.0053696614862374335
166	0.006739766775034895
167	0.0047157206801953155
168	0.007799981223697675
169	0.015423659850312866
170	0.14489964968096344
171	0.9524680951766598
172	0.6451399456130124
173	0.45139540946972445
174	0.0028976934794107145
175	0.005546852487609676
176	0.03361866366814549
177	0.19407281858793526
178	1.0
179	1.0
180	0.9680555771461302
181	0.9680555771461302
182	0.15972263321475674
183	0.002060656022576925
184	0.031505112088109015
185	0.0330773411179359
186	0.1212045540327608
187	0.9838981538483188
188	0.14968112689163354
189	0.019359110527732544
190	0.012901465378461631
191	0.0058236622472702445
192	0.0030920881101849833
193	0.0028976934794107145
194	0.0593369675525062
195	0.3964225068633076
196	0.49757237909340374
197	0.5309525138815067
198	0.5396417421912962
199	0.6556978921951104
200	1.0
