1	1.0
2	0.004871332588256381
3	0.0030422997831473426
4	0.0010941104954323008
5	0.0002538483208393753
6	0.000440828172802521
7	0.0017518905076602614
8	1.0
9	1.0
10	1.0
11	1.0
12	1.0
13	0.0016959273764898812
14	0.0005809207180139251
15	0.0001145859667284918
16	0.001589307136566305
17	0.003299523896879449
18	0.005198130749138926
19	1.0
20	1.0
21	1.0
22	0.9838981538483259
23	0.9838981538483259
24	0.9838981538483259
25	0.1425664978143691
26	0.02635315591720863
27	0.03254473486014822
28	0.03587400494469185
29	0.04084874312373918
30	0.0547111792972134
31	0.109956222644229
32	0.8501615448993989
33	0.9524680951766531
34	0.9838981538483259
35	0.9838981538483259
36	0.9524680951766531
37	0.8364723744993591
38	0.8230036250150449
39	0.14027091400017716
40	0.1521307122146586
41	0.31583506350196755
42	0.9220420515895167
43	0.41620554942555466
44	0.11175569566235839
45	0.6773349667878902
46	0.10304345090533458
47	0.9371316004437338
48	0.9524680951766531
49	0.8230036250150449
50	0.8230036250150449
51	0.8925879504044915
52	0.9220420515895167
53	0.9371316004437338
54	0.9524680951766531
55	0.9371316004437338
56	0.8640747434825136
57	0.8501615448993989
58	0.3315964756209417
59	0.9220420515895167
60	0.0330773411179359
61	0.08209608258032106
62	0.6884197964379097
63	0.513991542262758
64	0.2685108255202324
65	0.31583506350196755
66	0.7712627042813435
67	0.458782657233562
68	0.7588439508744704
69	0.9838981538483259
70	0.9838981538483259
71	0.9838981538483259
72	0.9838981538483259
73	0.9371316004437338
74	0.9071954723294354
75	0.1878732744065199
76	0.12725313808047412
77	0.11733274450692358
78	0.09975178733729258
79	0.05933696755250579
80	0.06756537356313871
81	0.21742711012398036
82	0.9524680951766531
83	0.9680555771461371
84	0.9524680951766531
85	0.046513340714586945
86	0.0030422997831473426
87	0.02204368690561934
88	0.02510054021835723
89	0.1357900406092586
90	0.20047693868989175
91	1.0
92	0.9524680951766531
93	0.1081857244637924
94	0.0612950009827268
95	0.06331764666180337
96	0.09348055211451997
97	0.7346031188276455
98	0.6884197964379097
99	0.7346031188276455
100	0.2959790185358493
101	0.1676934209382962
102	0.07569604040982214
103	0.08760357941344458
104	0.1878732744065199
105	0.8640747434825136
106	0.7838846950415547
107	0.8782156365502402
108	0.47392181612760975
109	0.5309525138815105
110	0.9220420515895167
111	0.8364723744993591
112	0.8364723744993591
113	0.7227746524257427
114	0.3370231708678045
115	0.4513954094697245
116	0.22460188780169194
117	0.2209853827589335
118	0.2139261322475609
119	0.23201342268367284
120	0.3370231708678045
121	0.9071954723294354
122	0.8230036250150449
123	0.8097517472627768
124	0.7967132492072908
125	0.8640747434825136
126	0.8501615448993989
127	0.34253867592860987
128	0.3900393726467364
129	0.8097517472627768
130	0.9220420515895167
131	0.9220420515895167
132	0.9524680951766531
133	0.9524680951766531
134	0.7967132492072908
135	0.5665719880005109
136	0.5574491330158786
137	0.13801229332339157
138	0.458782657233562
139	0.28652413961186873
140	0.06030803830703579
141	0.0013511678105428593
142	0.001723681836231313
143	0.008881624169591424
144	0.1972488898661485
145	0.9071954723294354
146	0.9071954723294354
147	0.9371316004437338
148	1.0
149	0.2516299796562454
150	0.057441482370143
151	0.05838153282986846
152	0.06756537356313871
153	0.09197534264619843
154	0.2685108255202324
155	0.8782156365502402
156	0.9071954723294354
157	0.5758441417787837
158	0.5574491330158786
159	0.49757237909340374
160	0.34814444420780405
161	0.2819105719970956
162	0.4895605451959193
163	0.6045810297425014
164	0.7227746524257427
165	0.8925879504044915
166	0.8364723744993591
167	0.8230036250150449
168	0.9371316004437338
169	0.9371316004437338
170	0.8925879504044915
171	0.9071954723294354
172	0.9220420515895167
173	0.8925879504044915
174	0.8925879504044915
175	0.9524680951766531
176	0.9220420515895167
177	0.8925879504044915
178	0.8230036250150449
179	0.6884197964379097
180	0.8364723744993591
181	0.8501615448993989
182	0.9220420515895167
183	0.9524680951766531
184	0.7111366461700437
185	0.5396417421913038
186	0.5665719880005109
187	0.7967132492072908
188	0.10138426111191928
189	0.010968329737619126
190	0.014453999040223662
191	0.03890712455342826
192	0.8501615448993989
193	0.06979493239667436
194	0.014690543918280221
195	0.010446984132459527
196	0.024298717947761457
197	0.10138426111191928
198	0.09197534264619843
199	0.9838981538483259
200	0.9838981538483259
