1	1.0
2	1.0
3	1.0
4	0.9838981538483188
5	1.0
6	0.6664286233595317
7	0.6556978921951104
8	0.614475215120391
9	0.5309525138815143
10	0.8097517472627709
11	0.7466251623243717
12	0.7227746524257325
13	0.7588439508744758
14	0.614475215120391
15	0.44412711003287414
16	0.44412711003287414
17	0.677334966787895
18	0.005114431247540077
19	3.98924677007047e-05
20	2.01742324488663e-05
21	0.00048592413239297353
22	1.952977823676773e-05
23	2.1879948332169623e-05
24	0.0013080055346563406
25	0.0001461770684557354
26	0.000661478449980534
27	0.003757077145472426
28	1.0
29	1.0
30	1.0
31	1.0
32	0.003757077145472426
33	0.0006723037820462359
34	0.0001461770684557354
35	0.0013080055346563406
36	2.4512932672073774e-05
37	1.952977823676773e-05
38	0.00048592413239297353
39	2.01742324488663e-05
40	0.00010913947746386269
41	0.0031941225103010833
42	0.8364723744993591
43	0.6884197964379097
44	0.677334966787895
45	0.6884197964379097
46	0.6045810297425014
47	0.566571988000515
48	0.8925879504045041
49	0.05651656845829486
50	0.01999793295422567
51	0.0036965812672960837
52	0.009324852154700358
53	0.0547111792972134
54	0.016727718463300126
55	0.025928821455018843
56	0.013992274382953427
57	0.08903724340857933
58	0.8782156365502339
59	0.8640747434825136
60	0.9220420515895166
61	0.9371316004437271
62	0.9220420515895166
63	0.08903724340857933
64	0.10472979393477025
65	0.9680555771461301
66	0.05383022830539262
67	0.01727970878760305
68	0.04651334071458728
69	0.30082282132372057
70	0.9680555771461301
71	1.0
72	1.0
73	0.9838981538483188
74	0.31074953590015464
75	0.07093715149650967
76	0.03361866366814549
77	0.061295000982725924
78	1.0
79	0.024696375181437157
80	0.01700147357515921
81	0.37150005830873106
82	0.3900393726467363
83	0.34814444420780405
84	0.3655182215245033
85	0.11733274450692356
86	0.4029101033605832
87	0.3655182215245033
88	0.3775797899972509
89	0.35963270335588476
90	0.4230169025093204
91	0.38375901867528034
92	0.9220420515895166
93	0.8640747434825136
94	0.9680555771461301
95	0.9680555771461301
96	0.9371316004437271
97	0.9680555771461301
98	0.9838981538483188
99	0.8782156365502339
100	0.7346031188276402
101	0.9680555771461301
102	0.9680555771461301
103	0.9838981538483188
104	0.6664286233595317
105	0.5057153295259778
106	0.48956054519591574
107	0.9220420515895166
108	0.6664286233595317
109	0.29597901853585135
110	0.2912132099152615
111	0.30082282132372057
112	0.305745894681384
113	0.677334966787895
114	0.8097517472627709
115	0.7111366461700486
116	0.34814444420780405
117	0.35963270335588476
118	0.35963270335588476
119	0.6996860333005861
120	0.6245313223904277
121	0.783884695041549
122	0.8782156365502339
123	0.8364723744993591
124	0.783884695041549
125	0.7111366461700486
126	0.8097517472627709
127	0.8782156365502339
128	0.783884695041549
129	0.7588439508744758
130	0.6664286233595317
131	0.4975723790934108
132	0.5057153295259778
133	0.12318811002814868
134	0.07327797408660716
135	0.04430247303072529
136	0.0370577948122046
137	0.03828064801966439
138	0.043589121425846165
139	0.010113261253784643
140	0.025100540218357226
141	0.024696375181437157
142	0.466290799956401
143	0.18787327440652257
144	0.21392613224755938
145	0.055606547367958434
146	0.027668282067045125
147	0.029524436113288612
148	0.03049869946550789
149	0.06647744631284419
150	0.9680555771461301
151	0.5948461590153711
152	0.9524680951766598
153	0.1909478879208092
154	0.0547111792972134
155	0.04651334071458728
156	0.043589121425846165
157	0.9838981538483188
158	0.04963373414423628
159	0.04151724745489924
160	0.9371316004437271
161	0.2004769386898946
162	0.03890712455342853
163	0.03890712455342853
164	0.05651656845829486
165	0.1425664978143681
166	0.6245313223904277
167	0.2516299796562454
168	0.48956054519591574
169	0.9524680951766598
170	0.9524680951766598
171	0.9680555771461301
172	0.7466251623243717
173	0.29597901853585135
174	0.21392613224755938
175	0.9371316004437271
176	0.17043778391330164
177	0.04651334071458728
178	0.012090370898187257
179	0.04651334071458728
180	0.21048152657828498
181	0.016727718463300126
182	0.018740694914960117
183	0.9680555771461301
184	0.020995908477665932
185	0.009950419076984445
186	0.04084874312373918
187	0.22827757824649533
188	0.9071954723294418
189	0.6045810297425014
190	0.9071954723294418
191	0.5948461590153711
192	0.6556978921951104
193	0.16233655139003356
194	0.14968112689163354
195	0.17894329980857993
196	0.34814444420780405
197	0.331596475620944
198	0.18187177108593688
199	0.35384195289533515
200	0.6556978921951104
