1	0.8501615448993928
2	0.47392181612761314
3	0.4299397258291107
4	0.8640747434825014
5	0.2729051014782441
6	0.21742711012397725
7	0.210481526578285
8	0.09501039487561765
9	0.08343961441457963
10	0.09501039487561765
11	0.6347520014624387
12	0.8501615448993928
13	0.8640747434825014
14	0.31583506350196977
15	0.1972488898661499
16	0.05651656845829405
17	0.04883453939311236
18	0.19407281858793252
19	0.18787327440651988
20	0.09975178733729187
21	0.004871332588256346
22	0.005918968568537387
23	0.09348055211451997
24	1.0
25	0.01874069491495985
26	0.002234882909108675
27	0.0009004569039077774
28	0.000661478449980534
29	0.006316048424505909
30	0.0002708779863139561
31	2.1527640770318294e-05
32	5.0890734253447406e-05
33	0.00013261117466143403
34	0.005198130749138962
35	1.0
36	0.6884197964379
37	0.9680555771461301
38	0.0330773411179359
39	0.0020274756563298706
40	0.002128654667381582
41	0.9838981538483189
42	1.0
43	0.9220420515895036
44	0.937131600443727
45	1.0
46	1.0
47	1.0
48	0.9524680951766462
49	0.9524680951766462
50	0.9680555771461301
51	0.007550815325235631
52	0.000976589844633953
53	0.008057369233584962
54	0.6773349667878948
55	0.9838981538483189
56	0.005283200023099393
57	0.0002665163506524516
58	7.156252532833052e-05
59	1.259944006950217e-05
60	0.010278768401209682
61	0.49757237909340374
62	0.49757237909340374
63	0.0014418122384338217
64	0.0018393167356805956
65	0.0028976934794106937
66	0.019047393108381605
67	0.9838981538483189
68	0.09348055211451997
69	0.0006198923584892937
70	0.000609910947102305
71	0.11544347070631857
72	0.7227746524257325
73	0.9071954723294419
74	0.7346031188276403
75	0.6996860333005861
76	0.7346031188276403
77	0.836472374499359
78	0.8925879504044915
79	0.8782156365502338
80	0.8640747434825014
81	0.5484731728386688
82	0.3775797899972509
83	0.31583506350196977
84	0.7588439508744759
85	0.7712627042813325
86	0.836472374499359
87	0.9838981538483189
88	0.8640747434825014
89	0.836472374499359
90	0.8501615448993928
91	0.9680555771461301
92	0.9524680951766462
93	0.6245313223904189
94	0.6245313223904189
95	0.5665719880005149
96	0.4095038717012285
97	0.18187177108593688
98	0.1448996496809614
99	0.08903724340857931
100	0.06979493239667438
101	0.05044600800408381
102	0.17043778391330164
103	0.18187177108593688
104	0.06435386265758127
105	0.03254473486014822
106	0.0330773411179359
107	0.16233655139003125
108	0.23966952741252232
109	0.20375781569034018
110	0.16499324727370096
111	0.11733274450692356
112	0.018142034232021008
113	0.062298115656567614
114	0.14027091400017713
115	0.9220420515895036
116	0.9220420515895036
117	0.9220420515895036
118	0.9220420515895036
119	0.9524680951766462
120	0.9220420515895036
121	0.937131600443727
122	0.04727454821686481
123	0.006850065475449526
124	0.12120455403275907
125	0.006850065475449526
126	0.016458371314135432
127	0.03416884515602799
128	0.11925293695084216
129	0.7712627042813325
130	0.836472374499359
131	0.8097517472627709
132	0.8640747434825014
133	0.8640747434825014
134	0.8640747434825014
135	0.4587826572335587
136	0.4369758436353278
137	0.21742711012397725
138	0.3481444442077991
139	0.3775797899972509
140	0.4029101033605775
141	0.746625162324361
142	0.14968112689163143
143	0.31583506350196977
144	0.9071954723294419
145	0.098145599404233
146	0.03890712455342798
147	0.019359110527732544
148	0.022404439747548983
149	0.937131600443727
150	0.937131600443727
151	0.9220420515895036
152	0.9220420515895036
153	0.08619300005539272
154	0.1448996496809614
155	0.15462038588000881
156	0.1117556956623576
157	0.9680555771461301
158	0.01874069491495985
159	0.0023848122377374084
160	0.012090370898187257
161	0.014930959938100428
162	0.9071954723294419
163	0.9524680951766462
164	1.0
165	1.0
166	1.0
167	1.0
168	1.0
169	0.9071954723294419
170	0.8925879504044915
171	0.9524680951766462
172	0.9524680951766462
173	0.9524680951766462
174	0.005823662247270245
175	0.04804821315291624
176	0.04151724745489924
177	0.04651334071458662
178	0.9838981538483189
179	0.9220420515895036
180	0.9524680951766462
181	0.025928821455018475
182	0.009790198959862087
183	0.011330268629776485
184	0.030997821620274816
185	0.8925879504044915
186	0.9220420515895036
187	0.9680555771461301
188	0.9680555771461301
189	0.10138426111191785
190	0.10472979393476875
191	0.10644373457266823
192	0.09656527406216013
193	0.3425386759286075
194	0.24757827243666988
195	0.5665719880005149
196	0.2435918051833956
197	0.2435918051833956
198	0.2641873055176485
199	0.9220420515895036
200	0.937131600443727
