1	0.9680555771461439
2	0.7466251623243504
3	0.9680555771461439
4	0.9838981538483188
5	0.07209806342155671
6	0.07569604040982106
7	0.8782156365502339
8	0.07093715149650967
9	0.062298115656567614
10	0.062298115656567614
11	0.06979493239667436
12	0.0547111792972134
13	0.05383022830539186
14	0.04430247303072529
15	0.6773349667879045
16	0.9071954723294418
17	0.056516568458294045
18	0.04651334071458661
19	0.0023086307871880737
20	0.0005904276939048648
21	0.0013732801563434388
22	0.008459463654885604
23	0.003408403375565008
24	0.004009124378788922
25	0.07447719441285068
26	0.08480513362914895
27	0.09501039487561765
28	0.37150005830873106
29	0.10472979393476875
30	0.19094788792080922
31	0.2912132099152615
32	0.1272531380804732
33	0.2685108255202324
34	0.09501039487561765
35	0.1425664978143681
36	0.03587400494469159
37	0.0023464123579847473
38	0.0013511678105428593
39	0.0018393167356805958
40	0.176061982325188
41	0.8501615448994047
42	0.8640747434825014
43	0.7466251623243504
44	0.6144752151203823
45	0.6556978921951104
46	0.7712627042813435
47	0.8230036250150272
48	0.3008228213237163
49	0.2396695274125223
50	0.17894329980857737
51	0.8925879504044787
52	0.937131600443727
53	0.16233655139003125
54	0.012901465378461815
55	0.16233655139003125
56	0.16499324727370096
57	0.16769342093829614
58	0.17043778391330164
59	1.0
60	0.9838981538483188
61	0.9838981538483188
62	0.37150005830873106
63	0.20709238541955047
64	0.2516299796562454
65	0.21048152657828498
66	0.17322705937262783
67	0.03099782162027481
68	0.5057153295259778
69	0.1272531380804732
70	0.05383022830539186
71	0.06030803830703493
72	0.8230036250150272
73	0.8230036250150272
74	0.8230036250150272
75	0.22460188780169194
76	0.2139261322475563
77	0.21742711012398033
78	0.1521307122146575
79	0.4095038717012285
80	0.46629079995640094
81	0.8097517472627824
82	0.9680555771461439
83	0.2685108255202324
84	0.10472979393476875
85	0.07447719441285068
86	0.03049869946550789
87	0.024696375181437153
88	0.04963373414423629
89	0.24757827243666986
90	0.8925879504044787
91	0.9071954723294418
92	0.9220420515895166
93	0.8501615448994047
94	0.8640747434825014
95	0.8925879504044787
96	0.8640747434825014
97	0.7967132492072907
98	0.7712627042813435
99	0.8230036250150272
100	0.8364723744993591
101	0.8782156365502339
102	0.9838981538483188
103	0.8097517472627824
104	0.16769342093829614
105	0.1496811268916314
106	0.0769348332586572
107	0.0593369675525062
108	0.10818572446379085
109	0.154620385880011
110	0.2396695274125223
111	0.8230036250150272
112	0.8364723744993591
113	0.8925879504044787
114	0.937131600443727
115	0.937131600443727
116	0.8364723744993591
117	0.9220420515895166
118	0.3262571601860559
119	0.31074953590015464
120	0.3596327033558796
121	0.8364723744993591
122	0.25574799451756824
123	0.13579004060925667
124	0.1597226332147545
125	0.8925879504044787
126	0.05838153282986845
127	0.08903724340857931
128	0.08343961441457962
129	0.040191002946470614
130	0.0593369675525062
131	0.154620385880011
132	0.8925879504044787
133	0.25574799451756824
134	0.13145230613269226
135	0.13360357026643588
136	0.8230036250150272
137	0.8501615448994047
138	0.7346031188276402
139	0.7712627042813435
140	0.8501615448994047
141	0.8364723744993591
142	0.9680555771461439
143	0.2037578156903402
144	0.1521307122146575
145	0.1521307122146575
146	0.16499324727370096
147	0.27737129133826594
148	0.1496811268916314
149	0.19724888986614988
150	0.8782156365502339
151	0.43697584363533404
152	0.699686033300596
153	0.4441271100328678
154	0.4299397258291107
155	0.18484816784601352
156	0.003408403375565008
157	0.2396695274125223
158	0.2396695274125223
159	0.2865241396118646
160	0.8364723744993591
161	0.8364723744993591
162	0.7588439508744756
163	0.10304345090533383
164	0.06030803830703493
165	0.06979493239667436
166	0.0290490381852773
167	0.031505112088108564
168	0.07093715149650967
169	0.01422126297140133
170	0.01874069491495985
171	0.07209806342155671
172	0.9680555771461439
173	0.9680555771461439
174	1.0
175	0.9838981538483188
176	0.9524680951766462
177	0.937131600443727
178	0.07327797408660716
179	0.0612950009827268
180	0.937131600443727
181	0.7588439508744756
182	0.02099590847766563
183	0.0008859578853748352
184	0.0044192508682770176
185	0.06867110513305712
186	0.01469054391828022
187	0.008738613623635485
188	0.0016153167178432556
189	0.9220420515895166
190	0.01967592931444509
191	0.13145230613269226
192	0.7967132492072907
193	0.783884695041549
194	0.7346031188276402
195	0.9220420515895166
196	0.9680555771461439
197	0.937131600443727
198	0.9071954723294418
199	0.9071954723294418
200	0.9680555771461439
