1	0.9680555771461369
2	0.952468095176653
3	0.9680555771461369
4	0.823003625015039
5	0.26418730551764663
6	0.18787327440651988
7	0.11925293695084216
8	0.12933568132305998
9	0.9220420515895166
10	0.87821563655024
11	0.9071954723294418
12	0.7346031188276402
13	0.7838846950415546
14	0.9220420515895166
15	0.9220420515895166
16	0.18787327440651988
17	0.07447719441285122
18	0.06331764666180291
19	0.23201342268367284
20	0.14256649781436806
21	0.24359180518339732
22	0.7466251623243612
23	0.3964225068633104
24	0.3715000583087337
25	0.3596327033558822
26	0.3596327033558822
27	0.3538419528953326
28	0.29597901853584924
29	0.7838846950415546
30	0.771262704281338
31	0.34814444420780405
32	0.444127110032871
33	0.444127110032871
34	0.10818572446379238
35	0.12725313808047412
36	0.7838846950415546
37	0.823003625015039
38	0.7466251623243612
39	0.771262704281338
40	0.9071954723294418
41	0.9371316004437403
42	0.34253867592860743
43	0.3008228213237184
44	0.41620554942555466
45	0.6884197964379097
46	0.7346031188276402
47	0.29597901853584924
48	0.10644373457266823
49	0.1972488898661485
50	0.26418730551764663
51	0.272905101478246
52	0.2912132099152594
53	0.952468095176653
54	0.9371316004437403
55	0.9371316004437403
56	0.9220420515895166
57	0.8501615448993988
58	0.8364723744993591
59	0.7346031188276402
60	0.7588439508744703
61	0.8364723744993591
62	0.6664286233595221
63	0.7466251623243612
64	0.7838846950415546
65	0.771262704281338
66	0.7588439508744703
67	0.7466251623243612
68	0.7967132492072964
69	0.771262704281338
70	0.7838846950415546
71	0.8364723744993591
72	0.87821563655024
73	0.6773349667878948
74	0.5057153295259778
75	0.3596327033558822
76	0.444127110032871
77	0.41620554942555466
78	0.5665719880005109
79	0.6245313223904276
80	0.7227746524257376
81	0.5852680376789872
82	0.5948461590153669
83	0.823003625015039
84	0.9680555771461369
85	0.952468095176653
86	0.952468095176653
87	0.9838981538483188
88	0.6245313223904276
89	0.1909478879208092
90	0.22827757824649533
91	0.5852680376789872
92	0.614475215120391
93	0.7838846950415546
94	0.823003625015039
95	0.8364723744993591
96	0.6451399456130078
97	0.5948461590153669
98	0.7227746524257376
99	0.09049436982916116
100	0.10138426111191856
101	0.06229811565656805
102	0.1818717710859382
103	0.14256649781436806
104	0.272905101478246
105	0.9220420515895166
106	0.9838981538483188
107	0.952468095176653
108	0.952468095176653
109	0.9220420515895166
110	0.8925879504044913
111	0.8501615448993988
112	0.9071954723294418
113	0.8640747434825073
114	0.8640747434825073
115	0.699686033300596
116	0.6664286233595221
117	0.7588439508744703
118	0.5665719880005109
119	0.49757237909340724
120	0.48956054519591924
121	0.7838846950415546
122	0.771262704281338
123	0.7838846950415546
124	0.7967132492072964
125	0.8097517472627767
126	0.823003625015039
127	0.5057153295259778
128	0.3964225068633104
129	0.3538419528953326
130	0.2865241396118687
131	0.3715000583087337
132	0.3655182215245059
133	0.8640747434825073
134	0.87821563655024
135	0.7838846950415546
136	0.7227746524257376
137	0.8501615448993988
138	0.87821563655024
139	0.9371316004437403
140	0.9220420515895166
141	0.8640747434825073
142	0.4513954094697276
143	0.41620554942555466
144	0.41620554942555466
145	0.34253867592860743
146	0.3370231708678045
147	0.3900393726467363
148	0.7346031188276402
149	0.7346031188276402
150	0.8097517472627767
151	0.6045810297425056
152	0.699686033300596
153	0.48956054519591924
154	0.699686033300596
155	0.43697584363533093
156	0.12933568132305998
157	0.3315964756209417
158	0.466290799956401
159	0.8364723744993591
160	0.9220420515895166
161	0.48956054519591924
162	0.18787327440651988
163	0.21742711012397878
164	0.23201342268367284
165	0.07693483325865774
166	0.12120455403275991
167	0.42301690250932045
168	0.8925879504044913
169	0.9071954723294418
170	0.9220420515895166
171	0.9371316004437403
172	0.8501615448993988
173	0.7111366461700436
174	0.21392613224755935
175	0.04883453939311235
176	0.12933568132305998
177	0.3370231708678045
178	0.305745894681384
179	0.32625716018605355
180	0.5057153295259778
181	0.5948461590153669
182	0.49757237909340724
183	0.5057153295259778
184	0.21392613224755935
185	0.18787327440651988
186	0.5309525138815105
187	0.614475215120391
188	0.03000761409888792
189	0.01935911052773268
190	0.009026975134420856
191	0.11544347070631938
192	0.01700147357515909
193	0.027222771645920248
194	0.6245313223904276
195	0.31074953590015464
196	0.3900393726467363
197	0.6451399456130078
198	0.7967132492072964
199	0.952468095176653
200	0.9838981538483188
