1	0.34814444420780405
2	0.15972263321475674
3	0.699686033300596
4	0.9071954723294416
5	0.4513954094697244
6	0.4029101033605775
7	0.012901465378461813
8	0.04288725609876025
9	0.03472803056127704
10	0.052963462250909324
11	0.059336967552506205
12	0.10818572446379238
13	0.8501615448994049
14	0.8501615448994049
15	0.9524680951766462
16	0.05211065273008481
17	0.062298115656567614
18	0.09197534264619907
19	0.9524680951766462
20	0.9680555771461439
21	0.9680555771461439
22	0.8925879504044915
23	0.048834539393112344
24	0.12933568132305998
25	0.03766425891466563
26	0.8782156365502464
27	0.8925879504044915
28	0.1357900406092586
29	0.03361866366814549
30	0.011147830387442922
31	0.007076107650393189
32	0.03416884515602847
33	0.03766425891466563
34	0.7967132492072908
35	0.29121320991526145
36	0.35963270335587966
37	0.08077418408895759
38	0.0769348332586583
39	0.8097517472627709
40	0.9838981538483189
41	0.22827757824649858
42	0.022771096439116734
43	0.015423659850313083
44	0.8364723744993591
45	1.0
46	0.9838981538483189
47	0.25993340216897615
48	0.17043778391330405
49	0.15715080394779132
50	0.1314523061326923
51	0.23581040555488308
52	0.25993340216897615
53	0.17322705937262783
54	0.31583506350196977
55	0.6773349667878948
56	0.8640747434825136
57	0.614475215120391
58	0.6045810297425013
59	0.7111366461700385
60	0.3315964756209393
61	0.32100381758685564
62	0.2320134226836728
63	0.21392613224755938
64	0.6451399456130124
65	0.6664286233595221
66	0.9680555771461439
67	0.4975723790934037
68	0.15972263321475674
69	0.04963373414423628
70	0.13801229332339254
71	0.27737129133826594
72	0.27737129133826594
73	0.9071954723294416
74	0.6664286233595221
75	0.6884197964379097
76	0.8364723744993591
77	0.11733274450692356
78	0.3262571601860559
79	0.2685108255202324
80	0.2320134226836728
81	0.28191057199709557
82	1.0
83	0.9524680951766462
84	0.9680555771461439
85	0.9838981538483189
86	0.9838981538483189
87	0.5574491330158785
88	0.466290799956401
89	0.5852680376789872
90	0.5758441417787837
91	0.4162055494255546
92	0.20709238541955044
93	0.09197534264619907
94	0.2396695274125223
95	0.051271575016962036
96	0.005032079462438835
97	0.011515692539375738
98	0.021688742850449225
99	0.9371316004437403
100	0.8097517472627709
101	0.009026975134420918
102	0.012489335512977845
103	0.11358461770179093
104	0.7588439508744756
105	0.3008228213237163
106	0.04019100294647118
107	0.7111366461700385
108	0.11925293695084214
109	0.2641873055176485
110	0.2320134226836728
111	0.17894329980857734
112	0.18187177108593947
113	0.18187177108593947
114	0.18484816784601352
115	0.18484816784601352
116	0.2865241396118687
117	0.4162055494255546
118	0.5852680376789872
119	0.614475215120391
120	0.5758441417787837
121	0.7227746524257427
122	0.9220420515895165
123	0.9680555771461439
124	0.9371316004437403
125	0.9071954723294416
126	0.8501615448994049
127	0.29597901853585135
128	0.07947357060372963
129	0.8501615448994049
130	0.009324852154700358
131	0.010968329737619124
132	0.002384812237737442
133	0.0012869442307717567
134	0.00018347513186353786
135	5.172357937089251e-05
136	0.0018393167356805956
137	1.0
138	0.9071954723294416
139	1.0
140	1.0
141	1.0
142	1.0
143	1.0
144	1.0
145	1.0
146	1.0
147	0.9838981538483189
148	0.9524680951766462
149	0.9838981538483189
150	0.002463507565100727
151	0.00034555845780302985
152	0.0012458335400746532
153	0.018142034232021265
154	0.00026222494537734203
155	0.006631244087325164
156	0.05838153282986845
157	0.8782156365502464
158	0.25162997965624534
159	0.34814444420780405
160	0.7346031188276402
161	0.7227746524257427
162	0.25162997965624534
163	0.19407281858793526
164	0.03416884515602847
165	0.08903724340857931
166	0.14489964968096344
167	0.1252041276287828
168	0.2865241396118687
169	0.7588439508744756
170	0.2865241396118687
171	0.4162055494255546
172	0.4162055494255546
173	0.8782156365502464
174	0.9371316004437403
175	0.9071954723294416
176	0.4162055494255546
177	0.10138426111191927
178	0.06647744631284418
179	0.21048152657828498
180	0.020325206299054217
181	0.01493095993810064
182	0.02635315591720863
183	0.19724888986614988
184	0.19407281858793526
185	0.11733274450692356
186	0.030007614098887924
187	0.03202070454638331
188	0.017849913987938976
189	0.12120455403276079
190	0.14489964968096344
191	0.1909478879208119
192	0.19724888986614988
193	0.31583506350196977
194	0.4513954094697244
195	0.23581040555488308
196	0.9680555771461439
197	0.9680555771461439
198	0.9680555771461439
199	0.9838981538483189
200	1.0
