1	0.9071954723294289
2	0.8501615448993928
3	0.8640747434825012
4	0.9838981538483188
5	0.9680555771461301
6	0.9838981538483188
7	0.9680555771461301
8	0.4975723790934037
9	0.4230169025093144
10	0.3107495359001546
11	0.29121320991525734
12	0.14489964968096344
13	0.06229811565656761
14	0.03361866366814501
15	0.10818572446379239
16	0.9371316004437271
17	0.6556978921951105
18	0.6664286233595221
19	0.16769342093829617
20	0.04358912142584555
21	0.06229811565656761
22	0.0472745482168648
23	0.2396695274125223
24	0.9071954723294289
25	0.9220420515895035
26	0.9220420515895035
27	0.8925879504044913
28	0.23581040555487973
29	0.2685108255202324
30	0.23581040555487973
31	0.26418730551764474
32	0.3775797899972455
33	0.8782156365502338
34	0.12120455403275907
35	0.005546852487609637
36	0.00832325067258878
37	0.00963255868241604
38	0.0046397888713084435
39	0.006739766775034894
40	0.04430247303072466
41	0.1314523061326904
42	0.014453999040223557
43	0.01189569360606788
44	0.012288234154010973
45	0.01170415097775544
46	0.9220420515895035
47	0.5309525138815068
48	0.9838981538483188
49	1.0
50	1.0
51	0.9220420515895035
52	0.4975723790934037
53	0.04288725609875964
54	0.003637059484442844
55	0.004491573493650751
56	0.0023848122377374418
57	0.12120455403275907
58	0.9838981538483188
59	0.04219669209918966
60	0.00076553383254156
61	0.008189230970776996
62	0.008189230970776996
63	0.007927630713798489
64	0.0035208757183271236
65	0.10138426111191784
66	0.24359180518339557
67	0.18484816784601352
68	0.16769342093829617
69	0.24757827243666986
70	0.29121320991525734
71	0.11175569566235759
72	0.06867110513305613
73	0.11175569566235759
74	0.3370231708678044
75	0.2865241396118646
76	0.24757827243666986
77	0.03766425891466509
78	0.27737129133826594
79	0.23201342268367284
80	0.25162997965624534
81	0.25162997965624534
82	0.005729890533725345
83	0.0010941104954322774
84	0.02099590847766563
85	0.18484816784601352
86	0.9838981538483188
87	0.9838981538483188
88	0.9838981538483188
89	0.9838981538483188
90	0.1704377839132992
91	0.0012458335400746532
92	0.01311260248634491
93	0.0050320794624387636
94	0.00038714219438703966
95	0.00011092558415419737
96	0.0013732801563434386
97	0.04804821315291625
98	0.0045650797047264175
99	0.0005715668219861325
100	0.03828064801966439
101	0.22098538275893195
102	0.4587826572335521
103	0.5057153295259705
104	0.4513954094697244
105	0.2959790185358471
106	0.3107495359001546
107	0.4975723790934037
108	0.699686033300586
109	0.6556978921951105
110	0.699686033300586
111	0.9371316004437271
112	0.3655182215245033
113	0.3837590186752749
114	0.5758441417787755
115	0.6045810297424927
116	0.7227746524257325
117	0.6451399456130033
118	0.48956054519591574
119	0.3900393726467308
120	0.8097517472627593
121	0.5139915422627507
122	0.25162997965624534
123	0.2685108255202324
124	0.4975723790934037
125	0.6347520014624386
126	0.8364723744993471
127	0.8782156365502338
128	0.7227746524257325
129	0.7588439508744649
130	0.9680555771461301
131	0.9680555771461301
132	0.9838981538483188
133	0.6884197964379
134	0.06647744631284323
135	0.006739766775034894
136	0.2282775782464921
137	0.15715080394779135
138	0.4095038717012226
139	0.6347520014624386
140	0.4975723790934037
141	0.23581040555487973
142	0.41620554942555466
143	0.25162997965624534
144	0.06647744631284323
145	0.19407281858793524
146	0.013545299253376991
147	0.03529636723622752
148	0.7967132492072907
149	0.9680555771461301
150	0.9680555771461301
151	0.9220420515895035
152	0.9220420515895035
153	0.8782156365502338
154	0.12120455403275907
155	0.09656527406216149
156	0.023522509426831248
157	0.030498699465507893
158	0.6144752151203823
159	0.03954385360034534
160	0.07819389939674361
161	0.20709238541955047
162	0.2865241396118646
163	0.6451399456130033
164	0.5224031981891384
165	0.6045810297424927
166	0.26418730551764474
167	0.0950103948756163
168	0.10472979393476874
169	0.5139915422627507
170	0.9371316004437271
171	0.9071954723294289
172	0.6664286233595221
173	0.06647744631284323
174	0.08480513362914895
175	0.3210038175868511
176	0.6556978921951105
177	0.783884695041549
178	0.7466251623243609
179	0.7466251623243609
180	0.4029101033605775
181	0.14489964968096344
182	0.08903724340857806
183	0.34814444420780405
184	0.25574799451756464
185	0.3370231708678044
186	0.1496811268916314
187	0.3107495359001546
188	0.7111366461700385
189	0.8501615448993928
190	0.7588439508744649
191	0.7967132492072907
192	0.6245313223904276
193	0.6347520014624386
194	0.5758441417787755
195	0.5948461590153626
196	0.27737129133826594
197	0.27290510147824015
198	0.4095038717012226
199	0.4587826572335521
200	0.6556978921951105
