1	0.6451399456130124
2	0.42301690250932644
3	0.3775797899972563
4	0.2912132099152615
5	0.16769342093829856
6	0.2557479945175719
7	0.40950387170123426
8	0.8364723744993591
9	0.7227746524257429
10	0.7466251623243612
11	0.6045810297425099
12	0.7967132492073022
13	0.7712627042813436
14	0.8097517472627825
15	0.12725313808047503
16	0.011704150977755692
17	0.008057369233585078
18	0.0032463954707181468
19	0.00019898781356798585
20	2.883326447678201e-05
21	3.86181258437896e-05
22	2.883326447678201e-05
23	0.00015100069862380506
24	0.04358912142584617
25	1.0
26	1.0
27	1.0
28	1.0
29	1.0
30	0.04576439005840027
31	0.00013922899395054153
32	1.4581423846185484e-05
33	1.259944006950244e-05
34	0.0002123371076951904
35	7.761308196840237e-05
36	0.005457537922228193
37	0.007550815325235739
38	0.004209195456615671
39	0.0876035794134446
40	0.5484731728386767
41	0.40291010336058325
42	0.3715000583087364
43	0.3158350635019743
44	0.7466251623243612
45	0.40291010336058325
46	0.3715000583087364
47	0.47392181612761985
48	0.7466251623243612
49	0.7712627042813436
50	0.6664286233595317
51	0.6045810297425099
52	0.2282775782464986
53	0.32100381758686025
54	0.4299397258291169
55	0.10995622264422977
56	0.17606198232519052
57	0.566571988000523
58	0.8230036250150508
59	0.6773349667879045
60	0.7346031188276507
61	0.7588439508744866
62	0.7712627042813436
63	0.45139540946973095
64	0.35963270335588476
65	0.2912132099152615
66	0.044302473030725924
67	0.046513340714587945
68	0.22460188780169513
69	0.7466251623243612
70	0.5139915422627653
71	0.8640747434825137
72	0.7838846950415602
73	0.6556978921951199
74	0.5484731728386767
75	0.6451399456130124
76	0.7346031188276507
77	0.6144752151203998
78	0.6451399456130124
79	0.6773349667879045
80	0.7712627042813436
81	0.8782156365502465
82	0.8925879504045041
83	0.8230036250150508
84	0.8501615448994171
85	0.9220420515895298
86	0.9524680951766734
87	0.983898153848333
88	0.9524680951766734
89	0.9524680951766734
90	0.8640747434825137
91	0.8640747434825137
92	0.5396417421913039
93	0.5224031981891458
94	0.4975723790934108
95	0.5396417421913039
96	0.6884197964379196
97	0.9220420515895298
98	0.9680555771461439
99	0.8640747434825137
100	0.7346031188276507
101	0.6451399456130124
102	0.48167771661524483
103	0.566571988000523
104	0.6664286233595317
105	0.6347520014624568
106	0.5574491330158786
107	0.3655182215245086
108	0.42301690250932644
109	0.8230036250150508
110	0.6347520014624568
111	0.6245313223904277
112	0.32100381758686025
113	0.2282775782464986
114	0.3315964756209441
115	0.3370231708678093
116	0.3315964756209441
117	0.3158350635019743
118	0.5396417421913039
119	0.8364723744993591
120	0.7227746524257429
121	0.5224031981891458
122	0.40950387170123426
123	0.29597901853585135
124	0.12933568132306184
125	0.08209608258032165
126	0.06540703669975813
127	0.08903724340858059
128	0.1472709844146142
129	0.2475782724366734
130	0.9220420515895298
131	0.8782156365502465
132	0.9680555771461439
133	0.7346031188276507
134	0.7111366461700588
135	0.7111366461700588
136	0.6996860333005961
137	0.6884197964379196
138	0.6884197964379196
139	0.6884197964379196
140	0.9680555771461439
141	0.6245313223904277
142	0.6664286233595317
143	0.0612950009827268
144	0.3107495359001591
145	0.0358740049446921
146	0.03828064801966494
147	0.05044600800408454
148	0.1212045540327608
149	0.28652413961187284
150	0.45878265723356526
151	0.3775797899972563
152	0.48167771661524483
153	0.29597901853585135
154	0.272905101478248
155	0.6773349667879045
156	0.22098538275893512
157	0.08343961441458202
158	0.10644373457266976
159	0.29597901853585135
160	0.8925879504045041
161	0.45139540946973095
162	0.3715000583087364
163	0.3964225068633188
164	0.7967132492073022
165	0.6144752151203998
166	0.030498699465507897
167	0.037664258914665634
168	0.09656527406216288
169	0.8097517472627825
170	0.566571988000523
171	0.9220420515895298
172	0.9220420515895298
173	0.6996860333005961
174	0.8782156365502465
175	0.5574491330158786
176	0.5574491330158786
177	0.6347520014624568
178	0.6144752151203998
179	0.6451399456130124
180	0.12318811002815044
181	0.11358461770179096
182	0.40950387170123426
183	0.6773349667879045
184	0.6556978921951199
185	0.1212045540327608
186	0.09656527406216288
187	0.21742711012398036
188	0.6664286233595317
189	0.22460188780169513
190	0.27737129133826993
191	0.16233655139003358
192	0.22460188780169513
193	0.6996860333005961
194	0.2070923854195534
195	0.2557479945175719
196	0.3481444442078041
197	0.45878265723356526
198	0.7712627042813436
199	0.6144752151203998
200	0.8782156365502465
