1	0.2729051014782402
2	0.12933568132305814
3	0.11544347070631693
4	0.11175569566235759
5	0.1135846177017893
6	1.0
7	0.9838981538483048
8	0.9680555771461301
9	0.9838981538483048
10	0.9838981538483048
11	0.9838981538483048
12	0.07947357060372849
13	0.06867110513305516
14	0.09501039487561629
15	0.9220420515895035
16	0.02678443476505491
17	0.06756537356313774
18	0.16233655139003123
19	0.8925879504044913
20	0.8501615448993928
21	0.8925879504044913
22	0.17322705937262534
23	0.1314523061326904
24	0.11175569566235759
25	0.1472709844146121
26	0.3107495359001502
27	0.0781938993967436
28	0.0781938993967436
29	0.09975178733729187
30	0.22460188780169194
31	0.8640747434825012
32	0.8640747434825012
33	0.8230036250150273
34	0.9220420515895035
35	0.9371316004437271
36	1.0
37	0.35963270335587966
38	0.2396695274125223
39	0.23581040555487973
40	0.22098538275893193
41	0.38375901867527495
42	1.0
43	0.9371316004437271
44	0.9220420515895035
45	0.9371316004437271
46	0.10644373457266673
47	0.010278768401209684
48	0.0033535217887887894
49	0.005283200023099393
50	0.003944570074838652
51	0.0050320794624386924
52	0.01967592931444509
53	0.9680555771461301
54	0.3481444442077991
55	0.10472979393476875
56	0.10138426111191784
57	0.9524680951766462
58	0.9524680951766462
59	1.0
60	1.0
61	1.0
62	0.9680555771461301
63	0.08343961441457963
64	0.12120455403275908
65	0.36551822152449814
66	0.10644373457266673
67	0.0861930000553915
68	0.13360357026643588
69	0.9680555771461301
70	0.9680555771461301
71	0.9680555771461301
72	0.06756537356313774
73	0.0781938993967436
74	0.02133951404984792
75	0.9071954723294289
76	0.9371316004437271
77	0.06540703669975811
78	0.053830228305391865
79	0.053830228305391865
80	0.06331764666180247
81	0.9524680951766462
82	0.9524680951766462
83	0.9371316004437271
84	0.9371316004437271
85	0.9838981538483048
86	0.9838981538483048
87	0.05044600800408381
88	0.052963462250909324
89	0.041517247454898654
90	0.07569604040982107
91	0.9524680951766462
92	0.04651334071458662
93	0.07093715149650966
94	0.09501039487561629
95	0.9680555771461301
96	0.9680555771461301
97	0.11925293695084045
98	0.12318811002814693
99	0.053830228305391865
100	0.8640747434825012
101	0.9220420515895035
102	0.01967592931444509
103	0.018438935128663837
104	0.006316048424505908
105	0.006316048424505908
106	0.0069621692536537255
107	0.006739766775034799
108	0.1314523061326904
109	0.9838981538483048
110	0.2959790185358471
111	0.1272531380804714
112	0.0861930000553915
113	0.05560654736795764
114	0.06331764666180247
115	0.06756537356313774
116	0.13360357026643588
117	0.0364610959014174
118	0.041517247454898654
119	0.028581295041563655
120	0.030007614098887497
121	0.4895605451959088
122	0.5396417421912961
123	0.03049869946550746
124	0.03890712455342798
125	0.08343961441457963
126	0.31583506350196533
127	0.9680555771461301
128	0.024696375181437153
129	0.02277109643911641
130	0.0472745482168648
131	0.04219669209918966
132	0.9680555771461301
133	0.9371316004437271
134	0.9220420515895035
135	0.9680555771461301
136	0.9524680951766462
137	0.9680555771461301
138	0.9524680951766462
139	0.9220420515895035
140	0.9524680951766462
141	0.04502749889045374
142	0.018740694914959853
143	0.018740694914959853
144	0.0320207045463824
145	0.9524680951766462
146	0.9838981538483048
147	1.0
148	0.2641873055176448
149	0.08209608258032047
150	0.029049038185277303
151	0.06867110513305516
152	0.009026975134420663
153	0.009324852154700226
154	0.014453999040223353
155	0.040191002946470614
156	0.05044600800408381
157	0.9838981538483048
158	0.9524680951766462
159	0.9680555771461301
160	0.9680555771461301
161	0.18187177108593688
162	0.02204368690561934
163	0.0011866166988220661
164	0.0021286546673815816
165	0.012288234154010976
166	0.13801229332338863
167	0.21392613224755633
168	0.9071954723294289
169	0.019997932954225386
170	0.08760357941344458
171	0.0861930000553915
172	0.1472709844146121
173	0.9071954723294289
174	0.8925879504044913
175	0.7967132492072907
176	0.8640747434825012
177	0.15972263321475447
178	0.10304345090533236
179	0.0053696614862373945
180	0.8925879504044913
181	0.03254473486014776
182	0.11925293695084045
183	0.0364610959014174
184	0.8782156365502214
185	0.8925879504044913
186	0.8925879504044913
187	0.019997932954225386
188	0.023522509426831248
189	0.025928821455018472
190	0.052963462250909324
191	0.2516299796562454
192	0.9838981538483048
193	1.0
194	0.9524680951766462
195	0.9371316004437271
196	0.9371316004437271
197	0.9371316004437271
198	1.0
199	1.0
200	1.0
