1	0.823003625015039
2	0.7588439508744865
3	0.8097517472627824
4	0.8640747434825137
5	0.8782156365502464
6	0.9838981538483328
7	0.9838981538483328
8	0.7967132492073021
9	0.6664286233595221
10	0.21048152657828798
11	0.23201342268367284
12	0.6884197964379097
13	0.7111366461700486
14	0.1789432998085799
15	0.1909478879208119
16	0.30574589468138835
17	0.30574589468138835
18	0.9680555771461439
19	0.2865241396118687
20	0.154620385880011
21	0.03361866366814549
22	0.035874004944692096
23	0.746625162324361
24	0.05044600800408453
25	0.03646109590141792
26	0.04727454821686548
27	0.30082282132372057
28	0.9838981538483328
29	0.9680555771461439
30	0.9838981538483328
31	0.9524680951766598
32	0.9524680951766598
33	0.9220420515895166
34	0.4441271100328678
35	0.12725313808047503
36	0.1030434509053353
37	0.18484816784601615
38	0.9680555771461439
39	0.2912132099152615
40	0.25993340216897615
41	0.14968112689163354
42	0.10472979393477025
43	0.031505112088109015
44	0.2037578156903431
45	0.17322705937262783
46	0.2396695274125257
47	0.7838846950415602
48	0.3655182215245085
49	0.3775797899972563
50	0.3315964756209393
51	0.33702317086780925
52	0.18187177108593947
53	0.24757827243667338
54	0.2729051014782479
55	0.21392613224755938
56	0.20047693868989458
57	0.07947357060373075
58	0.20709238541955044
59	0.9680555771461439
60	0.9680555771461439
61	0.7346031188276507
62	0.6664286233595221
63	0.6664286233595221
64	0.5574491330158785
65	0.6347520014624477
66	0.5852680376789872
67	0.6245313223904276
68	0.37150005830873106
69	0.45878265723355866
70	0.8097517472627824
71	0.8364723744993591
72	0.4029101033605832
73	0.08480513362915014
74	0.0043480927706904616
75	0.002851035264810493
76	0.0027155201279555727
77	0.0033535217887888376
78	0.002060656022576939
79	0.505715329525985
80	0.505715329525985
81	0.0006198923584893025
82	0.00027981656498743195
83	1.5814272050877107e-05
84	0.00013698715011009754
85	0.04151724745489983
86	0.9838981538483328
87	0.0017236818362313376
88	1.4581423846185483e-05
89	0.00033451979230623877
90	0.06030803830703579
91	0.34814444420780405
92	1.0
93	1.0
94	1.0
95	0.34814444420780405
96	0.059336967552507044
97	0.03890712455342798
98	0.0018694178137101955
99	0.0035784961121798835
100	0.9680555771461439
101	0.019359110527732818
102	0.00013922899395054053
103	1.5062589576904408e-05
104	0.00027981656498743195
105	0.0006198923584893025
106	0.006524468815236811
107	0.0016686198147892288
108	0.002851035264810493
109	0.0032463954707181468
110	0.002094379397417405
111	0.0016153167178432786
112	0.09814559940423298
113	0.21742711012398036
114	0.5309525138815143
115	0.6045810297425099
116	0.45139540946973084
117	0.6451399456130124
118	0.5484731728386766
119	0.5224031981891457
120	0.505715329525985
121	0.4975723790934037
122	0.48167771661524483
123	0.09975178733729329
124	0.11925293695084384
125	0.25993340216897615
126	0.31583506350197427
127	0.010617952774480095
128	0.035874004944692096
129	0.042196692099190254
130	0.07947357060373075
131	1.0
132	0.020325206299054217
133	0.008459463654885604
134	0.15972263321475674
135	0.1336035702664378
136	0.17043778391330405
137	0.2209853827589351
138	1.0
139	0.9220420515895166
140	0.012489335512977847
141	0.011704150977755607
142	0.009324852154700492
143	0.012901465378461817
144	0.06540703669975813
145	0.20709238541955044
146	0.9371316004437404
147	0.9524680951766598
148	0.9524680951766598
149	0.9220420515895166
150	0.18484816784601615
151	0.05651656845829486
152	0.513991542262758
153	0.505715329525985
154	0.02390746372968385
155	0.032544734860148215
156	0.03472803056127704
157	0.9371316004437404
158	0.20047693868989458
159	0.16769342093829856
160	0.14256649781437009
161	0.1336035702664378
162	0.9680555771461439
163	0.011147830387442922
164	0.03954385360034591
165	0.9680555771461439
166	0.05044600800408453
167	0.01493095993810064
168	0.013327194928720823
169	0.025100540218357226
170	1.0
171	0.7712627042813435
172	0.5948461590153626
173	0.5948461590153626
174	0.9680555771461439
175	0.29597901853585135
176	0.2729051014782479
177	0.5224031981891457
178	0.7111366461700486
179	0.39642250686331315
180	0.21742711012398036
181	0.1909478879208119
182	0.19407281858793526
183	0.31583506350197427
184	0.3655182215245085
185	0.7838846950415602
186	0.9371316004437404
187	0.8640747434825137
188	0.7712627042813435
189	0.8501615448994049
190	0.9071954723294547
191	0.2282775782464986
192	0.10472979393477025
193	0.14256649781437009
194	0.34814444420780405
195	0.164993247273701
196	0.6884197964379097
197	0.09049436982916181
198	0.25162997965624895
199	0.2729051014782479
200	0.30574589468138835
