1	0.8501615448994048
2	0.585268037678987
3	0.5396417421913038
4	0.566571988000515
5	0.6045810297425014
6	0.7346031188276402
7	0.7346031188276402
8	0.614475215120391
9	0.585268037678987
10	0.09049436982916181
11	0.059336967552506205
12	0.10138426111191928
13	0.11358461770178932
14	0.9838981538483329
15	0.9524680951766599
16	0.9371316004437404
17	0.24757827243667338
18	0.11925293695084216
19	0.059336967552506205
20	0.15972263321475677
21	0.7227746524257325
22	0.7111366461700486
23	0.6556978921951198
24	0.513991542262758
25	0.5309525138815143
26	0.513991542262758
27	0.6347520014624478
28	0.7838846950415601
29	0.7712627042813435
30	0.42301690250932045
31	0.6773349667878948
32	0.7466251623243717
33	0.23581040555488308
34	0.30082282132372057
35	0.2819105719970956
36	0.23201342268367614
37	0.8640747434825136
38	0.8782156365502464
39	0.7967132492073021
40	0.7466251623243717
41	0.6347520014624478
42	0.585268037678987
43	0.6884197964379097
44	0.4299397258291168
45	0.3837590186752804
46	0.3900393726467363
47	0.32100381758685564
48	0.28652413961186873
49	0.2209853827589351
50	0.25993340216897615
51	0.3964225068633132
52	0.41620554942556054
53	0.823003625015039
54	0.8364723744993591
55	0.6045810297425014
56	0.513991542262758
57	0.6245313223904277
58	0.10472979393477024
59	0.19407281858793804
60	0.11925293695084216
61	0.47392181612761314
62	0.14489964968096344
63	0.12520412762878458
64	0.5948461590153712
65	0.7967132492073021
66	0.3775797899972509
67	0.42301690250932045
68	0.3596327033558848
69	0.22460188780169513
70	0.16233655139003356
71	0.6664286233595316
72	0.5224031981891458
73	0.49757237909341073
74	0.059336967552506205
75	0.40291010336058325
76	0.3715000583087364
77	0.06435386265758125
78	0.06540703669975906
79	0.49757237909341073
80	0.48956054519591574
81	0.07093715149650967
82	0.48167771661524483
83	0.45139540946972445
84	0.3900393726467363
85	0.25993340216897615
86	0.1030434509053353
87	0.34814444420780405
88	0.2139261322475594
89	0.3425386759286075
90	0.47392181612761314
91	0.7111366461700486
92	0.809751747262771
93	0.9371316004437404
94	0.9371316004437404
95	0.40291010336058325
96	0.29597901853585135
97	0.2773712913382699
98	0.2037578156903402
99	0.9220420515895167
100	0.809751747262771
101	0.809751747262771
102	0.028121083425988992
103	0.004715720680195316
104	0.05744148237014341
105	0.8782156365502464
106	0.10818572446379238
107	0.00902697513442092
108	0.005823662247270245
109	0.013766972933527001
110	0.12520412762878458
111	0.03890712455342854
112	0.8925879504045041
113	0.8640747434825136
114	0.8925879504045041
115	0.8925879504045041
116	0.6347520014624478
117	0.0069621692536538235
118	0.004009124378788921
119	0.004951053693111611
120	0.003194122510301129
121	0.0007532073245460797
122	0.008057369233585077
123	0.015932618141390686
124	0.6556978921951198
125	0.40950387170122843
126	0.3775797899972509
127	1.0
128	0.9524680951766599
129	0.6451399456130124
130	0.9524680951766599
131	0.00873861362363561
132	0.02551131956105572
133	0.026353155917209006
134	0.026353155917209006
135	0.004715720680195316
136	0.9220420515895167
137	0.9071954723294418
138	0.9220420515895167
139	0.9220420515895167
140	0.6045810297425014
141	0.11175569566235918
142	0.16769342093829856
143	0.49757237909341073
144	1.0
145	0.9371316004437404
146	0.9371316004437404
147	0.6045810297425014
148	0.06647744631284418
149	0.10472979393477024
150	0.49757237909341073
151	0.8501615448994048
152	0.013766972933527001
153	0.0003999173224417106
154	0.01967592931444537
155	0.025928821455018843
156	0.022771096439116734
157	0.07093715149650967
158	0.005729890533725346
159	0.001994829555235368
160	0.004009124378788921
161	0.003142691241050594
162	0.003194122510301129
163	0.002759960588740131
164	0.0021286546673816424
165	0.0043480927706904
166	1.0
167	0.6347520014624478
168	1.0
169	0.010617952774480095
170	0.0009301706690873714
171	0.0021634908644312515
172	0.6884197964379097
173	0.9371316004437404
174	1.0
175	1.0
176	1.0
177	0.9371316004437404
178	0.021339514049847918
179	0.0017236818362313376
180	0.00414141963895089
181	0.5574491330158864
182	0.11733274450692356
183	0.1272531380804732
184	0.12520412762878458
185	0.12120455403276079
186	0.1272531380804732
187	0.21048152657828498
188	0.9838981538483329
189	0.06030803830703579
190	0.045764390058400266
191	0.025928821455018843
192	0.823003625015039
193	0.8364723744993591
194	0.8640747434825136
195	0.3370231708678044
196	0.23201342268367614
197	0.24359180518339563
198	0.29597901853585135
199	0.9680555771461301
200	1.0
