1	1.0
2	0.9838981538483188
3	1.0
4	0.44412711003286787
5	0.40950387170122843
6	0.4029101033605775
7	0.24757827243666986
8	0.46629079995639433
9	0.0028976934794106937
10	0.0022714575694317367
11	0.46629079995639433
12	0.05383022830539186
13	0.009790198959862087
14	0.00755081532523563
15	0.08480513362914895
16	0.5309525138815068
17	0.5665719880005149
18	0.6144752151203823
19	0.5665719880005149
20	0.4369758436353278
21	0.4029101033605775
22	0.3655182215245033
23	0.6556978921951104
24	0.7346031188276402
25	0.5396417421912961
26	0.2396695274125223
27	0.020995908477665633
28	0.02858129504156366
29	0.030997821620274812
30	0.4162055494255487
31	0.07209806342155671
32	0.06756537356313774
33	0.0593369675525062
34	0.9371316004437271
35	0.5224031981891384
36	0.48167771661523795
37	0.45878265723355866
38	0.45878265723355866
39	0.5309525138815068
40	0.6773349667878948
41	0.44412711003286787
42	0.10138426111191784
43	0.025511319561055356
44	0.007076107650393089
45	0.011515692539375738
46	0.010113261253784643
47	0.052963462250909324
48	0.46629079995639433
49	0.31583506350196977
50	0.3655182215245033
51	0.17322705937262536
52	0.3370231708678044
53	0.6451399456130033
54	0.9838981538483188
55	0.9680555771461301
56	0.9680555771461301
57	0.7712627042813326
58	0.5309525138815068
59	0.9071954723294418
60	0.45139540946972445
61	0.034168845156027985
62	0.11175569566235759
63	0.11733274450692356
64	0.37757978999725084
65	0.20709238541954753
66	0.23581040555488308
67	0.22460188780169194
68	0.40950387170122843
69	0.4029101033605775
70	0.9680555771461301
71	0.2516299796562454
72	0.5224031981891384
73	0.5309525138815068
74	0.09049436982916052
75	0.37150005830872573
76	0.35384195289533515
77	0.5139915422627507
78	0.5057153295259778
79	0.9220420515895035
80	0.46629079995639433
81	0.052963462250909324
82	0.06030803830703493
83	0.08343961441457963
84	0.0769348332586572
85	0.03529636723622752
86	0.06030803830703493
87	0.8501615448993927
88	0.14027091400017713
89	0.040848743123738596
90	0.15715080394779135
91	0.2685108255202324
92	0.27290510147824404
93	0.4299397258291107
94	0.9524680951766463
95	0.9680555771461301
96	0.8364723744993472
97	0.8640747434825014
98	0.8782156365502338
99	0.8925879504044913
100	0.8782156365502338
101	0.9371316004437271
102	0.5948461590153626
103	0.09348055211451997
104	0.1099562226442282
105	0.10472979393476874
106	0.2641873055176485
107	0.4739218161276131
108	0.7346031188276402
109	0.746625162324361
110	0.699686033300586
111	0.7712627042813326
112	0.7588439508744758
113	0.7967132492072908
114	0.7588439508744758
115	0.4299397258291107
116	0.37150005830872573
117	0.34253867592860743
118	0.42301690250932045
119	0.5396417421912961
120	0.29121320991525734
121	0.5224031981891384
122	0.5309525138815068
123	0.6347520014624477
124	0.7967132492072908
125	0.7967132492072908
126	0.7588439508744758
127	0.746625162324361
128	0.3900393726467308
129	0.05471117929721262
130	0.0512715750169613
131	0.04019100294647118
132	0.9838981538483188
133	0.8501615448993927
134	1.0
135	0.024696375181437153
136	0.016727718463300126
137	0.007309608887594822
138	0.017001473575158972
139	0.02722277164591986
140	0.005198130749138962
141	0.04576439005839962
142	0.6347520014624477
143	0.5484731728386688
144	0.7588439508744758
145	0.6556978921951104
146	0.6556978921951104
147	0.7227746524257324
148	0.34253867592860743
149	0.2641873055176485
150	0.2396695274125223
151	0.3210038175868511
152	0.5396417421912961
153	0.5309525138815068
154	0.6347520014624477
155	0.7111366461700385
156	0.7346031188276402
157	0.7111366461700385
158	0.6773349667878948
159	0.3655182215245033
160	0.3008228213237163
161	0.5057153295259778
162	0.8230036250150273
163	0.8925879504044913
164	0.3837590186752749
165	0.35963270335587966
166	0.7838846950415491
167	0.5224031981891384
168	0.09975178733729187
169	0.17606198232518802
170	0.48167771661523795
171	0.4975723790934037
172	0.5665719880005149
173	0.7712627042813326
174	0.4162055494255487
175	0.45139540946972445
176	0.12318811002814868
177	0.21392613224755633
178	0.3370231708678044
179	0.699686033300586
180	0.6347520014624477
181	0.6664286233595221
182	0.9071954723294418
183	0.5396417421912961
184	0.35963270335587966
185	0.35963270335587966
186	0.5139915422627507
187	0.5309525138815068
188	0.5309525138815068
189	0.5309525138815068
190	0.8230036250150273
191	0.3900393726467308
192	0.35963270335587966
193	0.5948461590153626
194	0.9220420515895035
195	0.9220420515895035
196	0.9071954723294418
197	0.8501615448993927
198	0.8925879504044913
199	0.8925879504044913
200	0.8640747434825014
