1	0.9524680951766462
2	0.9680555771461301
3	1.0
4	0.4441271100328678
5	0.07947357060372963
6	0.008597905811488843
7	0.010113261253784499
8	0.01027876840120968
9	0.006739766775034894
10	0.0006000902548658376
11	0.004491573493650751
12	0.1649932472736986
13	0.937131600443727
14	0.49757237909340374
15	0.09197534264619776
16	0.03361866366814501
17	0.02812108342598859
18	0.1521307122146575
19	0.06867110513305613
20	0.21048152657828498
21	0.3370231708678044
22	0.8501615448993928
23	0.937131600443727
24	0.9220420515895035
25	0.9524680951766462
26	0.9838981538483048
27	0.8782156365502339
28	0.8501615448993928
29	0.8364723744993591
30	0.26418730551764474
31	0.277371291338262
32	0.45139540946972445
33	0.9838981538483048
34	0.7111366461700385
35	0.1940728185879325
36	0.029524436113288612
37	0.019047393108381605
38	0.10138426111191784
39	0.5852680376789788
40	0.8640747434825012
41	0.9838981538483048
42	0.1649932472736986
43	0.006524468815236717
44	0.005283200023099393
45	0.0044192508682770176
46	0.0012869442307717567
47	0.0013511678105428593
48	0.0050320794624387636
49	0.0781938993967436
50	0.09814559940423298
51	0.15462038588000881
52	0.1909478879208065
53	0.1649932472736986
54	0.9524680951766462
55	0.9220420515895035
56	0.9680555771461301
57	0.9838981538483048
58	0.9524680951766462
59	0.1252041276287828
60	0.09814559940423298
61	0.08480513362914895
62	0.06867110513305613
63	0.06435386265758034
64	0.08760357941344458
65	0.937131600443727
66	0.6451399456130033
67	0.9524680951766462
68	1.0
69	1.0
70	1.0
71	0.9680555771461301
72	0.9680555771461301
73	0.7346031188276299
74	0.9680555771461301
75	0.1448996496809614
76	0.03646109590141739
77	0.03587400494469108
78	0.03361866366814501
79	0.047274548216864797
80	0.11544347070631693
81	0.9838981538483048
82	1.0
83	1.0
84	0.9838981538483048
85	0.27290510147824404
86	0.1940728185879325
87	0.2516299796562454
88	0.6045810297425013
89	0.08343961441457963
90	0.032544734860148215
91	0.06229811565656761
92	0.16233655139003123
93	0.07327797408660716
94	0.041517247454898654
95	0.06030803830703493
96	0.9838981538483048
97	0.937131600443727
98	0.9680555771461301
99	0.37150005830873106
100	0.17894329980857737
101	0.4441271100328678
102	0.8782156365502339
103	0.007076107650393087
104	0.0010591597671173317
105	4.6167843698248316e-05
106	0.000976589844633953
107	0.0011302145468318695
108	4.256869332099702e-05
109	0.0013511678105428593
110	0.0029933131400917893
111	0.013327194928720634
112	0.034728030561276546
113	0.03890712455342798
114	1.0
115	1.0
116	1.0
117	1.0
118	0.059336967552506205
119	0.00028905010372683285
120	9.87650823657612e-06
121	6.284732873436203e-05
122	0.0015637163575655452
123	0.000650827425746295
124	0.002234882909108675
125	1.0
126	1.0
127	0.9838981538483048
128	1.0
129	1.0
130	0.013545299253376799
131	0.001167509979296634
132	0.018438935128663837
133	0.00742923325854893
134	0.9838981538483048
135	0.1314523061326923
136	0.052963462250909324
137	0.49757237909340374
138	0.6045810297425013
139	0.6996860333005861
140	1.0
141	1.0
142	0.9838981538483048
143	0.18187177108593688
144	0.07947357060372963
145	0.5309525138815067
146	0.548473172838661
147	0.6045810297425013
148	1.0
149	0.02429871794776111
150	0.007799981223697563
151	0.01874069491495985
152	0.031505112088108564
153	0.0015637163575655452
154	0.0006723037820462358
155	0.0015637163575655452
156	6.284732873436203e-05
157	1.5814272050876884e-05
158	0.00027981656498742794
159	0.06331764666180247
160	1.0
161	1.0
162	1.0
163	1.0
164	0.03766425891466509
165	0.03099782162027437
166	0.013766972933527001
167	0.0028051283336034964
168	0.0011866166988220661
169	3.989246770070469e-05
170	0.0011302145468318695
171	0.000976589844633953
172	3.560753598154938e-05
173	0.0009151932040789071
174	0.06331764666180247
175	0.6556978921951104
176	0.1496811268916314
177	0.4162055494255487
178	0.5574491330158785
179	0.9838981538483048
180	0.07947357060372963
181	0.06540703669975811
182	0.10304345090533236
183	0.18484816784601088
184	0.9071954723294418
185	0.015423659850313085
186	0.047274548216864797
187	0.17043778391330164
188	0.9838981538483048
189	0.9524680951766462
190	0.9680555771461301
191	0.9838981538483048
192	0.9838981538483048
193	0.9838981538483048
194	0.9838981538483048
195	0.9680555771461301
196	0.9680555771461301
197	0.9220420515895035
198	0.9838981538483048
199	1.0
200	1.0
