1	1.0
2	1.0
3	0.9838981538483329
4	0.9838981538483329
5	0.9838981538483329
6	0.968055577146144
7	0.9838981538483329
8	0.8097517472627827
9	0.3900393726467364
10	0.25162997965624895
11	0.7227746524257428
12	0.15972263321475905
13	0.4513954094697309
14	0.39642250686331326
15	0.7346031188276508
16	0.5396417421913039
17	0.13801229332339257
18	0.25162997965624895
19	0.23966952741252573
20	0.2599334021689762
21	0.8230036250150508
22	0.8364723744993591
23	0.9220420515895167
24	0.9220420515895167
25	0.27737129133826993
26	0.2912132099152615
27	0.9371316004437406
28	0.29597901853585135
29	0.31074953590015464
30	0.3210038175868557
31	0.31074953590015464
32	0.9524680951766598
33	0.6664286233595222
34	0.6245313223904277
35	0.6245313223904277
36	0.6347520014624568
37	0.6556978921951199
38	0.968055577146144
39	0.7838846950415602
40	0.7588439508744866
41	0.850161544899417
42	0.850161544899417
43	0.40291010336058325
44	0.22098538275893512
45	0.03416884515602848
46	0.04651334071458728
47	0.0007410792960859247
48	0.0020274756563298706
49	0.2819105719970996
50	0.9371316004437406
51	1.0
52	1.0
53	0.7346031188276508
54	0.011704150977755776
55	0.007927630713798602
56	0.007309608887594927
57	0.01133026862977681
58	0.034728030561277046
59	0.06756537356313871
60	0.11925293695084387
61	0.6556978921951199
62	0.7346031188276508
63	0.4587826572335652
64	0.2819105719970996
65	0.27737129133826993
66	0.27737129133826993
67	0.27737129133826993
68	0.3008228213237206
69	0.3655182215245085
70	0.20375781569034315
71	0.48167771661524483
72	0.7838846950415602
73	0.19407281858793526
74	0.037664258914665634
75	0.1013842611119193
76	0.11544347070632022
77	0.6556978921951199
78	0.6773349667879046
79	0.6556978921951199
80	0.47392181612761314
81	0.6773349667879046
82	0.6664286233595222
83	0.7111366461700487
84	0.43697584363533415
85	0.505715329525985
86	0.43697584363533415
87	0.04151724745489924
88	0.3315964756209441
89	0.43697584363533415
90	0.3057458946813884
91	0.29597901853585135
92	0.22827757824649864
93	0.07093715149651068
94	0.3837590186752859
95	0.2557479945175719
96	0.15715080394779135
97	0.566571988000523
98	0.42301690250932644
99	0.07209806342155878
100	0.16769342093829856
101	0.4299397258291168
102	0.26851082552023625
103	0.3715000583087364
104	0.43697584363533415
105	0.6884197964379196
106	0.43697584363533415
107	0.7466251623243612
108	0.7712627042813435
109	0.7588439508744866
110	0.3900393726467364
111	0.40291010336058325
112	0.505715329525985
113	0.4895605451959228
114	0.46629079995640105
115	0.5139915422627653
116	0.5758441417787838
117	0.6144752151203998
118	0.7967132492073022
119	0.42301690250932644
120	0.3425386759286123
121	0.3008228213237206
122	0.5139915422627653
123	0.566571988000523
124	0.6664286233595222
125	0.6884197964379196
126	0.3210038175868557
127	0.22827757824649864
128	0.052110652730085555
129	0.0034641831191915295
130	0.0021634908644312827
131	0.0034641831191915295
132	0.016193361151328214
133	0.47392181612761314
134	0.43697584363533415
135	1.0
136	1.0
137	1.0
138	1.0
139	0.7838846950415602
140	0.21048152657828503
141	0.23201342268367284
142	0.5139915422627653
143	0.3210038175868557
144	0.22827757824649864
145	0.0013294115143324039
146	0.0008438466194897109
147	0.0027155201279555345
148	0.006739766775034991
149	0.32625716018605594
150	0.9524680951766598
151	0.9838981538483329
152	0.8230036250150508
153	0.7838846950415602
154	0.7712627042813435
155	0.7466251623243612
156	0.5484731728386767
157	0.34814444420780405
158	0.6556978921951199
159	0.7466251623243612
160	0.7111366461700487
161	0.7588439508744866
162	0.7712627042813435
163	0.7227746524257428
164	0.7227746524257428
165	0.6884197964379196
166	0.6996860333005961
167	0.5309525138815143
168	0.04219669209919026
169	0.047274548216865483
170	0.098145599404233
171	0.272905101478248
172	0.40291010336058325
173	0.8782156365502465
174	0.9220420515895167
175	0.009950419076984587
176	0.005637628717885407
177	0.013327194928720823
178	0.013766972933527001
179	0.968055577146144
180	0.14968112689163354
181	0.14968112689163354
182	0.18484816784601618
183	0.31074953590015464
184	0.31074953590015464
185	0.4095038717012343
186	0.40291010336058325
187	0.44412711003287414
188	0.4587826572335652
189	0.9071954723294547
190	0.5852680376789872
191	0.40291010336058325
192	0.6664286233595222
193	0.6773349667879046
194	0.60458102974251
195	0.7588439508744866
196	0.6664286233595222
197	0.6773349667879046
198	0.9220420515895167
199	0.9220420515895167
200	0.968055577146144
