1	1.0
2	0.8925879504044913
3	0.783884695041549
4	0.5309525138815068
5	0.1732270593726278
6	0.21742711012397722
7	0.6347520014624387
8	0.45139540946972445
9	0.45878265723355866
10	0.45878265723355866
11	0.28191057199709163
12	0.10644373457266823
13	0.1272531380804732
14	0.6245313223904188
15	0.6884197964379097
16	0.9071954723294418
17	0.6045810297425014
18	0.26851082552023625
19	0.6245313223904188
20	0.11175569566235759
21	0.052963462250909324
22	0.5057153295259778
23	0.6884197964379097
24	0.96805557714613
25	0.96805557714613
26	0.8782156365502338
27	0.9071954723294418
28	0.28191057199709163
29	0.09656527406216149
30	0.48956054519591574
31	0.45878265723355866
32	0.40950387170122843
33	0.8230036250150389
34	0.6045810297425014
35	0.8097517472627709
36	0.6773349667878948
37	0.7712627042813435
38	0.6884197964379097
39	0.783884695041549
40	0.9838981538483188
41	0.04804821315291624
42	0.03361866366814549
43	0.10995622264422822
44	0.8364723744993472
45	0.9220420515895166
46	0.96805557714613
47	0.8925879504044913
48	0.9838981538483188
49	0.8925879504044913
50	0.9838981538483188
51	0.9838981538483188
52	0.9071954723294418
53	0.3158350635019653
54	0.11175569566235759
55	0.2320134226836728
56	0.13579004060925667
57	0.25574799451756824
58	0.2037578156903402
59	0.34814444420780405
60	0.25993340216897615
61	0.11925293695084214
62	0.10818572446379238
63	0.10644373457266823
64	0.20709238541955047
65	0.17043778391330164
66	0.9220420515895166
67	0.8364723744993472
68	0.8230036250150389
69	0.9524680951766462
70	0.10995622264422822
71	0.044302473030725285
72	0.04084874312373918
73	0.7111366461700385
74	0.746625162324361
75	0.9524680951766462
76	0.9838981538483188
77	0.9838981538483188
78	0.9838981538483188
79	0.9838981538483188
80	0.8230036250150389
81	0.08619300005539272
82	0.02168874285044923
83	0.019359110527732544
84	0.6664286233595221
85	0.6664286233595221
86	0.5396417421912961
87	0.7967132492072908
88	0.06979493239667436
89	0.018142034232021265
90	0.01619336115132798
91	0.7967132492072908
92	0.746625162324361
93	0.6664286233595221
94	0.614475215120391
95	0.7227746524257324
96	0.6884197964379097
97	0.6773349667878948
98	0.3315964756209393
99	0.305745894681384
100	0.8230036250150389
101	0.24757827243666983
102	0.14968112689163351
103	0.08760357941344458
104	0.8097517472627709
105	0.8501615448993927
106	0.8640747434825014
107	0.8640747434825014
108	0.8782156365502338
109	0.0058236622472702445
110	0.0031426912410505935
111	0.003944570074838708
112	0.004278080449843505
113	0.003944570074838708
114	0.017562497419084444
115	0.28191057199709163
116	0.14256649781436806
117	0.27737129133826594
118	0.05211065273008481
119	0.6664286233595221
120	0.48956054519591574
121	1.0
122	1.0
123	0.9838981538483188
124	0.9838981538483188
125	0.8640747434825014
126	0.6245313223904188
127	0.008057369233584962
128	0.00719191068985781
129	0.23581040555487973
130	0.2004769386898946
131	0.6451399456130124
132	0.3655182215245033
133	0.0027155201279554955
134	0.0038185630603913396
135	0.002805128333603497
136	0.0016417519552458459
137	0.006419412822152334
138	0.8640747434825014
139	0.8501615448993927
140	0.9220420515895166
141	0.9220420515895166
142	0.9838981538483188
143	0.21742711012397722
144	0.2396695274125257
145	0.305745894681384
146	0.8782156365502338
147	0.24757827243666983
148	0.4299397258291168
149	0.9071954723294418
150	0.6245313223904188
151	0.4441271100328678
152	0.4369758436353278
153	0.4230169025093144
154	0.5224031981891384
155	0.48167771661524483
156	0.6664286233595221
157	0.5852680376789788
158	0.5852680376789788
159	0.47392181612760637
160	0.4230169025093144
161	0.6045810297425014
162	0.614475215120391
163	0.699686033300586
164	0.5948461590153626
165	0.7111366461700385
166	0.020325206299054217
167	0.008597905811488721
168	0.012901465378461631
169	0.02635315591720863
170	0.34253867592860743
171	0.2641873055176448
172	0.29121320991525734
173	0.8097517472627709
174	0.7712627042813435
175	0.5309525138815068
176	0.48956054519591574
177	0.9371316004437271
178	0.513991542262758
179	0.5309525138815068
180	0.27290510147824404
181	0.5224031981891384
182	0.23581040555487973
183	0.513991542262758
184	0.017562497419084444
185	0.018438935128663576
186	0.3262571601860513
187	0.4369758436353278
188	0.0472745482168648
189	0.3315964756209393
190	0.48167771661524483
191	0.6045810297425014
192	0.8782156365502338
193	0.8782156365502338
194	0.7227746524257324
195	0.7346031188276403
196	0.1380122933233906
197	0.04358912142584555
198	0.027668282067044733
199	0.22460188780169513
200	0.6347520014624387
