1	1.0
2	0.9371316004437271
3	0.8782156365502339
4	0.8640747434825137
5	0.6144752151203912
6	0.585268037678979
7	0.8782156365502339
8	1.0
9	1.0
10	0.9838981538483189
11	0.37150005830873106
12	0.21742711012398033
13	0.07819389939674472
14	0.14489964968096347
15	0.28652413961186873
16	0.12933568132305998
17	0.12933568132305998
18	0.14027091400017916
19	0.8364723744993592
20	0.7838846950415491
21	0.6664286233595316
22	0.6664286233595316
23	0.7111366461700487
24	0.5396417421913039
25	0.4230169025093204
26	0.3596327033558848
27	0.15972263321475677
28	0.16499324727369863
29	0.7466251623243717
30	0.7111366461700487
31	0.6996860333005861
32	0.2516299796562454
33	0.47392181612761314
34	0.2819105719970956
35	0.10818572446379239
36	0.1425664978143681
37	0.6664286233595316
38	0.677334966787895
39	0.7838846950415491
40	0.8501615448994049
41	0.9524680951766599
42	0.8925879504045042
43	0.05933696755250621
44	0.05838153282986929
45	0.06435386265758127
46	0.23581040555488308
47	0.29597901853585135
48	0.210481526578285
49	0.3596327033558848
50	0.4816777166152449
51	0.9220420515895166
52	0.9371316004437271
53	0.9838981538483189
54	0.9838981538483189
55	0.7111366461700487
56	0.7466251623243717
57	0.9524680951766599
58	0.3596327033558848
59	0.18787327440652257
60	0.09049436982916183
61	0.03890712455342853
62	0.04151724745489924
63	0.049633734144236295
64	0.023907463729683512
65	0.06979493239667536
66	0.1472709844146142
67	0.15213071221465752
68	0.9371316004437271
69	0.02678443476505529
70	0.01151569253937574
71	0.024696375181437153
72	0.02133951404984792
73	0.2396695274125257
74	0.4441271100328742
75	0.2396695274125257
76	0.04019100294647119
77	0.0965652740621615
78	0.04883453939311236
79	0.09049436982916183
80	0.16233655139003356
81	0.2912132099152615
82	0.4230169025093204
83	0.4299397258291169
84	0.7967132492073021
85	0.8782156365502339
86	0.9071954723294418
87	0.8925879504045042
88	0.9371316004437271
89	0.9220420515895166
90	0.7838846950415491
91	0.7838846950415491
92	0.7712627042813436
93	0.7967132492073021
94	0.9371316004437271
95	0.43697584363532793
96	0.11175569566235917
97	0.14027091400017916
98	0.4587826572335587
99	0.3775797899972509
100	0.2685108255202363
101	0.05651656845829486
102	0.04019100294647119
103	0.18484816784601354
104	0.10818572446379239
105	0.1380122933233906
106	0.6451399456130125
107	0.9838981538483189
108	0.9838981538483189
109	0.9220420515895166
110	0.3964225068633132
111	0.210481526578285
112	0.25574799451756824
113	0.7967132492073021
114	0.4816777166152449
115	0.16499324727369863
116	0.12520412762878458
117	0.1231881100281487
118	0.05838153282986929
119	0.04358912142584617
120	0.11358461770178932
121	0.9220420515895166
122	0.22827757824649536
123	0.1972488898661499
124	0.9680555771461302
125	0.2729051014782441
126	0.23581040555488308
127	0.017001473575159215
128	0.013992274382953428
129	0.03416884515602848
130	0.7346031188276403
131	0.7466251623243717
132	0.7466251623243717
133	0.7588439508744758
134	0.8097517472627709
135	1.0
136	0.27737129133826594
137	0.2599334021689762
138	0.23581040555488308
139	0.23581040555488308
140	0.06540703669975906
141	0.7466251623243717
142	0.020995908477665932
143	0.03254473486014822
144	0.7466251623243717
145	0.04288725609875964
146	0.007191910689857811
147	0.017001473575159215
148	0.3837590186752804
149	0.3900393726467364
150	0.37150005830873106
151	0.4587826572335587
152	0.17894329980857993
153	0.6245313223904277
154	0.2516299796562454
155	0.15972263321475677
156	0.15213071221465752
157	0.07693483325865721
158	0.012693727967806583
159	0.14968112689163354
160	0.15715080394779135
161	0.7227746524257326
162	0.823003625015039
163	0.9838981538483189
164	0.16499324727369863
165	0.12725313808047323
166	0.011147830387442766
167	0.0010088158858740138
168	0.0007907953330514216
169	0.022771096439116737
170	0.07093715149650967
171	0.27737129133826594
172	0.5309525138815143
173	0.2641873055176486
174	0.10995622264422823
175	0.04883453939311236
176	0.009950419076984445
177	0.023907463729683512
178	0.04019100294647119
179	0.10304345090533384
180	0.9524680951766599
181	0.9071954723294418
182	0.8782156365502339
183	0.9220420515895166
184	0.9071954723294418
185	0.9071954723294418
186	0.8782156365502339
187	0.9071954723294418
188	0.9838981538483189
189	0.08480513362914895
190	0.012489335512977671
191	0.004871332588256416
192	0.10472979393477025
193	0.10472979393477025
194	0.06435386265758127
195	0.17043778391330164
196	0.5224031981891458
197	0.8925879504045042
198	0.8782156365502339
199	0.9838981538483189
200	0.9838981538483189
