1	0.9838981538483188
2	0.9838981538483188
3	0.9838981538483188
4	1.0
5	0.023907463729683845
6	0.010968329737619124
7	0.000351213645895612
8	0.00032913340607583367
9	0.019675929314445367
10	0.08619300005539272
11	0.9371316004437404
12	0.9680555771461438
13	0.9838981538483188
14	0.0062143483844881225
15	0.012489335512977668
16	0.002463507565100727
17	0.011147830387442922
18	0.11925293695084214
19	0.9838981538483188
20	0.20375781569034307
21	0.0686711051330571
22	0.062298115656567614
23	0.16499324727370096
24	0.9838981538483188
25	0.9838981538483188
26	0.9680555771461438
27	0.9524680951766461
28	0.4739218161276131
29	0.6347520014624477
30	0.14027091400017713
31	0.14968112689163351
32	0.28191057199709557
33	0.9371316004437404
34	0.9524680951766461
35	0.9071954723294545
36	0.9071954723294545
37	0.8925879504044913
38	0.8640747434825136
39	0.8925879504044913
40	0.8501615448994048
41	0.8925879504044913
42	0.6245313223904276
43	0.050446008004084525
44	0.07447719441285175
45	0.2246018878016951
46	0.41620554942555466
47	0.4230169025093204
48	0.5396417421913038
49	0.9220420515895165
50	0.8640747434825136
51	0.8230036250150389
52	0.7111366461700385
53	0.7466251623243609
54	0.348144444207804
55	0.08480513362915014
56	0.10995622264422976
57	0.8782156365502463
58	0.7346031188276402
59	0.11733274450692355
60	0.12120455403276079
61	0.15213071221465965
62	0.1732270593726278
63	0.7346031188276402
64	0.25162997965624895
65	0.3538419528953351
66	0.8230036250150389
67	0.9220420515895165
68	0.8782156365502463
69	0.8925879504044913
70	0.9220420515895165
71	0.8782156365502463
72	0.8097517472627824
73	0.3900393726467363
74	0.4587826572335586
75	0.9071954723294545
76	0.15715080394779135
77	0.09197534264619905
78	0.08903724340857931
79	0.07209806342155774
80	0.7111366461700385
81	0.7346031188276402
82	0.18787327440651985
83	0.1732270593726278
84	0.25162997965624895
85	0.4975723790934037
86	0.5574491330158785
87	0.8925879504044913
88	0.23581040555488308
89	0.03766425891466563
90	0.057441482370143404
91	0.01814203423202126
92	0.006962169253653923
93	0.03416884515602847
94	0.021688742850449225
95	0.04019100294647118
96	0.02592882145501884
97	0.8782156365502463
98	0.9838981538483188
99	0.9524680951766461
100	0.8782156365502463
101	0.4975723790934037
102	0.03646109590141791
103	0.002027475656329856
104	0.0031941225103010833
105	0.008881624169591422
106	0.050446008004084525
107	0.34253867592860743
108	1.0
109	0.9524680951766461
110	0.9524680951766461
111	0.32100381758685564
112	0.04651334071458661
113	0.0063160484245059975
114	0.00014150752636944632
115	0.00495105369311161
116	0.2557479945175682
117	0.6664286233595221
118	0.4975723790934037
119	0.9524680951766461
120	0.9071954723294545
121	0.9220420515895165
122	0.04883453939311235
123	0.0032463954707181004
124	0.04727454821686547
125	0.04084874312373918
126	0.04727454821686547
127	0.05127157501696203
128	0.0686711051330571
129	0.1336035702664378
130	0.3262571601860559
131	0.6664286233595221
132	0.25162997965624895
133	0.1909478879208092
134	0.32100381758685564
135	0.7466251623243609
136	0.7712627042813434
137	0.7967132492072907
138	0.6773349667879045
139	0.6347520014624477
140	0.08480513362915014
141	0.21392613224755938
142	0.19407281858793524
143	0.7346031188276402
144	0.8782156365502463
145	0.8364723744993591
146	0.6664286233595221
147	0.5948461590153625
148	0.614475215120391
149	0.614475215120391
150	0.7111366461700385
151	0.7466251623243609
152	0.6773349667879045
153	0.6996860333005959
154	0.39642250686330754
155	0.4029101033605832
156	0.4230169025093204
157	0.31074953590015464
158	0.29121320991526145
159	0.2959790185358513
160	0.9220420515895165
161	0.9838981538483188
162	0.9838981538483188
163	0.9680555771461438
164	0.6045810297425099
165	0.6045810297425099
166	0.6045810297425099
167	0.7227746524257427
168	0.7588439508744756
169	0.25993340216897615
170	0.1789432998085799
171	0.36551822152450847
172	0.7466251623243609
173	0.7712627042813434
174	0.9524680951766461
175	0.9680555771461438
176	0.1336035702664378
177	0.024298717947761457
178	0.04727454821686547
179	0.20047693868989458
180	0.09975178733729329
181	0.03150511208810901
182	0.0061142859028680595
183	0.0045650797047264175
184	0.02352250942683158
185	0.9680555771461438
186	0.062298115656567614
187	0.012693727967806582
188	0.0026717952406334
189	0.003464183119191529
190	0.0027155201279555337
191	0.012288234154010974
192	0.9524680951766461
193	1.0
194	1.0
195	1.0
196	1.0
197	0.9838981538483188
198	1.0
199	0.9838981538483188
200	0.9838981538483188
