1	1.0
2	0.9680555771461438
3	0.0934805521145213
4	0.08480513362915015
5	0.8782156365502464
6	0.00873861362363561
7	0.007429233258549035
8	0.1732270593726278
9	0.513991542262758
10	0.5948461590153625
11	0.9071954723294546
12	0.9071954723294546
13	0.331596475620944
14	0.03254473486014822
15	0.04651334071458727
16	0.16233655139003353
17	0.16233655139003353
18	0.16233655139003353
19	0.15213071221465965
20	0.20047693868989458
21	0.24757827243667338
22	0.18187177108593944
23	0.010113261253784787
24	0.015932618141390912
25	0.6451399456130122
26	0.5396417421913038
27	0.5396417421913038
28	0.5574491330158785
29	0.585268037678987
30	0.6045810297425099
31	0.9524680951766598
32	0.9838981538483328
33	0.40950387170123426
34	0.2557479945175719
35	0.24359180518339907
36	0.7838846950415601
37	0.9838981538483328
38	0.8230036250150389
39	0.9680555771461438
40	0.836472374499359
41	0.8230036250150389
42	0.29597901853585135
43	0.45878265723356515
44	0.4895605451959227
45	0.9838981538483328
46	0.9680555771461438
47	0.025100540218357226
48	0.08077418408895759
49	0.41620554942555466
50	0.6451399456130122
51	0.8230036250150389
52	0.9524680951766598
53	0.012090370898187429
54	0.004951053693111611
55	0.05651656845829485
56	0.08760357941344458
57	0.9220420515895166
58	0.08903724340858057
59	0.0012257733200817667
60	0.005198130749139036
61	0.0224044397475493
62	0.05471117929721339
63	0.005369661486237471
64	0.013766972933527
65	0.027668282067045517
66	0.1154434707063202
67	0.15972263321475902
68	0.20047693868989458
69	0.9071954723294546
70	0.9220420515895166
71	0.019359110527732818
72	0.027668282067045517
73	0.035296367236228025
74	0.9680555771461438
75	0.9838981538483328
76	0.614475215120391
77	0.5948461590153625
78	0.9680555771461438
79	0.9838981538483328
80	0.9838981538483328
81	0.5574491330158785
82	0.585268037678987
83	0.9680555771461438
84	0.9524680951766598
85	0.01096832973761928
86	0.007191910689857911
87	0.015932618141390912
88	0.9680555771461438
89	1.0
90	0.24757827243667338
91	0.18787327440652254
92	0.13801229332339254
93	0.6664286233595221
94	0.7346031188276506
95	0.6556978921951198
96	0.6347520014624568
97	0.9524680951766598
98	0.008459463654885606
99	0.0063160484245059975
100	0.013327194928720821
101	0.9838981538483328
102	0.08480513362915015
103	0.03361866366814548
104	0.015423659850313083
105	0.01517531045230748
106	0.021688742850449534
107	0.016458371314135665
108	0.013112602486345094
109	0.005823662247270327
110	0.008189230970777112
111	0.021688742850449534
112	0.9838981538483328
113	0.22460188780169513
114	0.6245313223904277
115	0.9680555771461438
116	0.9838981538483328
117	0.9838981538483328
118	0.9838981538483328
119	0.6451399456130122
120	0.22460188780169513
121	0.9838981538483328
122	0.008323250672589018
123	0.0003934779152423619
124	0.00010063118771018777
125	0.005032079462438835
126	0.0224044397475493
127	0.0224044397475493
128	0.02812108342598899
129	0.010791719379643227
130	0.020325206299054217
131	0.044302473030725924
132	0.9680555771461438
133	0.9680555771461438
134	0.02277109643911673
135	0.015423659850313083
136	0.024298717947761457
137	0.8501615448994049
138	0.48167771661524483
139	0.46629079995640094
140	0.40950387170123426
141	0.7111366461700486
142	0.6347520014624568
143	0.7712627042813435
144	0.7967132492072908
145	0.8782156365502464
146	0.8925879504044913
147	0.7712627042813435
148	0.8501615448994049
149	0.8640747434825136
150	0.9524680951766598
151	0.8640747434825136
152	0.41620554942555466
153	0.27737129133826594
154	0.14027091400017913
155	0.06979493239667436
156	0.026353155917209006
157	0.02952443611328903
158	0.08619300005539395
159	0.9838981538483328
160	0.03828064801966493
161	0.007309608887594926
162	0.011515692539375736
163	0.016727718463300362
164	0.6347520014624568
165	0.9838981538483328
166	0.9838981538483328
167	0.9838981538483328
168	0.3900393726467363
169	0.3008228213237205
170	0.25162997965624895
171	0.9680555771461438
172	0.9680555771461438
173	0.746625162324361
174	0.9524680951766598
175	0.9838981538483328
176	0.9838981538483328
177	0.9371316004437404
178	0.746625162324361
179	0.9371316004437404
180	1.0
181	0.3425386759286123
182	0.3008228213237205
183	0.010113261253784787
184	0.008323250672589018
185	0.003757077145472479
186	0.008881624169591424
187	0.04288725609876024
188	0.08760357941344458
189	0.02678443476505567
190	0.013545299253376991
191	0.02952443611328903
192	0.09814559940423297
193	0.0014654080128054766
194	0.004009124378788921
195	0.08077418408895759
196	0.12318811002815042
197	0.12318811002815042
198	0.9680555771461438
199	0.13801229332339254
200	0.15972263321475902
