1	0.9680555771461302
2	0.9680555771461302
3	0.9371316004437406
4	0.9220420515895167
5	0.9524680951766599
6	0.9524680951766599
7	1.0
8	0.9838981538483189
9	0.9838981538483189
10	1.0
11	1.0
12	0.9838981538483189
13	1.0
14	0.03529636723622752
15	0.013992274382953427
16	0.010278768401209682
17	0.00932485215470036
18	1.0
19	0.006015834611932686
20	0.008597905811488846
21	1.0
22	1.0
23	0.9838981538483189
24	0.9838981538483189
25	0.006739766775034895
26	0.01493095993810043
27	0.014221262971401536
28	0.014453999040223766
29	0.016458371314135432
30	0.02904903818527772
31	0.9524680951766599
32	0.9680555771461302
33	0.7346031188276403
34	0.6664286233595317
35	0.5948461590153712
36	0.513991542262758
37	0.5057153295259778
38	0.6451399456130124
39	0.823003625015039
40	0.8501615448994049
41	0.9838981538483189
42	0.9680555771461302
43	0.823003625015039
44	0.6996860333005861
45	0.6884197964379097
46	0.3775797899972509
47	0.10818572446379239
48	0.05044600800408454
49	0.31074953590015464
50	0.809751747262771
51	0.10138426111191785
52	0.0005715668219861407
53	4.3265345253975914e-05
54	0.0008576564720537133
55	0.0009925720876842986
56	0.10304345090533384
57	1.0
58	0.06435386265758127
59	0.0006099109471023051
60	0.003299523896879449
61	0.02510054021835723
62	0.12725313808047323
63	0.3210038175868557
64	0.8364723744993591
65	0.8501615448994049
66	0.8782156365502339
67	0.9838981538483189
68	0.9524680951766599
69	0.9220420515895167
70	0.907195472329442
71	0.8782156365502339
72	0.907195472329442
73	0.9524680951766599
74	0.9524680951766599
75	0.9838981538483189
76	0.3837590186752804
77	0.28652413961186873
78	0.2599334021689762
79	0.03529636723622752
80	0.02766828206704513
81	0.04358912142584617
82	0.001042105339497173
83	0.0014185963995909695
84	0.7346031188276403
85	0.7466251623243612
86	0.48167771661524494
87	0.48167771661524494
88	0.4895605451959158
89	0.2729051014782441
90	0.2773712913382699
91	0.5484731728386688
92	0.6045810297425014
93	0.5948461590153712
94	0.14027091400017713
95	0.19094788792080922
96	0.7967132492073021
97	0.809751747262771
98	1.0
99	0.7838846950415491
100	0.3596327033558848
101	0.3210038175868557
102	0.6884197964379097
103	0.809751747262771
104	0.7712627042813436
105	0.5309525138815143
106	0.06030803830703579
107	0.2819105719970956
108	0.466290799956401
109	0.210481526578285
110	0.0005443991622033086
111	0.00023029004732391277
112	0.0002193439227127469
113	0.001441812238433822
114	0.000816890426252923
115	0.28652413961186873
116	0.1380122933233906
117	0.6664286233595317
118	0.10995622264422979
119	0.09049436982916181
120	0.907195472329442
121	0.9371316004437406
122	1.0
123	0.8364723744993591
124	0.21742711012398036
125	0.210481526578285
126	0.4895605451959158
127	0.00335352178878879
128	0.004951053693111612
129	0.003092088110184961
130	0.022771096439116737
131	1.0
132	1.0
133	1.0
134	1.0
135	1.0
136	0.809751747262771
137	1.0
138	0.0934805521145213
139	0.02904903818527772
140	0.004419250868277081
141	0.00024976089423136064
142	0.010278768401209682
143	0.48167771661524494
144	0.513991542262758
145	0.0018097003405784802
146	0.0008438466194897108
147	0.029524436113288616
148	0.9524680951766599
149	0.08209608258032164
150	0.12318811002815043
151	0.9680555771461302
152	0.9371316004437406
153	1.0
154	1.0
155	0.9838981538483189
156	0.9838981538483189
157	0.907195472329442
158	0.05383022830539263
159	0.06030803830703579
160	0.04502749889045438
161	0.019997932954225667
162	0.03529636723622752
163	0.008057369233584962
164	0.0002937805123388755
165	9.430466599340139e-05
166	0.004074735137074952
167	0.025928821455018843
168	0.0934805521145213
169	0.9838981538483189
170	0.8364723744993591
171	1.0
172	1.0
173	1.0
174	1.0
175	1.0
176	0.029524436113288616
177	0.010113261253784644
178	0.011147830387442766
179	0.014690543918280433
180	0.37150005830873634
181	0.2475782724366734
182	0.07093715149650967
183	0.024298717947761804
184	0.003696581267296084
185	0.001225773320081767
186	0.06435386265758127
187	1.0
188	0.10304345090533384
189	0.0011675099792966342
190	0.0008859578853748351
191	8.41752085326315e-05
192	0.0006723037820462359
193	0.19094788792080922
194	0.9838981538483189
195	0.4895605451959158
196	0.5057153295259778
197	0.5057153295259778
198	0.6245313223904277
199	1.0
200	0.9838981538483189
