1	0.9524680951766462
2	0.6347520014624477
3	0.5948461590153626
4	0.8925879504044913
5	0.5396417421912961
6	0.41620554942555466
7	0.44412711003286787
8	0.45139540946972445
9	0.18787327440651988
10	0.38375901867528034
11	0.3210038175868511
12	0.4895605451959227
13	0.07447719441285175
14	0.47392181612761314
15	0.5484731728386766
16	0.5309525138815143
17	0.8782156365502464
18	0.8925879504044913
19	0.9838981538483188
20	0.9838981538483188
21	0.8925879504044913
22	0.35963270335587966
23	0.154620385880011
24	0.14489964968096344
25	0.11358461770179094
26	0.5396417421912961
27	0.05744148237014341
28	0.6451399456130124
29	0.16233655139003356
30	0.31074953590015464
31	0.3210038175868511
32	0.7967132492072908
33	0.11925293695084214
34	0.1252041276287828
35	0.08480513362915015
36	0.11733274450692355
37	0.9838981538483188
38	0.18484816784601615
39	0.16499324727370096
40	0.7346031188276507
41	0.34814444420780405
42	0.746625162324361
43	0.746625162324361
44	0.0013732801563434388
45	0.0004267461712446214
46	0.002271457569431769
47	0.010617952774480095
48	0.002198897168339217
49	0.029049038185277303
50	0.005546852487609636
51	0.007799981223697673
52	0.06030803830703578
53	1.0
54	0.029049038185277303
55	0.00611428590286806
56	0.01999793295422595
57	1.0
58	1.0
59	0.0016686198147892286
60	0.00030347484098480504
61	8.695286770701993e-05
62	0.007191910689857911
63	0.9838981538483188
64	0.9371316004437403
65	0.9838981538483188
66	0.0028976934794106937
67	0.004009124378788922
68	1.0
69	0.0058236622472702445
70	0.0017805608241138404
71	5.0071299479953025e-05
72	7.636336806318987e-05
73	0.01619336115132821
74	0.9838981538483188
75	1.0
76	1.0
77	1.0
78	1.0
79	1.0
80	1.0
81	0.9838981538483188
82	0.9838981538483188
83	0.9838981538483188
84	0.008189230970776996
85	0.00032913340607583605
86	0.0002417824266136699
87	0.001308005534656359
88	0.004491573493650815
89	0.025928821455018843
90	1.0
91	1.0
92	1.0
93	1.0
94	1.0
95	1.0
96	0.02635315591720863
97	0.0047928951403666395
98	0.001308005534656359
99	0.0002417824266136699
100	0.0003238337506078195
101	0.005114431247540004
102	0.01619336115132821
103	0.0015637163575655676
104	0.000493876455090783
105	0.0010088158858740138
106	0.0067397667750349905
107	1.0
108	0.020325206299054217
109	0.019047393108381876
110	0.9838981538483188
111	0.9071954723294418
112	1.0
113	1.0
114	0.9838981538483188
115	0.0036370594844428957
116	0.0007655338325415708
117	0.0008859578853748351
118	0.002271457569431769
119	1.0
120	1.0
121	0.017279708787603047
122	0.0025038237499127474
123	0.02390746372968385
124	1.0
125	0.9838981538483188
126	1.0
127	0.05744148237014341
128	0.01189569360606805
129	0.012901465378461815
130	0.02858129504156406
131	0.6045810297425013
132	0.9838981538483188
133	1.0
134	0.3775797899972509
135	0.01645837131413543
136	0.0058236622472702445
137	0.0015137643410159801
138	0.0020606560225769105
139	0.9838981538483188
140	0.9680555771461439
141	0.6884197964379097
142	0.9371316004437403
143	0.9838981538483188
144	0.39642250686331315
145	0.18484816784601615
146	0.03646109590141791
147	0.010278768401209682
148	0.00873861362363561
149	0.014453999040223764
150	0.746625162324361
151	0.44412711003286787
152	0.34814444420780405
153	0.35384195289533515
154	0.9071954723294418
155	0.4895605451959227
156	0.030498699465507893
157	0.005918968568537471
158	0.006214348384488035
159	0.00902697513442092
160	0.5396417421912961
161	0.7712627042813435
162	0.5224031981891458
163	0.7712627042813435
164	0.9220420515895166
165	0.8925879504044913
166	0.8640747434825136
167	0.8925879504044913
168	0.058381532829868445
169	0.07093715149650967
170	0.47392181612761314
171	0.18484816784601615
172	0.9838981538483188
173	0.7588439508744758
174	0.4975723790934037
175	0.5224031981891458
176	0.5309525138815143
177	0.566571988000515
178	0.8097517472627709
179	0.6347520014624477
180	0.6773349667878948
181	0.9838981538483188
182	0.01999793295422595
183	0.004009124378788922
184	0.004871332588256415
185	0.052110652730084805
186	0.9680555771461439
187	0.746625162324361
188	0.836472374499359
189	0.7588439508744758
190	0.5948461590153626
191	0.6451399456130124
192	0.7967132492072908
193	0.8782156365502464
194	0.9371316004437403
195	0.24359180518339904
196	0.013766972933527003
197	0.004141419638950831
198	0.004141419638950831
199	0.5484731728386766
200	1.0
