1	1.0
2	0.9838981538483189
3	0.9838981538483189
4	1.0
5	0.9838981538483189
6	0.5948461590153626
7	0.6045810297425014
8	0.968055577146144
9	0.9838981538483189
10	1.0
11	1.0
12	0.6245313223904189
13	0.566571988000523
14	0.09501039487561766
15	0.5057153295259778
16	0.9220420515895167
17	0.11544347070631858
18	0.0032995238968794023
19	0.003092088110184961
20	0.0031426912410506386
21	0.011515692539375738
22	0.9838981538483189
23	0.07209806342155774
24	0.04084874312373918
25	0.13801229332339257
26	1.0
27	1.0
28	1.0
29	1.0
30	0.1425664978143681
31	1.0
32	0.01619336115132798
33	0.06756537356313871
34	1.0
35	0.009950419076984445
36	0.00021581208061492
37	0.00021581208061492
38	0.0034084033755650083
39	0.11175569566235918
40	0.9838981538483189
41	0.823003625015039
42	0.3655182215245033
43	0.07447719441285175
44	0.01999793295422595
45	0.17606198232518552
46	0.18787327440651988
47	0.164993247273701
48	0.14027091400017916
49	0.8640747434825014
50	0.004074735137074894
51	0.0012458335400746534
52	0.004009124378788922
53	0.011515692539375738
54	0.17606198232518552
55	0.029049038185277303
56	0.029524436113288616
57	0.08760357941344458
58	0.08903724340857933
59	0.11544347070631858
60	0.014221262971401331
61	0.015175310452307482
62	0.2139261322475594
63	0.0031426912410506386
64	0.009324852154700492
65	0.2819105719970956
66	0.29121320991525734
67	0.3370231708678045
68	0.05211065273008481
69	1.0
70	1.0
71	0.006850065475449428
72	0.0001957837424078547
73	5.0890734253447406e-05
74	5.794787992315195e-05
75	0.001994829555235368
76	0.0034641831191914805
77	0.006015834611932685
78	0.00719191068985781
79	0.009632558682416177
80	0.06229811565656851
81	0.9371316004437272
82	0.8925879504044788
83	0.7227746524257325
84	0.8097517472627825
85	0.9071954723294418
86	0.8925879504044788
87	0.8782156365502465
88	0.11925293695084216
89	0.11358461770178932
90	0.10138426111191928
91	0.10644373457266976
92	0.11358461770178932
93	0.35384195289533515
94	0.9371316004437272
95	0.968055577146144
96	0.9371316004437272
97	0.41620554942554877
98	0.17606198232518552
99	0.15715080394779138
100	0.1472709844146121
101	0.15462038588001104
102	0.17606198232518552
103	0.9524680951766463
104	0.9071954723294418
105	0.39642250686330754
106	0.29121320991525734
107	0.25574799451756824
108	0.31074953590015464
109	0.18484816784601354
110	0.7111366461700486
111	0.6347520014624478
112	0.9220420515895167
113	0.9220420515895167
114	0.968055577146144
115	0.968055577146144
116	0.4299397258291168
117	0.06229811565656851
118	0.09049436982916054
119	0.14489964968096344
120	0.3900393726467364
121	0.9524680951766463
122	0.31583506350197427
123	0.1231881100281487
124	0.03705779481220461
125	0.013992274382953427
126	0.006850065475449428
127	0.0029933131400918323
128	2.6157406985813598e-05
129	4.397339814568434e-05
130	3.678253276172629e-05
131	2.01742324488663e-05
132	0.00030347484098480504
133	5.794787992315195e-05
134	0.04358912142584494
135	1.0
136	1.0
137	1.0
138	1.0
139	1.0
140	1.0
141	0.04502749889045438
142	5.794787992315195e-05
143	0.00030347484098480504
144	1.9529778236767454e-05
145	3.6190266078127803e-05
146	4.256869332099702e-05
147	2.4512932672073774e-05
148	0.0018097003405784802
149	0.005369661486237472
150	0.010617952774480095
151	0.030007614098887924
152	0.06756537356313871
153	0.21742711012398033
154	0.8501615448994048
155	0.07209806342155774
156	0.012489335512977668
157	0.0031941225103010833
158	0.002271457569431769
159	0.0014893899404870398
160	0.0036965812672960317
161	2.5736224442801488e-05
162	9.255587970538367e-06
163	5.007129947995302e-05
164	0.007674387126047693
165	1.0
166	1.0
167	0.05651656845829485
168	0.02133951404984792
169	0.009174704819918202
170	0.006316048424505998
171	0.12120455403276079
172	0.03361866366814549
173	0.8097517472627825
174	0.01999793295422595
175	0.02766828206704552
176	0.06030803830703493
177	0.10644373457266976
178	0.10818572446379085
179	0.3655182215245033
180	0.6884197964379001
181	0.9071954723294418
182	0.9220420515895167
183	0.7712627042813436
184	0.4895605451959228
185	0.17043778391330164
186	0.015932618141390915
187	0.04288725609876025
188	0.164993247273701
189	0.051271575016962036
190	0.059336967552507044
191	0.8782156365502465
192	0.04727454821686548
193	0.15462038588001104
194	0.18787327440651988
195	0.28652413961186873
196	0.5057153295259778
197	0.6451399456130124
198	0.9071954723294418
199	0.9838981538483189
200	1.0
