1	0.9220420515895167
2	0.8925879504044915
3	0.8925879504044915
4	0.8925879504044915
5	1.0
6	1.0
7	0.878215636550234
8	0.1972488898661471
9	0.06979493239667438
10	0.0744771944128507
11	0.17322705937262786
12	0.9524680951766463
13	0.878215636550234
14	0.3837590186752804
15	0.3210038175868511
16	0.2912132099152574
17	0.5309525138815068
18	0.823003625015039
19	0.823003625015039
20	0.9371316004437271
21	0.9220420515895167
22	0.5396417421912962
23	0.28191057199709163
24	0.31074953590015464
25	0.3538419528953301
26	0.8501615448993928
27	0.823003625015039
28	0.10995622264422822
29	0.14256649781436606
30	0.12318811002814868
31	0.1909478879208065
32	0.8640747434825137
33	0.9071954723294289
34	0.3596327033558797
35	0.9071954723294289
36	0.9524680951766463
37	0.20375781569034024
38	0.1597226332147545
39	0.14968112689163143
40	0.15462038588001104
41	0.006739766775034895
42	0.009477456704464872
43	0.008881624169591297
44	0.017562497419084198
45	0.01619336115132798
46	0.026353155917208635
47	0.18187177108593688
48	0.5057153295259706
49	0.5057153295259706
50	0.6451399456130033
51	0.1380122933233906
52	0.14256649781436606
53	0.23581040555487973
54	0.878215636550234
55	0.9680555771461302
56	0.9071954723294289
57	0.9680555771461302
58	0.9680555771461302
59	0.22460188780169196
60	0.21392613224755636
61	0.16233655139003356
62	0.9680555771461302
63	0.8925879504044915
64	0.5852680376789788
65	0.3538419528953301
66	0.36551822152450336
67	0.022404439747548983
68	0.0012869442307717569
69	0.0016686198147892288
70	0.0012257733200817496
71	8.837588257170739e-05
72	0.0013080055346563408
73	0.0034641831191914805
74	0.9071954723294289
75	0.9071954723294289
76	0.7466251623243612
77	0.6773349667878853
78	0.04727454821686481
79	0.0025447997235481246
80	0.0062143483844879464
81	0.0358740049446916
82	0.3715000583087311
83	0.39642250686330754
84	0.9838981538483189
85	0.9524680951766463
86	0.4162055494255547
87	0.39642250686330754
88	0.041517247454898654
89	0.2865241396118647
90	0.0794735706037285
91	0.614475215120391
92	0.5948461590153628
93	0.3481444442078041
94	0.3425386759286075
95	0.3370231708678045
96	0.36551822152450336
97	0.4587826572335587
98	0.614475215120391
99	0.614475215120391
100	0.6664286233595222
101	0.9071954723294289
102	0.47392181612760637
103	0.48167771661523806
104	0.513991542262758
105	0.9524680951766463
106	0.31074953590015464
107	0.3210038175868511
108	0.3538419528953301
109	0.5948461590153628
110	0.28191057199709163
111	0.2959790185358472
112	0.6347520014624387
113	0.6451399456130033
114	0.9838981538483189
115	1.0
116	0.6451399456130033
117	0.041517247454898654
118	0.01493095993810043
119	0.3775797899972455
120	0.9071954723294289
121	0.6451399456130033
122	0.059336967552505365
123	0.008738613623635485
124	0.05383022830539263
125	0.0512715750169613
126	0.06540703669975813
127	0.14489964968096347
128	0.7111366461700386
129	0.6045810297424928
130	0.6773349667878853
131	0.7346031188276404
132	1.0
133	1.0
134	0.017001473575159215
135	0.0016959273764898693
136	0.0005715668219861325
137	0.00039347791524235634
138	0.0011675099792966342
139	0.0006300371192533597
140	0.004209195456615611
141	0.9524680951766463
142	0.9524680951766463
143	0.9524680951766463
144	0.9220420515895167
145	0.10304345090533384
146	0.06647744631284325
147	0.05211065273008481
148	0.023143753598938943
149	0.017562497419084198
150	0.010278768401209684
151	0.010113261253784643
152	0.0053696614862373945
153	0.004639788871308444
154	0.09197534264619776
155	1.0
156	0.9680555771461302
157	1.0
158	1.0
159	1.0
160	0.9680555771461302
161	0.9838981538483189
162	0.0807741840889576
163	0.004141419638950832
164	0.0036370594844428446
165	0.002027475656329842
166	0.0013294115143323943
167	0.31583506350196533
168	0.33159647562093936
169	0.3596327033558797
170	0.03416884515602799
171	0.042196692099189664
172	0.14027091400017716
173	0.9838981538483189
174	0.17606198232518552
175	0.024298717947761457
176	0.024298717947761457
177	0.014690543918280221
178	0.01493095993810043
179	0.027668282067044737
180	0.024298717947761457
181	0.9680555771461302
182	0.15213071221465752
183	0.14027091400017716
184	0.16233655139003356
185	0.11544347070631858
186	0.8364723744993472
187	0.9524680951766463
188	0.2912132099152574
189	0.9071954723294289
190	0.9371316004437271
191	0.7712627042813436
192	0.6996860333005861
193	0.6664286233595222
194	0.9680555771461302
195	0.9838981538483189
196	0.9680555771461302
197	0.9524680951766463
198	0.7227746524257326
199	0.7466251623243612
200	0.823003625015039
