1	1.0
2	0.16769342093829737
3	0.056516568458294454
4	0.04219669209918996
5	0.0330773411179359
6	0.19407281858793388
7	0.9838981538483119
8	0.9838981538483119
9	0.9838981538483119
10	1.0
11	1.0
12	0.9838981538483119
13	0.19094788792080922
14	0.035296367236227526
15	0.05383022830539225
16	0.05211065273008518
17	0.15462038588001212
18	0.9524680951766531
19	0.9524680951766531
20	0.8925879504044978
21	0.4369758436353279
22	0.08760357941344458
23	0.11175569566235838
24	0.14027091400017716
25	0.3715000583087337
26	0.9220420515895101
27	0.9220420515895101
28	0.7227746524257325
29	0.7111366461700436
30	0.9220420515895101
31	0.8501615448993989
32	0.8364723744993591
33	0.9524680951766531
34	0.9220420515895101
35	0.8782156365502339
36	0.9371316004437404
37	0.6884197964379049
38	0.6245313223904277
39	0.08077418408895702
40	0.0076743871260476935
41	0.0023464123579847477
42	0.0006833062745535711
43	0.0019311058764015325
44	0.02510054021835705
45	0.013545299253377089
46	0.03890712455342826
47	0.10138426111191784
48	0.9680555771461302
49	0.11358461770178933
50	0.06647744631284419
51	0.002163490864431252
52	0.11358461770178933
53	0.9680555771461302
54	0.6144752151203867
55	0.5574491330158785
56	0.6045810297425014
57	0.9680555771461302
58	0.9680555771461302
59	0.9680555771461302
60	0.9838981538483119
61	0.9680555771461302
62	0.6045810297425014
63	0.5484731728386689
64	0.594846159015367
65	0.2174271101239788
66	0.031505112088108786
67	0.030498699465507893
68	0.08343961441458023
69	0.9680555771461302
70	0.9680555771461302
71	0.07947357060372963
72	0.020325206299054363
73	0.009174704819918203
74	0.007429233258548931
75	0.0026717952406334006
76	0.001839316735680609
77	0.002060656022576925
78	0.001839316735680609
79	0.239669527412524
80	0.42993972582911383
81	0.1649932472736998
82	0.19407281858793388
83	0.5224031981891458
84	0.6144752151203867
85	0.9838981538483119
86	0.9371316004437404
87	0.8782156365502339
88	0.8230036250150332
89	0.8640747434825076
90	0.8501615448993989
91	0.8501615448993989
92	0.9371316004437404
93	0.9680555771461302
94	0.8782156365502339
95	0.39003937264673083
96	0.0018097003405784802
97	0.000433730025384728
98	0.000976589844633953
99	0.1649932472736998
100	0.8364723744993591
101	1.0
102	0.6556978921951105
103	0.7227746524257325
104	1.0
105	1.0
106	0.594846159015367
107	0.49757237909340724
108	0.49757237909340724
109	0.2516299796562454
110	0.746625162324361
111	0.8925879504044978
112	0.6884197964379049
113	0.9680555771461302
114	0.7111366461700436
115	0.12933568132305906
116	0.0370577948122046
117	0.06647744631284419
118	0.48167771661524145
119	0.2516299796562454
120	0.8230036250150332
121	0.9680555771461302
122	0.9838981538483119
123	0.9371316004437404
124	0.9371316004437404
125	0.9838981538483119
126	0.9838981538483119
127	0.9220420515895101
128	1.0
129	0.9838981538483119
130	0.6144752151203867
131	0.5484731728386689
132	0.5574491330158785
133	0.5574491330158785
134	0.6556978921951105
135	0.9838981538483119
136	0.9838981538483119
137	0.9838981538483119
138	1.0
139	0.9838981538483119
140	0.8501615448993989
141	0.8501615448993989
142	0.19094788792080922
143	0.20047693868989316
144	0.3315964756209417
145	0.10818572446379163
146	0.42993972582911383
147	0.6045810297425014
148	0.5396417421912962
149	0.5057153295259778
150	0.305745894681384
151	0.29597901853584924
152	0.46629079995640094
153	0.9838981538483119
154	0.6245313223904277
155	0.594846159015367
156	0.10304345090533458
157	0.25574799451756824
158	0.40291010336057753
159	0.8640747434825076
160	0.8782156365502339
161	0.8782156365502339
162	0.9838981538483119
163	0.9838981538483119
164	0.47392181612760975
165	0.44412711003287103
166	0.41620554942555466
167	0.42993972582911383
168	0.47392181612760975
169	0.8230036250150332
170	0.239669527412524
171	0.2037578156903402
172	0.8925879504044978
173	0.1314523061326923
174	0.07447719441285122
175	0.6245313223904277
176	0.17043778391330164
177	0.305745894681384
178	0.25574799451756824
179	0.666428623359527
180	0.6773349667878948
181	0.8097517472627709
182	0.9680555771461302
183	0.3715000583087337
184	0.3715000583087337
185	0.3655182215245033
186	0.3775797899972509
187	0.40291010336057753
188	0.41620554942555466
189	0.45878265723355544
190	0.44412711003287103
191	0.4095038717012285
192	0.4369758436353279
193	0.46629079995640094
194	0.3655182215245033
195	0.05383022830539225
196	0.046513340714586945
197	0.08480513362914896
198	0.9680555771461302
199	0.9220420515895101
200	0.9524680951766531
