1	1.0
2	0.9838981538483188
3	1.0
4	0.006631244087325071
5	0.0019311058764015325
6	0.001668619814789205
7	0.0009004569039077774
8	0.004419250868277081
9	0.9680555771461301
10	0.5852680376789788
11	0.16499324727369863
12	0.2004769386898946
13	0.5224031981891384
14	0.6245313223904277
15	0.7227746524257325
16	0.7712627042813436
17	0.9524680951766598
18	0.699686033300586
19	0.5852680376789788
20	0.09814559940423158
21	0.10995622264422822
22	0.14489964968096344
23	0.7111366461700486
24	0.48956054519591574
25	0.5948461590153711
26	0.8925879504045041
27	0.8925879504045041
28	0.7346031188276403
29	0.7346031188276403
30	0.9680555771461301
31	0.2599334021689762
32	0.29121320991525734
33	0.3715000583087311
34	0.09049436982916183
35	0.042887256098759645
36	0.9220420515895166
37	0.33159647562093936
38	0.305745894681384
39	0.6773349667878948
40	0.6884197964379097
41	0.783884695041549
42	0.42301690250932045
43	0.45878265723355866
44	0.34253867592860743
45	0.23201342268367284
46	0.17322705937262783
47	0.11733274450692356
48	0.22460188780169515
49	0.7111366461700486
50	0.5665719880005149
51	0.6245313223904277
52	0.9838981538483188
53	0.9071954723294419
54	0.8782156365502338
55	0.823003625015039
56	0.783884695041549
57	0.614475215120391
58	0.017562497419084444
59	0.02099590847766593
60	0.15715080394779135
61	0.614475215120391
62	0.614475215120391
63	0.6773349667878948
64	0.699686033300586
65	0.33159647562093936
66	0.305745894681384
67	0.7967132492073021
68	0.8097517472627709
69	0.06435386265758127
70	0.00046282723278070657
71	0.00024178242661367335
72	0.0004480424839484732
73	0.029524436113288612
74	0.4299397258291168
75	1.0
76	1.0
77	1.0
78	0.4369758436353279
79	0.027222771645920248
80	0.0005533084497353728
81	0.00017475420935834793
82	0.0006198923584893025
83	0.003142691241050594
84	0.6773349667878948
85	0.18787327440651988
86	0.176061982325188
87	0.5309525138815143
88	0.7967132492073021
89	0.27737129133826594
90	0.2037578156903402
91	0.1789432998085799
92	0.18187177108593688
93	0.1789432998085799
94	1.0
95	1.0
96	0.18187177108593688
97	0.01874069491496012
98	0.009790198959862228
99	0.008597905811488723
100	0.0046397888713085094
101	0.2037578156903402
102	0.9220420515895166
103	0.4299397258291168
104	0.8097517472627709
105	0.8097517472627709
106	0.9071954723294419
107	0.9071954723294419
108	0.3370231708678045
109	0.8097517472627709
110	0.023522509426831584
111	0.0008302591310470713
112	0.18484816784601354
113	0.3008228213237163
114	0.5396417421912961
115	0.009026975134420792
116	0.002715520127955534
117	0.8097517472627709
118	0.8782156365502338
119	0.1231881100281487
120	0.11544347070631857
121	0.08480513362914895
122	0.2037578156903402
123	0.1314523061326904
124	0.07569604040982107
125	0.006739766775034894
126	0.0038810552143591303
127	0.003520875718327174
128	0.04804821315291625
129	0.9838981538483188
130	1.0
131	0.03587400494469159
132	0.002671795240633401
133	0.00932485215470036
134	0.8925879504045041
135	0.9220420515895166
136	0.14968112689163354
137	0.10472979393476875
138	0.9838981538483188
139	1.0
140	1.0
141	0.9838981538483188
142	0.10304345090533384
143	0.07569604040982107
144	0.8925879504045041
145	0.9838981538483188
146	0.007550815325235631
147	0.008881624169591297
148	0.043589121425845555
149	0.9838981538483188
150	0.04019100294647119
151	0.004209195456615611
152	0.004141419638950832
153	0.002384812237737442
154	0.07327797408660612
155	0.6451399456130124
156	0.9371316004437271
157	0.8364723744993471
158	0.9524680951766598
159	0.9680555771461301
160	0.6884197964379097
161	0.5948461590153711
162	0.6045810297425014
163	0.5574491330158785
164	0.5574491330158785
165	0.48956054519591574
166	0.8501615448994049
167	0.9524680951766598
168	0.9371316004437271
169	0.9838981538483188
170	0.9838981538483188
171	0.9524680951766598
172	0.823003625015039
173	0.7227746524257325
174	0.8925879504045041
175	0.9838981538483188
176	0.004491573493650751
177	0.003142691241050594
178	0.0018097003405784802
179	0.003637059484442896
180	0.007799981223697674
181	0.9838981538483188
182	0.04502749889045438
183	0.012489335512977668
184	0.006631244087325071
185	0.00932485215470036
186	0.030498699465507893
187	1.0
188	0.9680555771461301
189	0.9838981538483188
190	1.0
191	1.0
192	0.9838981538483188
193	0.9680555771461301
194	1.0
195	0.030007614098887924
196	0.013112602486345095
197	0.011330268629776647
198	0.017562497419084444
199	0.0472745482168648
200	1.0
