1	0.3775797899972455
2	0.10472979393476875
3	0.059336967552505365
4	0.47392181612760637
5	0.4975723790934037
6	0.5224031981891384
7	0.5224031981891384
8	0.7346031188276403
9	0.8640747434825136
10	0.3775797899972455
11	0.4029101033605832
12	0.4513954094697245
13	0.5224031981891384
14	0.48167771661524483
15	0.823003625015039
16	0.5309525138815068
17	0.5484731728386688
18	0.08209608258032047
19	0.03099782162027437
20	0.08619300005539272
21	0.1099562226442282
22	0.12520412762878277
23	0.4299397258291168
24	0.31583506350196533
25	0.4299397258291168
26	0.8782156365502338
27	0.12520412762878277
28	0.09501039487561765
29	0.8364723744993591
30	0.9371316004437271
31	0.9680555771461301
32	0.9838981538483188
33	0.9680555771461301
34	0.8364723744993591
35	0.823003625015039
36	0.8364723744993591
37	0.823003625015039
38	0.16769342093829617
39	0.06435386265758125
40	0.31074953590015464
41	0.3775797899972455
42	0.24757827243666988
43	0.5224031981891384
44	0.3837590186752804
45	0.2037578156903402
46	0.14489964968096344
47	0.15715080394779135
48	0.39642250686330754
49	0.9838981538483188
50	0.9220420515895166
51	0.9371316004437271
52	0.9071954723294418
53	0.9071954723294418
54	0.2959790185358471
55	0.17043778391330164
56	0.03954385360034535
57	0.030007614098887924
58	0.010968329737619126
59	0.746625162324361
60	0.2037578156903402
61	0.9220420515895166
62	0.26418730551764474
63	0.8097517472627709
64	0.5396417421912961
65	0.3262571601860513
66	0.25993340216897615
67	0.19724888986614708
68	0.057441482370142585
69	0.001994829555235368
70	0.02314375359893894
71	0.9220420515895166
72	0.9220420515895166
73	0.9220420515895166
74	0.9838981538483188
75	0.9838981538483188
76	0.052963462250909324
77	0.02314375359893894
78	0.02133951404984792
79	0.045764390058399614
80	0.06979493239667436
81	0.08903724340857805
82	0.783884695041549
83	0.466290799956401
84	0.9524680951766463
85	0.08619300005539272
86	0.9220420515895166
87	0.019997932954225667
88	0.013992274382953427
89	0.05838153282986845
90	0.1099562226442282
91	0.24757827243666988
92	0.5948461590153626
93	0.1380122933233906
94	0.18187177108593688
95	0.34814444420780405
96	0.1336035702664359
97	0.26418730551764474
98	0.746625162324361
99	0.9838981538483188
100	0.8925879504044915
101	0.2037578156903402
102	0.14027091400017713
103	0.15715080394779135
104	0.21742711012398033
105	0.4441271100328678
106	0.47392181612760637
107	0.7967132492072908
108	0.9371316004437271
109	0.8782156365502338
110	0.783884695041549
111	0.7712627042813435
112	0.8925879504044915
113	0.48167771661524483
114	0.11175569566235757
115	0.010968329737619126
116	0.019359110527732544
117	0.022771096439116734
118	0.02204368690561934
119	0.04219669209919026
120	0.0744771944128507
121	0.03099782162027437
122	0.8640747434825136
123	0.18787327440651988
124	0.8097517472627709
125	0.8925879504044915
126	0.05383022830539263
127	0.11925293695084216
128	0.031505112088109015
129	0.011515692539375575
130	0.8364723744993591
131	0.8501615448993928
132	0.9220420515895166
133	0.9838981538483188
134	0.9371316004437271
135	0.9371316004437271
136	0.9838981538483188
137	0.8640747434825136
138	0.9680555771461301
139	1.0
140	0.02812108342598899
141	0.01967592931444509
142	0.014221262971401534
143	0.07093715149650967
144	0.9524680951766463
145	0.9371316004437271
146	0.15972263321475674
147	0.8925879504044915
148	0.823003625015039
149	0.8097517472627709
150	0.09975178733729187
151	0.029524436113288612
152	0.08209608258032047
153	0.08077418408895759
154	0.11925293695084216
155	0.08343961441457963
156	0.08903724340857805
157	0.11175569566235757
158	0.17043778391330164
159	0.48956054519591574
160	0.4975723790934037
161	0.31074953590015464
162	0.48167771661524483
163	0.21048152657828498
164	0.2435918051833956
165	0.23581040555487975
166	0.33159647562093936
167	0.4299397258291168
168	0.3370231708678044
169	0.25993340216897615
170	0.5057153295259705
171	0.6245313223904277
172	0.5948461590153626
173	0.6045810297425014
174	0.6045810297425014
175	0.6664286233595221
176	0.6045810297425014
177	0.5758441417787838
178	0.6773349667878852
179	0.6245313223904277
180	0.5948461590153626
181	0.7967132492072908
182	0.5852680376789788
183	0.7227746524257324
184	0.39642250686330754
185	0.14489964968096344
186	0.11358461770178932
187	0.07947357060372963
188	0.09501039487561765
189	0.31074953590015464
190	0.2959790185358471
191	0.4230169025093144
192	0.22460188780169194
193	0.3262571601860513
194	0.6245313223904277
195	0.8925879504044915
196	0.8364723744993591
197	0.23201342268367284
198	0.22098538275893195
199	0.22460188780169194
200	0.9071954723294418
