1	0.1789432998085799
2	0.20047693868989178
3	0.03954385360034535
4	0.0047928951403666395
5	0.0059189685685373875
6	0.2641873055176485
7	0.11358461770178932
8	0.21742711012397728
9	0.6451399456130033
10	0.7111366461700487
11	0.677334966787895
12	0.7588439508744758
13	0.677334966787895
14	0.5758441417787756
15	0.4739218161276131
16	0.4513954094697245
17	0.9071954723294418
18	0.9071954723294418
19	0.3370231708678045
20	0.3964225068633132
21	0.8640747434825014
22	0.9071954723294418
23	0.823003625015039
24	0.5224031981891458
25	0.513991542262758
26	0.4095038717012285
27	0.8364723744993592
28	0.809751747262771
29	0.7838846950415602
30	0.7588439508744758
31	0.809751747262771
32	0.746625162324361
33	0.8364723744993592
34	0.8640747434825014
35	0.809751747262771
36	0.7838846950415602
37	0.8364723744993592
38	0.4513954094697245
39	0.025928821455018843
40	0.060308038307035794
41	0.016727718463300126
42	0.3262571601860513
43	0.21742711012397728
44	0.2819105719970956
45	0.5224031981891458
46	0.49757237909340374
47	0.3262571601860513
48	0.513991542262758
49	0.6451399456130033
50	0.699686033300596
51	0.6451399456130033
52	0.6347520014624477
53	0.6884197964379098
54	0.5852680376789872
55	0.6245313223904277
56	0.3262571601860513
57	0.176061982325188
58	0.176061982325188
59	0.24757827243667338
60	0.9371316004437404
61	0.9071954723294418
62	0.9371316004437404
63	0.9680555771461301
64	0.9220420515895036
65	0.8925879504044915
66	0.9071954723294418
67	0.37150005830873106
68	0.16769342093829617
69	0.02204368690561934
70	0.028121083425988593
71	0.6347520014624477
72	0.614475215120391
73	0.6347520014624477
74	0.012288234154010976
75	0.005637628717885326
76	0.006850065475449526
77	0.8925879504044915
78	1.0
79	0.9524680951766599
80	0.9680555771461301
81	0.6045810297425014
82	0.07947357060372963
83	0.07819389939674361
84	0.4513954094697245
85	0.9371316004437404
86	0.9371316004437404
87	1.0
88	0.9838981538483329
89	1.0
90	0.9220420515895036
91	0.8925879504044915
92	0.8925879504044915
93	0.8925879504044915
94	0.0330773411179359
95	0.0006403479026656335
96	0.00016376769190026675
97	0.003578496112179884
98	0.004565079704726418
99	0.004209195456615611
100	0.003092088110184961
101	1.0
102	0.9838981538483329
103	1.0
104	1.0
105	1.0
106	1.0
107	0.9838981538483329
108	1.0
109	0.002628774404719928
110	0.004715720680195316
111	0.001994829555235368
112	0.002715520127955534
113	0.0018097003405784804
114	0.0029933131400918323
115	0.004141419638950832
116	0.27737129133826594
117	0.09501039487561765
118	0.06979493239667438
119	0.07209806342155774
120	0.06867110513305712
121	0.0612950009827268
122	0.07569604040982107
123	0.1314523061326923
124	0.027222771645920248
125	0.001962709116638142
126	0.0019000115066771348
127	0.0015137643410159801
128	0.3425386759286075
129	1.0
130	1.0
131	1.0
132	0.3425386759286075
133	0.0024238405452939723
134	0.001994829555235368
135	0.0025447997235481246
136	0.03954385360034535
137	0.07093715149650967
138	0.8925879504044915
139	0.8925879504044915
140	0.9071954723294418
141	0.9071954723294418
142	0.9071954723294418
143	0.9220420515895036
144	0.9371316004437404
145	0.9371316004437404
146	0.9071954723294418
147	0.04576439005840027
148	0.06331764666180247
149	0.042196692099189664
150	0.04288725609875964
151	0.0997517873372933
152	0.04727454821686481
153	0.1030434509053353
154	0.09049436982916052
155	0.1425664978143681
156	0.016193361151328214
157	0.08209608258032165
158	0.5948461590153626
159	0.7227746524257325
160	0.809751747262771
161	0.3008228213237163
162	0.11925293695084216
163	0.05383022830539263
164	0.34814444420780405
165	0.21742711012397728
166	0.42301690250932045
167	0.8501615448994049
168	0.8782156365502465
169	0.9371316004437404
170	0.9371316004437404
171	0.2685108255202325
172	0.2209853827589351
173	0.07819389939674361
174	0.15213071221465752
175	0.809751747262771
176	0.7838846950415602
177	0.7838846950415602
178	0.8364723744993592
179	0.7346031188276403
180	0.7967132492072908
181	0.8501615448994049
182	0.8501615448994049
183	0.13801229332339254
184	0.17043778391330164
185	0.043589121425845555
186	0.08619300005539396
187	0.7227746524257325
188	0.2912132099152615
189	0.3425386759286075
190	0.24757827243667338
191	0.16769342093829617
192	0.07819389939674361
193	0.1425664978143681
194	0.008881624169591297
195	0.014690543918280221
196	0.823003625015039
197	0.8782156365502465
198	0.9838981538483329
199	0.9838981538483329
200	1.0
