1	0.9838981538483049
2	0.968055577146144
3	0.968055577146144
4	0.968055577146144
5	0.9838981538483049
6	1.0
7	1.0
8	0.9838981538483049
9	0.968055577146144
10	0.9371316004437406
11	0.9071954723294419
12	0.9371316004437406
13	0.5224031981891458
14	0.5309525138815068
15	0.5852680376789788
16	0.5665719880005069
17	0.9524680951766463
18	0.9071954723294419
19	0.968055577146144
20	0.968055577146144
21	0.9838981538483049
22	1.0
23	0.07819389939674361
24	0.017001473575159215
25	0.0035208757183271744
26	0.0011302145468318695
27	0.001641751955245846
28	0.9220420515895167
29	0.9371316004437406
30	0.06979493239667438
31	0.014221262971401534
32	0.010617952774480096
33	0.0023086307871881067
34	0.0009151932040789202
35	0.023522509426831584
36	0.11175569566235759
37	0.8640747434825014
38	0.7967132492072909
39	0.8782156365502339
40	1.0
41	1.0
42	0.9371316004437406
43	0.9071954723294419
44	0.9220420515895167
45	0.968055577146144
46	1.0
47	0.8925879504045041
48	0.8925879504045041
49	0.05211065273008481
50	0.003578496112179884
51	0.0034641831191915295
52	0.003757077145472426
53	0.0029933131400918323
54	0.004951053693111611
55	1.0
56	1.0
57	1.0
58	1.0
59	1.0
60	0.007429233258549037
61	0.004565079704726418
62	0.000816890426252923
63	0.00035696138316949357
64	0.00381856306039134
65	0.1081857244637924
66	0.1380122933233906
67	0.04502749889045438
68	0.0031941225103010837
69	0.003944570074838709
70	0.018438935128663837
71	0.04358912142584555
72	0.009950419076984587
73	0.9220420515895167
74	1.0
75	0.0003034748409848093
76	0.0007532073245460798
77	0.003353521788788837
78	0.017279708787602804
79	0.06229811565656762
80	0.968055577146144
81	0.9220420515895167
82	0.19094788792080922
83	0.15213071221465968
84	0.13579004060925862
85	0.4739218161276064
86	0.7967132492072909
87	0.12725313808047323
88	0.11358461770179094
89	0.08480513362915017
90	0.44412711003286787
91	0.9371316004437406
92	0.9838981538483049
93	0.9371316004437406
94	0.9220420515895167
95	0.32625716018605594
96	0.04804821315291624
97	0.04963373414423558
98	0.06647744631284323
99	0.8925879504045041
100	0.8925879504045041
101	0.6451399456130125
102	0.6347520014624387
103	0.6664286233595221
104	0.11175569566235759
105	0.021339514049848227
106	0.016458371314135432
107	0.019359110527732544
108	0.9220420515895167
109	0.1878732744065199
110	0.008057369233584964
111	0.0035208757183271744
112	0.005114431247540004
113	0.16499324727369866
114	0.9838981538483049
115	0.9371316004437406
116	0.7967132492072909
117	0.19094788792080922
118	0.01874069491496012
119	0.020657835589543778
120	0.035296367236228025
121	0.7967132492072909
122	0.7967132492072909
123	0.9524680951766463
124	0.2282775782464954
125	0.13579004060925862
126	0.0612950009827268
127	0.0965652740621615
128	0.054711179297213405
129	0.09814559940423298
130	0.32100381758685564
131	0.006739766775034895
132	0.02766828206704513
133	0.9838981538483049
134	0.020995908477665932
135	0.0025864462836876507
136	0.03202070454638286
137	0.9838981538483049
138	0.1732270593726278
139	0.012693727967806583
140	0.8230036250150273
141	0.11358461770179094
142	0.012489335512977668
143	0.004715720680195316
144	0.00031861942937681055
145	0.000960864945202363
146	0.00047040156643291924
147	5.8896217760446576e-05
148	8.417520853263029e-05
149	0.025928821455018475
150	0.23581040555488308
151	1.0
152	1.0
153	1.0
154	0.23581040555488308
155	0.025928821455018475
156	0.00032383375060782415
157	0.00027087798631395996
158	0.00046282723278070657
159	0.0007174059456835026
160	6.816102218550646e-05
161	0.0025038237499127474
162	0.009632558682416177
163	0.10995622264422977
164	0.00707610765039319
165	0.005918968568537472
166	0.9838981538483049
167	0.04727454821686548
168	0.018438935128663837
169	0.0358740049446916
170	0.9838981538483049
171	0.014221262971401534
172	0.05211065273008481
173	0.9071954723294419
174	0.5309525138815068
175	0.7111366461700487
176	0.8782156365502339
177	0.9371316004437406
178	0.9524680951766463
179	0.7111366461700487
180	0.8364723744993592
181	0.1732270593726278
182	0.04288725609875964
183	0.006962169253653824
184	0.007309608887594824
185	0.19094788792080922
186	0.24757827243666986
187	0.10304345090533384
188	0.10644373457266824
189	0.1676934209382962
190	0.17606198232518802
191	0.03202070454638286
192	0.001962709116638142
193	0.0015385376373511798
194	0.004209195456615611
195	0.2282775782464954
196	0.006850065475449526
197	0.002715520127955496
198	0.011895693606068052
199	0.025928821455018475
200	1.0
