1	0.16233655139003356
2	0.09348055211452132
3	0.1472709844146142
4	0.8925879504045041
5	0.9220420515895167
6	0.9371316004437404
7	0.16233655139003356
8	0.15213071221465968
9	0.020995908477665932
10	0.012901465378461815
11	0.008597905811488844
12	0.02858129504156406
13	0.8364723744993591
14	0.11925293695084385
15	0.11925293695084385
16	0.2070923854195534
17	0.850161544899417
18	0.08903724340858059
19	0.08619300005539396
20	0.29597901853585135
21	0.6884197964379097
22	0.9371316004437404
23	0.1546203858800132
24	0.010791719379643227
25	0.008459463654885726
26	0.006114285902868147
27	0.2865241396118728
28	0.9071954723294547
29	0.9220420515895167
30	0.9371316004437404
31	0.9220420515895167
32	0.6664286233595222
33	0.6664286233595222
34	0.6556978921951199
35	0.746625162324361
36	0.746625162324361
37	0.8640747434825137
38	0.2599334021689762
39	0.04502749889045438
40	0.03307734111793637
41	0.12318811002815044
42	0.9838981538483329
43	0.9838981538483329
44	0.43697584363533404
45	0.9838981538483329
46	0.9524680951766599
47	0.968055577146144
48	0.04358912142584555
49	0.019047393108381876
50	0.0005809207180139251
51	0.0009608649452023766
52	0.000393477915242362
53	0.02766828206704552
54	1.0
55	1.0
56	1.0
57	0.0016959273764898931
58	0.0005715668219861488
59	0.0011487109132294635
60	0.2435918051833991
61	1.0
62	1.0
63	1.0
64	1.0
65	0.2435918051833991
66	0.0018694178137101955
67	0.00029378051233887965
68	0.00193110587640156
69	0.02390746372968385
70	0.0004780998567717995
71	0.00019263126270860578
72	0.00022658195241164296
73	0.0029933131400918323
74	0.019675929314445374
75	0.850161544899417
76	0.9220420515895167
77	0.9071954723294547
78	0.3538419528953402
79	0.8097517472627824
80	0.8097517472627824
81	0.02766828206704552
82	0.0034084033755650564
83	0.00294511527242631
84	0.07947357060373075
85	0.968055577146144
86	0.2819105719970996
87	0.005546852487609716
88	0.0023086307871881062
89	0.0034641831191915295
90	0.11733274450692524
91	0.9371316004437404
92	0.11175569566235918
93	0.11544347070632022
94	0.13360357026643968
95	0.8925879504045041
96	0.029524436113289032
97	0.005457537922228155
98	0.01999793295422595
99	0.9371316004437404
100	0.035296367236228025
101	0.024696375181437507
102	0.10644373457266976
103	0.11358461770179094
104	0.11544347070632022
105	0.09348055211452132
106	0.7967132492073021
107	0.7967132492073021
108	0.06867110513305712
109	0.03416884515602848
110	0.026784434765055674
111	0.0612950009827268
112	0.08209608258032164
113	0.07569604040982215
114	0.05044600800408454
115	0.07947357060373075
116	0.8364723744993591
117	0.8364723744993591
118	0.31074953590015464
119	0.40291010336058325
120	0.505715329525985
121	0.9838981538483329
122	0.5574491330158785
123	0.505715329525985
124	0.44412711003287414
125	0.10304345090533532
126	0.04963373414423699
127	0.048048213152916935
128	0.699686033300596
129	0.03828064801966494
130	0.04219669209919026
131	0.05560654736795923
132	0.0358740049446921
133	0.19094788792081194
134	0.4230169025093265
135	0.850161544899417
136	0.7346031188276507
137	0.48956054519592274
138	0.850161544899417
139	0.850161544899417
140	0.9220420515895167
141	0.9220420515895167
142	0.8364723744993591
143	0.6245313223904277
144	0.4299397258291168
145	0.18187177108593947
146	0.1789432998085799
147	0.19094788792081194
148	0.2865241396118728
149	0.2865241396118728
150	0.13801229332339254
151	0.5309525138815219
152	0.2599334021689762
153	0.4513954094697309
154	0.048048213152916935
155	0.01189569360606805
156	0.01044698413245975
157	0.272905101478248
158	0.2912132099152615
159	0.850161544899417
160	0.968055577146144
161	0.9838981538483329
162	0.9371316004437404
163	0.8364723744993591
164	0.7588439508744865
165	0.699686033300596
166	0.49757237909340374
167	0.08903724340858059
168	0.210481526578288
169	0.2282775782464986
170	0.40291010336058325
171	0.6884197964379097
172	0.9071954723294547
173	0.8230036250150508
174	1.0
175	0.9838981538483329
176	0.9220420515895167
177	0.6664286233595222
178	0.6664286233595222
179	0.746625162324361
180	0.5484731728386766
181	0.5224031981891458
182	0.3008228213237205
183	0.210481526578288
184	0.3775797899972563
185	0.3370231708678093
186	0.12318811002815044
187	0.14027091400017913
188	0.6884197964379097
189	0.9838981538483329
190	0.9838981538483329
191	0.968055577146144
192	0.2435918051833991
193	0.1940728185879353
194	0.1546203858800132
195	0.1212045540327608
196	0.1212045540327608
197	1.0
198	0.968055577146144
199	0.968055577146144
200	0.9838981538483329
