1	0.9838981538483048
2	0.09049436982916052
3	0.07093715149650966
4	0.03202070454638286
5	0.08480513362914895
6	0.9371316004437404
7	0.4441271100328678
8	0.7838846950415601
9	0.003637059484442844
10	0.010968329737619126
11	0.10644373457266823
12	0.20709238541955044
13	1.0
14	0.9371316004437404
15	1.0
16	0.8097517472627709
17	0.09975178733729187
18	0.001167509979296634
19	0.006962169253653824
20	0.16769342093829617
21	0.7227746524257325
22	0.8501615448993927
23	0.18187177108593688
24	0.1448996496809614
25	0.14968112689163143
26	0.1380122933233906
27	0.8782156365502339
28	0.746625162324361
29	0.8230036250150272
30	0.9838981538483048
31	0.9371316004437404
32	0.9524680951766462
33	0.9838981538483048
34	0.9838981538483048
35	0.9838981538483048
36	0.9524680951766462
37	0.9524680951766462
38	0.9371316004437404
39	0.9371316004437404
40	0.14968112689163143
41	0.12933568132305814
42	0.14027091400017713
43	0.2685108255202324
44	0.9371316004437404
45	0.09348055211451997
46	0.09348055211451997
47	0.16769342093829617
48	0.96805557714613
49	0.9071954723294419
50	0.8230036250150272
51	0.8640747434825012
52	0.154620385880011
53	0.012693727967806403
54	0.019997932954225667
55	0.05651656845829405
56	0.045764390058400266
57	0.10304345090533383
58	0.9838981538483048
59	0.4369758436353279
60	0.3158350635019698
61	0.24757827243666986
62	0.6884197964379
63	0.836472374499359
64	0.8925879504044913
65	0.96805557714613
66	0.9524680951766462
67	0.9524680951766462
68	0.96805557714613
69	0.836472374499359
70	0.836472374499359
71	0.8782156365502339
72	0.49757237909340374
73	0.3425386759286026
74	0.41620554942555466
75	0.8640747434825012
76	0.8097517472627709
77	0.15213071221465752
78	0.12120455403275907
79	0.07209806342155671
80	0.05127157501696131
81	0.07947357060372963
82	0.14968112689163143
83	0.7838846950415601
84	0.9071954723294419
85	0.8230036250150272
86	0.10818572446379085
87	0.09501039487561765
88	0.11733274450692355
89	0.9524680951766462
90	0.18484816784601352
91	0.041517247454898654
92	0.024298717947761457
93	0.154620385880011
94	0.1380122933233906
95	0.029524436113288612
96	0.004209195456615552
97	0.011147830387442765
98	0.11925293695084045
99	0.16499324727369863
100	0.9838981538483048
101	0.9838981538483048
102	0.9524680951766462
103	0.09814559940423298
104	0.008323250672588899
105	0.00463978887130851
106	0.0045650797047264175
107	0.013327194928720634
108	0.1909478879208065
109	0.9838981538483048
110	0.96805557714613
111	0.9524680951766462
112	0.8782156365502339
113	0.8640747434825012
114	0.8097517472627709
115	0.49757237909340374
116	0.677334966787895
117	0.96805557714613
118	0.96805557714613
119	0.9838981538483048
120	0.3158350635019698
121	0.2599334021689725
122	0.0861930000553915
123	0.0066312440873250705
124	0.02635315591720863
125	0.0066312440873250705
126	0.9071954723294419
127	0.9524680951766462
128	0.96805557714613
129	1.0
130	0.9838981538483048
131	0.9220420515895035
132	0.8782156365502339
133	0.8782156365502339
134	0.0472745482168648
135	0.03361866366814501
136	0.02032520629905422
137	0.008738613623635485
138	0.05211065273008481
139	0.12933568132305814
140	0.746625162324361
141	0.4587826572335522
142	0.6664286233595221
143	0.836472374499359
144	0.7967132492072908
145	0.06435386265758035
146	0.014453999040223557
147	0.006962169253653824
148	0.0020943793974173754
149	0.0045650797047264175
150	0.0376642589146651
151	0.0028976934794106937
152	0.016458371314135432
153	0.0033535217887887894
154	0.008881624169591297
155	0.96805557714613
156	0.04084874312373917
157	0.027222771645920248
158	0.024696375181437153
159	0.025100540218356872
160	0.009632558682416179
161	0.0036965812672960317
162	0.018740694914959853
163	1.0
164	0.4299397258291108
165	0.5484731728386688
166	0.9371316004437404
167	0.9524680951766462
168	0.9838981538483048
169	0.96805557714613
170	0.96805557714613
171	0.9371316004437404
172	0.5224031981891458
173	0.39642250686330754
174	0.9524680951766462
175	0.017562497419084194
176	0.008881624169591297
177	0.03587400494469159
178	0.0006403479026656334
179	0.00014617706845573332
180	0.0011487109132294472
181	0.0066312440873250705
182	0.96805557714613
183	0.96805557714613
184	0.96805557714613
185	0.007799981223697563
186	0.03416884515602799
187	0.02032520629905422
188	0.00611428590286806
189	0.008057369233584964
190	0.00932485215470036
191	0.013992274382953229
192	0.02390746372968351
193	0.007799981223697563
194	0.16769342093829617
195	0.699686033300596
196	0.7712627042813325
197	0.8501615448993927
198	0.8925879504044913
199	1.0
200	1.0
