1	0.983898153848333
2	0.983898153848333
3	0.823003625015039
4	0.29597901853585135
5	0.046513340714587285
6	0.005283200023099469
7	0.0004704015664329193
8	0.00027087798631395996
9	6.70635038927341e-05
10	0.00026222494537734203
11	0.0024635075651007273
12	0.012693727967806585
13	0.07327797408660718
14	0.21742711012398033
15	0.9220420515895167
16	0.8640747434825137
17	0.12725313808047503
18	0.0012662220527620946
19	0.0005715668219861406
20	0.0007780620682611712
21	0.0032463954707181012
22	0.983898153848333
23	0.030007614098888354
24	0.07947357060373075
25	0.10472979393476875
26	0.983898153848333
27	1.0
28	0.983898153848333
29	0.983898153848333
30	0.098145599404233
31	0.07947357060373075
32	0.1030434509053353
33	1.0
34	1.0
35	0.983898153848333
36	0.06979493239667438
37	0.07947357060373075
38	0.04963373414423629
39	1.0
40	0.9220420515895167
41	0.9220420515895167
42	0.9220420515895167
43	0.9220420515895167
44	0.029049038185277303
45	0.024696375181437157
46	0.04883453939311235
47	0.968055577146144
48	0.0965652740621615
49	0.08480513362915015
50	0.08343961441458082
51	0.07327797408660718
52	0.07209806342155775
53	0.02510054021835723
54	0.968055577146144
55	0.046513340714587285
56	0.0330773411179359
57	0.014453999040223764
58	0.014690543918280223
59	0.16233655139003358
60	0.9220420515895167
61	0.9220420515895167
62	0.8925879504044915
63	0.9371316004437406
64	0.968055577146144
65	0.8640747434825137
66	0.850161544899405
67	0.983898153848333
68	0.2396695274125257
69	0.07819389939674361
70	0.009477456704464872
71	0.014453999040223764
72	0.22460188780169196
73	0.3481444442078041
74	0.983898153848333
75	0.7712627042813435
76	0.7588439508744759
77	0.7712627042813435
78	0.8097517472627825
79	0.9524680951766598
80	0.968055577146144
81	0.466290799956401
82	0.41620554942555466
83	0.39642250686331315
84	0.04084874312373918
85	0.06979493239667438
86	0.24757827243667344
87	0.07569604040982215
88	0.06979493239667438
89	0.07093715149651068
90	0.1314523061326923
91	0.10995622264422977
92	0.9371316004437406
93	0.6144752151203912
94	0.6664286233595221
95	0.9524680951766598
96	0.513991542262758
97	0.5484731728386767
98	0.5948461590153628
99	0.983898153848333
100	0.983898153848333
101	0.850161544899405
102	0.7346031188276507
103	0.6996860333005961
104	0.9371316004437406
105	0.9371316004437406
106	0.013545299253376991
107	0.011895693606068052
108	0.09348055211451999
109	0.08209608258032164
110	0.4299397258291169
111	0.6245313223904277
112	0.9371316004437406
113	0.968055577146144
114	0.35963270335588476
115	0.3655182215245085
116	0.3655182215245085
117	0.022404439747549302
118	0.07947357060373075
119	0.021339514049848227
120	0.030997821620274816
121	0.38375901867528045
122	0.17894329980857993
123	0.2139261322475594
124	0.8364723744993592
125	0.9524680951766598
126	0.983898153848333
127	0.8782156365502465
128	0.8640747434825137
129	0.6045810297425099
130	0.677334966787895
131	0.08480513362915015
132	0.39003937264673644
133	0.39642250686331315
134	0.41620554942555466
135	0.9220420515895167
136	0.968055577146144
137	0.5758441417787838
138	0.05296346225091008
139	0.1425664978143701
140	0.8925879504044915
141	0.968055577146144
142	0.983898153848333
143	0.5758441417787838
144	0.1357900406092586
145	0.1818717710859395
146	1.0
147	0.8782156365502465
148	0.566571988000515
149	0.17322705937262783
150	0.4513954094697245
151	0.08077418408895759
152	0.053830228305392636
153	0.04151724745489924
154	0.02510054021835723
155	0.021339514049848227
156	0.014453999040223764
157	0.017562497419084198
158	0.3655182215245085
159	0.2685108255202363
160	0.2641873055176486
161	0.272905101478248
162	0.3158350635019698
163	0.4299397258291169
164	1.0
165	0.9524680951766598
166	0.7967132492072909
167	0.6996860333005961
168	0.850161544899405
169	0.968055577146144
170	0.2599334021689762
171	0.10995622264422977
172	0.011330268629776648
173	0.002163490864431252
174	0.0001438233477885574
175	0.000960864945202363
176	0.00013698715011009754
177	0.00022293356467315996
178	0.005457537922228155
179	0.043589121425845555
180	0.2282775782464986
181	0.17894329980857993
182	0.37150005830873106
183	0.983898153848333
184	0.968055577146144
185	0.9524680951766598
186	0.983898153848333
187	0.983898153848333
188	0.9524680951766598
189	0.33159647562093936
190	0.37150005830873106
191	1.0
192	0.9371316004437406
193	0.968055577146144
194	0.9524680951766598
195	0.968055577146144
196	0.968055577146144
197	0.968055577146144
198	0.983898153848333
199	0.968055577146144
200	0.968055577146144
