1	0.5574491330158785
2	0.3008228213237163
3	0.2959790185358471
4	0.3057458946813797
5	0.32100381758685115
6	0.758843950874465
7	0.9371316004437271
8	0.614475215120391
9	0.3262571601860513
10	0.0794735706037285
11	0.06331764666180247
12	0.08343961441457963
13	0.2819105719970956
14	0.8782156365502339
15	0.7967132492072909
16	0.4975723790934038
17	0.5948461590153628
18	0.5484731728386688
19	0.8640747434825015
20	0.809751747262771
21	0.758843950874465
22	0.5758441417787756
23	0.16233655139003356
24	0.15715080394779138
25	0.1597226332147545
26	0.1818717710859369
27	0.2396695274125223
28	0.6045810297425014
29	1.0
30	1.0
31	0.9838981538483189
32	0.9838981538483189
33	0.8925879504044915
34	0.823003625015039
35	0.6664286233595222
36	0.5758441417787756
37	0.019997932954225386
38	0.0036370594844428446
39	0.017849913987938726
40	0.4369758436353279
41	0.4513954094697245
42	0.4441271100328679
43	0.4513954094697245
44	0.8925879504044915
45	0.2396695274125223
46	0.098145599404233
47	0.210481526578285
48	0.40291010336057753
49	0.7227746524257325
50	0.9371316004437271
51	0.3370231708678045
52	0.2959790185358471
53	0.006631244087325071
54	0.008881624169591297
55	0.011895693606067884
56	1.0
57	0.1081857244637924
58	0.054711179297213405
59	0.04430247303072466
60	0.0744771944128507
61	0.04019100294647062
62	0.7227746524257325
63	0.2599334021689762
64	0.25574799451756464
65	0.8925879504044915
66	0.8782156365502339
67	0.7227746524257325
68	0.809751747262771
69	0.7967132492072909
70	0.7712627042813326
71	0.5574491330158785
72	0.614475215120391
73	0.9524680951766464
74	0.4739218161276064
75	0.4587826572335522
76	0.0965652740621615
77	0.08209608258032047
78	0.3596327033558797
79	0.008881624169591297
80	0.0020274756563298563
81	0.005198130749138926
82	0.006631244087325071
83	0.042196692099189664
84	0.025511319561055724
85	0.09975178733729188
86	1.0
87	1.0
88	0.9838981538483189
89	0.9838981538483189
90	1.0
91	0.9680555771461301
92	0.9680555771461301
93	0.9524680951766464
94	0.059336967552505365
95	0.0009453932456821778
96	0.040848743123739185
97	0.00779998122369762
98	0.005729890533725306
99	0.005457537922228078
100	0.010968329737619126
101	0.9524680951766464
102	0.22827757824649214
103	0.23201342268367287
104	0.3596327033558797
105	0.5484731728386688
106	0.5758441417787756
107	0.9524680951766464
108	1.0
109	1.0
110	0.3900393726467364
111	0.08209608258032047
112	0.6773349667878853
113	0.05838153282986846
114	0.27737129133826594
115	0.2912132099152615
116	0.24359180518339565
117	0.3057458946813797
118	0.2599334021689762
119	0.0876035794134446
120	0.09501039487561766
121	0.2959790185358471
122	0.3370231708678045
123	1.0
124	0.4441271100328679
125	0.566571988000507
126	0.5224031981891384
127	0.5948461590153628
128	0.25574799451756464
129	0.24359180518339565
130	1.0
131	1.0
132	0.9524680951766464
133	0.6556978921951105
134	0.6347520014624387
135	0.5758441417787756
136	0.7712627042813326
137	0.8364723744993592
138	0.8640747434825015
139	0.4587826572335522
140	0.5057153295259706
141	0.6045810297425014
142	0.5574491330158785
143	0.4230169025093144
144	0.809751747262771
145	0.8782156365502339
146	0.9220420515895167
147	0.7838846950415491
148	0.8925879504044915
149	0.8501615448993928
150	0.907195472329429
151	0.9680555771461301
152	1.0
153	1.0
154	1.0
155	0.2819105719970956
156	0.4162055494255547
157	0.05044600800408382
158	0.03954385360034535
159	0.04288725609875964
160	0.005637628717885326
161	0.01567607357528453
162	0.5484731728386688
163	0.6451399456130033
164	0.823003625015039
165	0.8925879504044915
166	0.7712627042813326
167	0.8364723744993592
168	0.809751747262771
169	0.8364723744993592
170	0.8364723744993592
171	0.566571988000507
172	0.6245313223904277
173	0.32100381758685115
174	0.5224031981891384
175	0.33159647562093936
176	0.3775797899972509
177	0.5139915422627508
178	0.16499324727369863
179	0.11733274450692358
180	0.17043778391329922
181	0.030498699465507897
182	0.14727098441461212
183	0.7227746524257325
184	0.6773349667878853
185	0.27737129133826594
186	0.25574799451756464
187	0.4441271100328679
188	0.5139915422627508
189	0.5948461590153628
190	0.9220420515895167
191	0.9680555771461301
192	1.0
193	0.8640747434825015
194	0.4162055494255547
195	0.3425386759286026
196	0.3425386759286026
197	0.4739218161276064
198	0.5139915422627508
199	0.7712627042813326
200	0.9220420515895167
