1	0.9071954723294288
2	0.8364723744993471
3	0.9071954723294288
4	0.9838981538483188
5	0.31583506350196533
6	0.0043480927706903375
7	0.0014893899404870396
8	0.01189569360606788
9	0.014221262971401331
10	0.045764390058399614
11	0.12120455403275905
12	0.9680555771461163
13	0.9680555771461163
14	0.9680555771461163
15	0.09348055211451997
16	0.04288725609875963
17	0.009324852154700226
18	0.009174704819918202
19	0.03202070454638286
20	0.05211065273008481
21	0.6045810297424927
22	0.4029101033605775
23	0.937131600443727
24	0.937131600443727
25	0.937131600443727
26	0.03202070454638286
27	0.018142034232021265
28	0.04019100294647119
29	0.08760357941344458
30	0.46629079995639433
31	0.9524680951766462
32	0.9524680951766462
33	0.9838981538483188
34	0.9838981538483188
35	0.4895605451959158
36	0.9220420515895167
37	0.02065783558954348
38	0.04219669209918966
39	0.023522509426831248
40	0.008459463654885604
41	0.9220420515895167
42	0.9524680951766462
43	0.614475215120391
44	0.5758441417787755
45	0.7588439508744649
46	0.9524680951766462
47	0.06030803830703579
48	0.06435386265758125
49	0.04288725609875963
50	0.03890712455342798
51	0.05471117929721262
52	0.09348055211451997
53	0.10138426111191784
54	0.07093715149650866
55	0.03828064801966438
56	0.04883453939311235
57	0.014453999040223557
58	0.03766425891466509
59	0.21392613224755636
60	0.34253867592860254
61	0.33702317086779965
62	0.2959790185358471
63	0.3775797899972455
64	0.47392181612760637
65	0.6347520014624387
66	0.451395409469718
67	0.2282775782464921
68	0.009790198959862087
69	0.002586446283687614
70	0.014221262971401331
71	0.4369758436353278
72	0.5852680376789788
73	0.9071954723294288
74	0.9524680951766462
75	0.9071954723294288
76	0.9838981538483188
77	0.7967132492072907
78	0.3837590186752749
79	0.40950387170122843
80	0.614475215120391
81	0.9524680951766462
82	0.1704377839132992
83	0.3210038175868511
84	0.031505112088108564
85	0.01967592931444509
86	0.04963373414423558
87	0.614475215120391
88	0.31074953590015464
89	0.6664286233595221
90	0.8782156365502339
91	0.7967132492072907
92	0.7346031188276402
93	0.7346031188276402
94	0.7588439508744649
95	0.699686033300586
96	0.8364723744993471
97	0.20375781569034018
98	0.20375781569034018
99	0.26418730551764474
100	0.052963462250908575
101	0.19407281858793526
102	0.7111366461700385
103	0.7588439508744649
104	0.8925879504044915
105	0.8925879504044915
106	0.8640747434825012
107	0.7346031188276402
108	0.6556978921951104
109	0.3008228213237163
110	0.5665719880005068
111	0.6045810297424927
112	0.7967132492072907
113	0.6664286233595221
114	0.6556978921951104
115	0.5484731728386688
116	0.23581040555487973
117	0.614475215120391
118	0.1231881100281487
119	0.14256649781436603
120	0.34814444420780405
121	0.34253867592860254
122	0.8925879504044915
123	0.9680555771461163
124	0.9524680951766462
125	0.27737129133826594
126	0.014221262971401331
127	0.03646109590141791
128	0.024298717947761457
129	0.02551131956105536
130	0.3964225068633075
131	0.746625162324361
132	0.699686033300586
133	0.7712627042813326
134	0.12933568132305998
135	0.04883453939311235
136	0.03646109590141791
137	0.03587400494469159
138	0.14489964968096344
139	0.12933568132305998
140	0.08077418408895759
141	0.023522509426831248
142	0.03254473486014822
143	0.07819389939674361
144	0.08343961441457963
145	0.06756537356313774
146	0.9220420515895167
147	0.8640747434825012
148	0.1314523061326904
149	0.034728030561276546
150	0.03307734111793543
151	0.03529636723622752
152	0.10818572446379238
153	0.9680555771461163
154	0.4299397258291107
155	0.11544347070631857
156	0.18484816784601352
157	0.9680555771461163
158	0.9838981538483188
159	0.9838981538483188
160	0.9838981538483188
161	0.34814444420780405
162	0.28191057199709163
163	0.1760619823251855
164	0.6347520014624387
165	0.8501615448993928
166	0.06331764666180247
167	0.0011120160060804065
168	0.003637059484442844
169	0.002759960588740092
170	0.08077418408895759
171	1.0
172	1.0
173	0.9680555771461163
174	0.17894329980857734
175	0.045764390058399614
176	0.0290490381852773
177	0.025100540218356872
178	0.14256649781436603
179	0.3900393726467308
180	0.6773349667878852
181	0.9838981538483188
182	0.7712627042813326
183	0.47392181612760637
184	0.25993340216897615
185	0.1496811268916314
186	0.15213071221465532
187	0.06867110513305613
188	0.17894329980857734
189	0.8230036250150389
190	0.7111366461700385
191	0.4369758436353278
192	0.7967132492072907
193	0.48167771661523795
194	0.7838846950415489
195	0.21742711012397725
196	0.030498699465507456
197	0.06867110513305613
198	0.03646109590141791
199	0.06756537356313774
200	0.8364723744993471
