1	0.9371316004437403
2	0.8640747434825136
3	0.10995622264422898
4	0.05383022830539263
5	0.024298717947761454
6	0.01967592931444537
7	0.01784991398793885
8	0.04727454821686548
9	0.43697584363533404
10	0.9680555771461439
11	0.8925879504044913
12	0.8501615448994048
13	0.42993972582911677
14	0.07209806342155774
15	0.1154434707063194
16	0.16769342093829856
17	0.16499324727369863
18	0.14968112689163354
19	0.21742711012398036
20	0.9524680951766598
21	0.9524680951766598
22	0.9220420515895167
23	0.9371316004437403
24	0.9524680951766598
25	0.8640747434825136
26	0.8640747434825136
27	0.9524680951766598
28	0.9524680951766598
29	0.9524680951766598
30	0.9524680951766598
31	0.47392181612761314
32	0.21048152657828798
33	0.11733274450692356
34	0.5852680376789872
35	0.7346031188276403
36	0.5309525138815143
37	0.3775797899972563
38	0.8782156365502339
39	0.8782156365502339
40	0.01999793295422581
41	0.04727454821686548
42	0.11733274450692356
43	0.10304345090533457
44	0.10472979393477024
45	0.10304345090533457
46	0.04651334071458728
47	0.0008859578853748414
48	0.00381856306039134
49	0.11358461770179012
50	0.836472374499359
51	0.15972263321475674
52	0.13145230613269226
53	0.8097517472627824
54	0.6556978921951104
55	0.09501039487561831
56	0.15213071221465968
57	0.18187177108593947
58	0.2004769386898946
59	0.8782156365502339
60	0.7838846950415601
61	0.9220420515895167
62	0.7967132492073021
63	0.7111366461700486
64	0.6884197964379097
65	0.8097517472627824
66	0.746625162324361
67	0.8925879504044913
68	0.8925879504044913
69	0.8640747434825136
70	0.8782156365502339
71	0.8925879504044913
72	0.8640747434825136
73	0.836472374499359
74	0.9071954723294418
75	0.9524680951766598
76	0.9680555771461439
77	0.9524680951766598
78	0.9838981538483188
79	0.16233655139003356
80	0.17043778391330164
81	0.2819105719970996
82	0.28652413961186873
83	0.9524680951766598
84	0.9220420515895167
85	0.9680555771461439
86	0.513991542262758
87	0.2641873055176485
88	0.24359180518339907
89	0.2641873055176485
90	0.25993340216897615
91	0.31583506350196977
92	0.32100381758685564
93	0.7712627042813435
94	0.699686033300596
95	0.6773349667878948
96	0.7712627042813435
97	0.6664286233595221
98	0.6664286233595221
99	0.836472374499359
100	0.8501615448994048
101	0.18787327440652254
102	0.16769342093829856
103	0.15213071221465968
104	0.127253138080475
105	0.1357900406092586
106	0.2004769386898946
107	0.4441271100328678
108	0.9220420515895167
109	0.8925879504044913
110	0.9071954723294418
111	0.7838846950415601
112	0.7588439508744758
113	0.7967132492073021
114	0.7111366461700486
115	0.06867110513305662
116	0.04288725609875994
117	0.2004769386898946
118	0.25162997965624895
119	0.9371316004437403
120	0.9524680951766598
121	0.9071954723294418
122	0.746625162324361
123	0.7588439508744758
124	0.5057153295259849
125	0.7712627042813435
126	0.1909478879208092
127	0.07569604040982214
128	0.1154434707063194
129	0.09814559940423298
130	0.02390746372968368
131	0.07569604040982214
132	0.9838981538483188
133	0.9680555771461439
134	0.9371316004437403
135	0.9838981538483188
136	0.9371316004437403
137	0.9220420515895167
138	0.9371316004437403
139	0.9071954723294418
140	0.27737129133826594
141	0.34814444420780405
142	0.9371316004437403
143	0.9524680951766598
144	0.9680555771461439
145	0.9680555771461439
146	0.305745894681384
147	0.14727098441461417
148	0.11733274450692356
149	0.09814559940423298
150	0.8782156365502339
151	0.9524680951766598
152	0.9524680951766598
153	0.8501615448994048
154	0.127253138080475
155	0.16233655139003356
156	0.16769342093829856
157	0.18787327440652254
158	0.836472374499359
159	0.8640747434825136
160	0.9838981538483188
161	0.9371316004437403
162	0.41620554942555466
163	0.28652413961186873
164	0.012489335512977758
165	0.11733274450692356
166	0.024696375181437327
167	0.03361866366814549
168	0.057441482370143
169	0.010446984132459675
170	0.7111366461700486
171	0.305745894681384
172	0.9524680951766598
173	0.3837590186752804
174	0.3900393726467363
175	0.3900393726467363
176	0.10995622264422898
177	0.47392181612761314
178	0.7227746524257428
179	0.2004769386898946
180	0.18187177108593947
181	0.9680555771461439
182	0.18187177108593947
183	0.03099782162027503
184	0.022404439747549142
185	0.052963462250909706
186	0.05127157501696166
187	0.04576439005839994
188	0.02510054021835723
189	0.09049436982916181
190	0.052963462250909706
191	0.024298717947761454
192	0.8782156365502339
193	0.9071954723294418
194	0.2320134226836728
195	0.21048152657828798
196	0.699686033300596
197	0.37150005830873106
198	0.3107495359001546
199	0.5665719880005149
200	0.9220420515895167
