1	0.9838981538483188
2	0.7227746524257326
3	0.6996860333005861
4	0.677334966787895
5	0.513991542262758
6	0.3262571601860513
7	0.6045810297425014
8	0.09197534264619776
9	0.40291010336057753
10	0.15972263321475677
11	0.09975178733729329
12	0.3315964756209393
13	0.24757827243666986
14	0.8364723744993471
15	0.8501615448993927
16	0.9524680951766462
17	0.7712627042813435
18	0.10138426111191784
19	0.03705779481220408
20	0.015175310452307484
21	0.011515692539375575
22	0.011147830387442766
23	0.010113261253784644
24	0.0006403479026656334
25	0.007674387126047693
26	0.0010088158858739995
27	0.9680555771461302
28	0.9838981538483188
29	0.9838981538483188
30	0.9838981538483188
31	0.9838981538483188
32	0.7588439508744759
33	0.14027091400017716
34	0.37757978999724556
35	0.5057153295259778
36	0.9838981538483188
37	1.0
38	0.9838981538483188
39	0.5057153295259778
40	0.35963270335588476
41	0.35963270335588476
42	0.7466251623243612
43	0.7712627042813435
44	1.0
45	1.0
46	0.9838981538483188
47	0.9838981538483188
48	0.0008438466194896988
49	0.00023788928317815646
50	0.006015834611932685
51	0.012090370898187257
52	0.02133951404984792
53	0.02635315591720901
54	0.032544734860148215
55	0.037664258914665634
56	0.0807741840889576
57	0.6451399456130124
58	0.8782156365502339
59	0.513991542262758
60	0.5057153295259778
61	0.4587826572335587
62	0.5852680376789788
63	0.8364723744993471
64	0.7967132492072908
65	0.15715080394779135
66	0.0038810552143591307
67	0.0028976934794106525
68	0.04651334071458661
69	0.025511319561055356
70	0.020325206299054217
71	0.006962169253653824
72	0.031505112088109015
73	0.033077341117935435
74	0.03416884515602799
75	0.059336967552506205
76	0.012901465378461631
77	0.9371316004437271
78	0.9371316004437271
79	0.9371316004437271
80	0.9371316004437271
81	0.9838981538483188
82	0.9524680951766462
83	0.9371316004437271
84	0.008459463654885606
85	0.007309608887594823
86	0.05296346225090933
87	0.04804821315291624
88	0.05296346225090933
89	0.11358461770178933
90	0.031505112088109015
91	0.01493095993810043
92	0.009790198959862089
93	0.008881624169591297
94	0.09814559940423159
95	0.019359110527732544
96	0.000960864945202363
97	0.001589307136566305
98	0.0020943793974173754
99	0.00048592413239297353
100	0.029524436113288616
101	0.9838981538483188
102	1.0
103	0.9680555771461302
104	1.0
105	1.0
106	1.0
107	1.0
108	0.9838981538483188
109	0.15972263321475677
110	0.022404439747548986
111	0.005283200023099469
112	0.014221262971401534
113	0.823003625015039
114	0.9838981538483188
115	0.0008716923278076609
116	3.391504197028072e-05
117	0.001962709116638142
118	1.0
119	0.9680555771461302
120	0.010446984132459602
121	0.00381856306039134
122	0.002945115272426268
123	1.0
124	1.0
125	1.0
126	1.0
127	0.0028976934794106525
128	0.002463507565100727
129	0.008189230970776997
130	1.0
131	0.9680555771461302
132	0.0006723037820462359
133	0.00015100069862380397
134	0.0009925720876842986
135	0.823003625015039
136	0.9680555771461302
137	0.024298717947761457
138	0.005198130749138962
139	0.015932618141390686
140	0.154620385880011
141	1.0
142	1.0
143	1.0
144	1.0
145	0.9680555771461302
146	1.0
147	1.0
148	0.024298717947761457
149	0.0007058543855178055
150	0.002198897168339217
151	0.0014893899404870398
152	0.0009004569039077773
153	0.07693483325865721
154	0.7111366461700385
155	0.8925879504044915
156	0.3538419528953301
157	0.059336967552506205
158	0.0011120160060804065
159	0.006850065475449526
160	0.022404439747548986
161	0.1212045540327608
162	0.9838981538483188
163	0.9680555771461302
164	0.014690543918280221
165	0.0034084033755650083
166	0.023907463729683512
167	0.0358740049446916
168	0.07209806342155774
169	0.06867110513305615
170	0.10472979393476876
171	0.4739218161276064
172	0.16769342093829617
173	0.2516299796562454
174	0.22098538275893198
175	0.01248933551297767
176	0.0358740049446916
177	0.1704377839133016
178	0.21742711012398033
179	0.27737129133826594
180	0.7111366461700385
181	0.7111366461700385
182	0.7346031188276404
183	0.9838981538483188
184	0.4299397258291168
185	0.07693483325865721
186	0.030997821620274375
187	0.5574491330158786
188	0.022771096439116734
189	0.34814444420780405
190	0.4587826572335587
191	0.614475215120391
192	0.9524680951766462
193	0.9680555771461302
194	0.7466251623243612
195	0.31583506350196533
196	0.6664286233595221
197	0.4369758436353279
198	0.5396417421912962
199	0.6664286233595221
200	0.9838981538483188
