1	0.9838981538483328
2	0.9838981538483328
3	0.3262571601860559
4	0.24359180518339907
5	0.2282775782464986
6	0.22460188780169513
7	0.2209853827589351
8	0.19407281858793526
9	0.17043778391330405
10	0.1972488898661499
11	0.127253138080475
12	0.0769348332586583
13	0.0876035794134446
14	0.746625162324361
15	0.13360357026643968
16	0.17043778391330405
17	0.7111366461700588
18	0.8097517472627825
19	0.1293356813230618
20	0.20375781569034312
21	0.15972263321475905
22	0.17894329980858245
23	0.4095038717012343
24	0.35384195289534015
25	0.38375901867528583
26	0.9371316004437406
27	0.7111366461700588
28	0.7838846950415601
29	0.7227746524257428
30	0.42301690250932644
31	0.2819105719970996
32	0.3158350635019743
33	0.566571988000523
34	0.5139915422627653
35	0.30082282132372057
36	0.3262571601860559
37	0.466290799956401
38	0.47392181612761985
39	0.850161544899417
40	0.9071954723294547
41	0.4975723790934108
42	0.41620554942556054
43	0.4513954094697309
44	0.164993247273701
45	0.5396417421913039
46	0.5852680376789872
47	0.566571988000523
48	0.9371316004437406
49	0.24359180518339907
50	0.1448996496809655
51	0.4029101033605832
52	0.5224031981891458
53	0.176061982325188
54	0.13579004060925862
55	0.04727454821686548
56	0.021688742850449538
57	0.06331764666180337
58	0.1546203858800132
59	0.08903724340858057
60	0.8925879504045041
61	0.9838981538483328
62	0.9680555771461439
63	0.850161544899417
64	0.057441482370143404
65	0.03828064801966494
66	0.06647744631284512
67	0.14027091400017913
68	0.12318811002815043
69	0.0744771944128528
70	0.9071954723294547
71	0.0876035794134446
72	0.1154434707063202
73	0.9838981538483328
74	0.8230036250150506
75	0.6664286233595317
76	0.699686033300596
77	0.20047693868989744
78	0.20047693868989744
79	0.3315964756209441
80	0.8097517472627825
81	0.8230036250150506
82	1.0
83	1.0
84	0.35384195289534015
85	0.2282775782464986
86	0.21742711012398033
87	0.044302473030725924
88	0.17894329980858245
89	0.9524680951766734
90	0.18187177108593947
91	0.18484816784601615
92	0.14968112689163565
93	0.5309525138815219
94	0.5396417421913039
95	0.057441482370143404
96	0.09656527406216286
97	0.9680555771461439
98	0.9838981538483328
99	1.0
100	0.031505112088109015
101	0.002544799723548161
102	0.00047809985677180634
103	0.0001664478089116489
104	0.00018952954375246774
105	0.0010591597671173619
106	0.004009124378788922
107	0.7838846950415601
108	0.7967132492073135
109	0.06647744631284512
110	0.0358740049446921
111	0.127253138080475
112	0.29597901853585135
113	0.8782156365502464
114	0.8782156365502464
115	0.850161544899417
116	0.7838846950415601
117	0.18787327440652257
118	0.18187177108593947
119	0.746625162324361
120	0.04151724745489983
121	0.05296346225091008
122	0.15213071221465968
123	0.6884197964379195
124	0.9371316004437406
125	0.9071954723294547
126	0.8230036250150506
127	0.2396695274125291
128	0.1030434509053353
129	0.1314523061326923
130	0.12120455403276079
131	0.1314523061326923
132	0.1472709844146142
133	0.16769342093829856
134	0.1972488898661499
135	0.8925879504045041
136	0.6347520014624568
137	0.6451399456130124
138	0.60458102974251
139	0.850161544899417
140	0.836472374499359
141	0.5139915422627653
142	0.3964225068633132
143	0.746625162324361
144	0.8230036250150506
145	0.18484816784601615
146	0.09975178733729471
147	0.3964225068633132
148	0.43697584363533404
149	0.9071954723294547
150	0.5396417421913039
151	0.5139915422627653
152	0.4975723790934108
153	0.2282775782464986
154	0.5574491330158785
155	0.2729051014782479
156	0.19407281858793526
157	0.2282775782464986
158	0.9838981538483328
159	0.9838981538483328
160	0.8230036250150506
161	0.7588439508744865
162	0.2209853827589351
163	0.35384195289534015
164	0.1448996496809655
165	0.3315964756209441
166	0.4441271100328742
167	0.836472374499359
168	0.7838846950415601
169	0.4029101033605832
170	0.60458102974251
171	0.044302473030725924
172	0.10138426111191928
173	0.2320134226836761
174	0.3107495359001591
175	0.30082282132372057
176	0.2912132099152615
177	0.11175569566236077
178	0.41620554942556054
179	0.8925879504045041
180	0.9220420515895297
181	0.7967132492073135
182	0.7588439508744865
183	0.7111366461700588
184	0.6245313223904277
185	0.6347520014624568
186	0.7588439508744865
187	0.7838846950415601
188	0.19407281858793526
189	0.1425664978143701
190	0.2396695274125291
191	0.2865241396118728
192	0.9220420515895297
193	0.8925879504045041
194	0.746625162324361
195	0.699686033300596
196	0.6773349667879046
197	0.5139915422627653
198	0.505715329525985
199	0.5852680376789872
200	0.7838846950415601
