1	0.6556978921951198
2	0.3262571601860559
3	0.1789432998085799
4	0.3655182215245085
5	0.3775797899972509
6	0.666428623359522
7	0.6884197964379097
8	0.5948461590153711
9	0.3370231708678044
10	0.31074953590015464
11	0.03307734111793589
12	0.11925293695084384
13	0.666428623359522
14	0.13801229332339254
15	0.5139915422627579
16	0.04019100294647176
17	0.07093715149651067
18	0.5139915422627579
19	0.746625162324361
20	0.7111366461700486
21	0.2641873055176485
22	0.19407281858793524
23	0.2959790185358513
24	0.8501615448994048
25	0.8230036250150506
26	0.7588439508744756
27	0.8230036250150506
28	0.6045810297425099
29	0.6347520014624476
30	0.5665719880005149
31	0.6347520014624476
32	0.24359180518339904
33	0.06030803830703579
34	0.6884197964379097
35	0.2282775782464986
36	0.2139261322475624
37	0.4895605451959227
38	0.5309525138815143
39	0.7967132492073021
40	0.9371316004437404
41	0.26851082552023625
42	0.28652413961187273
43	0.31074953590015464
44	0.5665719880005149
45	0.4895605451959227
46	0.5224031981891458
47	0.7227746524257427
48	0.6144752151203998
49	0.7346031188276506
50	0.25574799451757185
51	0.2959790185358513
52	0.6884197964379097
53	0.6773349667879044
54	0.666428623359522
55	0.8501615448994048
56	0.8925879504044913
57	0.9220420515895167
58	0.7712627042813435
59	0.25993340216897615
60	0.19724888986614988
61	0.699686033300596
62	0.31583506350196977
63	0.6773349667879044
64	0.746625162324361
65	0.1789432998085799
66	0.14027091400017713
67	0.12933568132305998
68	0.3538419528953351
69	0.06331764666180337
70	0.6245313223904276
71	0.46629079995640094
72	0.4895605451959227
73	0.9524680951766598
74	0.9220420515895167
75	0.8097517472627824
76	0.4513954094697308
77	0.9524680951766598
78	0.8782156365502464
79	0.8097517472627824
80	0.7967132492073021
81	0.8640747434825135
82	0.8501615448994048
83	0.6884197964379097
84	0.7967132492073021
85	0.19724888986614988
86	0.08480513362915015
87	0.10304345090533529
88	0.14027091400017713
89	0.7967132492073021
90	0.331596475620944
91	0.2282775782464986
92	0.13360357026643968
93	0.1472709844146142
94	0.17606198232518797
95	0.12120455403276079
96	0.13360357026643968
97	0.4587826572335652
98	0.5758441417787837
99	0.9220420515895167
100	0.017279708787603047
101	0.011895693606068052
102	0.008459463654885726
103	0.012288234154010974
104	0.9838981538483328
105	1.0
106	0.004639788871308575
107	0.0017518905076602735
108	0.001373280156343458
109	3.619026607812831e-05
110	0.00017475420935834793
111	0.012901465378461815
112	0.9838981538483328
113	0.9838981538483328
114	0.14968112689163351
115	0.03646109590141791
116	0.011147830387442922
117	0.013112602486345095
118	1.0
119	0.5948461590153711
120	0.9838981538483328
121	0.9838981538483328
122	0.05044600800408453
123	0.008189230970776996
124	0.0023086307871881062
125	0.0014893899404870396
126	0.0005185228330395548
127	0.0023086307871881062
128	0.008057369233585077
129	0.05044600800408453
130	0.9838981538483328
131	0.9838981538483328
132	0.9838981538483328
133	0.9838981538483328
134	0.9838981538483328
135	0.9838981538483328
136	0.9838981538483328
137	0.9838981538483328
138	0.05651656845829486
139	0.01044698413245975
140	0.0011120160060804065
141	7.761308196840292e-05
142	0.00010913947746386269
143	0.0011866166988220997
144	0.0069621692536539215
145	0.045027498890454376
146	0.9838981538483328
147	0.9838981538483328
148	0.5948461590153711
149	0.013766972933527
150	0.011515692539375736
151	0.025100540218357583
152	0.14489964968096344
153	1.0
154	0.015423659850313083
155	0.0015137643410159801
156	0.0011302145468318856
157	0.0004938764550907899
158	0.0016153167178432554
159	0.0036965812672960837
160	0.9838981538483328
161	0.9838981538483328
162	0.00947745670446487
163	0.005369661486237471
164	0.004639788871308575
165	0.01517531045230748
166	0.9071954723294546
167	0.09656527406216285
168	0.05127157501696203
169	0.012090370898187429
170	0.06647744631284418
171	0.045764390058400266
172	0.20709238541955338
173	0.5948461590153711
174	0.17606198232518797
175	0.21048152657828498
176	0.9838981538483328
177	0.9071954723294546
178	0.9680555771461438
179	0.8782156365502464
180	0.8782156365502464
181	0.8364723744993591
182	0.6451399456130124
183	0.6347520014624476
184	0.26851082552023625
185	0.3262571601860559
186	0.7967132492073021
187	0.3262571601860559
188	0.027668282067045125
189	0.02592882145501884
190	0.15715080394779135
191	0.0781938993967436
192	0.09197534264619907
193	0.7712627042813435
194	0.7588439508744756
195	0.7588439508744756
196	0.8364723744993591
197	0.8364723744993591
198	0.8640747434825135
199	0.9680555771461438
200	1.0
