1	0.9838981538483328
2	0.3715000583087364
3	0.022043686905619655
4	0.6347520014624568
5	0.03416884515602848
6	0.0224044397475493
7	0.10995622264422977
8	0.9838981538483328
9	0.9838981538483328
10	0.9838981538483328
11	0.9680555771461439
12	0.4369758436353341
13	0.3900393726467364
14	0.0876035794134446
15	0.6245313223904277
16	0.024298717947761804
17	0.025100540218357583
18	0.1760619823251905
19	0.3900393726467364
20	0.14027091400017913
21	0.10995622264422977
22	0.05933696755250705
23	0.05211065273008629
24	0.10304345090533532
25	0.9220420515895298
26	0.9371316004437404
27	0.9680555771461439
28	0.8640747434825136
29	0.5758441417787837
30	0.3596327033558848
31	0.20375781569034312
32	0.10472979393477024
33	0.4230169025093264
34	0.9680555771461439
35	0.9838981538483328
36	1.0
37	1.0
38	0.9838981538483328
39	0.9680555771461439
40	0.9838981538483328
41	0.6556978921951198
42	0.061295000982726805
43	0.16233655139003356
44	0.011330268629776808
45	0.6773349667879046
46	0.5224031981891458
47	0.7227746524257427
48	0.9071954723294546
49	0.45878265723356515
50	0.12725313808047503
51	0.008738613623635734
52	0.009324852154700492
53	1.0
54	0.02065783558954407
55	0.021339514049848223
56	0.9838981538483328
57	0.9838981538483328
58	0.9838981538483328
59	0.9838981538483328
60	0.010791719379643227
61	0.005114431247540077
62	0.9838981538483328
63	0.022771096439116734
64	0.015423659850313305
65	0.045764390058400266
66	0.12933568132306184
67	0.18787327440652257
68	0.25162997965624895
69	0.2819105719970996
70	0.15972263321475905
71	0.6045810297425099
72	0.6664286233595316
73	0.9680555771461439
74	0.23581040555488644
75	0.17043778391330405
76	0.1972488898661499
77	0.2729051014782479
78	0.9524680951766734
79	0.8230036250150506
80	0.850161544899417
81	0.9524680951766734
82	0.850161544899417
83	0.10644373457266976
84	0.03828064801966493
85	0.15715080394779357
86	0.24359180518339907
87	0.9220420515895298
88	0.9680555771461439
89	0.6347520014624568
90	0.02390746372968385
91	0.018740694914960387
92	0.3107495359001591
93	0.5224031981891458
94	0.6773349667879046
95	0.7111366461700588
96	0.7712627042813435
97	0.9524680951766734
98	0.9524680951766734
99	0.9524680951766734
100	0.9071954723294546
101	0.6144752151203998
102	0.7466251623243612
103	0.7967132492073021
104	0.8097517472627825
105	0.8097517472627825
106	0.8230036250150506
107	0.7967132492073021
108	0.8640747434825136
109	0.850161544899417
110	0.7588439508744865
111	0.6773349667879046
112	0.6347520014624568
113	0.5852680376789872
114	0.0231437535989396
115	0.09501039487561899
116	0.1472709844146142
117	0.2282775782464986
118	0.3596327033558848
119	0.9680555771461439
120	0.9680555771461439
121	0.9838981538483328
122	0.9838981538483328
123	0.3655182215245085
124	0.22460188780169513
125	0.20375781569034312
126	0.21742711012398036
127	0.12318811002815043
128	0.014453999040223764
129	0.01784991398793898
130	0.2912132099152615
131	0.40950387170123426
132	0.25993340216897615
133	0.6664286233595316
134	0.6144752151203998
135	0.0224044397475493
136	0.022043686905619655
137	0.07569604040982214
138	0.6556978921951198
139	0.9220420515895298
140	0.8097517472627825
141	0.8925879504045041
142	0.4369758436353341
143	0.34814444420780405
144	0.03000761409888835
145	0.022043686905619655
146	0.025928821455018843
147	0.0769348332586583
148	0.6245313223904277
149	0.3964225068633188
150	0.35384195289534015
151	0.2912132099152615
152	0.022771096439116734
153	0.6144752151203998
154	0.6347520014624568
155	0.6996860333005961
156	0.6996860333005961
157	0.9071954723294546
158	0.7838846950415602
159	0.8640747434825136
160	0.2819105719970996
161	0.30082282132372057
162	0.38375901867528583
163	0.34253867592861237
164	0.9071954723294546
165	0.4230169025093264
166	0.14027091400017913
167	0.06756537356313871
168	0.14027091400017913
169	0.10818572446379393
170	0.10304345090533532
171	0.6045810297425099
172	0.9071954723294546
173	0.3655182215245085
174	0.34253867592861237
175	0.331596475620944
176	0.2865241396118728
177	0.3210038175868602
178	0.5574491330158785
179	0.9071954723294546
180	0.3210038175868602
181	0.3107495359001591
182	0.2641873055176523
183	0.2773712913382699
184	0.4513954094697309
185	0.7838846950415602
186	0.7111366461700588
187	0.8640747434825136
188	0.850161544899417
189	0.5139915422627652
190	0.2773712913382699
191	0.3964225068633188
192	0.07819389939674472
193	0.0008576564720537255
194	0.3964225068633188
195	0.3964225068633188
196	0.3964225068633188
197	0.03202070454638331
198	0.10818572446379393
199	0.5484731728386767
200	0.9524680951766734
