1	0.38375901867528034
2	0.2004769386898946
3	0.19724888986614988
4	0.25993340216897615
5	0.4739218161276131
6	0.9838981538483187
7	0.9524680951766596
8	0.96805557714613
9	0.5309525138815142
10	0.2641873055176485
11	0.09197534264619776
12	0.014690543918280428
13	0.10472979393477024
14	0.32100381758685564
15	0.15715080394779132
16	0.2435918051833956
17	0.1272531380804732
18	0.31583506350196977
19	0.4369758436353278
20	0.3655182215245033
21	0.3775797899972509
22	0.2435918051833956
23	0.176061982325188
24	0.176061982325188
25	0.176061982325188
26	0.1704377839133016
27	0.25574799451756824
28	0.46629079995640094
29	0.4513954094697244
30	0.614475215120391
31	0.6664286233595316
32	0.5224031981891383
33	0.4029101033605832
34	0.42301690250932034
35	0.4975723790934108
36	0.8097517472627709
37	0.7346031188276402
38	0.7466251623243717
39	0.2320134226836728
40	0.06540703669975906
41	0.12120455403276079
42	0.5665719880005149
43	0.6884197964379097
44	0.892587950404504
45	0.305745894681384
46	0.3370231708678044
47	0.35963270335588476
48	0.29121320991526145
49	0.16769342093829856
50	0.45878265723355866
51	0.5852680376789788
52	0.46629079995640094
53	0.42993972582911677
54	0.3655182215245033
55	0.6451399456130122
56	0.6347520014624477
57	0.9371316004437271
58	0.8097517472627709
59	0.34814444420780405
60	0.46629079995640094
61	0.331596475620944
62	0.4029101033605832
63	0.4369758436353278
64	0.5309525138815142
65	0.836472374499359
66	0.9071954723294418
67	0.7712627042813435
68	0.6884197964379097
69	0.7346031188276402
70	0.7227746524257325
71	0.6347520014624477
72	0.3655182215245033
73	0.09348055211452129
74	0.14727098441461417
75	0.44412711003287414
76	0.892587950404504
77	0.29121320991526145
78	0.35963270335588476
79	0.34814444420780405
80	0.3655182215245033
81	0.6884197964379097
82	0.46629079995640094
83	0.3900393726467363
84	0.14968112689163351
85	0.02133951404984792
86	0.5948461590153711
87	0.0370577948122046
88	0.09197534264619776
89	0.7227746524257325
90	0.31583506350196977
91	0.05838153282986928
92	0.10995622264422977
93	0.5224031981891383
94	0.5852680376789788
95	0.46629079995640094
96	0.513991542262758
97	0.5852680376789788
98	0.96805557714613
99	0.96805557714613
100	0.9071954723294418
101	0.5852680376789788
102	0.1357900406092586
103	0.03954385360034534
104	0.42993972582911677
105	0.513991542262758
106	0.5574491330158864
107	0.34814444420780405
108	0.26851082552023625
109	0.5758441417787837
110	0.4369758436353278
111	0.7346031188276402
112	0.14027091400017913
113	0.20709238541955047
114	0.26851082552023625
115	0.37150005830873634
116	0.699686033300586
117	0.6451399456130122
118	0.836472374499359
119	0.45878265723355866
120	0.020325206299054217
121	0.0019000115066771346
122	0.014221262971401532
123	0.45878265723355866
124	0.18484816784601352
125	0.42301690250932034
126	0.5309525138815142
127	0.5309525138815142
128	0.5224031981891383
129	0.5758441417787837
130	0.6773349667878948
131	0.3008228213237205
132	0.2396695274125257
133	0.783884695041549
134	0.3655182215245033
135	0.40950387170122843
136	0.39642250686331315
137	0.26851082552023625
138	0.6045810297425013
139	0.2246018878016951
140	0.2209853827589351
141	0.3370231708678044
142	0.18787327440652254
143	0.5309525138815142
144	0.23581040555488308
145	0.1789432998085799
146	0.31583506350196977
147	0.16769342093829856
148	0.02099590847766593
149	0.04288725609875964
150	0.8501615448994048
151	0.07447719441285174
152	0.09197534264619776
153	0.2246018878016951
154	0.25162997965624534
155	0.19724888986614988
156	0.14027091400017913
157	0.3262571601860512
158	0.31074953590015464
159	0.3370231708678044
160	0.31074953590015464
161	0.31583506350196977
162	0.4162055494255546
163	0.009324852154700358
164	0.5057153295259776
165	0.2246018878016951
166	0.176061982325188
167	0.12120455403276079
168	0.15213071221465752
169	0.21392613224755938
170	0.34814444420780405
171	0.614475215120391
172	0.7967132492073021
173	0.5948461590153711
174	0.7227746524257325
175	0.9220420515895166
176	0.7466251623243717
177	0.46629079995640094
178	0.4739218161276131
179	0.783884695041549
180	0.48956054519591574
181	0.2037578156903402
182	0.0016417519552458456
183	0.27290510147824404
184	0.0017236818362313373
185	0.0028976934794106932
186	0.5057153295259776
187	0.5309525138815142
188	0.29597901853585135
189	0.5665719880005149
190	0.783884695041549
191	0.783884695041549
192	0.5758441417787837
193	0.15715080394779132
194	0.15715080394779132
195	0.13360357026643777
196	0.21742711012398033
197	0.16233655139003356
198	0.10644373457266823
199	0.6556978921951104
200	0.9838981538483187
