1	1.0
2	0.7967132492073021
3	0.32100381758685564
4	0.25993340216897615
5	0.7227746524257428
6	0.0934805521145213
7	0.018438935128663837
8	0.05838153282986846
9	0.01814203423202152
10	0.0876035794134446
11	0.7838846950415601
12	0.9371316004437403
13	0.9680555771461438
14	0.6347520014624477
15	0.5574491330158785
16	0.5574491330158785
17	0.9071954723294546
18	0.9071954723294546
19	0.9371316004437403
20	0.4095038717012343
21	0.0021286546673816424
22	0.0010941104954323084
23	0.5574491330158785
24	0.5574491330158785
25	1.0
26	1.0
27	0.42993972582911677
28	0.4513954094697244
29	0.4513954094697244
30	0.32100381758685564
31	0.11733274450692358
32	0.03361866366814596
33	0.007191910689857912
34	0.004419250868277081
35	0.0034084033755650564
36	0.0330773411179359
37	1.0
38	0.29597901853585135
39	0.18787327440651988
40	0.1732270593726278
41	0.8097517472627825
42	0.09501039487561899
43	0.08077418408895759
44	0.0370577948122046
45	0.22098538275893512
46	0.9220420515895166
47	0.9838981538483329
48	0.7346031188276507
49	0.7227746524257428
50	0.03646109590141791
51	0.03890712455342853
52	0.10995622264422977
53	0.21742711012398033
54	0.210481526578285
55	0.11544347070632022
56	0.210481526578285
57	0.9220420515895166
58	0.03646109590141791
59	0.016458371314135432
60	0.01935911052773282
61	0.012288234154010976
62	0.025511319561055717
63	0.10472979393476875
64	0.29597901853585135
65	0.9838981538483329
66	0.9371316004437403
67	0.9071954723294546
68	0.9524680951766599
69	0.6451399456130124
70	0.127253138080475
71	0.21742711012398033
72	0.35384195289533515
73	0.5224031981891458
74	0.07093715149651067
75	0.06435386265758217
76	0.01044698413245975
77	0.029049038185277713
78	0.045764390058400266
79	0.32100381758685564
80	0.4513954094697244
81	0.8501615448994049
82	0.6347520014624477
83	0.3775797899972509
84	0.23581040555488308
85	0.19407281858793526
86	0.5484731728386766
87	0.45878265723356515
88	0.1909478879208119
89	0.17894329980858245
90	0.6347520014624477
91	0.1425664978143701
92	0.42301690250932045
93	0.0769348332586583
94	0.07093715149651067
95	0.0876035794134446
96	0.7588439508744756
97	0.7346031188276507
98	0.6451399456130124
99	0.8640747434825136
100	0.6556978921951198
101	0.6245313223904277
102	0.8097517472627825
103	0.6045810297425099
104	0.6045810297425099
105	0.007429233258549036
106	0.003353521788788837
107	0.06435386265758217
108	0.0675653735631387
109	1.0
110	1.0
111	1.0
112	1.0
113	0.013766972933527001
114	0.011515692539375738
115	0.10138426111191927
116	0.12318811002815043
117	0.9524680951766599
118	0.9680555771461438
119	0.9838981538483329
120	0.6144752151203998
121	0.4739218161276131
122	0.9838981538483329
123	1.0
124	1.0
125	1.0
126	0.9838981538483329
127	0.9524680951766599
128	0.7111366461700486
129	0.699686033300596
130	0.8230036250150508
131	0.5139915422627652
132	0.4095038717012343
133	0.5309525138815143
134	0.7588439508744756
135	0.9838981538483329
136	0.9524680951766599
137	0.9524680951766599
138	0.9838981538483329
139	0.6556978921951198
140	0.3008228213237163
141	0.26851082552023625
142	0.2729051014782479
143	0.22827757824649858
144	0.48956054519592274
145	0.9680555771461438
146	0.11175569566235918
147	0.08343961441458082
148	0.07209806342155876
149	0.0876035794134446
150	1.0
151	0.9680555771461438
152	0.9220420515895166
153	0.9220420515895166
154	0.9220420515895166
155	0.0370577948122046
156	0.05296346225091007
157	0.12120455403276077
158	0.09197534264619907
159	0.9071954723294546
160	0.9371316004437403
161	0.42993972582911677
162	0.7967132492073021
163	0.17043778391330405
164	0.15715080394779135
165	0.22460188780169194
166	0.22098538275893512
167	0.20047693868989458
168	0.30574589468138835
169	0.11544347070632022
170	0.09975178733729329
171	0.07093715149651067
172	0.11544347070632022
173	0.7227746524257428
174	0.836472374499359
175	0.6144752151203998
176	0.5758441417787837
177	0.5484731728386766
178	0.6773349667878948
179	0.09975178733729329
180	0.10472979393476875
181	0.176061982325188
182	0.2729051014782479
183	0.48956054519592274
184	0.43697584363533404
185	0.10138426111191927
186	0.020995908477665932
187	0.04430247303072529
188	0.07327797408660716
189	0.26851082552023625
190	0.8782156365502464
191	0.42301690250932045
192	0.42993972582911677
193	0.42993972582911677
194	0.8501615448994049
195	0.6245313223904277
196	0.39642250686331315
197	0.6556978921951198
198	0.6773349667878948
199	0.6664286233595221
200	0.9220420515895166
