1	0.6556978921951198
2	0.5948461590153711
3	0.13579004060925667
4	0.003520875718327124
5	0.0027155201279554955
6	0.05651656845829405
7	0.9838981538483329
8	0.6664286233595221
9	0.14968112689163143
10	0.39642250686331315
11	0.5948461590153711
12	0.6144752151203912
13	0.7346031188276402
14	0.9838981538483329
15	1.0
16	0.9071954723294289
17	0.30574589468137964
18	0.48956054519591574
19	0.9838981538483329
20	1.0
21	1.0
22	0.3210038175868511
23	0.30574589468137964
24	0.2685108255202324
25	0.21048152657828498
26	0.04430247303072466
27	0.06030803830703493
28	0.33702317086779965
29	0.02678443476505491
30	0.11544347070631857
31	0.10472979393476875
32	0.6664286233595221
33	0.746625162324361
34	0.809751747262771
35	0.5574491330158785
36	0.5574491330158785
37	0.39003937264673083
38	0.21048152657828498
39	0.20047693868989458
40	0.21392613224755633
41	0.02551131956105572
42	0.48956054519591574
43	0.3262571601860512
44	0.24757827243666986
45	0.30574589468137964
46	0.5852680376789788
47	0.29121320991526145
48	0.5948461590153711
49	0.5574491330158785
50	0.2516299796562454
51	0.5484731728386766
52	0.09197534264619776
53	0.06647744631284323
54	0.4095038717012285
55	0.513991542262758
56	0.11733274450692355
57	0.11544347070631857
58	0.052110652730085555
59	0.36551822152450847
60	0.43697584363533404
61	0.9220420515895166
62	1.0
63	0.7227746524257325
64	0.5665719880005149
65	0.6347520014624387
66	0.6556978921951198
67	0.06331764666180245
68	0.0029451152724262256
69	0.005369661486237395
70	0.331596475620944
71	0.04963373414423629
72	0.2396695274125257
73	0.09975178733729187
74	0.18787327440651988
75	0.0038185630603913942
76	0.0020274756563298706
77	0.005198130749138961
78	0.4739218161276131
79	0.513991542262758
80	0.05383022830539263
81	0.01967592931444509
82	0.015175310452307482
83	0.01469054391828043
84	0.01567607357528453
85	0.015175310452307482
86	0.016458371314135432
87	0.002163490864431221
88	9.584799567368471e-05
89	0.0003291334060758314
90	0.002671795240633401
91	0.02551131956105572
92	1.0
93	0.4230169025093144
94	0.43697584363533404
95	0.9680555771461301
96	0.042196692099189664
97	0.00024976089423135706
98	0.00011646120716896553
99	0.0006099109471022964
100	0.0005185228330395548
101	1.0
102	0.0025447997235481606
103	0.0016417519552458227
104	0.0013294115143323943
105	0.0015637163575655231
106	0.018438935128663837
107	0.28652413961186873
108	1.0
109	1.0
110	1.0
111	1.0
112	0.28652413961186873
113	0.018438935128663837
114	0.0013294115143323943
115	0.0007655338325415601
116	0.0015637163575655231
117	0.0023086307871880737
118	1.0
119	0.0005101736581558108
120	0.0005101736581558108
121	2.1527640770318603e-05
122	0.00015347187921147437
123	0.045764390058400266
124	0.9838981538483329
125	0.46629079995639433
126	0.5057153295259705
127	0.9071954723294289
128	0.9838981538483329
129	0.012693727967806583
130	0.0002089180882547865
131	8.017420053217135e-05
132	0.00010913947746386269
133	0.002346412357984714
134	1.0
135	0.9838981538483329
136	0.9838981538483329
137	0.9838981538483329
138	0.9838981538483329
139	0.9838981538483329
140	0.9680555771461301
141	0.9680555771461301
142	0.0015137643410159584
143	6.0839707090035407e-05
144	0.001962709116638114
145	0.0018694178137101955
146	0.002198897168339217
147	0.005823662247270162
148	0.04151724745489924
149	0.029524436113288192
150	0.020325206299054217
151	0.02168874285044923
152	0.02390746372968351
153	1.0
154	0.00947745670446487
155	0.00742923325854893
156	0.06331764666180245
157	0.2729051014782441
158	0.3837590186752749
159	0.18484816784601615
160	0.030007614098887924
161	0.21392613224755633
162	0.03766425891466563
163	0.25993340216897615
164	0.5852680376789788
165	0.6773349667878948
166	0.7111366461700486
167	0.7111366461700486
168	0.9371316004437404
169	0.5574491330158785
170	0.15972263321475674
171	0.08209608258032164
172	0.07693483325865721
173	0.2209853827589351
174	0.15715080394778913
175	0.5948461590153711
176	0.6556978921951198
177	0.06540703669975813
178	0.2396695274125257
179	0.3262571601860512
180	0.34253867592860743
181	0.6045810297424927
182	0.9680555771461301
183	0.9680555771461301
184	0.8501615448994048
185	0.48956054519591574
186	0.04430247303072466
187	0.1252041276287828
188	0.04430247303072466
189	0.07093715149650967
190	0.35963270335588476
191	0.022043686905619336
192	0.19407281858793524
193	0.11358461770178771
194	0.10818572446379239
195	0.11544347070631857
196	0.1472709844146142
197	0.41620554942555466
198	0.39642250686331315
199	0.8501615448994048
200	0.9838981538483329
