1	0.9524680951766463
2	0.0320207045463824
3	0.03307734111793543
4	0.04883453939311236
5	0.08480513362914774
6	0.02635315591720863
7	0.008597905811488723
8	0.01672771846329989
9	0.008459463654885487
10	0.0048713325882563455
11	0.009632558682416041
12	0.022771096439116737
13	0.01672771846329989
14	0.018740694914959853
15	0.010791719379643074
16	0.007550815325235523
17	0.012288234154010976
18	0.039543853600344785
19	0.1448996496809614
20	0.6773349667878853
21	0.6664286233595222
22	0.3425386759286026
23	0.04288725609875903
24	1.0
25	0.25574799451756464
26	0.26418730551764474
27	0.027222771645920248
28	0.03307734111793543
29	0.9838981538483049
30	0.005546852487609638
31	0.011330268629776487
32	0.008738613623635486
33	0.004348092770690338
34	0.010113261253784643
35	0.014930959938100218
36	0.9838981538483049
37	0.758843950874465
38	0.7227746524257325
39	0.9838981538483049
40	0.9838981538483049
41	0.9838981538483049
42	0.1231881100281487
43	0.05744148237014177
44	0.02168874285044923
45	0.025928821455018475
46	0.017279708787602804
47	0.023143753598938943
48	0.3158350635019653
49	0.22827757824649214
50	0.21742711012397725
51	0.7111366461700386
52	0.20047693868989175
53	0.4895605451959088
54	1.0
55	0.6451399456130031
56	0.5948461590153626
57	0.6996860333005861
58	0.35384195289533016
59	0.7838846950415491
60	0.9838981538483049
61	0.8640747434825014
62	1.0
63	0.5396417421912961
64	0.8925879504044915
65	0.6347520014624387
66	0.46629079995639433
67	0.7111366461700386
68	0.29121320991525734
69	0.277371291338266
70	0.03254473486014822
71	0.05838153282986846
72	0.3008228213237163
73	0.7712627042813326
74	0.9220420515895035
75	0.1909478879208065
76	0.09049436982916054
77	0.05651656845829406
78	0.062298115656567614
79	0.08343961441457963
80	0.1380122933233906
81	0.9220420515895035
82	0.9838981538483049
83	0.7346031188276297
84	0.7466251623243612
85	0.9680555771461165
86	0.9680555771461165
87	0.0036370594844428446
88	0.0007291465512741374
89	0.00040646211284928576
90	0.02204368690561934
91	0.003944570074838653
92	0.02204368690561934
93	0.9680555771461165
94	0.030007614098887497
95	0.0744771944128507
96	0.1173327445069219
97	0.03529636723622752
98	0.014221262971401333
99	0.09814559940423159
100	0.8640747434825014
101	0.42301690250931445
102	0.9220420515895035
103	0.907195472329429
104	0.9838981538483049
105	0.9838981538483049
106	0.9838981538483049
107	0.5057153295259705
108	0.9680555771461165
109	0.0876035794134446
110	0.08480513362914774
111	0.09348055211451999
112	0.0950103948756163
113	0.8925879504044915
114	0.907195472329429
115	0.8782156365502339
116	0.9838981538483049
117	0.04358912142584555
118	0.35384195289533016
119	0.6884197964379
120	0.017001473575158972
121	0.33702317086779965
122	0.1448996496809614
123	0.04358912142584555
124	0.011147830387442607
125	0.00044082817280251155
126	0.00135116781054284
127	0.0030422997831473205
128	0.002897693479410653
129	0.010968329737619126
130	0.020657835589543483
131	0.002384812237737442
132	0.004074735137074894
133	0.004141419638950832
134	0.016458371314135432
135	0.03416884515602799
136	0.9838981538483049
137	0.06979493239667438
138	0.0408487431237386
139	0.04576439005839962
140	0.05471117929721263
141	1.0
142	0.9838981538483049
143	0.9524680951766463
144	0.9680555771461165
145	0.9838981538483049
146	0.9371316004437272
147	0.9220420515895035
148	0.9838981538483049
149	0.9680555771461165
150	0.6451399456130031
151	0.5574491330158786
152	0.5574491330158786
153	1.0
154	0.8925879504044915
155	0.7346031188276297
156	0.4299397258291108
157	0.018142034232021265
158	0.018740694914959853
159	0.1173327445069219
160	0.5224031981891384
161	0.6347520014624387
162	0.8364723744993473
163	0.40291010336057753
164	0.06129500098272593
165	0.060308038307034934
166	0.08903724340857805
167	0.5396417421912961
168	0.5396417421912961
169	0.907195472329429
170	0.8925879504044915
171	0.6773349667878853
172	0.7227746524257325
173	0.4739218161276064
174	0.6556978921951012
175	0.3210038175868511
176	0.2819105719970916
177	0.5948461590153626
178	0.38375901867527495
179	0.35963270335587966
180	0.38375901867527495
181	0.6347520014624387
182	0.3158350635019653
183	0.36551822152449814
184	0.8364723744993473
185	0.6664286233595222
186	0.6664286233595222
187	0.481677716615238
188	0.35963270335587966
189	0.15213071221465535
190	0.277371291338266
191	0.5224031981891384
192	0.8230036250150273
193	0.7967132492072908
194	1.0
195	1.0
196	0.43697584363532166
197	0.3775797899972455
198	0.025100540218356872
199	0.03529636723622752
200	0.6664286233595222
