1	0.9838981538483189
2	0.9838981538483189
3	0.9838981538483189
4	0.9838981538483189
5	0.9524680951766463
6	0.9524680951766463
7	0.9524680951766463
8	0.9680555771461439
9	0.823003625015039
10	0.7227746524257428
11	0.8501615448993928
12	0.699686033300596
13	0.1212045540327608
14	0.1272531380804732
15	0.3775797899972509
16	0.40291010336058325
17	0.48167771661524483
18	0.9680555771461439
19	0.07819389939674361
20	0.0290490381852773
21	0.023522509426831584
22	0.1425664978143681
23	0.2037578156903402
24	0.4369758436353279
25	0.9680555771461439
26	0.8782156365502339
27	0.8640747434825136
28	0.9838981538483189
29	0.3538419528953301
30	0.0965652740621615
31	0.03766425891466563
32	0.10304345090533384
33	0.011147830387442765
34	0.0997517873372933
35	0.3964225068633076
36	0.3964225068633076
37	0.24757827243666986
38	0.3837590186752804
39	0.4299397258291168
40	0.3262571601860513
41	0.2912132099152615
42	0.3837590186752804
43	0.1818717710859395
44	0.3837590186752804
45	0.5665719880005069
46	0.746625162324361
47	0.5224031981891458
48	0.5852680376789788
49	0.24359180518339907
50	0.2599334021689762
51	0.277371291338266
52	0.44412711003286787
53	0.2819105719970956
54	0.20709238541955047
55	0.20709238541955047
56	0.06540703669975811
57	0.48167771661524483
58	0.783884695041549
59	0.823003625015039
60	0.8364723744993591
61	0.5224031981891458
62	0.0744771944128507
63	0.062298115656567614
64	0.16769342093829617
65	0.6451399456130124
66	0.9838981538483189
67	0.9371316004437271
68	0.7712627042813435
69	0.6045810297425014
70	0.614475215120391
71	0.9680555771461439
72	0.9524680951766463
73	0.1212045540327608
74	0.09197534264619776
75	0.513991542262758
76	0.5224031981891458
77	0.1878732744065199
78	0.10304345090533384
79	0.08480513362915015
80	0.08903724340857931
81	0.08343961441457963
82	0.00873861362363561
83	0.02099590847766593
84	0.40291010336058325
85	0.6451399456130124
86	0.08343961441457963
87	0.09501039487561765
88	0.9524680951766463
89	0.11733274450692356
90	0.32100381758685564
91	0.22098538275893195
92	0.31074953590015464
93	0.9371316004437271
94	0.9071954723294418
95	0.9680555771461439
96	0.9680555771461439
97	0.8782156365502339
98	0.6245313223904277
99	0.7111366461700385
100	0.5852680376789788
101	0.04576439005840027
102	0.03049869946550789
103	0.31583506350196533
104	0.009790198959862089
105	0.015175310452307482
106	0.10818572446379239
107	0.677334966787895
108	0.08480513362915015
109	0.009950419076984445
110	0.005918968568537472
111	0.0061142859028680595
112	0.02510054021835723
113	0.023522509426831584
114	0.022771096439116734
115	0.027222771645920248
116	0.5852680376789788
117	0.5396417421913039
118	0.08209608258032047
119	0.44412711003286787
120	0.8925879504044913
121	0.3425386759286075
122	0.3715000583087311
123	0.3262571601860513
124	0.0290490381852773
125	0.10138426111191928
126	0.15213071221465752
127	0.23201342268367284
128	0.5396417421913039
129	0.5665719880005069
130	0.3837590186752804
131	0.4369758436353279
132	0.9220420515895167
133	0.21742711012398036
134	0.21742711012398036
135	0.45139540946972445
136	0.4739218161276064
137	0.9220420515895167
138	0.8925879504044913
139	0.9524680951766463
140	0.9220420515895167
141	0.9680555771461439
142	0.9838981538483189
143	0.9680555771461439
144	0.809751747262771
145	0.809751747262771
146	0.8501615448993928
147	0.9220420515895167
148	0.23201342268367284
149	0.15972263321475674
150	0.09049436982916181
151	0.04084874312373918
152	0.10995622264422822
153	0.11358461770178932
154	0.12933568132305998
155	0.1212045540327608
156	0.001225773320081767
157	0.00044804248394847326
158	0.3900393726467363
159	0.40950387170122843
160	0.9838981538483189
161	0.9838981538483189
162	0.9680555771461439
163	0.6347520014624387
164	0.5852680376789788
165	0.5396417421913039
166	0.0512715750169613
167	0.05044600800408453
168	0.24359180518339907
169	0.3425386759286075
170	0.34814444420780405
171	0.2037578156903402
172	0.40950387170122843
173	0.23201342268367284
174	0.3057458946813841
175	0.6556978921951105
176	0.6245313223904277
177	0.746625162324361
178	0.7967132492072908
179	0.9838981538483189
180	0.9838981538483189
181	0.9838981538483189
182	0.9680555771461439
183	0.677334966787895
184	0.6884197964379098
185	0.7111366461700385
186	0.7227746524257428
187	0.9220420515895167
188	0.8925879504044913
189	0.9220420515895167
190	0.677334966787895
191	0.3964225068633076
192	0.31583506350196533
193	0.24359180518339907
194	0.5948461590153626
195	0.5852680376789788
196	0.6347520014624387
197	0.5224031981891458
198	0.5484731728386688
199	0.6884197964379098
200	0.6664286233595221
