1	0.9371316004437404
2	0.32100381758685564
3	0.35963270335588476
4	0.30082282132372057
5	0.20047693868989458
6	0.746625162324361
7	0.9220420515895166
8	0.746625162324361
9	0.2865241396118708
10	0.3715000583087337
11	0.24757827243667163
12	0.48956054519591924
13	0.5309525138815105
14	0.4816777166152449
15	0.3775797899972509
16	0.5758441417787837
17	0.5758441417787837
18	0.746625162324361
19	0.6144752151203954
20	0.5852680376789872
21	0.5574491330158785
22	0.9838981538483259
23	0.9838981538483259
24	0.8097517472627824
25	0.7588439508744704
26	0.6347520014624433
27	0.32625716018605594
28	0.08209608258032164
29	0.041517247454898945
30	0.2396695274125274
31	0.04288725609875994
32	0.07093715149651017
33	0.10995622264422977
34	0.106443734572669
35	0.6884197964379146
36	0.7346031188276455
37	0.8782156365502402
38	0.9071954723294483
39	0.9071954723294483
40	0.7838846950415547
41	0.5665719880005109
42	0.6045810297425099
43	0.8364723744993591
44	0.3775797899972509
45	0.3370231708678045
46	0.3057458946813862
47	0.22827757824649697
48	0.11544347070631938
49	0.10472979393476875
50	0.14027091400017713
51	0.3775797899972509
52	0.5057153295259778
53	0.5758441417787837
54	0.8501615448993988
55	0.699686033300596
56	0.7588439508744704
57	0.746625162324361
58	0.5665719880005109
59	0.45878265723356193
60	0.8230036250150449
61	0.9680555771461439
62	0.952468095176653
63	0.02204368690561934
64	0.02766828206704513
65	0.006524468815236764
66	0.5057153295259778
67	0.1472709844146142
68	0.022404439747549142
69	0.32100381758685564
70	0.9371316004437404
71	0.699686033300596
72	0.8501615448993988
73	0.7227746524257427
74	0.8364723744993591
75	0.8925879504044913
76	0.8925879504044913
77	0.8364723744993591
78	0.6045810297425099
79	0.7838846950415547
80	0.8925879504044913
81	0.952468095176653
82	0.7967132492072965
83	0.8782156365502402
84	0.5057153295259778
85	0.3715000583087337
86	0.1676934209382962
87	0.12318811002814956
88	0.17043778391330283
89	0.2819105719970956
90	0.9838981538483259
91	0.9680555771461439
92	0.952468095176653
93	0.7588439508744704
94	0.13579004060925862
95	0.2396695274125274
96	0.08343961441458023
97	0.176061982325188
98	0.6556978921951151
99	0.7346031188276455
100	0.7111366461700436
101	0.46629079995640094
102	0.3315964756209417
103	0.19407281858793526
104	0.23581040555488306
105	0.5396417421913038
106	0.5396417421913038
107	0.5484731728386727
108	0.9371316004437404
109	0.9838981538483259
110	0.9371316004437404
111	0.8782156365502402
112	0.9071954723294483
113	0.5484731728386727
114	0.30082282132372057
115	0.019359110527732683
116	0.015423659850313087
117	0.40950387170123137
118	0.41620554942555466
119	0.19094788792081055
120	0.18787327440651988
121	0.13579004060925862
122	0.29121320991526145
123	0.9680555771461439
124	0.9220420515895166
125	0.9371316004437404
126	0.9838981538483259
127	0.9838981538483259
128	0.8097517472627824
129	0.8097517472627824
130	0.29121320991526145
131	0.6451399456130124
132	0.6451399456130124
133	0.17894329980858115
134	0.4513954094697309
135	0.11925293695084299
136	0.2209853827589335
137	0.1818717710859395
138	0.2396695274125274
139	0.6245313223904277
140	0.5574491330158785
141	0.9838981538483259
142	1.0
143	1.0
144	0.699686033300596
145	0.6556978921951151
146	0.6451399456130124
147	0.21392613224756088
148	0.41620554942555466
149	0.3775797899972509
150	0.06331764666180337
151	0.01843893512866384
152	0.04084874312373918
153	0.23581040555488306
154	0.8230036250150449
155	0.7838846950415547
156	0.5574491330158785
157	0.7588439508744704
158	0.6884197964379146
159	0.6884197964379146
160	0.7346031188276455
161	0.1472709844146142
162	0.02766828206704513
163	0.007927630713798602
164	0.0002708779863139599
165	0.0007655338325415655
166	0.0021634908644312515
167	0.006419412822152426
168	0.9838981538483259
169	0.5139915422627616
170	0.1013842611119193
171	0.08619300005539333
172	0.27737129133826793
173	0.8364723744993591
174	0.5396417421913038
175	0.20047693868989458
176	0.07209806342155825
177	0.09656527406216218
178	0.3715000583087337
179	1.0
180	1.0
181	0.9838981538483259
182	0.3715000583087337
183	0.09656527406216218
184	0.07569604040982214
185	0.04804821315291659
186	0.07947357060373018
187	0.3538419528953326
188	0.06867110513305662
189	0.2396695274125274
190	0.7588439508744704
191	0.013327194928720821
192	0.005637628717885366
193	0.00779998122369773
194	0.0012257733200817756
195	0.016193361151328096
196	0.03828064801966494
197	0.16233655139003356
198	0.9838981538483259
199	0.9838981538483259
200	0.9838981538483259
