1	1.0
2	1.0
3	0.9220420515895167
4	0.6245313223904276
5	0.6664286233595222
6	0.21392613224755938
7	0.24359180518339563
8	0.48956054519591574
9	0.1336035702664378
10	0.09814559940423159
11	0.14489964968096347
12	0.6664286233595222
13	0.6996860333005861
14	0.7346031188276403
15	0.5484731728386688
16	0.39003937264673083
17	0.5852680376789788
18	0.758843950874465
19	0.6451399456130124
20	0.04430247303072466
21	0.04084874312373918
22	0.6451399456130124
23	0.2282775782464954
24	0.22460188780169196
25	0.2282775782464954
26	0.2282775782464954
27	0.22460188780169196
28	0.004209195456615611
29	0.7712627042813435
30	0.7712627042813435
31	0.7838846950415491
32	0.7838846950415491
33	1.0
34	0.7967132492072908
35	0.7838846950415491
36	0.7712627042813435
37	0.00335352178878879
38	0.004278080449843506
39	0.008597905811488723
40	0.015175310452307484
41	0.011330268629776647
42	0.015175310452307484
43	0.7967132492072908
44	0.3775797899972455
45	0.49757237909340374
46	0.04358912142584555
47	0.02858129504156366
48	0.022404439747548983
49	0.02429871794776146
50	0.9838981538483188
51	1.0
52	1.0
53	1.0
54	1.0
55	1.0
56	0.09049436982916181
57	0.0024635075651007273
58	0.002945115272426268
59	0.003246395470718055
60	0.0012662220527620764
61	0.01619336115132798
62	0.9838981538483188
63	1.0
64	1.0
65	1.0
66	1.0
67	1.0
68	0.004278080449843506
69	0.0003455584578030299
70	0.0015637163575655457
71	0.0011675099792966342
72	0.0009765898446339532
73	0.07093715149650967
74	0.9680555771461301
75	0.9680555771461301
76	0.9680555771461301
77	0.9680555771461301
78	0.0031941225103010833
79	0.024696375181436803
80	0.026353155917209006
81	0.03954385360034535
82	0.9838981538483188
83	0.008597905811488723
84	0.006214348384488035
85	0.041517247454898654
86	0.02858129504156366
87	0.026353155917209006
88	0.9838981538483188
89	0.9680555771461301
90	0.9680555771461301
91	0.9680555771461301
92	0.9680555771461301
93	0.018142034232021265
94	0.013327194928720634
95	0.0006198923584893026
96	0.0005101736581558108
97	0.0026717952406334006
98	0.9371316004437271
99	0.7227746524257325
100	0.6884197964379097
101	0.7346031188276403
102	0.746625162324361
103	0.49757237909340374
104	0.2685108255202363
105	0.18187177108593688
106	0.14489964968096347
107	0.2729051014782441
108	0.11175569566235759
109	0.31074953590015464
110	0.08903724340857933
111	0.06229811565656762
112	0.05383022830539263
113	0.746625162324361
114	0.35384195289533016
115	0.33159647562093936
116	0.02429871794776146
117	0.027668282067044733
118	0.6664286233595222
119	0.6773349667878948
120	0.7346031188276403
121	0.11733274450692358
122	0.05296346225090933
123	0.1425664978143681
124	0.2037578156903402
125	0.6884197964379097
126	0.06867110513305613
127	0.10818572446379239
128	0.3425386759286075
129	0.09049436982916181
130	0.07819389939674361
131	0.746625162324361
132	0.8782156365502339
133	0.4816777166152449
134	0.4299397258291168
135	0.3370231708678045
136	0.09814559940423159
137	0.513991542262758
138	0.746625162324361
139	0.40291010336057753
140	0.4095038717012285
141	0.49757237909340374
142	0.9680555771461301
143	0.9838981538483188
144	1.0
145	0.8640747434825136
146	0.5948461590153626
147	0.39003937264673083
148	0.4441271100328678
149	0.7346031188276403
150	0.29121320991525734
151	0.3655182215245033
152	0.2516299796562454
153	0.2685108255202363
154	0.24757827243666988
155	0.1314523061326904
156	0.07569604040982214
157	0.8782156365502339
158	0.7838846950415491
159	0.8364723744993472
160	0.8640747434825136
161	0.9071954723294419
162	0.9071954723294419
163	0.9071954723294419
164	0.6556978921951104
165	0.7712627042813435
166	0.7967132492072908
167	0.7967132492072908
168	0.8097517472627709
169	0.15462038588001104
170	0.21742711012398036
171	0.19407281858793526
172	0.033077341117935435
173	0.10138426111191785
174	0.025100540218357226
175	0.12725313808047323
176	0.9220420515895167
177	0.6045810297425014
178	0.4441271100328678
179	0.513991542262758
180	0.24359180518339563
181	0.14027091400017716
182	0.23201342268367284
183	0.8925879504044915
184	0.9680555771461301
185	0.9680555771461301
186	0.9838981538483188
187	0.9838981538483188
188	0.9838981538483188
189	0.8925879504044915
190	0.23201342268367284
191	0.18187177108593688
192	0.2004769386898946
193	0.7967132492072908
194	0.48956054519591574
195	0.15715080394779135
196	0.2037578156903402
197	0.6884197964379097
198	0.37150005830873106
199	0.7111366461700385
200	0.6996860333005861
