1	1.0
2	0.9524680951766463
3	0.9371316004437271
4	0.8501615448993927
5	0.5484731728386688
6	0.7111366461700385
7	0.823003625015039
8	0.513991542262758
9	0.7967132492072908
10	0.809751747262771
11	0.9838981538483188
12	1.0
13	1.0
14	0.9680555771461302
15	0.9371316004437271
16	0.9220420515895165
17	0.9680555771461302
18	0.9680555771461302
19	0.823003625015039
20	0.7111366461700385
21	0.758843950874465
22	0.49757237909340374
23	0.6347520014624387
24	0.783884695041549
25	0.758843950874465
26	0.21392613224755938
27	0.4230169025093144
28	0.5224031981891384
29	0.11175569566235759
30	0.29121320991526145
31	0.4513954094697245
32	0.6347520014624387
33	0.9071954723294288
34	0.5484731728386688
35	0.09656527406216149
36	0.0547111792972134
37	0.030498699465507893
38	0.5224031981891384
39	0.5574491330158785
40	0.5948461590153626
41	0.6245313223904276
42	0.9524680951766463
43	0.809751747262771
44	0.758843950874465
45	0.758843950874465
46	0.809751747262771
47	0.9838981538483188
48	0.48956054519591574
49	0.4299397258291168
50	0.1521307122146575
51	0.22827757824649533
52	0.746625162324361
53	0.783884695041549
54	0.9220420515895165
55	0.9524680951766463
56	0.9220420515895165
57	0.41620554942555466
58	0.27737129133826594
59	0.20047693868989175
60	0.22460188780169196
61	1.0
62	0.30082282132371624
63	0.1760619823251855
64	0.09049436982916181
65	0.027222771645920248
66	0.08343961441457963
67	0.2037578156903402
68	0.9371316004437271
69	0.7346031188276402
70	0.5309525138815068
71	0.47392181612760637
72	0.758843950874465
73	0.09348055211451997
74	0.001465408012805456
75	0.0016417519552458459
76	0.045027498890454376
77	0.0472745482168648
78	0.0472745482168648
79	0.030997821620274372
80	0.01567607357528453
81	0.052963462250909324
82	0.9524680951766463
83	0.9838981538483188
84	0.823003625015039
85	0.9680555771461302
86	0.9838981538483188
87	0.9371316004437271
88	0.9371316004437271
89	0.9838981538483188
90	0.9524680951766463
91	0.9220420515895165
92	0.9838981538483188
93	0.02390746372968351
94	0.015175310452307482
95	0.03646109590141791
96	0.030007614098887924
97	0.020325206299054217
98	0.023522509426831248
99	0.0003999173224417049
100	0.0005270086451645973
101	0.019675929314445093
102	0.9371316004437271
103	0.9524680951766463
104	0.7111366461700385
105	0.6045810297425014
106	0.8925879504044915
107	0.9524680951766463
108	0.9838981538483188
109	0.9524680951766463
110	0.19407281858793524
111	0.23581040555487975
112	0.22460188780169196
113	0.823003625015039
114	0.08760357941344458
115	0.2037578156903402
116	0.9371316004437271
117	0.2641873055176448
118	0.40291010336057753
119	0.836472374499359
120	0.8640747434825136
121	0.9371316004437271
122	0.12933568132305998
123	0.1099562226442282
124	0.783884695041549
125	0.022771096439116734
126	0.03361866366814549
127	0.758843950874465
128	0.019997932954225667
129	0.05744148237014259
130	0.4230169025093144
131	0.41620554942555466
132	0.32100381758685564
133	0.31074953590015464
134	0.24359180518339557
135	0.24757827243666988
136	0.011330268629776647
137	0.6884197964379097
138	0.008057369233584962
139	0.030007614098887924
140	0.3425386759286075
141	0.49757237909340374
142	0.9838981538483188
143	0.5396417421912961
144	0.11175569566235759
145	0.14489964968096344
146	0.1252041276287828
147	0.2037578156903402
148	0.9524680951766463
149	0.8782156365502338
150	0.5574491330158785
151	0.6347520014624387
152	0.9838981538483188
153	0.9071954723294288
154	0.9838981538483188
155	0.9838981538483188
156	0.9680555771461302
157	0.8501615448993927
158	0.8501615448993927
159	0.8640747434825136
160	0.9838981538483188
161	0.9838981538483188
162	0.6996860333005861
163	0.7967132492072908
164	0.16233655139003356
165	0.3370231708678045
166	0.6451399456130124
167	0.010617952774480096
168	0.018142034232021265
169	0.00963255868241604
170	0.013766972933527001
171	0.40950387170122843
172	0.9838981538483188
173	0.6245313223904276
174	0.7111366461700385
175	0.8501615448993927
176	0.9680555771461302
177	1.0
178	0.4587826572335587
179	0.19724888986614708
180	0.6045810297425014
181	0.4587826572335587
182	0.03954385360034534
183	0.3315964756209393
184	0.0769348332586572
185	0.48956054519591574
186	0.6245313223904276
187	0.513991542262758
188	0.5948461590153626
189	0.823003625015039
190	1.0
191	0.9680555771461302
192	1.0
193	0.6347520014624387
194	0.3775797899972455
195	0.3655182215245033
196	0.28191057199709557
197	0.48167771661524483
198	0.5574491330158785
199	0.48167771661524483
200	0.9071954723294288
