1	1.0
2	1.0
3	1.0
4	1.0
5	1.0
6	1.0
7	1.0
8	0.1448996496809614
9	0.0026717952406334006
10	0.0029933131400918323
11	0.007927630713798489
12	0.007550815325235631
13	0.004951053693111541
14	0.012288234154010974
15	0.004009124378788922
16	0.0031426912410505493
17	0.004209195456615552
18	0.02678443476505529
19	1.0
20	0.3210038175868511
21	1.0
22	1.0
23	0.056516568458294045
24	0.098145599404233
25	0.2685108255202324
26	1.0
27	1.0
28	1.0
29	0.27290510147824404
30	0.05044600800408382
31	0.10818572446379085
32	0.3210038175868511
33	0.02510054021835687
34	0.003246395470718055
35	0.004715720680195249
36	0.007076107650393088
37	0.9371316004437404
38	0.9524680951766462
39	1.0
40	1.0
41	0.1496811268916314
42	0.13145230613269226
43	0.098145599404233
44	0.10472979393476875
45	1.0
46	0.9838981538483188
47	0.9680555771461301
48	0.10818572446379085
49	0.11925293695084045
50	0.15213071221465752
51	0.1448996496809614
52	0.9524680951766462
53	0.41620554942555466
54	0.6556978921951104
55	0.40291010336057753
56	0.1448996496809614
57	0.10818572446379085
58	0.03890712455342798
59	0.05044600800408382
60	0.012901465378461633
61	0.008881624169591297
62	0.01567607357528453
63	0.08343961441457962
64	1.0
65	1.0
66	0.9371316004437404
67	0.9220420515895036
68	0.9371316004437404
69	0.9371316004437404
70	0.9371316004437404
71	1.0
72	1.0
73	0.14256649781436606
74	0.07819389939674361
75	0.06979493239667438
76	0.011895693606067882
77	0.005198130749138961
78	0.004209195456615552
79	0.9371316004437404
80	0.08077418408895645
81	0.11733274450692356
82	0.098145599404233
83	0.45878265723355216
84	0.9071954723294418
85	0.9838981538483188
86	1.0
87	0.8925879504044915
88	0.8782156365502338
89	0.9680555771461301
90	0.9838981538483188
91	0.2912132099152615
92	0.07093715149650967
93	0.0190473931083816
94	0.006739766775034895
95	0.0020943793974173754
96	2.372988118540861e-05
97	8.673703967878328e-06
98	2.4512932672073774e-05
99	0.0011487109132294472
100	0.0014893899404870396
101	0.001167509979296634
102	0.00206065602257691
103	0.002805128333603497
104	0.0010941104954322774
105	0.007927630713798489
106	1.0
107	1.0
108	1.0
109	1.0
110	1.0
111	1.0
112	0.004951053693111541
113	0.0011120160060803907
114	0.002851035264810493
115	0.00206065602257691
116	0.001167509979296634
117	0.0014893899404870396
118	0.0011487109132294472
119	2.4512932672073774e-05
120	8.534041321022325e-06
121	4.256869332099702e-05
122	0.002503823749912712
123	0.007191910689857912
124	0.019675929314445093
125	0.07209806342155671
126	0.2959790185358471
127	0.13579004060925667
128	0.009026975134420792
129	0.001589307136566305
130	0.003757077145472426
131	0.1117556956623576
132	1.0
133	1.0
134	1.0
135	1.0
136	1.0
137	1.0
138	0.11544347070631857
139	0.010113261253784643
140	0.010278768401209682
141	0.009950419076984445
142	0.13579004060925667
143	0.19094788792080647
144	0.0015137643410159587
145	0.001167509979296634
146	0.004074735137074894
147	0.017849913987938726
148	0.7838846950415491
149	0.9071954723294418
150	1.0
151	1.0
152	0.7712627042813325
153	0.7967132492072908
154	0.13145230613269226
155	0.005457537922228077
156	0.0029933131400918323
157	0.004074735137074894
158	0.19407281858793524
159	0.9680555771461301
160	0.9524680951766462
161	0.9680555771461301
162	0.9680555771461301
163	0.9838981538483188
164	0.16499324727369863
165	0.0769348332586572
166	0.04651334071458661
167	0.04358912142584555
168	0.045764390058400266
169	0.04804821315291556
170	0.06979493239667438
171	0.548473172838661
172	0.9838981538483188
173	0.7346031188276297
174	0.3900393726467363
175	0.7838846950415491
176	0.9524680951766462
177	0.9524680951766462
178	0.9838981538483188
179	0.677334966787895
180	0.8097517472627709
181	0.7111366461700386
182	0.2959790185358471
183	0.48956054519591574
184	0.45878265723355216
185	0.030997821620274372
186	0.03646109590141792
187	0.017562497419084194
188	0.029524436113288612
189	0.09348055211451997
190	0.5309525138815067
191	0.5852680376789788
192	1.0
193	0.9838981538483188
194	0.007799981223697564
195	0.0038185630603913396
196	0.0033535217887888376
197	0.005369661486237472
198	0.011895693606067882
199	0.012693727967806403
200	0.154620385880011
