1	0.9524680951766462
2	0.9680555771461301
3	0.9680555771461301
4	0.37150005830873106
5	0.5139915422627507
6	0.01672771846329989
7	0.009950419076984445
8	0.4369758436353279
9	0.1704377839132992
10	0.05383022830539263
11	0.02032520629905422
12	0.017279708787602804
13	0.09975178733729188
14	0.7111366461700385
15	0.8782156365502339
16	0.783884695041549
17	0.9071954723294289
18	0.3370231708678045
19	0.24757827243666986
20	0.12120455403276079
21	0.0048713325882563455
22	0.07819389939674361
23	0.08480513362914895
24	0.47392181612760637
25	0.5574491330158785
26	0.7967132492072908
27	0.8364723744993591
28	1.0
29	0.9838981538483189
30	0.9524680951766462
31	0.2819105719970956
32	0.14256649781436606
33	0.00044082817280251783
34	0.00032913340607583133
35	0.09975178733729188
36	0.09814559940423298
37	0.0019311058764015323
38	0.002463507565100692
39	0.11733274450692356
40	0.06030803830703493
41	0.03705779481220407
42	0.002759960588740092
43	0.00037477516042497033
44	0.00076553383254156
45	0.06979493239667438
46	0.3370231708678045
47	0.15715080394779135
48	0.09348055211451997
49	0.1099562226442282
50	0.8364723744993591
51	0.10304345090533383
52	0.14256649781436606
53	0.783884695041549
54	0.8364723744993591
55	1.0
56	0.9220420515895166
57	0.9220420515895166
58	0.8501615448993927
59	0.21048152657828498
60	0.0612950009827268
61	0.9071954723294289
62	0.04804821315291624
63	0.08903724340857806
64	0.03766425891466509
65	0.9220420515895166
66	0.8782156365502339
67	0.3775797899972509
68	0.012901465378461631
69	0.07693483325865721
70	0.011147830387442766
71	0.012693727967806583
72	0.04804821315291624
73	0.14027091400017713
74	1.0
75	0.9838981538483189
76	0.9838981538483189
77	0.10304345090533383
78	0.018438935128663837
79	0.017562497419084194
80	0.004074735137074894
81	0.07819389939674361
82	0.004565079704726418
83	0.08343961441457963
84	0.062298115656567614
85	0.18787327440651988
86	0.8782156365502339
87	0.13579004060925667
88	0.03646109590141791
89	0.003757077145472426
90	0.0046397888713085094
91	0.0061142859028680595
92	0.029049038185277303
93	0.16499324727369863
94	1.0
95	1.0
96	0.9220420515895166
97	0.9220420515895166
98	0.15715080394779135
99	0.041517247454898654
100	0.0876035794134446
101	0.08480513362914895
102	0.08480513362914895
103	0.1252041276287828
104	0.1496811268916314
105	0.9071954723294289
106	0.3370231708678045
107	0.2685108255202324
108	0.9838981538483189
109	0.20709238541955047
110	0.22098538275893195
111	0.009324852154700228
112	0.008881624169591297
113	0.052963462250909324
114	0.09501039487561765
115	0.06756537356313774
116	0.014690543918280221
117	0.19407281858793526
118	0.9071954723294289
119	0.006015834611932686
120	0.02390746372968351
121	0.011895693606067882
122	0.027222771645920248
123	0.2599334021689762
124	1.0
125	1.0
126	1.0
127	0.2599334021689762
128	0.05651656845829405
129	0.040191002946470614
130	0.06435386265758127
131	0.013992274382953229
132	0.7227746524257325
133	0.0030920881101849616
134	0.026784434765054915
135	0.13360357026643588
136	0.6451399456130033
137	0.6773349667878852
138	1.0
139	1.0
140	1.0
141	1.0
142	1.0
143	0.3057458946813797
144	0.013545299253376991
145	0.009477456704464872
146	0.07947357060372849
147	0.007799981223697563
148	0.746625162324361
149	0.5665719880005069
150	0.45139540946972445
151	0.6045810297425014
152	0.5057153295259778
153	0.02551131956105572
154	0.010446984132459453
155	0.012090370898187257
156	0.9220420515895166
157	0.8925879504044915
158	0.9524680951766462
159	0.9071954723294289
160	0.04651334071458661
161	0.04288725609875964
162	0.011895693606067882
163	0.9220420515895166
164	0.42301690250931445
165	0.9524680951766462
166	0.3900393726467364
167	0.29121320991526145
168	0.45139540946972445
169	0.6884197964379
170	1.0
171	0.9371316004437271
172	0.9220420515895166
173	0.8925879504044915
174	0.783884695041549
175	0.35963270335587966
176	0.2685108255202324
177	0.5309525138815067
178	0.6556978921951104
179	0.5574491330158785
180	0.4975723790934037
181	0.4895605451959158
182	0.5139915422627507
183	0.8782156365502339
184	0.8782156365502339
185	0.9838981538483189
186	0.9071954723294289
187	0.5057153295259778
188	0.5057153295259778
189	0.5758441417787755
190	0.6773349667878852
191	0.9838981538483189
192	0.9838981538483189
193	0.4895605451959158
194	0.5057153295259778
195	0.5057153295259778
196	1.0
197	0.8364723744993591
198	0.9071954723294289
199	0.9838981538483189
200	1.0
