1	1.0
2	0.8501615448993928
3	0.8364723744993472
4	1.0
5	0.0029451152724262676
6	0.0008438466194896988
7	0.016458371314135432
8	1.0
9	1.0
10	0.01967592931444509
11	0.003092088110184961
12	0.03416884515602799
13	1.0
14	0.18787327440651988
15	0.1425664978143681
16	0.22460188780169196
17	1.0
18	1.0
19	1.0
20	1.0
21	0.004491573493650751
22	0.0007174059456835026
23	0.00022293356467315996
24	0.001869417813710169
25	0.0011487109132294472
26	0.001395754378613407
27	1.0
28	0.07819389939674361
29	0.9838981538483188
30	0.20047693868989175
31	0.20047693868989175
32	0.39003937264673083
33	0.5758441417787837
34	0.21742711012397728
35	0.210481526578282
36	0.037664258914665634
37	0.9524680951766463
38	0.0066312440873250705
39	0.04651334071458662
40	0.06867110513305615
41	0.9524680951766463
42	0.039543853600344785
43	0.05838153282986846
44	0.08077418408895759
45	0.9838981538483188
46	0.9838981538483188
47	0.9680555771461301
48	0.02635315591720863
49	0.04963373414423558
50	0.004209195456615611
51	0.07569604040982107
52	0.08343961441457964
53	0.9220420515895166
54	0.9220420515895166
55	0.9220420515895166
56	0.9680555771461301
57	0.9680555771461301
58	0.9680555771461301
59	0.9680555771461301
60	0.9680555771461301
61	0.9680555771461301
62	0.9838981538483188
63	0.9524680951766463
64	0.024696375181436803
65	0.01814203423202126
66	0.017562497419084198
67	0.027222771645920248
68	0.07947357060372849
69	0.9838981538483188
70	0.9838981538483188
71	1.0
72	1.0
73	0.07093715149650866
74	0.011330268629776648
75	0.004792895140366572
76	0.00719191068985781
77	0.00611428590286806
78	0.03828064801966439
79	0.01999793295422567
80	0.011515692539375575
81	0.01967592931444509
82	0.02099590847766563
83	0.14027091400017716
84	1.0
85	0.35963270335587966
86	0.07947357060372849
87	0.013766972933526807
88	0.0011302145468318695
89	0.0010088158858739995
90	0.03472803056127655
91	0.9680555771461301
92	0.4816777166152449
93	0.4587826572335587
94	0.9680555771461301
95	0.8640747434825014
96	0.9371316004437271
97	1.0
98	1.0
99	0.9838981538483188
100	0.8640747434825014
101	0.9524680951766463
102	0.4369758436353279
103	0.451395409469718
104	0.9838981538483188
105	0.04430247303072466
106	0.0012060361066649579
107	0.002163490864431221
108	0.015175310452307482
109	0.08077418408895759
110	0.3538419528953301
111	0.9838981538483188
112	0.030007614098887924
113	0.029049038185277303
114	1.0
115	0.0004480424839484732
116	2.3347786289363486e-05
117	0.00048592413239297353
118	2.7462764493924633e-05
119	0.00011836713659177976
120	0.11175569566235759
121	0.9838981538483188
122	1.0
123	1.0
124	1.0
125	1.0
126	1.0
127	0.10644373457266673
128	0.00011836713659177976
129	2.4118229201461526e-05
130	0.00048592413239297353
131	2.372988118540861e-05
132	0.00039347791524235634
133	0.9838981538483188
134	0.01248933551297767
135	0.01967592931444509
136	0.24757827243666988
137	0.1472709844146121
138	0.035296367236227526
139	0.02168874285044923
140	0.03254473486014822
141	0.05838153282986846
142	0.01170415097775544
143	0.0010941104954322932
144	0.04151724745489865
145	0.009950419076984445
146	0.013766972933526807
147	0.9371316004437271
148	0.9838981538483188
149	0.9838981538483188
150	0.09975178733729188
151	0.07693483325865721
152	0.07947357060372849
153	0.9838981538483188
154	0.07327797408660613
155	0.04727454821686481
156	0.04963373414423558
157	0.9838981538483188
158	0.04084874312373918
159	0.005457537922228077
160	0.05471117929721262
161	0.3837590186752804
162	0.18484816784601354
163	0.20709238541955047
164	0.08209608258032047
165	0.9838981538483188
166	0.0019000115066771077
167	0.0013080055346563408
168	0.002163490864431221
169	0.00038714219438704524
170	0.000803736982286617
171	0.006015834611932686
172	1.0
173	1.0
174	1.0
175	0.22460188780169196
176	0.16769342093829617
177	0.19094788792080922
178	0.9680555771461301
179	0.035296367236227526
180	0.004278080449843506
181	0.017001473575159215
182	1.0
183	1.0
184	0.015423659850312866
185	0.002234882909108675
186	0.004419250868277081
187	0.9680555771461301
188	0.823003625015039
189	0.8501615448993928
190	0.9838981538483188
191	0.9838981538483188
192	1.0
193	1.0
194	0.9680555771461301
195	0.9838981538483188
196	0.9838981538483188
197	0.9838981538483188
198	0.9838981538483188
199	0.9838981538483188
200	1.0
