1	0.968055577146144
2	0.9371316004437404
3	0.9371316004437404
4	0.9371316004437404
5	0.8925879504045041
6	0.25993340216897615
7	0.29597901853585135
8	0.32625716018605594
9	0.6245313223904277
10	0.6347520014624567
11	0.6773349667879045
12	0.06867110513305712
13	0.0012257733200817843
14	0.0013294115143324132
15	0.003042299783147364
16	0.019047393108381876
17	0.15213071221465965
18	0.9838981538483329
19	0.968055577146144
20	0.9524680951766734
21	0.9524680951766734
22	0.12120455403276079
23	0.0009453932456821844
24	0.0008576564720537256
25	0.001286944230771775
26	0.03828064801966494
27	0.2865241396118728
28	0.9071954723294547
29	0.7967132492073021
30	0.01727970878760305
31	0.027222771645920633
32	0.007191910689857912
33	0.7967132492073021
34	0.7588439508744865
35	0.7712627042813545
36	0.7838846950415601
37	1.0
38	1.0
39	1.0
40	0.9838981538483329
41	0.9838981538483329
42	0.8640747434825136
43	0.8640747434825136
44	0.8640747434825136
45	0.8925879504045041
46	1.0
47	0.9071954723294547
48	0.8925879504045041
49	0.8925879504045041
50	0.9071954723294547
51	0.8097517472627825
52	0.8925879504045041
53	0.9071954723294547
54	0.9838981538483329
55	0.7588439508744865
56	0.7466251623243612
57	0.051271575016962036
58	0.058381532829869284
59	0.16233655139003356
60	0.8364723744993591
61	0.08209608258032164
62	0.033077341117936365
63	0.04727454821686548
64	0.17043778391330405
65	0.16499324727370096
66	0.06756537356313967
67	0.30082282132372057
68	0.43697584363533404
69	0.3775797899972563
70	0.3655182215245085
71	0.4895605451959227
72	0.48167771661524483
73	0.43697584363533404
74	0.6773349667879045
75	0.7712627042813545
76	0.9838981538483329
77	0.8230036250150508
78	0.24757827243667338
79	0.2685108255202401
80	0.051271575016962036
81	0.4441271100328742
82	0.7588439508744865
83	0.7346031188276507
84	0.7227746524257428
85	0.31583506350197427
86	0.007927630713798602
87	0.3057458946813884
88	0.02099590847766623
89	0.3596327033558848
90	0.5057153295259849
91	0.5948461590153711
92	0.7967132492073021
93	0.8364723744993591
94	0.03890712455342853
95	0.11925293695084384
96	0.03890712455342853
97	0.08077418408895874
98	0.8097517472627825
99	0.14489964968096553
100	0.14027091400017913
101	0.1472709844146142
102	0.17894329980858245
103	0.9220420515895298
104	0.9220420515895298
105	0.2865241396118728
106	0.2557479945175719
107	0.4441271100328742
108	0.6245313223904277
109	0.14489964968096553
110	0.09656527406216286
111	0.10138426111191928
112	0.40950387170123426
113	0.7588439508744865
114	0.7466251623243612
115	0.8097517472627825
116	0.8925879504045041
117	0.8640747434825136
118	0.8364723744993591
119	0.8364723744993591
120	0.7466251623243612
121	0.6347520014624567
122	0.24757827243667338
123	0.04804821315291693
124	0.017562497419084694
125	0.3210038175868602
126	0.6773349667879045
127	0.10995622264422979
128	0.48167771661524483
129	0.5852680376789872
130	0.15972263321475902
131	0.10644373457266976
132	0.023143753598939273
133	0.044302473030725924
134	0.9220420515895298
135	0.12318811002815043
136	0.176061982325188
137	0.01814203423202152
138	0.017562497419084694
139	0.6773349667879045
140	0.6144752151203998
141	0.08077418408895874
142	0.09656527406216286
143	0.21742711012398036
144	0.25993340216897615
145	0.3775797899972563
146	0.43697584363533404
147	0.43697584363533404
148	0.2685108255202401
149	0.4895605451959227
150	0.4895605451959227
151	0.5948461590153711
152	0.46629079995640094
153	0.40950387170123426
154	0.47392181612761985
155	0.6451399456130124
156	0.8230036250150508
157	0.8230036250150508
158	0.9220420515895298
159	0.5396417421913038
160	0.3715000583087364
161	0.5574491330158864
162	0.4513954094697309
163	0.5309525138815143
164	0.4895605451959227
165	0.5224031981891458
166	0.5224031981891458
167	0.40291010336058325
168	0.6773349667879045
169	0.6245313223904277
170	0.8364723744993591
171	0.6996860333005961
172	0.4895605451959227
173	0.07327797408660716
174	0.05744148237014341
175	0.14489964968096553
176	0.4441271100328742
177	0.5309525138815143
178	0.6144752151203998
179	0.8364723744993591
180	0.6884197964379195
181	0.6245313223904277
182	0.5574491330158864
183	0.5852680376789872
184	0.850161544899417
185	0.3596327033558848
186	0.0184389351286641
187	0.03202070454638332
188	0.40291010336058325
189	0.5057153295259849
190	0.08903724340858059
191	0.09501039487561899
192	0.18484816784601615
193	0.21392613224756246
194	0.31583506350197427
195	0.9220420515895298
196	0.9220420515895298
197	0.8640747434825136
198	0.7712627042813545
199	0.7838846950415601
200	0.8640747434825136
