1	1.0
2	0.9838981538483328
3	0.5224031981891532
4	0.006015834611932857
5	0.0001039518702085813
6	0.000493876455090783
7	0.2139261322475624
8	0.7967132492072908
9	1.0
10	0.6245313223904365
11	0.210481526578288
12	0.15213071221465968
13	0.12318811002815044
14	0.004491573493650815
15	0.042196692099190865
16	0.00010913947746386424
17	8.148628007745243e-05
18	0.012901465378461997
19	0.2209853827589351
20	1.0
21	0.11358461770179255
22	0.002759960588740131
23	0.0029933131400918323
24	0.016727718463300126
25	0.0002843958634265
26	0.026353155917209006
27	0.9838981538483328
28	0.9838981538483328
29	0.9838981538483328
30	0.9838981538483328
31	0.9838981538483328
32	0.9838981538483328
33	0.9838981538483328
34	0.9838981538483328
35	0.011515692539375738
36	0.016458371314135432
37	0.003299523896879449
38	8.982218558500615e-05
39	0.00028905010372683697
40	0.13579004060926053
41	0.22460188780169835
42	0.008323250672589018
43	8.148628007745243e-05
44	0.00010913947746386424
45	0.002234882909108739
46	0.0012662220527620944
47	0.010791719379643228
48	0.04502749889045438
49	0.10995622264422977
50	0.017849913987939232
51	0.17894329980858245
52	0.0005101736581558254
53	0.0019000115066771077
54	0.348144444207809
55	0.009632558682416177
56	0.0026717952406334388
57	0.0004267461712446215
58	0.0014418122384338217
59	0.0934805521145213
60	0.06129500098272679
61	0.0007655338325415818
62	6.183537071603809e-05
63	0.000803736982286617
64	0.0005443991622033164
65	0.0003687405884503411
66	0.02099590847766593
67	0.15972263321475677
68	0.2209853827589351
69	0.1252041276287828
70	0.04883453939311235
71	0.2557479945175719
72	0.2685108255202401
73	0.210481526578288
74	0.30082282132372057
75	0.4513954094697309
76	0.31074953590015464
77	0.31583506350197427
78	0.1336035702664378
79	0.331596475620944
80	0.5224031981891532
81	0.3900393726467363
82	0.04151724745489924
83	0.0023086307871881062
84	0.001286944230771775
85	0.0358740049446921
86	0.9838981538483328
87	0.005637628717885325
88	0.005198130749139036
89	0.012090370898187257
90	0.025928821455018843
91	0.1972488898661499
92	0.9524680951766462
93	0.9524680951766462
94	0.337023170867814
95	0.9838981538483328
96	0.03307734111793637
97	0.0038810552143591854
98	0.0025447997235481606
99	0.001465408012805456
100	0.004792895140366708
101	0.9838981538483328
102	1.0
103	0.9838981538483328
104	0.9838981538483328
105	0.9838981538483328
106	0.9838981538483328
107	0.003578496112179884
108	0.002384812237737442
109	0.0010421053394972023
110	0.0011120160060804065
111	0.010617952774480096
112	0.9524680951766462
113	0.31583506350197427
114	0.1972488898661499
115	0.024298717947761804
116	0.013545299253377184
117	0.005283200023099543
118	0.0067397667750349905
119	0.9838981538483328
120	0.037664258914665634
121	0.0050320794624388356
122	0.016458371314135432
123	0.6451399456130124
124	0.34253867592860743
125	0.31074953590015464
126	0.39642250686331315
127	0.09197534264619907
128	0.007674387126047693
129	0.8501615448994048
130	0.07819389939674472
131	0.08619300005539396
132	0.0820960825803228
133	0.1314523061326923
134	0.9220420515895166
135	0.0675653735631387
136	0.08343961441457963
137	0.8501615448994048
138	0.11544347070631857
139	0.04151724745489924
140	0.194072818587938
141	0.9220420515895166
142	0.9838981538483328
143	0.9838981538483328
144	0.9838981538483328
145	0.9680555771461439
146	0.21742711012398033
147	0.210481526578288
148	0.24359180518340254
149	0.8230036250150506
150	0.07819389939674472
151	0.19094788792080922
152	0.9524680951766462
153	0.14027091400017913
154	0.11544347070631857
155	0.10472979393476876
156	0.10644373457266974
157	0.8230036250150506
158	0.05560654736795844
159	0.08903724340857933
160	0.8501615448994048
161	0.9524680951766462
162	0.9838981538483328
163	0.9838981538483328
164	0.9838981538483328
165	0.9220420515895166
166	0.9071954723294547
167	0.9071954723294547
168	0.22827757824649858
169	0.07947357060373075
170	0.003042299783147364
171	0.008597905811488966
172	0.331596475620944
173	0.29597901853585135
174	0.19094788792080922
175	0.23201342268367614
176	0.5574491330158785
177	0.9680555771461439
178	0.9371316004437539
179	0.892587950404504
180	0.337023170867814
181	0.15715080394779135
182	0.1314523061326923
183	0.8501615448994048
184	0.892587950404504
185	0.2139261322475624
186	0.07819389939674472
187	0.0005270086451646086
188	0.0005443991622033164
189	0.000803736982286617
190	6.183537071603809e-05
191	0.05383022830539262
192	0.007799981223697674
193	1.0
194	0.0032463954707181004
195	0.08760357941344458
196	0.0036965812672961366
197	0.0038185630603913942
198	0.011515692539375738
199	0.9838981538483328
200	1.0
