1	0.3900393726467363
2	0.14256649781436806
3	0.127253138080475
4	0.8925879504044915
5	1.0
6	1.0
7	0.8925879504044915
8	0.8925879504044915
9	0.03361866366814549
10	0.1357900406092586
11	0.4441271100328678
12	0.9371316004437404
13	0.9371316004437404
14	0.3775797899972562
15	0.0290490381852773
16	0.01469054391828043
17	0.011515692539375736
18	0.006631244087325165
19	0.0027155201279555146
20	0.022043686905619652
21	1.0
22	0.8501615448994049
23	0.8925879504044915
24	0.9071954723294418
25	0.05383022830539263
26	0.005283200023099468
27	0.008459463654885606
28	0.045764390058400266
29	1.0
30	0.0018097003405784671
31	0.001441812238433842
32	0.005823662247270286
33	0.12520412762878455
34	1.0
35	0.07209806342155774
36	0.007927630713798602
37	0.0022714575694317528
38	0.0015385376373511796
39	0.001695927376489881
40	0.00719191068985786
41	0.8782156365502339
42	0.823003625015039
43	0.04151724745489924
44	0.1314523061326923
45	0.0031941225103010833
46	0.006524468815236856
47	0.6045810297425099
48	0.699686033300596
49	0.9524680951766596
50	0.6347520014624477
51	0.614475215120391
52	0.9371316004437404
53	0.9680555771461438
54	0.8925879504044915
55	0.8097517472627824
56	0.9071954723294418
57	0.8097517472627824
58	0.5224031981891458
59	0.7588439508744758
60	0.9680555771461438
61	0.9071954723294418
62	0.9371316004437404
63	0.8501615448994049
64	0.1789432998085799
65	0.042196692099190254
66	0.0622981156565685
67	0.3775797899972562
68	0.9838981538483189
69	0.9680555771461438
70	0.9524680951766596
71	0.348144444207804
72	0.06647744631284418
73	0.05471117929721339
74	0.16233655139003356
75	0.7111366461700486
76	0.6347520014624477
77	0.8925879504044915
78	0.9371316004437404
79	0.025100540218357226
80	0.017279708787603047
81	0.050446008004084525
82	0.12520412762878455
83	0.9838981538483189
84	0.5665719880005149
85	0.9071954723294418
86	0.9524680951766596
87	0.3315964756209393
88	0.27737129133826594
89	0.5665719880005149
90	0.9680555771461438
91	0.5057153295259849
92	0.08903724340857931
93	0.057441482370143404
94	0.08480513362915015
95	0.9524680951766596
96	0.9524680951766596
97	0.10472979393476875
98	0.05127157501696203
99	0.04651334071458661
100	0.0675653735631387
101	0.23581040555488308
102	0.9838981538483189
103	0.9680555771461438
104	0.9680555771461438
105	0.8640747434825136
106	0.9838981538483189
107	0.746625162324361
108	0.746625162324361
109	0.9838981538483189
110	0.9371316004437404
111	0.9220420515895166
112	0.699686033300596
113	0.7588439508744758
114	0.9680555771461438
115	0.8782156365502339
116	0.9371316004437404
117	0.9220420515895166
118	0.15715080394779135
119	0.03416884515602847
120	0.02314375359893927
121	0.029524436113289036
122	0.058381532829868445
123	0.9838981538483189
124	0.05651656845829485
125	0.0033535217887888133
126	0.005918968568537471
127	0.07209806342155774
128	0.25993340216897615
129	0.22827757824649536
130	0.9371316004437404
131	0.9524680951766596
132	0.9680555771461438
133	0.4739218161276131
134	0.9371316004437404
135	0.0622981156565685
136	0.03361866366814549
137	0.04019100294647119
138	0.09501039487561899
139	0.9371316004437404
140	0.8364723744993591
141	0.8925879504044915
142	0.9524680951766596
143	0.9838981538483189
144	0.9838981538483189
145	1.0
146	1.0
147	0.004278080449843506
148	0.00014856930860576606
149	0.0004780998567717995
150	0.16769342093829856
151	0.8640747434825136
152	0.699686033300596
153	1.0
154	0.007429233258548982
155	0.0018097003405784671
156	0.0015385376373511796
157	0.0023464123579847638
158	0.007927630713798602
159	0.07209806342155774
160	1.0
161	0.127253138080475
162	0.005369661486237433
163	0.0008168904262529287
164	0.0013957543786134268
165	0.045764390058400266
166	0.008459463654885606
167	0.04151724745489924
168	0.08480513362915015
169	0.9220420515895166
170	0.7967132492072908
171	0.9220420515895166
172	0.9071954723294418
173	0.02168874285044923
174	0.0009004569039077773
175	0.004715720680195349
176	0.009324852154700426
177	0.014221262971401534
178	0.0048713325882564495
179	0.09049436982916181
180	0.1789432998085799
181	0.09975178733729329
182	0.12933568132305998
183	0.02314375359893927
184	0.8782156365502339
185	0.1314523061326923
186	0.23581040555488308
187	1.0
188	0.9680555771461438
189	0.9680555771461438
190	0.9680555771461438
191	0.176061982325188
192	0.21048152657828795
193	0.12520412762878455
194	0.12933568132305998
195	0.10818572446379239
196	0.16769342093829856
197	0.6664286233595221
198	0.9371316004437404
199	0.9838981538483189
200	1.0
