1	0.8640747434825137
2	0.8640747434825137
3	0.9680555771461303
4	0.9680555771461303
5	0.10472979393477025
6	0.26851082552023625
7	0.5224031981891458
8	0.051271575016962036
9	0.04084874312373918
10	0.0547111792972134
11	0.6884197964379098
12	0.7466251623243612
13	0.9680555771461303
14	0.9371316004437404
15	0.5396417421912962
16	0.23201342268367617
17	0.18787327440651988
18	0.6664286233595317
19	0.614475215120391
20	0.9371316004437404
21	0.3715000583087364
22	0.3715000583087364
23	0.3775797899972509
24	0.24757827243667338
25	0.22460188780169513
26	0.8640747434825137
27	0.8782156365502465
28	0.9524680951766599
29	0.5948461590153712
30	0.5574491330158786
31	0.49757237909341084
32	0.3596327033558848
33	0.2139261322475594
34	0.4299397258291168
35	0.3964225068633132
36	0.22098538275893512
37	0.3210038175868557
38	0.7466251623243612
39	0.5224031981891458
40	0.3775797899972509
41	0.2641873055176485
42	0.40291010336057753
43	0.566571988000515
44	0.40291010336057753
45	0.46629079995640105
46	0.28652413961186873
47	0.44412711003287414
48	0.4369758436353341
49	0.6451399456130125
50	0.566571988000515
51	0.5484731728386689
52	0.513991542262758
53	0.3596327033558848
54	0.6045810297425014
55	0.5948461590153712
56	0.22460188780169513
57	0.35384195289533515
58	0.5574491330158786
59	0.5057153295259778
60	0.4895605451959228
61	0.7346031188276507
62	0.566571988000515
63	0.5574491330158786
64	0.5224031981891458
65	0.07093715149650967
66	0.04576439005840027
67	0.10472979393477025
68	0.6045810297425014
69	0.46629079995640105
70	0.05044600800408454
71	0.0358740049446916
72	0.23581040555488308
73	0.15462038588001323
74	0.4162055494255606
75	0.6996860333005961
76	0.3057458946813841
77	0.17043778391330164
78	0.614475215120391
79	0.05560654736795844
80	0.04084874312373918
81	0.14968112689163354
82	0.11733274450692358
83	0.27737129133826993
84	0.3837590186752804
85	0.7111366461700487
86	0.3008228213237206
87	0.2912132099152615
88	0.809751747262771
89	0.7712627042813436
90	0.3210038175868557
91	0.2729051014782441
92	0.18787327440651988
93	0.16769342093829856
94	0.9524680951766599
95	0.00479289514036664
96	0.0005623635409531145
97	0.0018694178137101689
98	0.00021934392271275003
99	0.0007291465512741478
100	0.0027155201279555345
101	0.0019000115066771346
102	0.0330773411179359
103	0.8782156365502465
104	0.823003625015039
105	0.9524680951766599
106	0.983898153848333
107	0.983898153848333
108	0.983898153848333
109	0.983898153848333
110	0.983898153848333
111	0.9680555771461303
112	0.6884197964379098
113	0.9220420515895167
114	0.07327797408660718
115	0.013766972933527003
116	0.017849913987938726
117	0.016458371314135432
118	0.016727718463300126
119	0.008189230970777112
120	0.00873861362363561
121	0.013112602486345095
122	0.983898153848333
123	0.983898153848333
124	0.9524680951766599
125	0.5574491330158786
126	0.4895605451959228
127	0.5484731728386689
128	0.8501615448994049
129	0.46629079995640105
130	0.45878265723355866
131	0.14968112689163354
132	0.2139261322475594
133	0.5758441417787838
134	0.9220420515895167
135	0.9220420515895167
136	0.823003625015039
137	0.7967132492073022
138	0.6347520014624478
139	0.6045810297425014
140	0.6451399456130125
141	0.6347520014624478
142	0.1940728185879353
143	0.176061982325188
144	0.12520412762878458
145	0.8925879504045041
146	1.0
147	1.0
148	0.983898153848333
149	0.9524680951766599
150	0.9680555771461303
151	0.1212045540327608
152	0.10644373457266824
153	0.07569604040982215
154	0.2912132099152615
155	0.7712627042813436
156	0.513991542262758
157	0.983898153848333
158	0.32625716018605594
159	0.36551822152450336
160	0.6664286233595317
161	0.809751747262771
162	0.09348055211452132
163	0.030498699465507893
164	0.01874069491496012
165	0.030007614098887928
166	0.3057458946813841
167	0.28652413961186873
168	0.983898153848333
169	0.4162055494255606
170	0.45139540946972445
171	0.6451399456130125
172	0.614475215120391
173	0.6347520014624478
174	0.18787327440651988
175	0.4369758436353341
176	0.15462038588001323
177	0.10472979393477025
178	0.4299397258291168
179	0.45139540946972445
180	0.3425386759286075
181	0.3837590186752804
182	0.07947357060372964
183	0.09049436982916183
184	0.24757827243667338
185	0.3107495359001591
186	0.23201342268367617
187	0.7588439508744758
188	0.1940728185879353
189	0.2641873055176485
190	0.2729051014782441
191	0.614475215120391
192	0.3900393726467364
193	0.4095038717012285
194	0.17894329980857993
195	0.6451399456130125
196	0.5309525138815143
197	0.08077418408895759
198	0.04502749889045438
199	0.3210038175868557
200	0.8364723744993592
