1	0.5484731728386767
2	0.11733274450692356
3	0.023143753598939273
4	0.0004267461712446215
5	0.0009453932456821844
6	0.0011866166988221
7	0.0016959273764898931
8	0.0002055541213394075
9	0.0028510352648105333
10	0.005823662247270245
11	0.012693727967806582
12	0.06647744631284418
13	0.45139540946972445
14	1.0
15	1.0
16	1.0
17	0.45139540946972445
18	0.06647744631284418
19	0.012693727967806582
20	0.005918968568537472
21	0.0028051283336035368
22	0.00021934392271275
23	0.0016959273764898931
24	0.0010941104954322928
25	0.0008716923278076609
26	0.00022293356467316313
27	0.019359110527732818
28	0.07569604040982106
29	0.164993247273701
30	0.005823662247270245
31	0.003578496112179884
32	0.0045650797047264826
33	0.005114431247540003
34	0.01619336115132821
35	0.1314523061326923
36	0.012901465378461817
37	0.010617952774480096
38	0.0008576564720537133
39	0.006114285902868147
40	0.2865241396118687
41	1.0
42	0.06756537356313871
43	0.010968329737619124
44	0.0011120160060804068
45	0.010278768401209682
46	0.004419250868277081
47	0.005369661486237472
48	0.07819389939674361
49	0.9838981538483328
50	0.2865241396118687
51	0.08619300005539396
52	0.01700147357515921
53	0.0040747351370749516
54	0.003757077145472479
55	0.057441482370143404
56	0.015932618141390915
57	0.0026717952406334006
58	0.002759960588740092
59	0.005729890533725346
60	0.027668282067045125
61	0.32100381758685564
62	0.9838981538483328
63	0.9838981538483328
64	0.9838981538483328
65	0.32100381758685564
66	0.029524436113288616
67	0.00652446881523681
68	0.0036965812672960317
69	0.008057369233585077
70	0.02204368690561934
71	0.04883453939311235
72	0.9838981538483328
73	0.004491573493650815
74	0.0033535217887888376
75	0.013112602486345095
76	0.057441482370143404
77	0.210481526578285
78	0.1425664978143681
79	0.13801229332339254
80	0.11925293695084214
81	0.10472979393476875
82	0.09656527406216286
83	0.08903724340857933
84	0.6664286233595221
85	0.6347520014624477
86	0.6245313223904277
87	0.6451399456130033
88	0.8501615448994048
89	0.8925879504044913
90	0.8925879504044913
91	0.8782156365502464
92	0.9524680951766599
93	0.6773349667878948
94	0.6664286233595221
95	0.6664286233595221
96	0.6144752151203998
97	0.7712627042813435
98	0.7838846950415601
99	0.7967132492073021
100	0.8640747434825014
101	0.8925879504044913
102	0.9680555771461301
103	0.1030434509053353
104	0.012693727967806582
105	0.010791719379643227
106	0.01784991398793898
107	0.016458371314135432
108	0.02204368690561934
109	0.10818572446379239
110	0.09501039487561765
111	0.09656527406216286
112	0.1030434509053353
113	0.9680555771461301
114	0.9680555771461301
115	0.9524680951766599
116	0.9524680951766599
117	0.9838981538483328
118	0.07447719441285175
119	0.02032520629905422
120	0.04288725609876025
121	0.1425664978143681
122	0.9071954723294418
123	0.8501615448994048
124	0.5309525138815142
125	0.4441271100328742
126	0.8640747434825014
127	0.8925879504044913
128	0.8364723744993591
129	0.7712627042813435
130	0.7227746524257325
131	0.6884197964379097
132	0.7588439508744758
133	0.8501615448994048
134	0.7111366461700486
135	0.6884197964379097
136	0.14727098441461417
137	0.1789432998085799
138	0.746625162324361
139	0.9071954723294418
140	0.9220420515895167
141	0.1357900406092586
142	0.11925293695084214
143	0.1336035702664378
144	0.12120455403276079
145	0.35384195289533515
146	0.2070923854195534
147	0.41620554942555466
148	0.9838981538483328
149	0.9680555771461301
150	0.9220420515895167
151	0.5948461590153712
152	0.4739218161276131
153	0.5224031981891458
154	0.45878265723356515
155	0.49757237909340374
156	0.3425386759286123
157	0.08480513362914895
158	0.06435386265758217
159	0.21742711012398033
160	0.9371316004437404
161	0.9838981538483328
162	0.7588439508744758
163	0.9220420515895167
164	0.20047693868989458
165	0.2070923854195534
166	0.9524680951766599
167	0.9524680951766599
168	0.9680555771461301
169	0.07447719441285175
170	0.00652446881523681
171	0.004278080449843506
172	0.009632558682416177
173	0.004209195456615671
174	0.009950419076984445
175	0.06540703669975813
176	0.9838981538483328
177	0.2865241396118687
178	0.005918968568537472
179	0.0005019589204015527
180	0.009950419076984445
181	0.4441271100328742
182	0.5574491330158785
183	0.1314523061326923
184	0.016727718463300126
185	0.009632558682416177
186	0.007927630713798602
187	0.007191910689857912
188	0.011515692539375738
189	0.5574491330158785
190	0.9371316004437404
191	0.9838981538483328
192	0.9680555771461301
193	0.9680555771461301
194	0.9680555771461301
195	0.9838981538483328
196	1.0
197	1.0
198	0.9220420515895167
199	0.9680555771461301
200	0.9838981538483328
