1	1.0
2	0.9838981538483189
3	0.823003625015039
4	0.28652413961186873
5	0.45139540946972445
6	0.48167771661524483
7	0.48956054519591574
8	0.46629079995640094
9	0.3900393726467364
10	0.49757237909340374
11	0.5057153295259778
12	0.2435918051833991
13	0.6347520014624387
14	0.3315964756209393
15	0.5057153295259778
16	0.6245313223904276
17	0.5396417421913038
18	0.823003625015039
19	0.758843950874465
20	0.7346031188276402
21	0.4095038717012285
22	0.6773349667878948
23	0.6451399456130124
24	0.699686033300596
25	0.6773349667878948
26	0.7346031188276402
27	0.6884197964379097
28	0.809751747262771
29	0.809751747262771
30	0.7111366461700385
31	0.7967132492072909
32	0.6664286233595221
33	0.5758441417787837
34	0.5948461590153626
35	0.48167771661524483
36	0.5852680376789872
37	0.6451399456130124
38	0.746625162324361
39	0.7712627042813435
40	0.783884695041549
41	0.6884197964379097
42	0.7227746524257428
43	0.7712627042813435
44	0.6664286233595221
45	0.46629079995640094
46	0.30082282132371624
47	0.39642250686330754
48	0.37150005830873106
49	0.3900393726467364
50	0.39642250686330754
51	0.2320134226836728
52	0.08077418408895759
53	0.699686033300596
54	0.699686033300596
55	0.7227746524257428
56	0.8364723744993591
57	0.8364723744993591
58	0.2320134226836728
59	0.14027091400017713
60	0.14027091400017713
61	0.16499324727369863
62	0.16499324727369863
63	0.17043778391330164
64	0.18787327440651988
65	0.210481526578285
66	0.041517247454898654
67	0.015932618141390915
68	0.018142034232021265
69	0.006739766775034895
70	0.00441925086827708
71	0.0034641831191914805
72	0.0013294115143323941
73	5.007129947995231e-05
74	0.000493876455090783
75	2.297184382655015e-05
76	8.534041321022445e-06
77	2.3347786289363486e-05
78	0.0014418122384338217
79	6.387584780858406e-05
80	0.00014856930860576497
81	0.06030803830703579
82	1.0
83	1.0
84	1.0
85	1.0
86	0.06030803830703579
87	0.00027981656498743195
88	6.598365767066063e-05
89	0.0013080055346563406
90	2.4512932672073777e-05
91	8.534041321022445e-06
92	2.297184382655015e-05
93	0.000493876455090783
94	5.007129947995231e-05
95	0.0020943793974173754
96	0.00441925086827708
97	0.0061142859028680595
98	0.011147830387442765
99	0.026784434765055293
100	0.3315964756209393
101	0.5057153295259778
102	0.968055577146144
103	0.9524680951766462
104	0.9524680951766462
105	0.9220420515895166
106	0.8782156365502338
107	0.6045810297425099
108	0.39642250686330754
109	0.11925293695084216
110	0.05838153282986845
111	0.005729890533725346
112	0.02551131956105572
113	0.027222771645920248
114	0.03254473486014822
115	0.05044600800408453
116	0.15213071221465968
117	0.9524680951766462
118	0.8501615448993928
119	0.2396695274125257
120	0.0965652740621615
121	0.04219669209919026
122	0.003353521788788837
123	0.0029933131400918323
124	0.04288725609875964
125	0.6664286233595221
126	0.8782156365502338
127	0.9838981538483189
128	0.9838981538483189
129	0.9371316004437404
130	0.758843950874465
131	0.04804821315291625
132	0.025928821455018472
133	0.19094788792080922
134	0.017849913987938726
135	0.05211065273008481
136	0.22460188780169196
137	0.809751747262771
138	0.17322705937262783
139	0.05560654736795764
140	0.06229811565656762
141	0.05383022830539263
142	0.9524680951766462
143	0.9220420515895166
144	0.5948461590153626
145	0.513991542262758
146	0.48956054519591574
147	0.031505112088109015
148	0.04288725609875964
149	0.5484731728386688
150	0.5484731728386688
151	0.6884197964379097
152	0.44412711003286787
153	0.09814559940423298
154	0.21392613224755938
155	0.45139540946972445
156	0.513991542262758
157	0.9220420515895166
158	0.49757237909340374
159	0.25993340216897615
160	0.09197534264619776
161	0.5224031981891458
162	0.30082282132371624
163	0.03361866366814549
164	0.0370577948122046
165	0.06331764666180337
166	0.5758441417787837
167	0.968055577146144
168	0.968055577146144
169	0.9838981538483189
170	0.9838981538483189
171	0.5948461590153626
172	0.5852680376789872
173	0.024696375181437153
174	0.07693483325865721
175	0.43697584363533404
176	0.35963270335588476
177	0.783884695041549
178	0.809751747262771
179	0.809751747262771
180	0.9371316004437404
181	0.6556978921951104
182	0.746625162324361
183	0.9220420515895166
184	0.8782156365502338
185	0.9220420515895166
186	0.9838981538483189
187	0.9371316004437404
188	0.38375901867528034
189	0.15715080394779135
190	0.018142034232021265
191	0.03529636723622802
192	0.24757827243666986
193	0.24757827243666986
194	0.04019100294647119
195	0.05838153282986845
196	0.19407281858793526
197	0.31074953590015464
198	0.3315964756209393
199	0.8501615448993928
200	0.9838981538483189
