1	0.6245313223904276
2	0.5484731728386728
3	0.6773349667878902
4	0.5665719880005109
5	0.5574491330158786
6	0.09501039487561833
7	0.024298717947761457
8	0.038280648019664666
9	0.028121083425988992
10	0.014690543918280221
11	0.019675929314445093
12	0.05383022830539301
13	0.6347520014624433
14	0.9220420515895167
15	0.8501615448993989
16	0.26418730551764663
17	0.21742711012398036
18	0.26418730551764663
19	0.35384195289533266
20	0.8640747434825136
21	0.8364723744993591
22	0.7838846950415547
23	0.7588439508744704
24	0.14968112689163246
25	0.2912132099152615
26	0.3262571601860536
27	0.2557479945175701
28	0.277371291338266
29	0.8230036250150449
30	0.9680555771461371
31	0.8925879504044915
32	0.7111366461700437
33	0.6556978921951152
34	0.8097517472627768
35	0.1314523061326923
36	0.013327194928720728
37	0.06867110513305662
38	0.02510054021835723
39	0.014453999040223662
40	0.5758441417787837
41	0.5309525138815105
42	0.9680555771461371
43	0.7967132492072908
44	0.34253867592860987
45	0.2685108255202324
46	0.015932618141390915
47	0.04804821315291659
48	0.5396417421913038
49	0.5396417421913038
50	0.7227746524257427
51	0.21742711012398036
52	0.2912132099152615
53	0.42301690250931745
54	0.20375781569034165
55	0.20709238541955194
56	0.2516299796562454
57	0.21742711012398036
58	0.06229811565656806
59	0.09975178733729258
60	0.5484731728386728
61	0.6347520014624433
62	0.8364723744993591
63	0.3370231708678045
64	0.3964225068633104
65	0.44412711003287103
66	0.5852680376789829
67	0.5852680376789829
68	0.17043778391330286
69	0.07819389939674361
70	0.5852680376789829
71	0.5665719880005109
72	0.8782156365502402
73	0.6884197964379097
74	0.7967132492072908
75	0.8925879504044915
76	0.9371316004437338
77	0.8782156365502402
78	0.8640747434825136
79	0.7111366461700437
80	0.6556978921951152
81	0.6245313223904276
82	0.5224031981891458
83	0.6245313223904276
84	0.6451399456130125
85	0.15715080394779135
86	0.2209853827589335
87	0.30574589468138624
88	0.4816777166152449
89	0.2959790185358493
90	0.30574589468138624
91	0.8364723744993591
92	0.8782156365502402
93	0.8364723744993591
94	0.5396417421913038
95	0.5852680376789829
96	0.5574491330158786
97	0.6556978921951152
98	0.6045810297425014
99	0.3900393726467364
100	0.5057153295259778
101	0.5758441417787837
102	0.9680555771461371
103	0.37150005830873106
104	0.106443734572669
105	0.03416884515602848
106	0.05383022830539301
107	0.5948461590153669
108	0.6884197964379097
109	0.6996860333005961
110	0.7346031188276455
111	0.4299397258291168
112	0.17043778391330286
113	0.20709238541955194
114	0.2209853827589335
115	0.7466251623243612
116	0.42301690250931745
117	0.5309525138815105
118	0.5224031981891458
119	0.7466251623243612
120	0.5948461590153669
121	0.6996860333005961
122	0.2209853827589335
123	0.14727098441461314
124	0.04219669209919026
125	0.0612950009827268
126	0.176061982325188
127	0.0890372434085787
128	0.09049436982916181
129	0.5224031981891458
130	0.9371316004437338
131	0.6664286233595222
132	0.7588439508744704
133	0.4895605451959193
134	0.2599334021689762
135	0.27290510147824604
136	0.3370231708678045
137	0.4816777166152449
138	0.8782156365502402
139	0.15972263321475788
140	0.10304345090533458
141	0.6773349667878902
142	0.6773349667878902
143	0.8640747434825136
144	0.8782156365502402
145	0.5057153295259778
146	0.466290799956401
147	0.9220420515895167
148	0.9220420515895167
149	0.5758441417787837
150	0.14027091400017716
151	0.3900393726467364
152	0.3008228213237163
153	0.3008228213237163
154	0.8501615448993989
155	0.6996860333005961
156	0.7227746524257427
157	0.6556978921951152
158	0.4895605451959193
159	0.3837590186752804
160	0.32100381758685564
161	0.2959790185358493
162	0.28652413961186873
163	0.28652413961186873
164	0.5309525138815105
165	0.9524680951766531
166	0.9371316004437338
167	0.7967132492072908
168	0.8501615448993989
169	0.9524680951766531
170	0.9371316004437338
171	0.3775797899972509
172	0.37150005830873106
173	0.4513954094697245
174	0.6556978921951152
175	0.9371316004437338
176	0.8782156365502402
177	0.8640747434825136
178	0.5758441417787837
179	0.3964225068633104
180	0.47392181612760975
181	0.4513954094697245
182	0.5665719880005109
183	0.32100381758685564
184	0.3008228213237163
185	0.7466251623243612
186	0.5665719880005109
187	0.5948461590153669
188	0.5574491330158786
189	0.5574491330158786
190	0.458782657233562
191	0.24359180518339907
192	0.23201342268367284
193	0.3655182215245059
194	0.9680555771461371
195	0.9524680951766531
196	0.9524680951766531
197	0.9371316004437338
198	0.9371316004437338
199	0.9838981538483259
200	0.9838981538483259
