1	0.1878732744065199
2	0.000433730025384725
3	2.746276449392502e-05
4	0.0005270086451646011
5	0.0018097003405784802
6	0.00010565307984570667
7	0.00027981656498743195
8	0.011895693606067882
9	0.9680555771461302
10	0.9838981538483329
11	0.9838981538483329
12	0.006524468815236811
13	0.0025447997235481606
14	0.0023464123579847473
15	0.0015637163575655457
16	0.0011120160060804065
17	0.000803736982286617
18	4.926505911911207e-05
19	0.000433730025384725
20	0.0006403479026656425
21	0.0012869442307717569
22	0.3158350635019698
23	0.6045810297425014
24	0.15213071221465752
25	0.09348055211451997
26	0.020995908477665932
27	0.0007532073245460797
28	0.0010088158858740138
29	0.003246395470718101
30	0.41620554942555466
31	1.0
32	1.0
33	1.0
34	0.9838981538483329
35	0.41620554942555466
36	0.0031426912410506386
37	0.0016959273764898931
38	0.0016153167178432556
39	0.015423659850313087
40	0.07947357060372963
41	0.24757827243667338
42	0.6884197964379097
43	0.9371316004437404
44	0.49757237909340374
45	0.32100381758685564
46	0.12318811002815043
47	0.13579004060925667
48	0.7227746524257325
49	0.7838846950415602
50	0.9838981538483329
51	0.9838981538483329
52	1.0
53	0.17043778391330164
54	0.06435386265758218
55	0.09049436982916052
56	0.17043778391330164
57	0.6144752151203998
58	0.5758441417787756
59	0.7712627042813326
60	0.2037578156903402
61	0.0006300371192533686
62	0.000433730025384725
63	5.0890734253447406e-05
64	0.0008302591310470713
65	0.0011302145468318856
66	0.001589307136566305
67	0.0023464123579847473
68	0.0018393167356806218
69	0.0059189685685373875
70	0.9680555771461302
71	1.0
72	1.0
73	0.9838981538483329
74	1.0
75	0.39642250686331315
76	0.39642250686331315
77	1.0
78	0.9838981538483329
79	0.9371316004437404
80	0.9680555771461302
81	1.0
82	0.9838981538483329
83	0.9680555771461302
84	0.9220420515895167
85	0.06540703669975811
86	0.06647744631284418
87	0.7111366461700487
88	0.030007614098887928
89	0.024298717947761457
90	0.08619300005539396
91	0.31074953590015464
92	0.9838981538483329
93	0.3900393726467364
94	0.39642250686331315
95	0.2396695274125257
96	0.2396695274125257
97	0.0622981156565685
98	0.21742711012398033
99	0.7712627042813326
100	0.1272531380804732
101	0.08209608258032164
102	0.47392181612761314
103	0.9220420515895167
104	0.7712627042813326
105	0.2641873055176485
106	0.2819105719970956
107	0.8501615448994048
108	0.5057153295259778
109	0.4369758436353341
110	0.8097517472627709
111	0.9220420515895167
112	0.9838981538483329
113	0.9838981538483329
114	0.45139540946972445
115	0.39642250686331315
116	0.8640747434825014
117	0.4587826572335587
118	0.31074953590015464
119	0.7111366461700487
120	0.2037578156903402
121	0.19407281858793526
122	0.29597901853585135
123	0.08760357941344458
124	0.16233655139003356
125	0.11925293695084216
126	0.331596475620944
127	0.9838981538483329
128	0.3596327033558797
129	0.9680555771461302
130	0.5758441417787756
131	0.9524680951766598
132	0.27737129133826594
133	0.15715080394779135
134	0.164993247273701
135	0.14027091400017716
136	0.9071954723294418
137	0.9838981538483329
138	0.9838981538483329
139	0.9838981538483329
140	0.5948461590153626
141	0.481677716615238
142	0.2209853827589351
143	0.331596475620944
144	0.305745894681384
145	0.7712627042813326
146	0.677334966787895
147	0.6664286233595221
148	0.4587826572335587
149	0.49757237909340374
150	0.6347520014624477
151	0.6045810297425014
152	0.6556978921951199
153	0.48956054519592274
154	0.31074953590015464
155	0.49757237909340374
156	0.3008228213237163
157	0.29597901853585135
158	0.677334966787895
159	0.7712627042813326
160	0.4587826572335587
161	0.4587826572335587
162	0.42301690250932045
163	0.6347520014624477
164	0.6347520014624477
165	0.6664286233595221
166	0.45139540946972445
167	0.44412711003287414
168	0.9680555771461302
169	0.9838981538483329
170	0.9838981538483329
171	0.5852680376789872
172	0.49757237909340374
173	0.28652413961186873
174	0.47392181612761314
175	0.29597901853585135
176	0.1546203858800132
177	0.5309525138815143
178	0.5057153295259778
179	0.5852680376789872
180	0.5665719880005149
181	0.0067397667750349905
182	0.00014617706845573543
183	0.0001145859667284918
184	0.0018393167356806218
185	0.0005270086451646011
186	2.836899568812573e-05
187	0.000433730025384725
188	0.1878732744065199
189	0.9838981538483329
190	0.9838981538483329
191	1.0
192	0.9838981538483329
193	0.9838981538483329
194	1.0
195	1.0
196	0.9838981538483329
197	0.9838981538483329
198	0.9838981538483329
199	0.9838981538483329
200	0.9838981538483329
