1	0.34814444420780405
2	0.25574799451756824
3	0.2641873055176485
4	0.154620385880011
5	0.11925293695084216
6	0.6556978921951199
7	0.02510054021835723
8	0.020995908477665932
9	0.33159647562093936
10	0.42301690250932045
11	0.051271575016962036
12	0.5948461590153626
13	0.7346031188276403
14	0.06647744631284418
15	0.04804821315291624
16	0.045764390058400266
17	0.07819389939674361
18	0.07093715149651067
19	0.11544347070631857
20	0.9838981538483189
21	0.9838981538483189
22	0.35384195289533515
23	0.20709238541955047
24	0.04019100294647119
25	0.04358912142584555
26	0.0395438536003459
27	0.10304345090533384
28	0.8782156365502339
29	0.8925879504044915
30	0.8782156365502339
31	0.8782156365502339
32	0.154620385880011
33	0.10644373457266823
34	0.011895693606068052
35	0.0290490381852773
36	0.10472979393476875
37	0.23581040555488308
38	0.9838981538483189
39	0.9680555771461439
40	0.9524680951766598
41	0.10304345090533384
42	0.10304345090533384
43	0.13579004060925862
44	0.13579004060925862
45	0.16233655139003356
46	0.21048152657828798
47	0.7967132492072909
48	0.8364723744993591
49	0.25574799451756824
50	0.3837590186752804
51	0.6556978921951199
52	0.08209608258032164
53	0.08209608258032164
54	0.14027091400017913
55	0.6556978921951199
56	0.614475215120391
57	0.5948461590153626
58	0.5948461590153626
59	0.08209608258032164
60	0.23581040555488308
61	0.15213071221465965
62	0.013766972933527001
63	0.005729890533725346
64	0.013545299253376991
65	0.272905101478248
66	0.9680555771461439
67	0.9680555771461439
68	0.9838981538483189
69	0.9680555771461439
70	0.5758441417787838
71	0.1972488898661499
72	0.176061982325188
73	0.1789432998085799
74	0.1732270593726278
75	0.9838981538483189
76	0.9838981538483189
77	0.9838981538483189
78	0.823003625015039
79	0.746625162324361
80	0.7346031188276403
81	0.8782156365502339
82	0.8782156365502339
83	0.8097517472627824
84	0.7838846950415601
85	0.8782156365502339
86	0.8782156365502339
87	0.8501615448994049
88	0.8097517472627824
89	0.7838846950415601
90	0.6556978921951199
91	0.8501615448994049
92	0.8097517472627824
93	0.9838981538483189
94	0.9680555771461439
95	0.9838981538483189
96	0.9838981538483189
97	0.9838981538483189
98	0.9838981538483189
99	0.18187177108593947
100	0.0029451152724262676
101	0.002463507565100727
102	0.019359110527732544
103	0.42301690250932045
104	0.9838981538483189
105	0.823003625015039
106	0.05838153282986845
107	0.007429233258549036
108	0.0063160484245059975
109	0.00381856306039134
110	0.04963373414423629
111	0.12318811002815043
112	0.11925293695084216
113	0.614475215120391
114	0.9680555771461439
115	0.9838981538483189
116	0.35963270335588476
117	0.4299397258291169
118	0.23581040555488308
119	0.40950387170122843
120	0.746625162324361
121	0.9680555771461439
122	0.9838981538483189
123	0.6773349667879045
124	0.39642250686330754
125	0.37150005830873106
126	0.3900393726467363
127	0.7227746524257428
128	0.7588439508744758
129	0.8364723744993591
130	0.9524680951766598
131	0.4513954094697309
132	0.34814444420780405
133	0.26851082552023625
134	0.8925879504044915
135	0.8501615448994049
136	0.8501615448994049
137	0.49757237909340374
138	0.6347520014624477
139	0.2037578156903431
140	0.2004769386898946
141	0.2959790185358471
142	0.305745894681384
143	0.30082282132372057
144	0.9524680951766598
145	0.42301690250932045
146	0.31583506350197427
147	0.31074953590015464
148	0.29121320991526145
149	0.3900393726467363
150	0.9838981538483189
151	0.8640747434825137
152	0.9680555771461439
153	0.7346031188276403
154	0.6884197964379098
155	0.9371316004437404
156	0.1732270593726278
157	0.01967592931444537
158	0.0018097003405784802
159	0.0062143483844881225
160	0.015932618141390915
161	0.18787327440652257
162	0.9838981538483189
163	1.0
164	0.0686711051330571
165	0.05838153282986845
166	0.010113261253784643
167	0.0009004569039077773
168	0.007191910689857912
169	0.9371316004437404
170	0.02510054021835723
171	0.02551131956105572
172	0.8364723744993591
173	0.5758441417787838
174	0.7838846950415601
175	0.9524680951766598
176	0.9680555771461439
177	0.9680555771461439
178	0.7712627042813436
179	0.48956054519592274
180	1.0
181	0.0769348332586572
182	0.02551131956105572
183	0.06647744631284418
184	0.003092088110185005
185	0.006524468815236811
186	0.0012458335400746532
187	0.013766972933527001
188	0.9220420515895166
189	0.12520412762878458
190	0.02168874285044923
191	0.009026975134420792
192	0.0027599605887401314
193	0.014453999040223762
194	0.029524436113289036
195	0.5574491330158785
196	0.48167771661524483
197	0.699686033300596
198	0.6347520014624477
199	0.9071954723294547
200	0.9371316004437404
