1	0.2320134226836728
2	0.05838153282986846
3	0.09049436982916181
4	0.9838981538483189
5	0.8640747434825137
6	0.9680555771461439
7	0.0330773411179359
8	0.0005623635409531145
9	0.014221262971401534
10	0.0015637163575655678
11	0.0002055541213394046
12	0.0003455584578030299
13	0.005457537922228077
14	0.0006403479026656334
15	0.008459463654885604
16	0.0370577948122046
17	0.9220420515895167
18	0.19094788792080922
19	0.9680555771461439
20	0.9680555771461439
21	0.7838846950415601
22	0.5224031981891458
23	0.45139540946972445
24	0.7967132492072908
25	0.9680555771461439
26	0.9680555771461439
27	0.013327194928720823
28	0.0032995238968794487
29	0.0008438466194897107
30	0.0013294115143323941
31	0.0024635075651007273
32	0.0034641831191914805
33	0.009950419076984586
34	0.0003399943286790733
35	0.009026975134420792
36	0.030007614098887924
37	0.01700147357515921
38	0.03954385360034534
39	0.9838981538483189
40	0.9838981538483189
41	0.9838981538483189
42	1.0
43	1.0
44	0.9838981538483189
45	0.9680555771461439
46	0.5948461590153626
47	0.6664286233595221
48	0.7227746524257427
49	0.5665719880005149
50	0.5139915422627579
51	0.9838981538483189
52	0.9838981538483189
53	0.9680555771461439
54	0.7712627042813435
55	0.6245313223904276
56	0.7346031188276403
57	0.48167771661524483
58	0.5574491330158785
59	0.9220420515895167
60	0.9838981538483189
61	0.9680555771461439
62	0.9838981538483189
63	0.05127157501696203
64	0.011895693606068052
65	0.015932618141390915
66	0.01967592931444509
67	0.0004064621128492915
68	0.00027087798631395606
69	0.0014418122384338217
70	0.003353521788788837
71	0.002094379397417405
72	0.006850065475449526
73	0.011515692539375738
74	0.024298717947761457
75	0.699686033300596
76	0.3315964756209393
77	0.3538419528953301
78	0.26418730551764474
79	0.22827757824649533
80	0.40950387170122843
81	0.7838846950415601
82	0.5665719880005149
83	0.5139915422627579
84	0.699686033300596
85	0.8925879504044915
86	0.9524680951766462
87	0.9220420515895167
88	0.45139540946972445
89	0.07569604040982214
90	0.5396417421912961
91	0.5396417421912961
92	0.6347520014624387
93	0.7712627042813435
94	0.3655182215245033
95	0.3262571601860559
96	0.8640747434825137
97	0.9680555771461439
98	0.7712627042813435
99	0.6245313223904276
100	0.746625162324361
101	0.3315964756209393
102	0.2729051014782479
103	0.11925293695084047
104	0.2729051014782479
105	0.48956054519591574
106	0.176061982325188
107	0.3538419528953301
108	0.34814444420780405
109	0.007191910689857912
110	0.003637059484442844
111	0.0018393167356805956
112	0.00026222494537734203
113	0.019997932954225667
114	1.0
115	1.0
116	1.0
117	1.0
118	1.0
119	0.9838981538483189
120	0.023522509426831248
121	0.0008859578853748351
122	0.0008438466194897107
123	0.004278080449843505
124	0.0050320794624387636
125	0.7346031188276403
126	0.11544347070631857
127	0.11358461770179094
128	0.614475215120391
129	0.9838981538483189
130	0.9838981538483189
131	0.9838981538483189
132	0.9071954723294418
133	0.8925879504044915
134	0.5057153295259778
135	0.48956054519591574
136	0.47392181612760637
137	0.6773349667878948
138	0.9680555771461439
139	0.8782156365502338
140	0.9071954723294418
141	0.9838981538483189
142	0.9071954723294418
143	0.809751747262771
144	0.8501615448993928
145	0.9838981538483189
146	0.9071954723294418
147	0.7712627042813435
148	0.7346031188276403
149	0.39642250686330754
150	0.21048152657828498
151	0.5057153295259778
152	0.5057153295259778
153	0.9524680951766462
154	0.34253867592860743
155	0.1496811268916314
156	0.5665719880005149
157	0.6773349667878948
158	0.5574491330158785
159	0.823003625015039
160	0.8925879504044915
161	0.9220420515895167
162	0.8782156365502338
163	0.8640747434825137
164	0.4975723790934037
165	0.5574491330158785
166	0.9838981538483189
167	0.0876035794134446
168	0.04651334071458662
169	0.31074953590015464
170	0.46629079995640094
171	0.809751747262771
172	0.22098538275893195
173	0.9371316004437404
174	0.05744148237014259
175	0.03254473486014822
176	0.008459463654885604
177	0.006739766775034894
178	0.9838981538483189
179	0.015423659850313085
180	0.0005019589204015528
181	0.000976589844633953
182	0.0003084413155953434
183	0.013766972933527
184	0.05127157501696203
185	0.9838981538483189
186	0.8364723744993591
187	0.9838981538483189
188	0.07947357060372963
189	0.05560654736795764
190	0.23581040555488308
191	0.9838981538483189
192	1.0
193	0.9680555771461439
194	0.9524680951766462
195	0.9838981538483189
196	0.9838981538483189
197	0.9838981538483189
198	0.9838981538483189
199	0.9524680951766462
200	0.9524680951766462
