1	0.968055577146144
2	0.8230036250150508
3	0.3900393726467363
4	0.40950387170123426
5	0.8501615448994169
6	0.9371316004437406
7	0.23966952741252912
8	0.16233655139003356
9	0.1425664978143701
10	0.16769342093829856
11	0.9838981538483329
12	0.7227746524257427
13	0.8925879504045041
14	0.7227746524257427
15	0.8640747434825136
16	0.13579004060925862
17	0.0006614784499805433
18	0.0006198923584893114
19	0.0020943793974174054
20	0.030498699465507893
21	0.019675929314445374
22	0.012090370898187429
23	0.04151724745489924
24	0.00012030425723314347
25	2.532182371629836e-05
26	0.0006614784499805433
27	0.002346412357984781
28	0.0023086307871881067
29	0.0006833062745535857
30	0.0001776141246681195
31	0.012288234154010976
32	1.0
33	1.0
34	1.0
35	1.0
36	0.0622981156565685
37	0.022771096439116734
38	0.38375901867528583
39	0.6451399456130125
40	0.6045810297425099
41	0.9524680951766599
42	0.9838981538483329
43	0.9838981538483329
44	0.968055577146144
45	0.968055577146144
46	1.0
47	1.0
48	0.6451399456130125
49	0.6245313223904277
50	0.9838981538483329
51	0.9524680951766599
52	1.0
53	1.0
54	0.33702317086780925
55	0.025928821455018843
56	0.0612950009827268
57	1.0
58	0.9524680951766599
59	1.0
60	1.0
61	1.0
62	0.018740694914960387
63	0.00016644780891164886
64	0.0006723037820462359
65	0.0023086307871881067
66	0.002346412357984781
67	0.0012458335400746534
68	0.0009151932040789333
69	0.0009925720876843127
70	0.03890712455342853
71	0.35384195289533515
72	0.3315964756209441
73	0.3481444442078041
74	0.03000761409888835
75	0.002503823749912748
76	0.00011458596672849341
77	0.0014893899404870398
78	0.022404439747549302
79	0.8230036250150508
80	0.9838981538483329
81	0.8925879504045041
82	0.9220420515895297
83	0.2004769386898946
84	0.17043778391330405
85	0.2004769386898946
86	0.2004769386898946
87	0.9071954723294547
88	0.6144752151203998
89	0.2819105719970956
90	0.5224031981891457
91	0.566571988000523
92	0.6144752151203998
93	0.7588439508744865
94	0.9071954723294547
95	0.8097517472627824
96	0.7466251623243612
97	0.5139915422627653
98	0.4299397258291169
99	0.5139915422627653
100	0.5484731728386766
101	0.010278768401209682
102	0.0038185630603913942
103	0.011147830387442924
104	0.7466251623243612
105	0.7466251623243612
106	0.7466251623243612
107	0.6347520014624477
108	0.566571988000523
109	0.33702317086780925
110	0.34253867592861237
111	0.35384195289533515
112	0.04502749889045502
113	0.0022714575694317693
114	0.2599334021689762
115	0.03954385360034591
116	0.034728030561277046
117	0.03646109590141792
118	0.07209806342155876
119	0.2641873055176485
120	0.15715080394779135
121	0.6045810297425099
122	0.968055577146144
123	0.9524680951766599
124	0.5948461590153712
125	0.7466251623243612
126	0.05560654736795844
127	0.10472979393476875
128	0.20375781569034312
129	0.1878732744065199
130	0.3655182215245085
131	0.9220420515895297
132	0.8230036250150508
133	0.8501615448994169
134	0.8364723744993591
135	0.8097517472627824
136	0.9838981538483329
137	0.6245313223904277
138	0.7838846950415602
139	0.8501615448994169
140	0.7346031188276507
141	0.251629979656249
142	0.251629979656249
143	0.14968112689163354
144	0.10472979393476875
145	0.6664286233595317
146	0.6664286233595317
147	0.34253867592861237
148	0.1972488898661499
149	0.08209608258032165
150	0.0997517873372947
151	0.6556978921951198
152	0.7227746524257427
153	0.8640747434825136
154	0.8501615448994169
155	0.9071954723294547
156	0.9220420515895297
157	0.8925879504045041
158	0.3775797899972563
159	0.29597901853585135
160	0.4587826572335652
161	0.22827757824649864
162	0.40291010336058325
163	0.3900393726467363
164	0.054711179297213405
165	0.2912132099152615
166	0.08619300005539396
167	0.09049436982916181
168	0.6884197964379195
169	0.8640747434825136
170	0.7346031188276507
171	0.7588439508744865
172	0.7588439508744865
173	0.4895605451959228
174	0.4895605451959228
175	0.6996860333005961
176	0.9838981538483329
177	0.17894329980858248
178	0.002163490864431252
179	0.0009151932040789333
180	0.0007410792960859299
181	0.26851082552023625
182	0.9220420515895297
183	0.5484731728386766
184	0.6347520014624477
185	0.6664286233595317
186	0.12933568132306184
187	0.09049436982916181
188	0.026784434765055674
189	0.0622981156565685
190	0.21742711012398036
191	0.23966952741252912
192	0.1030434509053353
193	0.13579004060925862
194	0.15972263321475905
195	0.8925879504045041
196	0.7227746524257427
197	0.8925879504045041
198	0.7346031188276507
199	0.7111366461700486
200	0.7838846950415602
