1	0.9838981538483329
2	0.2912132099152615
3	0.058381532829869284
4	0.08077418408895874
5	0.8501615448994049
6	0.12725313808047503
7	0.12318811002815044
8	0.35384195289533515
9	0.1546203858800132
10	0.18787327440652254
11	0.19094788792081194
12	0.1425664978143701
13	0.14027091400017913
14	0.164993247273701
15	0.5665719880005149
16	0.5574491330158864
17	0.7712627042813545
18	0.7967132492073022
19	0.8364723744993591
20	0.8640747434825136
21	0.8230036250150506
22	0.9524680951766599
23	0.9524680951766599
24	0.5948461590153712
25	0.5948461590153712
26	0.7838846950415602
27	0.3315964756209441
28	0.25993340216897987
29	0.25993340216897987
30	0.03254473486014868
31	0.011515692539375738
32	0.015932618141390915
33	0.9524680951766599
34	0.19094788792081194
35	0.0011675099792966507
36	0.0005809207180139291
37	0.0022348829091087073
38	0.007799981223697674
39	0.008323250672589018
40	0.018740694914960387
41	0.2516299796562454
42	0.9838981538483329
43	0.8364723744993591
44	0.2819105719970956
45	0.210481526578285
46	0.1972488898661499
47	0.08480513362915017
48	0.09197534264619907
49	0.3370231708678045
50	0.7838846950415602
51	0.8230036250150506
52	0.8364723744993591
53	0.968055577146144
54	0.9220420515895298
55	0.48167771661524483
56	0.22827757824649864
57	0.16233655139003356
58	0.1789432998085799
59	0.052963462250909324
60	0.11733274450692356
61	0.8097517472627824
62	0.699686033300596
63	0.7967132492073022
64	0.1314523061326923
65	0.04219669209919027
66	0.03000761409888835
67	0.03529636723622802
68	0.04727454821686548
69	0.021688742850449538
70	0.02204368690561934
71	0.16233655139003356
72	0.968055577146144
73	0.699686033300596
74	0.677334966787895
75	0.07209806342155876
76	0.2475782724366734
77	0.3370231708678045
78	0.8782156365502465
79	0.8230036250150506
80	0.9071954723294418
81	0.029524436113288616
82	0.03529636723622802
83	0.02858129504156406
84	0.04651334071458728
85	0.22460188780169513
86	0.09197534264619907
87	0.03646109590141844
88	0.17322705937263028
89	0.048834539393113045
90	0.18787327440652254
91	0.03646109590141844
92	0.03646109590141844
93	0.09049436982916183
94	0.9838981538483329
95	0.968055577146144
96	0.6245313223904277
97	0.968055577146144
98	0.968055577146144
99	0.9838981538483329
100	0.968055577146144
101	0.8925879504045041
102	0.8640747434825136
103	0.8782156365502465
104	0.8925879504045041
105	0.23581040555488308
106	0.4975723790934108
107	0.44412711003287414
108	0.07093715149651068
109	0.20047693868989458
110	0.45139540946972445
111	0.9220420515895298
112	0.8501615448994049
113	0.575844141778792
114	0.29597901853585135
115	0.09501039487561899
116	0.07693483325865831
117	0.164993247273701
118	0.9371316004437404
119	0.8640747434825136
120	0.23201342268367614
121	0.1336035702664378
122	0.15213071221465965
123	0.04219669209919027
124	0.05744148237014341
125	0.8640747434825136
126	0.8364723744993591
127	0.35963270335588476
128	0.15972263321475902
129	0.17043778391330405
130	0.5852680376789872
131	0.2641873055176486
132	0.13579004060925862
133	0.164993247273701
134	0.2435918051833991
135	0.25993340216897987
136	0.3715000583087364
137	0.2865241396118728
138	0.2557479945175719
139	0.018740694914960387
140	0.009477456704465006
141	0.0224044397475493
142	0.6045810297425013
143	0.7466251623243717
144	0.7346031188276507
145	0.699686033300596
146	0.7967132492073022
147	0.8364723744993591
148	0.8364723744993591
149	0.9524680951766599
150	0.9071954723294418
151	0.9071954723294418
152	0.9071954723294418
153	0.5665719880005149
154	0.6347520014624478
155	0.9071954723294418
156	0.9220420515895298
157	0.8230036250150506
158	0.699686033300596
159	0.699686033300596
160	0.8925879504045041
161	0.8925879504045041
162	0.8782156365502465
163	0.7967132492073022
164	0.5948461590153712
165	0.5852680376789872
166	0.7588439508744759
167	0.7227746524257428
168	0.7588439508744759
169	0.8097517472627824
170	0.27737129133826993
171	0.27737129133826993
172	0.27737129133826993
173	0.2912132099152615
174	0.15715080394779135
175	0.7346031188276507
176	0.7227746524257428
177	0.6144752151203997
178	0.027222771645920636
179	0.0358740049446921
180	0.20047693868989458
181	0.2435918051833991
182	0.18187177108593947
183	0.3900393726467363
184	0.8097517472627824
185	0.575844141778792
186	0.8230036250150506
187	0.8230036250150506
188	0.8640747434825136
189	0.8364723744993591
190	0.8364723744993591
191	0.40950387170123426
192	0.12318811002815044
193	0.21392613224756243
194	0.06756537356313967
195	0.05651656845829486
196	0.2865241396118728
197	0.968055577146144
198	0.9220420515895298
199	0.9220420515895298
200	0.9371316004437404
