1	0.8640747434825136
2	0.07947357060373075
3	0.07819389939674472
4	0.07819389939674472
5	0.09049436982916181
6	0.18787327440652254
7	1.0
8	0.968055577146144
9	0.9524680951766733
10	0.9524680951766733
11	1.0
12	0.9838981538483328
13	1.0
14	0.9838981538483328
15	0.968055577146144
16	0.9838981538483328
17	0.05296346225091008
18	0.0050320794624388356
19	0.0045650797047264826
20	0.05560654736795923
21	0.968055577146144
22	0.9524680951766733
23	0.007309608887595031
24	0.002423840545294007
25	0.0005533084497353806
26	0.007799981223697784
27	0.08077418408895874
28	0.30082282132372057
29	1.0
30	1.0
31	1.0
32	1.0
33	0.30082282132372057
34	0.08077418408895874
35	0.008189230970777112
36	0.0005623635409531144
37	0.0025447997235481606
38	0.007309608887595031
39	0.9838981538483328
40	0.968055577146144
41	0.0358740049446921
42	0.0007532073245460798
43	0.0005270086451646011
44	0.01814203423202152
45	0.9524680951766733
46	0.1293356813230618
47	0.015932618141390915
48	0.0016153167178432786
49	0.0769348332586583
50	0.07947357060373075
51	0.10138426111191928
52	0.007799981223697784
53	0.006316048424506088
54	0.0036370594844429478
55	0.003299523896879496
56	0.008597905811488844
57	0.005369661486237471
58	0.007191910689857913
59	0.013992274382953626
60	0.011330268629776808
61	0.13801229332339254
62	0.9838981538483328
63	0.1546203858800132
64	0.1472709844146142
65	0.04430247303072592
66	0.010617952774480095
67	0.018438935128664097
68	0.02032520629905451
69	0.0224044397475493
70	0.9838981538483328
71	0.9838981538483328
72	0.9838981538483328
73	0.9838981538483328
74	0.9838981538483328
75	0.0076743871260476935
76	0.0062143483844881225
77	0.0035208757183272247
78	0.004639788871308576
79	0.4587826572335652
80	0.5852680376789872
81	0.16769342093829856
82	0.1546203858800132
83	0.968055577146144
84	0.9071954723294546
85	0.8925879504045041
86	0.9071954723294546
87	0.9524680951766733
88	0.968055577146144
89	0.1909478879208119
90	0.06229811565656939
91	0.04727454821686548
92	0.03049869946550789
93	0.08209608258032165
94	0.9220420515895298
95	0.8097517472627825
96	0.9838981538483328
97	0.004278080449843506
98	0.00048592413239298047
99	7.761308196840292e-05
100	0.00021934392271274997
101	1.0
102	1.0
103	0.016727718463300366
104	0.023522509426831584
105	1.0
106	1.0
107	1.0
108	1.0
109	1.0
110	0.024298717947761804
111	0.01645837131413567
112	1.0
113	1.0
114	0.0001864777681977672
115	6.706350389273505e-05
116	0.00048592413239298047
117	0.00420919545661567
118	0.9220420515895298
119	0.8097517472627825
120	0.9838981538483328
121	0.07093715149651068
122	0.0224044397475493
123	0.029524436113289032
124	0.04430247303072592
125	0.1546203858800132
126	0.9524680951766733
127	0.8925879504045041
128	0.9838981538483328
129	0.9220420515895298
130	0.8925879504045041
131	0.8782156365502464
132	0.9071954723294546
133	0.9071954723294546
134	0.9524680951766733
135	0.968055577146144
136	0.13801229332339254
137	0.00902697513442092
138	0.014930959938100641
139	0.012090370898187429
140	0.010278768401209682
141	0.014690543918280428
142	0.015175310452307699
143	0.008459463654885726
144	0.0011302145468318856
145	0.011330268629776808
146	0.23581040555488642
147	0.9838981538483328
148	0.9838981538483328
149	0.9071954723294546
150	0.9071954723294546
151	0.9071954723294546
152	1.0
153	0.850161544899417
154	0.8640747434825136
155	0.9220420515895298
156	0.006015834611932771
157	0.004639788871308576
158	0.006015834611932771
159	0.017562497419084694
160	0.083439614414582
161	0.019359110527732818
162	0.02858129504156406
163	0.14968112689163568
164	0.8925879504045041
165	0.7838846950415601
166	0.7838846950415601
167	0.9071954723294546
168	0.6884197964379196
169	0.7588439508744865
170	0.7346031188276506
171	0.13360357026643968
172	0.3210038175868602
173	0.07093715149651068
174	0.176061982325188
175	0.7111366461700587
176	0.8640747434825136
177	0.9838981538483328
178	0.9838981538483328
179	0.7967132492073135
180	0.44412711003287414
181	0.8782156365502464
182	0.10818572446379392
183	0.07093715149651068
184	0.3210038175868602
185	0.3210038175868602
186	0.9220420515895298
187	0.43697584363533404
188	0.44412711003287414
189	0.13145230613269226
190	0.03472803056127704
191	0.012489335512977847
192	0.005823662247270327
193	0.004419250868277143
194	0.007927630713798602
195	0.007429233258549036
196	0.007429233258549036
197	1.0
198	0.9838981538483328
199	0.9371316004437404
200	0.9524680951766733
