1	0.27737129133826594
2	0.19407281858793524
3	0.7346031188276506
4	0.09814559940423298
5	0.18187177108593688
6	0.05127157501696203
7	0.030007614098887924
8	0.13801229332339254
9	0.21742711012398033
10	0.1472709844146142
11	0.1272531380804732
12	0.1496811268916314
13	0.7967132492072907
14	0.8640747434825014
15	0.9524680951766462
16	0.9071954723294418
17	0.04084874312373918
18	0.10644373457266823
19	0.13360357026643777
20	0.18484816784601615
21	0.9220420515895035
22	0.019047393108381872
23	0.006015834611932771
24	0.04288725609876024
25	0.9838981538483188
26	0.6045810297425014
27	0.5852680376789872
28	0.9680555771461301
29	0.02678443476505529
30	0.022404439747548983
31	0.9680555771461301
32	0.9524680951766462
33	0.9680555771461301
34	0.9524680951766462
35	0.9838981538483188
36	0.9838981538483188
37	0.9838981538483188
38	0.9838981538483188
39	0.02812108342598859
40	0.025100540218357226
41	0.9680555771461301
42	0.9680555771461301
43	0.8501615448994048
44	0.5758441417787756
45	0.7111366461700385
46	0.9371316004437403
47	0.07093715149650966
48	0.021688742850449225
49	0.04084874312373918
50	0.9524680951766462
51	0.9371316004437403
52	0.30082282132371624
53	0.1252041276287828
54	0.03307734111793589
55	0.02858129504156406
56	0.7967132492072907
57	0.8097517472627709
58	0.9071954723294418
59	0.9838981538483188
60	0.9524680951766462
61	0.8925879504044913
62	0.23581040555488306
63	0.823003625015039
64	0.03828064801966493
65	0.013992274382953427
66	0.0043480927706904
67	0.02635315591720863
68	0.02858129504156406
69	0.03646109590141791
70	0.03049869946550789
71	0.5224031981891457
72	0.9524680951766462
73	0.9680555771461301
74	1.0
75	0.9524680951766462
76	0.5309525138815142
77	0.019997932954225667
78	0.03472803056127704
79	0.04358912142584555
80	0.0547111792972134
81	0.055606547367958434
82	0.08760357941344458
83	0.10818572446379085
84	0.6773349667878948
85	0.02678443476505529
86	0.1135846177017893
87	0.05296346225090932
88	0.348144444207804
89	0.5139915422627507
90	0.8501615448994048
91	0.7967132492072907
92	0.5484731728386688
93	0.2912132099152615
94	0.11544347070631857
95	0.17322705937262783
96	0.4230169025093204
97	0.057441482370143404
98	0.03472803056127704
99	0.04358912142584555
100	0.10818572446379085
101	0.07947357060372963
102	0.12120455403275905
103	0.13801229332339254
104	0.10995622264422977
105	0.07947357060372963
106	0.8501615448994048
107	0.8782156365502464
108	0.8097517472627709
109	0.3425386759286075
110	0.3425386759286075
111	0.9071954723294418
112	0.7967132492072907
113	0.5224031981891457
114	0.27290510147824404
115	0.29597901853585135
116	0.49757237909340374
117	0.746625162324361
118	0.8640747434825014
119	0.9220420515895035
120	0.823003625015039
121	0.6245313223904277
122	0.6245313223904277
123	0.5139915422627507
124	0.5758441417787756
125	0.8501615448994048
126	0.7712627042813325
127	0.5484731728386688
128	0.4230169025093204
129	0.5396417421912961
130	0.8925879504044913
131	0.6664286233595221
132	0.4739218161276131
133	0.3315964756209393
134	0.16233655139003123
135	0.09975178733729329
136	0.06756537356313774
137	0.5852680376789872
138	0.7967132492072907
139	0.8364723744993591
140	0.8925879504044913
141	0.9220420515895035
142	0.9838981538483188
143	0.6664286233595221
144	0.6556978921951198
145	0.7346031188276506
146	0.746625162324361
147	0.5758441417787756
148	0.8097517472627709
149	0.7967132492072907
150	0.481677716615238
151	0.3425386759286075
152	0.08343961441457963
153	0.10644373457266823
154	0.39642250686331315
155	0.3262571601860559
156	0.18187177108593688
157	0.09501039487561765
158	0.38375901867528034
159	0.05127157501696203
160	0.04727454821686481
161	0.05044600800408381
162	0.044302473030725285
163	0.031505112088108564
164	0.9220420515895035
165	0.9071954723294418
166	0.8925879504044913
167	0.9371316004437403
168	0.746625162324361
169	0.7712627042813325
170	0.9524680951766462
171	0.04502749889045374
172	0.0370577948122046
173	0.9220420515895035
174	0.9371316004437403
175	0.9680555771461301
176	0.9071954723294418
177	0.8925879504044913
178	0.9071954723294418
179	0.9071954723294418
180	0.9071954723294418
181	0.05044600800408381
182	0.05296346225090932
183	0.9220420515895035
184	0.9524680951766462
185	0.9524680951766462
186	0.7838846950415602
187	0.5948461590153626
188	0.9071954723294418
189	0.9071954723294418
190	0.010791719379643227
191	0.08077418408895645
192	0.016458371314135432
193	0.057441482370143404
194	0.04883453939311235
195	0.7346031188276506
196	0.746625162324361
197	0.31074953590015464
198	0.25162997965624534
199	0.305745894681384
200	0.6245313223904277
