1	0.9838981538483259
2	0.9838981538483259
3	0.4441271100328709
4	0.3538419528953326
5	0.31583506350196755
6	0.5484731728386727
7	0.6773349667878901
8	0.9838981538483259
9	0.96805557714613
10	0.8782156365502402
11	0.6347520014624433
12	0.21392613224755785
13	0.10304345090533457
14	0.16233655139003356
15	0.5852680376789829
16	0.40291010336057753
17	0.5758441417787755
18	0.7588439508744703
19	0.9071954723294352
20	0.31583506350196755
21	0.12520412762878277
22	0.09501039487561765
23	0.10304345090533457
24	0.12120455403276079
25	0.17606198232518674
26	0.9220420515895166
27	0.9071954723294352
28	0.823003625015039
29	0.7712627042813325
30	0.9524680951766531
31	0.96805557714613
32	0.96805557714613
33	0.9838981538483259
34	0.9371316004437338
35	0.7346031188276454
36	0.7346031188276454
37	0.9524680951766531
38	1.0
39	0.9524680951766531
40	0.11925293695084131
41	0.06030803830703579
42	0.010446984132459602
43	0.015676073575284753
44	0.041517247454898945
45	0.27737129133826594
46	0.8501615448993988
47	0.4513954094697244
48	0.6045810297425014
49	0.37757978999725084
50	0.342538675928605
51	0.5484731728386727
52	0.31074953590015464
53	0.052110652730084805
54	0.03099782162027459
55	0.015676073575284753
56	0.08343961441458023
57	0.9838981538483259
58	0.9838981538483259
59	0.03705779481220434
60	0.0014418122384338217
61	0.0007655338325415655
62	0.0009925720876842986
63	0.03766425891466536
64	0.1972488898661485
65	1.0
66	1.0
67	0.9524680951766531
68	0.9524680951766531
69	0.15715080394779135
70	0.007076107650393138
71	0.0016959273764898812
72	0.0005809207180139208
73	0.000485924132392977
74	0.02032520629905422
75	0.9524680951766531
76	0.96805557714613
77	1.0
78	0.9838981538483259
79	0.10818572446379238
80	0.06030803830703579
81	0.010446984132459602
82	0.06979493239667436
83	0.10644373457266748
84	0.22460188780169194
85	0.342538675928605
86	0.34814444420780405
87	0.5057153295259778
88	0.40950387170123137
89	0.2865241396118667
90	0.32100381758685337
91	0.3964225068633104
92	0.41620554942555466
93	0.35963270335587966
94	0.7111366461700435
95	0.7712627042813325
96	0.3315964756209417
97	0.12933568132305998
98	0.14256649781436706
99	0.16769342093829617
100	0.18484816784601485
101	0.6347520014624433
102	0.7588439508744703
103	0.7967132492072907
104	0.8640747434825012
105	0.7227746524257324
106	0.7712627042813325
107	0.9071954723294352
108	0.9071954723294352
109	0.9838981538483259
110	0.9838981538483259
111	0.9838981538483259
112	0.9838981538483259
113	0.96805557714613
114	0.9838981538483259
115	0.6773349667878901
116	0.4513954094697244
117	0.015676073575284753
118	0.013992274382953427
119	0.007191910689857861
120	0.11544347070631937
121	0.5665719880005109
122	0.4230169025093174
123	0.6045810297425014
124	0.6347520014624433
125	0.8640747434825012
126	0.823003625015039
127	0.6045810297425014
128	0.5948461590153626
129	0.481677716615238
130	0.3538419528953326
131	0.3655182215245059
132	0.5139915422627543
133	0.6556978921951151
134	0.9524680951766531
135	0.8782156365502402
136	0.8640747434825012
137	0.3262571601860536
138	0.1597226332147556
139	0.03587400494469159
140	0.05044600800408417
141	0.19094788792080786
142	0.2557479945175664
143	0.7712627042813325
144	0.5665719880005109
145	0.6347520014624433
146	0.35963270335587966
147	0.45878265723356193
148	0.4230169025093174
149	0.9524680951766531
150	0.9524680951766531
151	0.9524680951766531
152	0.746625162324361
153	0.7712627042813325
154	0.7838846950415546
155	0.7346031188276454
156	0.746625162324361
157	0.2557479945175664
158	0.21048152657828498
159	0.17043778391330042
160	1.0
161	0.3900393726467363
162	0.4230169025093174
163	0.9524680951766531
164	0.08077418408895759
165	0.0061142859028680595
166	0.034728030561276796
167	0.034728030561276796
168	0.09049436982916181
169	0.22827757824649372
170	0.49757237909340374
171	0.4299397258291138
172	0.4895605451959192
173	0.4895605451959192
174	0.46629079995640094
175	0.1597226332147556
176	0.1732270593726278
177	0.699686033300591
178	0.9524680951766531
179	0.96805557714613
180	0.6664286233595221
181	0.6245313223904276
182	0.3900393726467363
183	0.32100381758685337
184	0.49757237909340374
185	0.5057153295259778
186	0.5396417421912961
187	0.6664286233595221
188	0.6556978921951151
189	0.45878265723356193
190	0.7838846950415546
191	0.8097517472627709
192	0.96805557714613
193	0.9838981538483259
194	0.9838981538483259
195	0.9838981538483259
196	0.8925879504044913
197	0.8782156365502402
198	0.8782156365502402
199	0.8782156365502402
200	0.9220420515895166
