1	1.0
2	0.9838981538483189
3	0.9680555771461301
4	0.9524680951766463
5	0.9524680951766463
6	0.9524680951766463
7	0.9371316004437271
8	0.8925879504044915
9	0.8925879504044915
10	0.8782156365502339
11	0.9371316004437271
12	0.9071954723294289
13	0.8782156365502339
14	0.8364723744993591
15	0.823003625015039
16	0.6556978921951104
17	0.6245313223904276
18	0.5665719880005069
19	0.31583506350196533
20	0.614475215120391
21	0.614475215120391
22	0.9071954723294289
23	0.9838981538483189
24	0.8640747434825014
25	0.783884695041549
26	0.7346031188276403
27	0.5396417421912962
28	0.305745894681384
29	0.2865241396118647
30	0.2396695274125223
31	0.758843950874465
32	0.783884695041549
33	0.7967132492072908
34	0.3315964756209393
35	0.06331764666180247
36	0.0950103948756163
37	0.11925293695084047
38	0.2865241396118647
39	0.9524680951766463
40	0.9838981538483189
41	0.9838981538483189
42	0.9680555771461301
43	0.2959790185358471
44	0.03828064801966439
45	0.08077418408895759
46	0.7111366461700386
47	0.7967132492072908
48	0.9524680951766463
49	0.40291010336057753
50	0.2282775782464954
51	0.210481526578285
52	0.20709238541955047
53	0.20709238541955047
54	0.0034641831191914805
55	0.002759960588740092
56	0.10644373457266673
57	0.7967132492072908
58	0.7967132492072908
59	0.7967132492072908
60	0.10138426111191928
61	0.006419412822152425
62	0.2037578156903402
63	0.001395754378613407
64	0.0001957837424078547
65	0.000650827425746295
66	0.0010591597671173467
67	0.11925293695084047
68	0.758843950874465
69	0.7466251623243612
70	0.758843950874465
71	0.3008228213237163
72	0.2865241396118647
73	0.3837590186752749
74	0.9838981538483189
75	0.9680555771461301
76	0.9680555771461301
77	0.7712627042813435
78	0.2516299796562454
79	0.0876035794134446
80	0.10138426111191928
81	0.3008228213237163
82	0.3538419528953301
83	0.9838981538483189
84	0.9680555771461301
85	0.809751747262771
86	0.14489964968096344
87	0.25993340216897615
88	0.4299397258291107
89	0.7967132492072908
90	0.809751747262771
91	0.9371316004437271
92	0.7111366461700386
93	0.8640747434825014
94	0.9071954723294289
95	0.6451399456130031
96	0.011515692539375575
97	0.012693727967806582
98	0.059336967552505365
99	0.18484816784601354
100	0.12120455403276079
101	0.2396695274125223
102	0.9220420515895166
103	0.8925879504044915
104	0.8925879504044915
105	0.8640747434825014
106	0.9371316004437271
107	0.9371316004437271
108	0.5852680376789788
109	0.44412711003286787
110	0.6996860333005861
111	0.6884197964379097
112	0.8640747434825014
113	0.9680555771461301
114	0.9371316004437271
115	0.9838981538483189
116	0.9838981538483189
117	0.9838981538483189
118	0.9680555771461301
119	0.9220420515895166
120	0.9680555771461301
121	0.614475215120391
122	0.1252041276287828
123	0.42301690250931445
124	0.8501615448993928
125	0.823003625015039
126	0.8501615448993928
127	0.823003625015039
128	0.8782156365502339
129	0.20047693868989175
130	0.16769342093829617
131	0.1472709844146121
132	0.09049436982916181
133	0.045764390058399614
134	0.11358461770178932
135	0.7967132492072908
136	0.20709238541955047
137	0.18484816784601354
138	0.18787327440651988
139	0.2959790185358471
140	0.2865241396118647
141	0.41620554942555466
142	0.823003625015039
143	0.8640747434825014
144	0.8501615448993928
145	0.9838981538483189
146	0.9838981538483189
147	0.8364723744993591
148	0.013327194928720634
149	0.006739766775034895
150	0.0014654080128054352
151	0.001167509979296634
152	0.0006723037820462359
153	0.003299523896879402
154	0.003637059484442844
155	0.04651334071458661
156	0.009477456704464872
157	0.011147830387442607
158	0.010617952774480096
159	0.04019100294647119
160	0.9838981538483189
161	0.9838981538483189
162	1.0
163	1.0
164	0.9838981538483189
165	0.04288725609875964
166	0.014453999040223557
167	0.003637059484442844
168	0.481677716615238
169	0.513991542262758
170	0.04502749889045438
171	0.002503823749912712
172	0.0002937805123388755
173	0.0008716923278076608
174	0.0003512136458956071
175	0.004141419638950832
176	0.001206036106664975
177	0.0051981307491388885
178	0.9680555771461301
179	0.823003625015039
180	0.9371316004437271
181	0.9220420515895166
182	0.8925879504044915
183	0.7346031188276403
184	0.5574491330158785
185	0.22098538275893198
186	0.5224031981891384
187	0.5057153295259705
188	0.1909478879208065
189	0.07209806342155775
190	0.07569604040982107
191	0.1732270593726278
192	0.8925879504044915
193	0.9220420515895166
194	0.809751747262771
195	0.4895605451959158
196	0.6664286233595221
197	0.7111366461700386
198	0.7227746524257325
199	0.783884695041549
200	0.783884695041549
