1	0.746625162324361
2	0.6451399456130125
3	0.7346031188276455
4	0.7346031188276455
5	0.6144752151203955
6	0.566571988000519
7	0.5948461590153669
8	0.8782156365502402
9	0.44412711003287103
10	0.46629079995640094
11	0.7588439508744812
12	0.10472979393476876
13	0.022043686905619652
14	0.0045650797047264505
15	0.025928821455018656
16	0.25993340216897615
17	0.2557479945175701
18	0.41620554942555466
19	0.6773349667878997
20	0.8925879504044977
21	0.9524680951766665
22	0.9220420515895231
23	0.7967132492072966
24	0.9220420515895231
25	0.16233655139003356
26	0.21742711012398033
27	0.9371316004437406
28	0.9680555771461439
29	0.0036370594844428697
30	0.005918968568537471
31	0.003042299783147342
32	0.0023086307871881067
33	0.0011302145468318858
34	0.017562497419084444
35	0.9838981538483259
36	0.9680555771461439
37	1.0
38	1.0
39	1.0
40	1.0
41	0.05044600800408453
42	0.011147830387442922
43	0.006962169253653873
44	0.008057369233585077
45	0.06647744631284466
46	1.0
47	1.0
48	1.0
49	1.0
50	1.0
51	1.0
52	0.06756537356313871
53	0.008881624169591424
54	0.007674387126047693
55	0.010278768401209682
56	0.046513340714586945
57	1.0
58	1.0
59	1.0
60	1.0
61	1.0
62	1.0
63	0.9680555771461439
64	0.004278080449843506
65	0.0011866166988220913
66	0.0051144312475400406
67	0.005823662247270286
68	0.0051981307491389996
69	0.012090370898187344
70	0.9838981538483259
71	0.9680555771461439
72	0.24359180518339907
73	0.25162997965624895
74	0.505715329525985
75	0.31074953590015686
76	0.566571988000519
77	0.9071954723294482
78	0.7227746524257428
79	0.5224031981891458
80	0.5484731728386727
81	0.22460188780169513
82	0.1972488898661499
83	0.24757827243667163
84	0.17322705937262906
85	0.22460188780169513
86	0.45878265723356193
87	0.19094788792081058
88	0.228277578246497
89	0.18787327440652257
90	0.20709238541955194
91	0.3715000583087337
92	0.7588439508744812
93	0.6556978921951152
94	0.8097517472627824
95	0.5484731728386727
96	0.31074953590015686
97	0.210481526578285
98	0.19094788792081058
99	0.31074953590015686
100	0.7111366461700436
101	0.6773349667878997
102	0.6556978921951152
103	0.5224031981891458
104	0.699686033300596
105	0.4513954094697309
106	0.42301690250932344
107	0.5948461590153669
108	0.18484816784601485
109	0.5574491330158785
110	0.10818572446379315
111	0.07819389939674416
112	0.07447719441285228
113	0.057441482370143
114	0.24359180518339907
115	0.7838846950415602
116	0.7588439508744812
117	0.7588439508744812
118	0.746625162324361
119	0.746625162324361
120	0.9371316004437406
121	0.22460188780169513
122	0.20709238541955194
123	0.2139261322475609
124	0.2641873055176485
125	0.2641873055176485
126	0.6144752151203955
127	0.5574491330158785
128	0.09501039487561899
129	0.06331764666180337
130	0.3538419528953326
131	0.6045810297425099
132	0.3715000583087337
133	0.17894329980858117
134	0.30082282132372057
135	0.7111366461700436
136	0.9071954723294482
137	0.6556978921951152
138	0.699686033300596
139	0.9071954723294482
140	0.7838846950415602
141	0.5948461590153669
142	0.3655182215245085
143	0.18187177108593947
144	0.16769342093829856
145	0.3900393726467364
146	0.6144752151203955
147	0.43697584363533404
148	0.6664286233595268
149	0.5224031981891458
150	0.4816777166152449
151	0.45878265723356193
152	0.40950387170123137
153	0.3964225068633104
154	0.7712627042813435
155	0.7227746524257428
156	0.6884197964379146
157	0.6144752151203955
158	0.6556978921951152
159	0.6556978921951152
160	0.8097517472627824
161	0.4895605451959193
162	0.3900393726467364
163	0.40291010336058325
164	0.3425386759286099
165	0.3262571601860559
166	0.16769342093829856
167	0.29597901853584924
168	0.3262571601860559
169	0.3715000583087337
170	0.21742711012398033
171	0.3900393726467364
172	0.3262571601860559
173	0.3425386759286099
174	0.2004769386898946
175	0.5852680376789872
176	0.566571988000519
177	0.746625162324361
178	0.7588439508744812
179	0.7712627042813435
180	0.9220420515895231
181	0.6144752151203955
182	0.4513954094697309
183	0.42301690250932344
184	0.42301690250932344
185	0.2557479945175701
186	0.119252936950843
187	0.07327797408660716
188	0.055606547367958836
189	0.058381532829868875
190	0.057441482370143
191	0.022404439747549142
192	0.007191910689857912
193	0.1013842611119193
194	0.699686033300596
195	0.4816777166152449
196	0.5396417421913038
197	0.5758441417787837
198	0.6245313223904277
199	0.8501615448994109
200	0.9838981538483259
