1	0.31074953590015464
2	0.32100381758685337
3	0.27737129133826594
4	0.17322705937262783
5	0.20709238541955047
6	0.9524680951766531
7	0.9524680951766531
8	0.9680555771461301
9	0.9838981538483258
10	0.9838981538483258
11	0.9524680951766531
12	0.9524680951766531
13	0.9371316004437339
14	0.8364723744993591
15	0.07093715149650967
16	0.020995908477665783
17	0.02065783558954363
18	0.05127157501696167
19	0.9071954723294353
20	0.00463978887130851
21	0.0011120160060804068
22	0.8925879504044913
23	0.05127157501696167
24	0.13360357026643682
25	0.5057153295259741
26	0.9838981538483258
27	0.9838981538483258
28	0.9838981538483258
29	0.42301690250931745
30	0.05560654736795804
31	0.05211065273008481
32	0.022771096439116734
33	0.09501039487561765
34	0.9838981538483258
35	0.13801229332339157
36	0.03828064801966466
37	0.027222771645920248
38	0.02635315591720863
39	0.08480513362914895
40	0.1972488898661485
41	0.2685108255202325
42	0.15972263321475563
43	0.03202070454638309
44	0.5057153295259741
45	0.444127110032871
46	0.8097517472627709
47	0.5057153295259741
48	0.18484816784601485
49	0.05127157501696167
50	0.052963462250909324
51	0.7588439508744703
52	0.8364723744993591
53	0.9071954723294353
54	0.8782156365502402
55	0.9680555771461301
56	0.9680555771461301
57	0.9680555771461301
58	0.9838981538483258
59	0.6884197964379097
60	0.5665719880005109
61	0.513991542262758
62	0.4739218161276098
63	0.5224031981891458
64	0.5948461590153626
65	0.16233655139003356
66	0.5396417421912961
67	0.8501615448993988
68	0.04084874312373918
69	0.01784991398793885
70	0.009026975134420856
71	0.008881624169591422
72	0.06540703669975813
73	0.9838981538483258
74	0.9838981538483258
75	0.9838981538483258
76	0.9838981538483258
77	0.9524680951766531
78	0.05838153282986845
79	0.0015637163575655567
80	0.00010913947746386269
81	0.001395754378613417
82	0.03890712455342826
83	0.4739218161276098
84	0.4739218161276098
85	0.466290799956401
86	0.15462038588001212
87	0.1649932472736998
88	0.24757827243667163
89	0.9220420515895166
90	0.7838846950415547
91	0.5665719880005109
92	0.3655182215245059
93	0.444127110032871
94	0.3008228213237163
95	0.3538419528953326
96	0.2912132099152615
97	0.0021988971683392015
98	0.01248933551297758
99	0.009790198959862158
100	0.014221262971401532
101	0.9838981538483258
102	0.01672771846330001
103	0.0045650797047264175
104	0.00346418311919148
105	0.01999793295422581
106	0.9838981538483258
107	0.9838981538483258
108	0.6556978921951152
109	0.6884197964379097
110	0.8640747434825014
111	0.6884197964379097
112	0.9838981538483258
113	0.9680555771461301
114	0.9838981538483258
115	0.9838981538483258
116	0.9838981538483258
117	0.9524680951766531
118	0.9680555771461301
119	0.9838981538483258
120	0.5665719880005109
121	0.8640747434825014
122	0.746625162324361
123	0.7967132492072908
124	0.9680555771461301
125	0.9838981538483258
126	0.02592882145501866
127	0.0026717952406334006
128	0.0038810552143591025
129	0.010446984132459527
130	0.9838981538483258
131	0.9838981538483258
132	0.007309608887594875
133	0.0010421053394971875
134	0.0021988971683392015
135	0.024696375181437157
136	0.9371316004437339
137	0.14027091400017716
138	0.14727098441461314
139	0.20709238541955047
140	0.9680555771461301
141	0.9838981538483258
142	0.6451399456130033
143	0.5758441417787756
144	0.3715000583087311
145	0.6664286233595221
146	0.42301690250931745
147	0.8925879504044913
148	0.43697584363533093
149	0.40950387170123137
150	0.6556978921951152
151	0.6451399456130033
152	0.31074953590015464
153	0.1521307122146586
154	0.1496811268916314
155	0.5574491330158785
156	0.5758441417787756
157	0.6144752151203954
158	0.24757827243667163
159	0.239669527412524
160	0.5224031981891458
161	0.7227746524257325
162	0.8640747434825014
163	0.9524680951766531
164	0.9371316004437339
165	0.9220420515895166
166	0.8501615448993988
167	0.8925879504044913
168	0.5396417421912961
169	0.43697584363533093
170	0.5396417421912961
171	0.8501615448993988
172	0.7227746524257325
173	0.746625162324361
174	0.7588439508744703
175	0.6884197964379097
176	0.8364723744993591
177	0.8782156365502402
178	0.7227746524257325
179	0.32100381758685337
180	0.09049436982916181
181	0.31583506350196755
182	0.3775797899972509
183	0.5057153295259741
184	0.5758441417787756
185	0.7346031188276455
186	0.444127110032871
187	0.34814444420780405
188	0.444127110032871
189	0.513991542262758
190	0.6773349667878901
191	0.8925879504044913
192	0.8640747434825014
193	0.9680555771461301
194	0.9838981538483258
195	0.9838981538483258
196	0.9838981538483258
197	0.9524680951766531
198	0.8640747434825014
199	0.7712627042813435
200	0.7838846950415547
