1	0.9524680951766598
2	0.9071954723294418
3	0.9838981538483189
4	0.210481526578285
5	0.10138426111191785
6	0.10138426111191785
7	0.1135846177017893
8	0.9680555771461301
9	0.9524680951766598
10	0.9524680951766598
11	0.9220420515895166
12	0.8782156365502338
13	0.8925879504044913
14	0.8925879504044913
15	0.8925879504044913
16	0.9071954723294418
17	0.9524680951766598
18	0.02390746372968351
19	0.02032520629905422
20	0.022771096439116737
21	0.1135846177017893
22	0.9071954723294418
23	0.8364723744993472
24	0.4739218161276131
25	0.9071954723294418
26	0.006631244087325071
27	0.011147830387442765
28	0.020657835589543778
29	0.011704150977755607
30	0.006214348384488034
31	0.001962709116638142
32	0.02314375359893927
33	0.04502749889045438
34	0.9838981538483189
35	0.9838981538483189
36	0.9680555771461301
37	0.02168874285044923
38	0.015175310452307484
39	0.004792895140366572
40	0.01248933551297767
41	0.002271457569431769
42	0.005114431247540003
43	0.023522509426831584
44	0.031505112088109015
45	0.8097517472627709
46	0.8097517472627709
47	0.9371316004437271
48	0.9680555771461301
49	0.9838981538483189
50	0.9680555771461301
51	0.6347520014624477
52	0.46629079995639433
53	0.41620554942555466
54	0.9071954723294418
55	0.9220420515895166
56	0.9680555771461301
57	0.07447719441285175
58	0.019675929314445093
59	0.017562497419084444
60	0.024696375181437157
61	0.07693483325865721
62	0.3481444442077991
63	0.3481444442077991
64	0.48956054519591574
65	0.2641873055176485
66	0.23201342268367284
67	0.08077418408895759
68	0.6884197964379097
69	0.746625162324361
70	0.7111366461700487
71	0.7111366461700487
72	0.746625162324361
73	0.9371316004437271
74	0.8501615448994049
75	0.06867110513305613
76	0.052963462250909324
77	0.061295000982725924
78	0.08619300005539272
79	0.09197534264619776
80	0.08760357941344458
81	0.09049436982916181
82	0.09501039487561765
83	0.14027091400017716
84	0.26851082552023625
85	0.6347520014624477
86	0.5057153295259778
87	0.5484731728386688
88	0.45139540946972445
89	0.7346031188276403
90	0.7346031188276403
91	0.6664286233595221
92	0.6996860333005861
93	0.8230036250150389
94	0.746625162324361
95	0.31583506350196977
96	0.39642250686331315
97	0.31074953590015464
98	0.4299397258291169
99	0.8640747434825014
100	0.783884695041549
101	0.783884695041549
102	0.8925879504044913
103	0.8925879504044913
104	0.6884197964379097
105	0.15972263321475674
106	0.10304345090533383
107	0.10472979393476875
108	0.02592882145501884
109	0.04804821315291625
110	0.8925879504044913
111	0.9071954723294418
112	1.0
113	0.1472709844146142
114	0.05471117929721262
115	0.03890712455342854
116	0.02168874285044923
117	0.10472979393476875
118	0.0083232506725889
119	0.1972488898661499
120	0.1878732744065199
121	0.1972488898661499
122	0.35963270335588476
123	0.9524680951766598
124	0.9524680951766598
125	0.9838981538483189
126	0.9838981538483189
127	0.9838981538483189
128	0.8364723744993472
129	0.22098538275893506
130	0.04963373414423629
131	0.06331764666180247
132	0.0622981156565685
133	0.22098538275893506
134	0.8782156365502338
135	0.331596475620944
136	0.2516299796562454
137	0.3655182215245033
138	0.4299397258291169
139	0.8364723744993472
140	0.746625162324361
141	0.8230036250150389
142	0.5484731728386688
143	0.4369758436353279
144	0.4369758436353279
145	0.5224031981891384
146	0.6556978921951104
147	0.8640747434825014
148	0.2641873055176485
149	0.03828064801966439
150	0.006015834611932685
151	0.06540703669975813
152	0.06540703669975813
153	0.06540703669975813
154	0.010968329737619282
155	0.009950419076984445
156	0.00932485215470036
157	0.08619300005539272
158	0.8501615448994049
159	0.5758441417787837
160	0.7111366461700487
161	0.9071954723294418
162	0.9680555771461301
163	0.9220420515895166
164	0.8640747434825014
165	0.6245313223904189
166	0.5852680376789788
167	0.2004769386898946
168	0.0622981156565685
169	0.03646109590141792
170	0.03472803056127704
171	0.052110652730085555
172	0.04502749889045438
173	0.9680555771461301
174	0.9371316004437271
175	0.9371316004437271
176	0.9220420515895166
177	0.011515692539375738
178	0.01700147357515921
179	0.020995908477665932
180	0.008881624169591297
181	0.04358912142584555
182	0.22827757824649536
183	0.7712627042813435
184	0.5396417421912962
185	0.4369758436353279
186	0.746625162324361
187	0.3262571601860513
188	0.29121320991525734
189	0.28652413961186873
190	0.11733274450692356
191	0.10138426111191785
192	0.10818572446379239
193	0.026353155917208635
194	0.027222771645920244
195	0.06979493239667536
196	0.10472979393476875
197	0.9838981538483189
198	0.5224031981891384
199	0.566571988000515
200	0.6556978921951104
