1	1.0
2	1.0
3	1.0
4	1.0
5	0.9524680951766462
6	0.9838981538483188
7	0.18187177108593947
8	0.07093715149650967
9	0.04963373414423558
10	0.9838981538483188
11	0.003299523896879449
12	0.003696581267296084
13	1.0
14	1.0
15	0.03828064801966439
16	0.014221262971401534
17	0.008738613623635485
18	0.002503823749912712
19	0.0048713325882563455
20	0.012489335512977668
21	0.04804821315291624
22	0.24757827243666986
23	0.17894329980857737
24	0.08343961441457963
25	0.21048152657828498
26	0.1909478879208092
27	0.28652413961186873
28	0.9838981538483188
29	0.8501615448993928
30	0.6884197964379097
31	0.9680555771461301
32	0.8640747434825136
33	0.10472979393476875
34	0.08077418408895759
35	0.22460188780169194
36	0.00611428590286806
37	0.0015637163575655455
38	0.005114431247540004
39	0.25574799451756824
40	0.783884695041549
41	0.8640747434825136
42	1.0
43	0.9838981538483188
44	1.0
45	1.0
46	1.0
47	1.0
48	0.8782156365502338
49	0.9838981538483188
50	0.48167771661524483
51	0.16499324727369863
52	0.014930959938100428
53	0.014930959938100428
54	0.003757077145472426
55	0.006015834611932685
56	0.09656527406216149
57	0.9524680951766462
58	0.8640747434825136
59	0.5309525138815068
60	0.7227746524257428
61	0.8501615448993928
62	0.9838981538483188
63	0.1314523061326923
64	0.14489964968096344
65	0.305745894681384
66	0.9680555771461301
67	0.027222771645920248
68	0.03828064801966439
69	0.04502749889045438
70	0.9838981538483188
71	0.9838981538483188
72	0.9071954723294289
73	0.9071954723294289
74	0.06979493239667438
75	0.00719191068985781
76	0.0011120160060804068
77	0.00611428590286806
78	0.9220420515895166
79	0.008881624169591424
80	0.002163490864431252
81	0.0022348829091087073
82	0.08343961441457963
83	0.10644373457266673
84	0.2685108255202324
85	0.937131600443727
86	0.12933568132305998
87	0.17894329980857737
88	0.17894329980857737
89	0.07819389939674361
90	0.08760357941344458
91	0.23581040555487973
92	0.24359180518339563
93	0.8782156365502338
94	0.7346031188276402
95	0.937131600443727
96	0.9838981538483188
97	1.0
98	0.8782156365502338
99	0.8782156365502338
100	0.8640747434825136
101	0.8640747434825136
102	1.0
103	0.7712627042813435
104	0.937131600443727
105	0.041517247454898654
106	0.0008576564720537011
107	0.0007532073245460798
108	0.0008716923278076609
109	0.0019311058764015325
110	0.23581040555487973
111	0.2912132099152615
112	0.34253867592860743
113	0.25993340216897615
114	0.24359180518339563
115	0.9680555771461301
116	0.9524680951766462
117	0.9680555771461301
118	0.017279708787602804
119	0.008881624169591424
120	0.007799981223697564
121	0.015175310452307482
122	0.10304345090533383
123	0.08343961441457963
124	0.0472745482168648
125	0.04651334071458662
126	0.32100381758685564
127	0.44412711003286787
128	0.9838981538483188
129	1.0
130	1.0
131	0.466290799956401
132	0.305745894681384
133	0.9838981538483188
134	0.00963255868241604
135	0.0290490381852773
136	0.07819389939674361
137	0.9838981538483188
138	0.09656527406216149
139	0.008881624169591424
140	0.0076743871260476935
141	0.009950419076984445
142	0.011330268629776648
143	0.9838981538483188
144	0.154620385880011
145	0.21048152657828498
146	0.3315964756209393
147	0.9838981538483188
148	0.9838981538483188
149	0.758843950874465
150	0.06435386265758127
151	0.06867110513305613
152	0.746625162324361
153	0.7712627042813435
154	0.27737129133826594
155	0.2396695274125223
156	0.2516299796562454
157	0.4369758436353279
158	0.9220420515895166
159	0.9838981538483188
160	0.8640747434825136
161	0.35963270335587966
162	0.0794735706037285
163	0.04883453939311235
164	0.17322705937262783
165	0.9838981538483188
166	0.9524680951766462
167	0.17043778391330164
168	0.19407281858793526
169	0.9838981538483188
170	0.9524680951766462
171	0.8640747434825136
172	0.2685108255202324
173	0.10644373457266673
174	0.020995908477665633
175	0.008189230970776996
176	0.008189230970776996
177	0.020657835589543483
178	1.0
179	0.08077418408895759
180	0.08077418408895759
181	0.007927630713798602
182	0.08619300005539272
183	0.06129500098272593
184	0.016458371314135432
185	0.01567607357528453
186	0.014690543918280221
187	0.0012869442307717569
188	0.0006723037820462359
189	0.02390746372968351
190	0.9838981538483188
191	0.9838981538483188
192	0.003142691241050594
193	0.008057369233584964
194	1.0
195	0.04502749889045438
196	0.05651656845829485
197	0.16499324727369863
198	0.9838981538483188
199	0.937131600443727
200	1.0
