1	0.8364723744993591
2	0.8364723744993591
3	1.0
4	0.8640747434825136
5	0.823003625015039
6	0.7838846950415602
7	0.11175569566235759
8	0.1909478879208092
9	0.34253867592860743
10	0.40950387170122843
11	0.7712627042813436
12	0.9371316004437404
13	0.9220420515895167
14	0.9220420515895167
15	0.9524680951766462
16	0.9524680951766462
17	0.7712627042813436
18	0.09656527406216149
19	0.018438935128663837
20	0.02766828206704513
21	0.0547111792972134
22	0.06979493239667438
23	0.42993972582911677
24	0.8501615448993928
25	0.9071954723294546
26	0.9071954723294546
27	0.9220420515895167
28	0.9680555771461439
29	0.8501615448993928
30	0.39642250686330754
31	0.010446984132459602
32	0.022404439747548983
33	0.04963373414423629
34	0.07569604040982214
35	0.3596327033558848
36	0.746625162324361
37	0.746625162324361
38	0.18787327440651988
39	0.051271575016962036
40	0.09049436982916183
41	0.09656527406216149
42	0.08480513362915015
43	0.0675653735631387
44	0.09656527406216149
45	0.28652413961186873
46	0.8640747434825136
47	0.4029101033605832
48	0.22827757824649858
49	0.1789432998085799
50	0.07947357060373075
51	0.07569604040982214
52	0.16499324727370096
53	0.10472979393476875
54	0.07819389939674361
55	0.1496811268916314
56	0.7712627042813436
57	0.7838846950415602
58	0.22098538275893193
59	0.17322705937262783
60	0.1818717710859395
61	0.1357900406092586
62	0.8501615448993928
63	0.8501615448993928
64	0.8640747434825136
65	0.8501615448993928
66	0.9071954723294546
67	0.9071954723294546
68	0.9220420515895167
69	0.9220420515895167
70	0.006850065475449525
71	0.012090370898187257
72	0.9371316004437404
73	0.04576439005840027
74	0.04651334071458662
75	0.05560654736795764
76	0.0547111792972134
77	0.057441482370143404
78	0.09348055211451999
79	0.9220420515895167
80	0.9220420515895167
81	0.9220420515895167
82	0.9071954723294546
83	0.13360357026643588
84	0.02099590847766593
85	0.030498699465507893
86	0.062298115656567614
87	0.06540703669975811
88	0.04151724745489924
89	0.9524680951766462
90	0.03587400494469159
91	0.08619300005539272
92	0.3900393726467363
93	0.6451399456130124
94	0.45878265723355866
95	0.1252041276287828
96	0.29121320991526145
97	0.9071954723294546
98	0.9524680951766462
99	0.9680555771461439
100	0.9524680951766462
101	0.3315964756209393
102	0.1357900406092586
103	0.1972488898661499
104	0.26851082552023625
105	0.9071954723294546
106	0.1425664978143681
107	0.020325206299054217
108	0.020657835589543774
109	0.05296346225091007
110	0.9838981538483188
111	0.05383022830539262
112	0.025100540218357226
113	0.015423659850313085
114	0.0062143483844881225
115	0.002759960588740131
116	0.003092088110185005
117	0.010113261253784643
118	0.06540703669975811
119	0.9371316004437404
120	0.8925879504044913
121	0.02858129504156406
122	0.05044600800408453
123	0.21392613224755938
124	0.9838981538483188
125	0.9680555771461439
126	0.9680555771461439
127	0.025928821455018475
128	0.021339514049848223
129	0.03254473486014822
130	0.057441482370143404
131	0.9071954723294546
132	0.9524680951766462
133	0.9680555771461439
134	0.9838981538483188
135	0.9838981538483188
136	0.8925879504044913
137	0.9371316004437404
138	0.0769348332586572
139	0.03416884515602847
140	0.003299523896879449
141	0.007927630713798602
142	0.9838981538483188
143	1.0
144	0.9838981538483188
145	0.9838981538483188
146	0.20709238541955044
147	0.08619300005539272
148	0.07209806342155774
149	0.9220420515895167
150	0.9071954723294546
151	0.08903724340857931
152	0.045027498890454376
153	0.045027498890454376
154	0.045027498890454376
155	0.05838153282986846
156	0.06129500098272679
157	0.0028510352648104926
158	0.029524436113288612
159	0.9371316004437404
160	0.011515692539375736
161	0.0038810552143591303
162	0.006631244087325164
163	0.17322705937262783
164	0.8782156365502338
165	0.062298115656567614
166	0.10138426111191927
167	0.06331764666180337
168	0.10138426111191927
169	0.8501615448993928
170	0.12318811002815044
171	0.12318811002815044
172	0.1909478879208092
173	0.823003625015039
174	0.05560654736795764
175	0.1425664978143681
176	0.12725313808047503
177	0.10995622264422977
178	0.12933568132305998
179	0.32625716018605594
180	0.8640747434825136
181	0.9838981538483188
182	0.7227746524257428
183	0.7967132492072908
184	0.23966952741252567
185	0.07947357060373075
186	0.005729890533725346
187	0.09197534264619907
188	0.08209608258032164
189	0.002671795240633401
190	0.02812108342598899
191	0.1818717710859395
192	0.8925879504044913
193	0.9071954723294546
194	0.8097517472627825
195	0.21742711012398036
196	0.3315964756209393
197	0.18787327440651988
198	0.24757827243666986
199	0.9371316004437404
200	0.8925879504044913
