1	0.7111366461700486
2	0.6996860333005861
3	0.783884695041549
4	0.29121320991525734
5	0.15213071221465752
6	0.12520412762878458
7	0.11925293695084214
8	0.14027091400017713
9	0.13360357026643777
10	0.17043778391330164
11	0.12933568132305998
12	0.05744148237014259
13	0.011330268629776647
14	0.009324852154700358
15	0.25574799451756824
16	0.41620554942555466
17	0.8640747434825012
18	0.8782156365502338
19	0.7967132492073021
20	0.3775797899972509
21	0.18187177108593688
22	0.10472979393476875
23	0.14489964968096344
24	0.054711179297212614
25	0.02592882145501884
26	0.05211065273008555
27	0.40950387170122843
28	0.39642250686331315
29	0.023907463729683505
30	0.04019100294647119
31	0.0769348332586572
32	0.164993247273701
33	0.2819105719970956
34	0.7227746524257325
35	0.6556978921951104
36	0.6664286233595221
37	0.783884695041549
38	0.823003625015039
39	0.7588439508744758
40	0.7227746524257325
41	0.5224031981891383
42	0.5057153295259776
43	0.4662907999563943
44	0.4975723790934108
45	0.32100381758685564
46	0.29121320991525734
47	0.25162997965624534
48	0.29597901853585135
49	0.05838153282986845
50	0.011147830387442765
51	0.0997517873372933
52	0.00873861362363561
53	0.06540703669975811
54	0.08209608258032047
55	0.022043686905619336
56	0.015676073575284753
57	0.8364723744993591
58	0.783884695041549
59	0.8640747434825012
60	0.9680555771461301
61	0.9838981538483189
62	0.8925879504044915
63	0.7227746524257325
64	0.6773349667878948
65	0.9524680951766598
66	0.09814559940423297
67	0.04358912142584555
68	0.0934805521145213
69	0.006214348384488035
70	0.005918968568537471
71	0.005729890533725345
72	0.0023086307871880737
73	0.08903724340857931
74	0.783884695041549
75	0.059336967552506205
76	0.011147830387442765
77	0.022771096439116734
78	0.03254473486014868
79	0.18187177108593688
80	0.5948461590153711
81	0.3262571601860513
82	0.7227746524257325
83	0.7967132492073021
84	0.7346031188276403
85	0.7967132492073021
86	0.9524680951766598
87	0.6664286233595221
88	0.29121320991525734
89	0.07569604040982107
90	0.08760357941344458
91	0.2209853827589351
92	0.028121083425988992
93	0.027222771645920244
94	0.5309525138815142
95	0.4739218161276131
96	0.5948461590153711
97	0.3538419528953351
98	0.45139540946972445
99	0.42993972582911677
100	0.9680555771461301
101	0.9838981538483189
102	0.24757827243667338
103	0.19094788792080922
104	0.19094788792080922
105	0.02766828206704513
106	0.008881624169591297
107	0.012090370898187257
108	0.014221262971401331
109	0.018740694914960117
110	0.018740694914960117
111	0.9071954723294416
112	0.27290510147824404
113	0.3262571601860513
114	0.18187177108593688
115	0.0050320794624387636
116	5.430478945470508e-05
117	9.430466599340139e-05
118	0.0009151932040789201
119	0.0004064621128492915
120	0.164993247273701
121	1.0
122	1.0
123	1.0
124	1.0
125	1.0
126	1.0
127	0.164993247273701
128	0.0003134890683440487
129	0.0050320794624387636
130	0.00031861942937681505
131	0.0002665163506524553
132	0.001869417813710169
133	0.19094788792080922
134	0.9071954723294416
135	0.823003625015039
136	0.7967132492073021
137	0.8640747434825012
138	0.7967132492073021
139	0.6996860333005861
140	0.29121320991525734
141	0.42301690250932045
142	0.040848743123738596
143	0.13360357026643777
144	0.13145230613269226
145	0.13145230613269226
146	0.176061982325188
147	0.164993247273701
148	0.1472709844146142
149	0.14027091400017713
150	0.2320134226836728
151	0.7588439508744758
152	0.7346031188276403
153	0.31074953590015464
154	0.4662907999563943
155	0.42993972582911677
156	0.37150005830873634
157	0.32100381758685564
158	0.40950387170122843
159	0.6884197964379097
160	0.9220420515895166
161	0.8782156365502338
162	0.8640747434825012
163	0.8501615448994048
164	0.8097517472627709
165	0.7227746524257325
166	0.5758441417787837
167	0.27737129133826594
168	0.513991542262758
169	0.35963270335588476
170	0.6347520014624477
171	0.9071954723294416
172	0.823003625015039
173	0.45139540946972445
174	0.513991542262758
175	0.5057153295259776
176	0.8097517472627709
177	0.5484731728386688
178	0.783884695041549
179	0.09049436982916181
180	0.08760357941344458
181	0.1789432998085799
182	0.18484816784601352
183	0.10472979393476875
184	0.09656527406216149
185	0.8364723744993591
186	0.12933568132305998
187	0.937131600443727
188	0.8097517472627709
189	0.937131600443727
190	0.937131600443727
191	0.24757827243667338
192	0.9071954723294416
193	0.16769342093829617
194	0.210481526578285
195	0.045764390058399614
196	0.14968112689163351
197	0.02858129504156365
198	0.016727718463300126
199	0.8501615448994048
200	0.6556978921951104
