1	0.9680555771461301
2	0.9680555771461301
3	0.9680555771461301
4	0.6773349667878948
5	0.7111366461700487
6	0.7227746524257325
7	0.9371316004437404
8	0.9071954723294419
9	0.9838981538483188
10	0.9220420515895166
11	0.8925879504044915
12	0.823003625015039
13	0.8364723744993591
14	0.9371316004437404
15	0.7588439508744758
16	0.6664286233595221
17	0.7346031188276403
18	0.614475215120391
19	0.18187177108593688
20	0.2819105719970956
21	0.8364723744993591
22	0.746625162324361
23	0.9220420515895166
24	0.40950387170122843
25	0.2641873055176485
26	0.3596327033558797
27	0.35384195289533515
28	0.21742711012397725
29	0.8501615448994048
30	0.9371316004437404
31	0.41620554942555466
32	0.3370231708678045
33	0.29597901853585135
34	0.29597901853585135
35	0.18187177108593688
36	0.23201342268367284
37	0.7967132492072908
38	0.23581040555488308
39	0.06647744631284418
40	0.004491573493650751
41	0.007799981223697675
42	0.00755081532523563
43	0.015676073575284756
44	0.9838981538483188
45	0.12933568132305998
46	0.9838981538483188
47	0.0997517873372933
48	0.008323250672588899
49	0.00010913947746386115
50	4.542445618186427e-05
51	0.002163490864431252
52	0.9838981538483188
53	1.0
54	1.0
55	1.0
56	1.0
57	1.0
58	0.003408403375565057
59	0.0009301706690873582
60	0.0006944888267967084
61	0.0031426912410505935
62	0.10138426111191785
63	0.9838981538483188
64	0.13801229332339254
65	0.9838981538483188
66	0.010113261253784643
67	0.0020274756563298706
68	0.005457537922228155
69	0.005918968568537387
70	0.06979493239667438
71	0.3715000583087311
72	0.9524680951766598
73	0.6773349667878948
74	0.5758441417787756
75	0.5574491330158785
76	0.7967132492072908
77	0.29597901853585135
78	0.22827757824649536
79	0.3775797899972509
80	0.41620554942555466
81	0.8501615448994048
82	0.9680555771461301
83	0.8364723744993591
84	0.8501615448994048
85	0.823003625015039
86	0.6773349667878948
87	0.3596327033558797
88	0.15972263321475677
89	0.47392181612761314
90	0.22827757824649536
91	0.0997517873372933
92	0.4299397258291169
93	0.6884197964379097
94	0.08903724340857933
95	0.3370231708678045
96	0.2435918051833956
97	0.8364723744993591
98	0.7588439508744758
99	0.017562497419084194
100	0.03646109590141791
101	0.004565079704726418
102	0.03646109590141791
103	0.0025864462836876503
104	0.030007614098887924
105	0.06979493239667438
106	0.9220420515895166
107	0.9220420515895166
108	0.9524680951766598
109	0.09049436982916054
110	0.0472745482168648
111	0.04502749889045438
112	0.06979493239667438
113	0.06867110513305712
114	0.06979493239667438
115	0.03049869946550789
116	0.7111366461700487
117	0.5948461590153711
118	0.2729051014782441
119	0.2819105719970956
120	0.24757827243667338
121	0.5852680376789788
122	0.29597901853585135
123	0.2599334021689725
124	0.012693727967806401
125	0.011895693606067882
126	0.12318811002815044
127	0.12120455403275907
128	0.9680555771461301
129	0.9680555771461301
130	0.9371316004437404
131	0.9371316004437404
132	0.04502749889045438
133	0.013112602486345095
134	0.015932618141390686
135	0.06867110513305712
136	0.10818572446379239
137	0.03828064801966439
138	0.9071954723294419
139	0.39642250686331315
140	0.9680555771461301
141	0.9838981538483188
142	0.9838981538483188
143	0.9838981538483188
144	0.40950387170122843
145	0.8782156365502339
146	0.01727970878760305
147	0.005198130749138962
148	0.0058236622472702445
149	0.00755081532523563
150	0.012090370898187429
151	0.11544347070631857
152	0.9524680951766598
153	0.9371316004437404
154	0.09049436982916054
155	0.1336035702664378
156	0.1448996496809614
157	0.1521307122146575
158	0.9838981538483188
159	0.9524680951766598
160	0.9524680951766598
161	0.9680555771461301
162	0.9524680951766598
163	0.8501615448994048
164	0.6664286233595221
165	0.5758441417787756
166	0.2641873055176485
167	0.2729051014782441
168	0.1425664978143681
169	0.41620554942555466
170	0.45139540946972445
171	0.8364723744993591
172	0.8640747434825012
173	0.7111366461700487
174	0.809751747262771
175	0.9524680951766598
176	0.8925879504044915
177	0.9524680951766598
178	0.9680555771461301
179	0.47392181612761314
180	0.3008228213237163
181	0.29597901853585135
182	0.06756537356313774
183	0.1272531380804732
184	0.1448996496809614
185	0.1336035702664378
186	0.09656527406216149
187	0.2599334021689725
188	0.9524680951766598
189	0.14968112689163354
190	0.03828064801966439
191	0.030007614098887924
192	0.11733274450692358
193	0.23581040555488308
194	0.9838981538483188
195	0.6045810297425014
196	0.22827757824649536
197	0.36551822152450336
198	1.0
199	1.0
200	0.9838981538483188
