1	0.4895605451959123
2	0.4299397258291108
3	0.44412711003286787
4	0.2912132099152553
5	0.15715080394779024
6	0.1030434509053331
7	0.2641873055176467
8	0.21742711012397728
9	0.061295000982725494
10	0.06030803830703493
11	0.6451399456130033
12	0.9371316004437271
13	0.9838981538483049
14	0.12120455403275907
15	0.07693483325865666
16	0.06867110513305566
17	0.13145230613269135
18	0.9838981538483049
19	0.9838981538483049
20	0.8925879504044915
21	0.9524680951766463
22	0.9680555771461302
23	0.9838981538483049
24	0.5224031981891347
25	0.9524680951766463
26	0.020995908477665633
27	0.0012869442307717569
28	0.00013922899395053855
29	0.002628774404719891
30	0.0048713325882563455
31	0.007799981223697619
32	0.022043686905619184
33	0.10995622264422743
34	0.9524680951766463
35	0.9220420515895035
36	0.9524680951766463
37	0.9524680951766463
38	1.0
39	0.9524680951766463
40	0.9838981538483049
41	0.14727098441461106
42	0.06867110513305566
43	0.053830228305391865
44	0.05127157501696094
45	0.04651334071458662
46	0.041517247454898654
47	0.04430247303072498
48	0.02314375359893911
49	0.9371316004437271
50	0.4739218161276064
51	0.9680555771461302
52	0.9524680951766463
53	0.9680555771461302
54	0.8782156365502215
55	0.9838981538483049
56	0.9838981538483049
57	0.1336035702664359
58	0.07327797408660561
59	0.08209608258031989
60	0.1117556956623576
61	0.40291010336057465
62	0.10818572446379086
63	0.013766972933526904
64	0.5574491330158706
65	0.020995908477665633
66	0.07693483325865666
67	0.2865241396118646
68	0.8230036250150273
69	0.6996860333005811
70	0.7838846950415491
71	0.7967132492072908
72	0.7712627042813326
73	0.6556978921951059
74	0.2959790185358471
75	0.1425664978143671
76	0.16233655139003125
77	0.23966952741252232
78	0.3210038175868511
79	0.22460188780169194
80	0.6347520014624387
81	0.5484731728386649
82	0.5665719880005109
83	0.5224031981891347
84	0.6451399456130033
85	0.8501615448993928
86	0.6045810297424971
87	0.5948461590153626
88	0.4895605451959123
89	0.1818717710859356
90	0.19094788792080783
91	0.5057153295259742
92	0.7967132492072908
93	0.6996860333005811
94	0.4895605451959123
95	0.1848481678460122
96	0.24757827243666636
97	0.19094788792080783
98	0.7712627042813326
99	0.38375901867527495
100	0.4587826572335522
101	0.7111366461700386
102	0.7712627042813326
103	0.8501615448993928
104	0.1030434509053331
105	0.015676073575284534
106	0.01672771846330001
107	0.016458371314135318
108	0.015423659850312976
109	0.02314375359893911
110	0.06979493239667438
111	0.9838981538483049
112	0.03416884515602775
113	0.0135452992533768
114	0.011330268629776487
115	0.009950419076984374
116	0.009026975134420728
117	0.16233655139003125
118	0.9680555771461302
119	0.9838981538483049
120	0.9838981538483049
121	0.9680555771461302
122	0.16233655139003125
123	0.0010088158858740067
124	0.02065783558954363
125	0.002346412357984731
126	0.0016959273764898572
127	0.033077341117935664
128	0.9680555771461302
129	0.9838981538483049
130	1.0
131	0.07947357060372907
132	0.03049869946550746
133	0.022043686905619184
134	0.021688742850448924
135	0.021339514049847772
136	0.019997932954225524
137	0.09656527406216012
138	0.9680555771461302
139	0.7712627042813326
140	0.7838846950415491
141	0.5396417421912924
142	0.4975723790933967
143	0.42301690250931745
144	0.5574491330158706
145	0.8925879504044915
146	0.31583506350196755
147	0.21742711012397728
148	0.20047693868989175
149	0.30574589468138186
150	0.6045810297424971
151	0.7466251623243505
152	0.32625716018604894
153	0.1252041276287828
154	0.09348055211451997
155	0.1357900406092557
156	0.15462038588000881
157	0.14727098441461106
158	0.026784434765055102
159	0.009632558682415972
160	0.8640747434825014
161	0.8640747434825014
162	0.8364723744993472
163	0.8364723744993472
164	0.8640747434825014
165	0.8640747434825014
166	0.9071954723294289
167	0.8640747434825014
168	0.04019100294647062
169	0.03202070454638263
170	0.02766828206704493
171	0.02812108342598859
172	0.029524436113288404
173	0.13145230613269135
174	0.20709238541954753
175	0.15213071221465643
176	0.3425386759286026
177	0.40291010336057465
178	0.31074953590015025
179	0.25574799451756647
180	0.7588439508744704
181	0.4513954094697213
182	0.42301690250931745
183	0.5057153295259742
184	0.6664286233595221
185	0.9680555771461302
186	0.8640747434825014
187	0.8364723744993472
188	0.7111366461700386
189	0.6996860333005811
190	0.17606198232518674
191	0.32625716018604894
192	0.42301690250931745
193	0.4895605451959123
194	0.5758441417787756
195	0.5309525138815068
196	0.5309525138815068
197	0.5309525138815068
198	0.5396417421912924
199	0.5758441417787756
200	0.7227746524257274
