1	0.1314523061326923
2	0.006850065475449525
3	0.004348092770690462
4	0.006962169253653923
5	0.005369661486237472
6	0.004009124378788921
7	0.9838981538483328
8	0.6773349667879045
9	0.9371316004437406
10	0.9220420515895166
11	0.025100540218357583
12	0.01096832973761928
13	0.008738613623635734
14	0.017562497419084444
15	0.9838981538483328
16	0.9838981538483328
17	0.003299523896879449
18	0.002586446283687687
19	0.004209195456615671
20	0.0029933131400918323
21	0.0017518905076602737
22	0.002586446283687687
23	0.0016959273764898934
24	0.025100540218357583
25	0.9838981538483328
26	0.9838981538483328
27	0.9071954723294546
28	1.0
29	0.566571988000523
30	0.5852680376789872
31	0.8364723744993591
32	0.4299397258291168
33	0.4299397258291168
34	0.9838981538483328
35	0.9838981538483328
36	0.06331764666180337
37	0.008597905811488844
38	0.019997932954225955
39	0.006631244087325165
40	0.0005185228330395549
41	4.926505911911207e-05
42	0.0014185963995909695
43	0.009950419076984587
44	0.08480513362915015
45	0.5396417421913038
46	0.4587826572335652
47	0.0010088158858740138
48	0.00196270911663817
49	0.013766972933527197
50	0.07819389939674361
51	0.9680555771461439
52	0.6773349667879045
53	0.34253867592861237
54	0.07209806342155876
55	0.9838981538483328
56	0.9838981538483328
57	0.06030803830703579
58	0.0065244688152369034
59	0.001994829555235368
60	0.005546852487609716
61	0.6556978921951199
62	0.513991542262758
63	0.4441271100328742
64	0.5758441417787837
65	1.0
66	0.9524680951766599
67	0.9680555771461439
68	0.9838981538483328
69	0.9838981538483328
70	0.9838981538483328
71	0.6144752151203998
72	0.5396417421913038
73	0.5852680376789872
74	0.5758441417787837
75	0.8925879504044916
76	0.9220420515895166
77	0.003299523896879449
78	0.0010088158858740138
79	0.005823662247270328
80	0.0538302283053934
81	0.9680555771461439
82	0.9680555771461439
83	0.07447719441285282
84	0.0675653735631387
85	0.9838981538483328
86	0.07947357060373075
87	0.013327194928720823
88	0.0016686198147892288
89	0.0014185963995909695
90	0.011895693606068052
91	0.08480513362915015
92	0.009324852154700492
93	0.0014185963995909695
94	4.926505911911207e-05
95	0.0005185228330395549
96	0.006631244087325165
97	1.0
98	0.018740694914960384
99	0.0067397667750349905
100	0.06435386265758217
101	1.0
102	1.0
103	0.9838981538483328
104	0.9838981538483328
105	0.2773712913382699
106	0.4299397258291168
107	0.6556978921951199
108	0.5948461590153712
109	0.8097517472627825
110	0.9838981538483328
111	0.9838981538483328
112	0.02390746372968385
113	0.0009608649452023767
114	0.0020606560225769396
115	0.0020606560225769396
116	0.0021286546673816424
117	0.002897693479410735
118	0.0011302145468318856
119	0.0021634908644312827
120	0.9838981538483328
121	0.9838981538483328
122	0.02592882145501884
123	0.015175310452307484
124	0.011330268629776648
125	0.06540703669975813
126	0.9524680951766599
127	0.9071954723294546
128	0.6347520014624568
129	0.9838981538483328
130	0.9838981538483328
131	0.000976589844633967
132	0.00018347513186353788
133	0.0016686198147892288
134	0.0006300371192533686
135	0.0008716923278076732
136	0.12933568132305998
137	0.9680555771461439
138	0.1972488898661499
139	0.10995622264422977
140	0.08480513362915015
141	0.02766828206704552
142	0.011330268629776648
143	0.9524680951766599
144	0.008881624169591424
145	0.0031941225103010837
146	0.9680555771461439
147	0.031505112088109015
148	0.00028905010372683697
149	0.0015385376373511798
150	0.031505112088109015
151	0.05296346225091007
152	0.9838981538483328
153	0.9371316004437406
154	0.9838981538483328
155	0.9680555771461439
156	0.9680555771461439
157	0.9371316004437406
158	0.9524680951766599
159	0.9838981538483328
160	0.38375901867528583
161	0.42301690250932644
162	0.4299397258291168
163	0.42301690250932644
164	0.48956054519592274
165	0.3775797899972563
166	0.566571988000523
167	0.9838981538483328
168	0.8230036250150506
169	0.746625162324361
170	0.7346031188276507
171	0.5758441417787837
172	0.4095038717012343
173	0.6451399456130124
174	0.6664286233595222
175	0.699686033300596
176	0.03416884515602848
177	0.006316048424506088
178	0.00479289514036664
179	0.0016959273764898934
180	0.004141419638950891
181	0.9680555771461439
182	0.013766972933527197
183	0.031505112088109015
184	0.9838981538483328
185	0.04883453939311235
186	0.049633734144236996
187	0.9838981538483328
188	0.0934805521145213
189	0.07209806342155876
190	0.15972263321475902
191	0.9371316004437406
192	0.9371316004437406
193	0.9371316004437406
194	0.9838981538483328
195	0.9524680951766599
196	0.9524680951766599
197	0.9838981538483328
198	0.9680555771461439
199	0.9680555771461439
200	0.9680555771461439
