1	0.030498699465507897
2	0.02510054021835723
3	0.03416884515602799
4	0.9524680951766598
5	0.0574414823701426
6	0.15715080394779135
7	0.9371316004437271
8	0.9371316004437271
9	0.9371316004437271
10	0.9524680951766598
11	0.11544347070631858
12	0.061295000982725924
13	0.017562497419084444
14	0.003944570074838709
15	0.005198130749138962
16	0.9220420515895167
17	0.9220420515895167
18	0.9371316004437271
19	1.0
20	1.0
21	0.9220420515895167
22	0.8640747434825014
23	0.8640747434825014
24	0.032544734860148215
25	0.02390746372968351
26	0.09501039487561765
27	0.07947357060372963
28	0.14968112689163354
29	0.9371316004437271
30	0.9371316004437271
31	0.12933568132306
32	0.04804821315291625
33	0.3370231708678045
34	0.3425386759286075
35	0.3262571601860513
36	0.07947357060372963
37	0.07947357060372963
38	0.08903724340857933
39	0.10304345090533383
40	0.045027498890454376
41	0.0574414823701426
42	0.14027091400017713
43	0.3008228213237163
44	0.31074953590015464
45	0.34814444420780405
46	0.0807741840889576
47	0.001751890507660249
48	0.01727970878760305
49	0.004209195456615611
50	0.004792895140366572
51	0.0016153167178432556
52	0.004871332588256415
53	0.006015834611932686
54	0.0057298905337253465
55	0.045027498890454376
56	0.9524680951766598
57	0.8925879504044916
58	0.25574799451756824
59	0.0574414823701426
60	0.024298717947761457
61	0.02510054021835723
62	0.03529636723622752
63	0.9838981538483189
64	0.9371316004437271
65	0.01700147357515921
66	0.009632558682416041
67	0.9680555771461302
68	0.9838981538483189
69	0.9838981538483189
70	0.9838981538483189
71	0.037664258914665634
72	0.049633734144236295
73	0.9680555771461302
74	0.9220420515895167
75	0.02168874285044923
76	0.010446984132459602
77	0.026784434765055293
78	0.04883453939311235
79	0.26851082552023625
80	0.9838981538483189
81	0.9220420515895167
82	0.9838981538483189
83	0.9220420515895167
84	0.01248933551297767
85	0.007550815325235632
86	0.009477456704464872
87	0.008738613623635611
88	0.0005533084497353728
89	0.0005809207180139167
90	0.0006944888267967183
91	0.0018097003405784804
92	0.04651334071458728
93	0.007550815325235632
94	0.07447719441285175
95	0.01874069491496012
96	0.02551131956105536
97	0.02510054021835723
98	0.14968112689163354
99	0.9071954723294418
100	0.9220420515895167
101	0.09049436982916183
102	0.06435386265758127
103	0.08480513362914895
104	0.08619300005539274
105	0.1336035702664378
106	0.13579004060925667
107	0.277371291338266
108	0.2209853827589351
109	0.25993340216897615
110	0.1425664978143681
111	0.07447719441285175
112	0.7967132492073021
113	0.061295000982725924
114	0.03646109590141792
115	0.7588439508744758
116	0.7712627042813436
117	0.17894329980857993
118	0.36551822152450336
119	0.36551822152450336
120	0.8640747434825014
121	0.7227746524257325
122	0.7111366461700487
123	0.6884197964379097
124	0.3008228213237163
125	0.1212045540327608
126	0.14489964968096344
127	0.7967132492073021
128	0.823003625015039
129	0.823003625015039
130	0.2516299796562454
131	0.23966952741252573
132	0.9371316004437271
133	0.23966952741252573
134	0.23581040555488308
135	0.2516299796562454
136	0.23966952741252573
137	0.25574799451756824
138	0.7111366461700487
139	0.8640747434825014
140	0.8925879504044916
141	0.9680555771461302
142	0.7967132492073021
143	0.783884695041549
144	0.7712627042813436
145	0.7346031188276403
146	0.809751747262771
147	0.9220420515895167
148	0.8364723744993473
149	0.8501615448994048
150	0.3008228213237163
151	0.018438935128663837
152	0.015175310452307482
153	0.04288725609875964
154	0.1336035702664378
155	0.04883453939311235
156	0.8640747434825014
157	0.9371316004437271
158	0.8925879504044916
159	0.24757827243666988
160	0.06331764666180248
161	0.07569604040982107
162	0.024298717947761457
163	0.08343961441458082
164	0.7111366461700487
165	0.210481526578285
166	0.1314523061326923
167	0.2139261322475594
168	0.8925879504044916
169	0.783884695041549
170	0.9220420515895167
171	0.9680555771461302
172	0.9680555771461302
173	0.9524680951766598
174	0.7588439508744758
175	0.9071954723294418
176	0.14489964968096344
177	0.07093715149650967
178	0.060308038307035794
179	0.4369758436353279
180	0.3964225068633132
181	0.8782156365502339
182	0.45139540946972445
183	0.3057458946813841
184	0.1818717710859369
185	0.1425664978143681
186	0.11175569566235918
187	0.08903724340857933
188	0.013992274382953427
189	0.011515692539375738
190	0.06867110513305615
191	0.01700147357515921
192	0.024696375181437157
193	0.11733274450692358
194	0.1425664978143681
195	0.02766828206704513
196	0.07327797408660613
197	0.07447719441285175
198	0.07819389939674361
199	0.9680555771461302
200	0.8640747434825014
