1	0.5758441417787838
2	0.47392181612761314
3	0.4895605451959158
4	0.7588439508744759
5	0.746625162324361
6	0.7346031188276403
7	0.009950419076984445
8	0.01727970878760305
9	0.005823662247270245
10	0.01248933551297767
11	0.021688742850449538
12	0.783884695041549
13	0.9838981538483189
14	0.9838981538483189
15	0.7967132492073021
16	0.02204368690561934
17	0.22098538275893512
18	0.22098538275893512
19	0.22460188780169194
20	0.22460188780169194
21	1.0
22	0.9838981538483189
23	0.9838981538483189
24	0.6884197964379098
25	0.3481444442077991
26	0.4895605451959158
27	0.8925879504044915
28	0.8925879504044915
29	0.12725313808047323
30	0.13579004060925667
31	0.513991542262758
32	0.5574491330158785
33	0.305745894681384
34	0.46629079995639433
35	0.2358104055548831
36	0.7967132492073021
37	0.6245313223904277
38	0.11733274450692356
39	0.481677716615238
40	0.29597901853585135
41	0.47392181612761314
42	0.37150005830873106
43	0.49757237909340374
44	0.9838981538483189
45	0.8364723744993591
46	0.746625162324361
47	0.746625162324361
48	0.12120455403275908
49	0.01999793295422567
50	0.16769342093829617
51	0.6245313223904277
52	0.677334966787895
53	0.5948461590153712
54	0.6556978921951105
55	0.9071954723294418
56	0.3425386759286075
57	0.3964225068633132
58	0.4299397258291169
59	0.6245313223904277
60	0.14968112689163357
61	0.3158350635019698
62	0.04502749889045438
63	0.27737129133826993
64	0.6996860333005861
65	0.6884197964379098
66	0.16769342093829617
67	0.4095038717012285
68	0.22827757824649536
69	0.305745894681384
70	0.1878732744065199
71	0.04651334071458728
72	0.47392181612761314
73	0.5574491330158785
74	0.5758441417787838
75	0.4587826572335587
76	0.47392181612761314
77	0.007550815325235631
78	0.021688742850449538
79	0.04804821315291625
80	0.5948461590153712
81	0.4095038717012285
82	0.44412711003287414
83	0.24359180518339563
84	0.23201342268367284
85	0.22460188780169194
86	0.9071954723294418
87	0.7227746524257325
88	0.7227746524257325
89	0.9371316004437406
90	0.9220420515895167
91	0.8501615448994049
92	0.8501615448994049
93	0.8925879504044915
94	0.9071954723294418
95	0.9071954723294418
96	0.8925879504044915
97	0.0083232506725889
98	0.06540703669975813
99	0.0030422997831473643
100	0.0003399943286790733
101	0.003408403375565057
102	0.025928821455018843
103	0.9371316004437406
104	0.9371316004437406
105	0.9680555771461302
106	0.9680555771461302
107	0.9680555771461302
108	0.052963462250909324
109	0.05044600800408453
110	0.05560654736795844
111	0.04883453939311235
112	0.05127157501696131
113	0.04963373414423629
114	0.005637628717885326
115	0.0038810552143591307
116	0.004871332588256415
117	0.005198130749138962
118	0.24359180518339563
119	1.0
120	1.0
121	1.0
122	1.0
123	0.24359180518339563
124	0.001962709116638142
125	0.004141419638950832
126	0.0015137643410159801
127	0.003944570074838709
128	0.003637059484442896
129	0.0024635075651007273
130	0.002163490864431252
131	0.003299523896879449
132	0.006015834611932685
133	0.0076743871260476935
134	0.17894329980857993
135	1.0
136	0.09814559940423298
137	0.008057369233584964
138	0.004278080449843506
139	0.0018097003405784802
140	0.00014150752636944632
141	0.0023086307871880737
142	0.00979019895986223
143	0.164993247273701
144	0.46629079995639433
145	0.5758441417787838
146	1.0
147	0.7712627042813436
148	0.14489964968096344
149	0.018438935128663837
150	0.008881624169591297
151	0.017849913987938726
152	0.060308038307035794
153	1.0
154	0.4895605451959158
155	0.481677716615238
156	0.809751747262771
157	1.0
158	0.614475215120391
159	0.5758441417787838
160	0.35384195289533515
161	0.03416884515602799
162	0.09501039487561766
163	0.44412711003287414
164	0.3837590186752804
165	0.4369758436353278
166	0.029049038185277716
167	0.008459463654885606
168	0.007429233258548931
169	0.007191910689857912
170	0.0020274756563298706
171	7.156252532833054e-05
172	0.0011302145468318856
173	0.0035784961121798327
174	0.007309608887594927
175	0.09656527406216149
176	1.0
177	0.17894329980857993
178	0.007550815325235631
179	0.005823662247270245
180	0.003142691241050594
181	0.001641751955245846
182	0.00199482955523534
183	0.007191910689857912
184	0.9680555771461302
185	0.9680555771461302
186	0.9680555771461302
187	0.9838981538483189
188	0.677334966787895
189	0.1425664978143681
190	0.09814559940423298
191	0.44412711003287414
192	0.4369758436353278
193	0.03587400494469159
194	0.10472979393476876
195	0.11358461770178932
196	0.481677716615238
197	0.3481444442077991
198	0.3655182215245033
199	0.7588439508744759
200	0.9220420515895167
