1	1.0
2	1.0
3	1.0
4	1.0
5	1.0
6	1.0
7	1.0
8	1.0
9	1.0
10	1.0
11	0.96805557714613
12	0.02551131956105536
13	0.06030803830703578
14	0.004871332588256415
15	0.005283200023099468
16	0.11925293695084214
17	0.9524680951766598
18	0.04288725609875964
19	0.0050320794624387636
20	0.05383022830539262
21	0.07947357060372963
22	0.4162055494255546
23	0.937131600443727
24	0.96805557714613
25	0.005729890533725346
26	0.003246395470718101
27	0.005918968568537472
28	0.937131600443727
29	0.937131600443727
30	0.025928821455018475
31	0.05044600800408453
32	0.9220420515895166
33	0.937131600443727
34	0.7346031188276403
35	0.9524680951766598
36	0.010446984132459602
37	0.01096832973761928
38	0.01517531045230748
39	0.01469054391828022
40	0.010791719379643072
41	0.030498699465507893
42	0.002503823749912712
43	0.002128654667381612
44	0.026784434765055293
45	0.022043686905619336
46	1.0
47	1.0
48	0.9838981538483188
49	0.783884695041549
50	0.783884695041549
51	0.8230036250150389
52	0.9220420515895166
53	0.9071954723294418
54	0.8925879504044913
55	0.6884197964379097
56	0.783884695041549
57	0.96805557714613
58	0.809751747262771
59	0.1789432998085799
60	0.07569604040982106
61	0.23581040555487973
62	0.35963270335588476
63	0.8640747434825014
64	0.4587826572335586
65	0.3900393726467308
66	0.4230169025093204
67	0.8501615448994048
68	0.8501615448994048
69	0.7227746524257325
70	0.18787327440651988
71	0.35963270335588476
72	0.16233655139003125
73	0.9838981538483188
74	0.513991542262758
75	0.08619300005539272
76	0.0675653735631387
77	0.0038810552143591303
78	0.6347520014624477
79	0.21392613224755938
80	0.32100381758685564
81	0.3837590186752804
82	0.05744148237014259
83	0.06129500098272592
84	0.052963462250909324
85	0.18187177108593688
86	0.5948461590153626
87	0.5852680376789788
88	0.5665719880005149
89	0.6451399456130031
90	0.4895605451959157
91	0.10818572446379239
92	0.18484816784601352
93	0.5574491330158785
94	0.42993972582911677
95	0.8925879504044913
96	0.6884197964379097
97	0.5574491330158785
98	0.4739218161276063
99	0.27290510147824404
100	0.5396417421912961
101	0.8640747434825014
102	0.8640747434825014
103	0.45139540946972445
104	0.513991542262758
105	0.06030803830703578
106	0.3370231708678044
107	0.4587826572335586
108	0.48167771661524483
109	0.699686033300586
110	0.22827757824649536
111	0.1173327445069219
112	0.2819105719970956
113	0.0370577948122046
114	0.04651334071458661
115	0.20047693868989458
116	0.2819105719970956
117	0.7346031188276403
118	0.7111366461700385
119	0.8640747434825014
120	0.8925879504044913
121	0.8782156365502338
122	0.03766425891466563
123	0.03954385360034534
124	0.030007614098887924
125	0.03202070454638286
126	0.005729890533725346
127	0.00873861362363561
128	0.007927630713798602
129	0.00719191068985781
130	0.011515692539375573
131	0.01517531045230748
132	0.96805557714613
133	1.0
134	0.809751747262771
135	0.9071954723294418
136	0.18187177108593688
137	0.03307734111793589
138	0.02551131956105536
139	0.9838981538483188
140	0.96805557714613
141	0.12933568132305998
142	0.03529636723622752
143	0.013327194928720634
144	0.009950419076984443
145	0.01469054391828022
146	0.007076107650393189
147	0.01354529925337699
148	0.05838153282986845
149	0.937131600443727
150	0.8501615448994048
151	0.9220420515895166
152	0.937131600443727
153	0.5057153295259776
154	0.5396417421912961
155	0.96805557714613
156	0.9838981538483188
157	0.96805557714613
158	0.48167771661524483
159	0.4739218161276063
160	0.9838981538483188
161	1.0
162	0.7967132492072907
163	0.9838981538483188
164	0.9838981538483188
165	0.11925293695084214
166	0.04288725609875964
167	0.025928821455018475
168	0.040848743123738596
169	0.0002937805123388755
170	0.00023029004732391274
171	0.009950419076984443
172	0.08903724340857931
173	0.9838981538483188
174	0.02314375359893894
175	0.026784434765055293
176	0.28652413961186873
177	1.0
178	1.0
179	0.937131600443727
180	0.04651334071458661
181	0.0769348332586572
182	0.9524680951766598
183	0.9524680951766598
184	0.0190473931083816
185	0.01967592931444509
186	0.044302473030725285
187	0.3900393726467308
188	0.03828064801966439
189	0.020325206299054217
190	0.03529636723622752
191	0.07327797408660612
192	1.0
193	0.15972263321475674
194	0.028581295041563655
195	0.02065783558954348
196	0.019359110527732544
197	0.01469054391828022
198	0.9838981538483188
199	1.0
200	1.0
