1	1.0
2	1.0
3	1.0
4	1.0
5	1.0
6	1.0
7	1.0
8	1.0
9	0.19094788792080783
10	0.0010253255196467437
11	0.0007058543855178055
12	0.0007410792960859193
13	0.004348092770690369
14	0.0290490381852773
15	0.29121320991525945
16	0.6045810297424971
17	0.5309525138815068
18	0.11358461770178852
19	0.049633734144235934
20	0.062298115656567614
21	0.1380122933233906
22	0.11358461770178852
23	0.22827757824649372
24	0.9220420515895166
25	0.614475215120391
26	0.5574491330158745
27	0.5396417421912924
28	0.8782156365502338
29	0.6245313223904232
30	0.14027091400017613
31	0.10138426111191712
32	0.09348055211451997
33	0.11358461770178852
34	0.14256649781436706
35	0.43697584363533093
36	0.8640747434825012
37	0.7838846950415546
38	0.7227746524257274
39	0.9838981538483189
40	0.09197534264619842
41	0.08903724340857805
42	0.08760357941344396
43	0.06540703669975766
44	0.05933696755250578
45	0.9220420515895166
46	0.4975723790934037
47	0.5396417421912924
48	0.614475215120391
49	0.96805557714613
50	0.96805557714613
51	0.9220420515895166
52	0.9071954723294289
53	0.9220420515895166
54	0.9371316004437271
55	0.7346031188276402
56	0.21048152657828348
57	0.027222771645920244
58	0.014690543918280221
59	0.007429233258548877
60	0.0038810552143591025
61	0.004491573493650783
62	0.0009925720876842986
63	0.0005809207180139126
64	0.02168874285044923
65	1.0
66	0.5574491330158745
67	0.33702317086780204
68	0.41620554942555166
69	1.0
70	1.0
71	1.0
72	1.0
73	0.41620554942555166
74	0.3425386759286026
75	0.5574491330158745
76	0.96805557714613
77	0.026353155917208444
78	0.0011120160060803985
79	0.0011487109132294472
80	0.0018097003405784671
81	0.003637059484442844
82	0.00805736923358502
83	0.017279708787602925
84	0.03202070454638286
85	0.09975178733729187
86	0.09656527406216148
87	0.08480513362914834
88	0.07947357060372906
89	0.02065783558954363
90	0.03954385360034506
91	0.6245313223904232
92	0.614475215120391
93	0.614475215120391
94	0.9838981538483189
95	0.9838981538483189
96	0.5484731728386688
97	0.614475215120391
98	0.4587826572335587
99	0.7346031188276402
100	0.9071954723294289
101	0.809751747262771
102	0.7466251623243558
103	0.7346031188276402
104	0.9071954723294289
105	0.699686033300591
106	0.9220420515895166
107	0.836472374499359
108	0.3655182215245059
109	0.24359180518339735
110	0.7111366461700386
111	0.4587826572335587
112	0.47392181612760637
113	0.45139540946972123
114	0.0290490381852773
115	0.11358461770178852
116	0.3837590186752749
117	0.3315964756209393
118	0.3538419528953301
119	0.5057153295259742
120	0.7967132492072909
121	0.9371316004437271
122	0.96805557714613
123	0.9524680951766462
124	0.9838981538483189
125	0.9838981538483189
126	0.96805557714613
127	0.6045810297424971
128	0.5309525138815068
129	0.4975723790934037
130	0.05383022830539262
131	0.0376642589146651
132	0.05383022830539262
133	0.09348055211451997
134	0.08343961441457963
135	0.9220420515895166
136	0.9220420515895166
137	0.9838981538483189
138	0.9371316004437271
139	0.823003625015039
140	0.7346031188276402
141	0.39003937264673355
142	0.33702317086780204
143	0.12520412762878277
144	0.04727454821686447
145	0.057441482370142585
146	0.09975178733729187
147	0.272905101478246
148	0.16769342093829617
149	0.4587826572335587
150	0.9220420515895166
151	0.7227746524257274
152	0.7588439508744704
153	0.19094788792080783
154	0.37150005830873106
155	0.12120455403275991
156	0.05383022830539262
157	0.04727454821686447
158	0.1571508039477902
159	0.11925293695084045
160	0.057441482370142585
161	0.09501039487561697
162	0.9838981538483189
163	0.9524680951766462
164	0.04727454821686447
165	0.019997932954225528
166	0.014930959938100322
167	0.017562497419084194
168	0.018142034232021265
169	0.07209806342155774
170	0.3425386759286026
171	0.9838981538483189
172	0.9838981538483189
173	0.9838981538483189
174	0.9838981538483189
175	0.9838981538483189
176	0.9838981538483189
177	0.33702317086780204
178	0.04727454821686447
179	0.05383022830539262
180	0.062298115656567614
181	0.03587400494469159
182	0.036461095901417655
183	0.05560654736795764
184	0.9524680951766462
185	0.9524680951766462
186	0.07093715149650917
187	0.104729793934768
188	0.5484731728386688
189	0.823003625015039
190	0.8640747434825012
191	0.9838981538483189
192	1.0
193	0.3107495359001546
194	0.032544734860148215
195	0.0035208757183271744
196	4.9265059119111716e-05
197	2.372988118540844e-05
198	0.00042674617124461537
199	0.18787327440651855
200	1.0
