1	0.45878265723355866
2	0.25993340216897615
3	0.30574589468138397
4	0.10138426111191784
5	0.2865241396118647
6	0.4369758436353278
7	0.6245313223904276
8	0.6664286233595221
9	0.5309525138815068
10	0.5484731728386687
11	0.5758441417787755
12	0.5665719880005069
13	0.9524680951766462
14	0.4895605451959157
15	0.09656527406216149
16	0.10304345090533383
17	0.1314523061326904
18	0.8097517472627594
19	0.3538419528953301
20	0.3655182215245033
21	0.03049869946550789
22	0.2358104055548797
23	0.746625162324361
24	0.9680555771461301
25	0.0950103948756163
26	0.09975178733729187
27	0.481677716615238
28	0.4441271100328678
29	0.5139915422627579
30	0.9524680951766462
31	0.9680555771461301
32	0.9838981538483189
33	0.17894329980857737
34	0.16233655139003356
35	0.1649932472736986
36	0.2685108255202325
37	0.481677716615238
38	0.4369758436353278
39	0.8640747434825012
40	0.6045810297425013
41	0.23966952741252226
42	0.24757827243666988
43	0.1732270593726278
44	0.25574799451756464
45	0.6045810297425013
46	0.7967132492072908
47	0.7967132492072908
48	0.7227746524257324
49	0.7712627042813434
50	0.27737129133826594
51	0.481677716615238
52	0.7712627042813434
53	0.7712627042813434
54	0.4895605451959157
55	0.836472374499359
56	0.2959790185358471
57	0.4299397258291107
58	0.4441271100328678
59	0.5396417421912961
60	0.3837590186752749
61	0.2358104055548797
62	0.7346031188276403
63	0.6773349667878852
64	0.481677716615238
65	0.4513954094697244
66	0.45878265723355866
67	0.6884197964379097
68	0.4230169025093144
69	0.2959790185358471
70	0.03587400494469159
71	0.005729890533725346
72	0.15972263321475447
73	0.014221262971401534
74	0.4441271100328678
75	0.24757827243666988
76	0.3262571601860512
77	0.1649932472736986
78	0.15715080394779135
79	0.3837590186752749
80	0.6451399456130031
81	0.5852680376789787
82	0.5484731728386687
83	0.27290510147824404
84	0.2358104055548797
85	0.12933568132305998
86	0.4369758436353278
87	0.7346031188276403
88	0.7712627042813434
89	0.6773349667878852
90	0.6664286233595221
91	0.25574799451756464
92	0.1972488898661471
93	0.22460188780169194
94	0.8925879504044913
95	0.0246963751814368
96	0.03766425891466509
97	0.29121320991525734
98	0.9680555771461301
99	0.7111366461700385
100	0.6884197964379097
101	0.6664286233595221
102	0.699686033300586
103	0.699686033300586
104	0.016193361151327978
105	0.022404439747548664
106	0.1521307122146575
107	0.7712627042813434
108	0.24757827243666988
109	0.08077418408895759
110	0.27737129133826594
111	0.6773349667878852
112	0.7712627042813434
113	0.6664286233595221
114	0.5224031981891383
115	0.3837590186752749
116	0.19407281858793524
117	0.5665719880005069
118	0.9524680951766462
119	0.937131600443727
120	0.9680555771461301
121	0.9680555771461301
122	0.8501615448993928
123	0.836472374499359
124	0.6664286233595221
125	0.5224031981891383
126	0.5057153295259705
127	0.5309525138815068
128	0.7111366461700385
129	0.6045810297425013
130	0.7712627042813434
131	0.758843950874465
132	0.937131600443727
133	0.9680555771461301
134	0.783884695041549
135	0.2865241396118647
136	0.04651334071458661
137	0.02510054021835687
138	0.002423840545293955
139	0.22827757824649533
140	0.4162055494255546
141	0.8640747434825012
142	0.9071954723294289
143	0.758843950874465
144	0.758843950874465
145	0.758843950874465
146	0.699686033300586
147	0.059336967552505365
148	0.21392613224755633
149	0.21392613224755633
150	0.2819105719970916
151	0.3107495359001546
152	0.5139915422627579
153	0.9680555771461301
154	0.7346031188276403
155	0.21048152657828498
156	0.001994829555235354
157	0.003578496112179858
158	0.013766972933527001
159	0.5484731728386687
160	0.5309525138815068
161	0.8782156365502338
162	0.9524680951766462
163	0.0472745482168648
164	0.06331764666180245
165	0.3315964756209393
166	0.4513954094697244
167	0.8230036250150389
168	0.836472374499359
169	0.7967132492072908
170	0.2685108255202325
171	0.15972263321475447
172	0.21742711012398033
173	0.17894329980857737
174	0.08619300005539271
175	0.37150005830873106
176	0.7227746524257324
177	0.7967132492072908
178	0.8782156365502338
179	0.8925879504044913
180	0.836472374499359
181	0.6045810297425013
182	0.2819105719970916
183	0.1649932472736986
184	0.20709238541955044
185	0.8501615448993928
186	0.699686033300586
187	0.7111366461700385
188	0.7712627042813434
189	0.8925879504044913
190	0.746625162324361
191	0.6451399456130031
192	0.758843950874465
193	0.5224031981891383
194	0.6245313223904276
195	0.699686033300586
196	0.9680555771461301
197	0.9838981538483189
198	0.9838981538483189
199	0.9838981538483189
200	0.9838981538483189
