1	1.0
2	1.0
3	1.0
4	0.29597901853585135
5	0.28652413961187284
6	0.16233655139003358
7	0.012901465378461817
8	0.0008716923278076732
9	0.0009301706690873715
10	0.008597905811488844
11	0.05383022830539339
12	0.022043686905619655
13	0.0031426912410506386
14	0.002851035264810493
15	0.0010421053394971877
16	0.00015598350155572518
17	0.0034641831191915295
18	0.9838981538483329
19	0.466290799956401
20	1.0
21	1.0
22	1.0
23	1.0
24	0.9838981538483329
25	0.0031426912410506386
26	0.0023464123579847807
27	0.0035208757183272242
28	0.047274548216865483
29	0.6245313223904277
30	0.505715329525985
31	0.9371316004437406
32	0.06435386265758218
33	0.07093715149651068
34	0.043589121425845555
35	0.5948461590153712
36	0.513991542262758
37	0.4587826572335652
38	0.4513954094697309
39	0.22098538275893512
40	0.1336035702664378
41	0.6245313223904277
42	0.37150005830873106
43	0.3900393726467364
44	0.2729051014782479
45	0.2912132099152615
46	0.41620554942555466
47	0.4230169025093205
48	0.4816777166152449
49	0.8364723744993591
50	0.6045810297425099
51	0.7111366461700487
52	0.5574491330158785
53	0.16233655139003358
54	0.1878732744065199
55	0.9220420515895167
56	0.2729051014782479
57	0.2729051014782479
58	0.28652413961187284
59	0.3837590186752804
60	0.48956054519592274
61	0.7588439508744866
62	0.6245313223904277
63	0.17322705937262786
64	0.03000761409888835
65	0.47392181612761314
66	0.9838981538483329
67	0.9838981538483329
68	0.6773349667879045
69	0.04151724745489924
70	0.3775797899972563
71	0.4369758436353341
72	0.9838981538483329
73	0.850161544899417
74	0.045764390058400266
75	0.0043480927706904616
76	0.005114431247540004
77	0.006419412822152425
78	1.0
79	1.0
80	1.0
81	1.0
82	1.0
83	0.4587826572335652
84	0.9838981538483329
85	0.0043480927706904616
86	0.0024635075651007273
87	0.00028439586342649995
88	0.0025038237499127474
89	0.41620554942555466
90	0.5224031981891458
91	0.7712627042813435
92	0.7838846950415602
93	1.0
94	0.7111366461700487
95	0.7588439508744866
96	0.26851082552023625
97	0.021339514049848227
98	0.004209195456615671
99	0.00013922899395054056
100	0.0010253255196467585
101	0.001206036106664975
102	0.0001585362275004046
103	0.016193361151328214
104	0.1252041276287828
105	0.9524680951766598
106	0.02635315591720901
107	0.00038714219438704524
108	0.00018952954375246509
109	0.0002753110017073164
110	0.04151724745489924
111	1.0
112	1.0
113	0.051271575016962036
114	0.029524436113289036
115	0.04651334071458728
116	1.0
117	1.0
118	1.0
119	0.9838981538483329
120	0.9838981538483329
121	1.0
122	1.0
123	1.0
124	0.0007907953330514327
125	9.278618677019129e-05
126	0.0003455584578030299
127	0.0014418122384338217
128	0.0007780620682611712
129	0.0009925720876842986
130	0.0029933131400918323
131	0.014221262971401534
132	0.9838981538483329
133	0.9838981538483329
134	0.08209608258032164
135	0.05838153282986845
136	0.1818717710859395
137	0.968055577146144
138	0.968055577146144
139	0.850161544899417
140	0.9838981538483329
141	0.9838981538483329
142	0.9838981538483329
143	0.968055577146144
144	0.9524680951766598
145	0.9371316004437406
146	0.10644373457266976
147	0.030997821620274816
148	0.08619300005539396
149	1.0
150	1.0
151	0.010968329737619126
152	0.003246395470718101
153	0.0007907953330514327
154	0.0007780620682611712
155	0.0014185963995909695
156	0.0003134890683440532
157	0.00037477516042497033
158	0.0010591597671173619
159	1.0
160	1.0
161	0.04430247303072593
162	0.04651334071458728
163	0.06756537356313871
164	0.04151724745489924
165	0.00012427412234719407
166	2.883326447678201e-05
167	0.0006833062745535858
168	0.056516568458294864
169	0.968055577146144
170	0.9524680951766598
171	0.1252041276287828
172	0.01814203423202152
173	0.0003512136458956121
174	0.0013732801563434583
175	0.001008815885874014
176	0.00011274092112108957
177	0.005114431247540004
178	0.023143753598939273
179	0.2641873055176485
180	0.9220420515895167
181	0.9838981538483329
182	0.566571988000523
183	0.6451399456130124
184	0.9524680951766598
185	0.9371316004437406
186	0.7111366461700487
187	0.7111366461700487
188	1.0
189	0.21742711012398036
190	0.16233655139003358
191	0.05383022830539339
192	0.00873861362363561
193	0.0016153167178432556
194	0.000960864945202363
195	0.013992274382953626
196	0.16233655139003358
197	1.0
198	0.2819105719970956
199	0.2912132099152615
200	1.0
