1	1.0
2	1.0
3	0.9838981538483328
4	0.9838981538483328
5	0.9838981538483328
6	0.8782156365502463
7	0.5852680376789872
8	0.5309525138815142
9	0.8640747434825137
10	0.8640747434825137
11	0.9371316004437403
12	0.5758441417787838
13	0.30082282132372057
14	0.22460188780169513
15	0.5396417421913038
16	0.9680555771461439
17	0.7588439508744864
18	0.7346031188276507
19	0.6556978921951198
20	0.6556978921951198
21	0.5396417421913038
22	0.5396417421913038
23	0.5948461590153711
24	0.9680555771461439
25	0.8640747434825137
26	0.07819389939674361
27	0.16233655139003356
28	0.19407281858793526
29	0.2557479945175719
30	0.9838981538483328
31	0.9838981538483328
32	0.9838981538483328
33	0.9838981538483328
34	0.2865241396118728
35	0.007799981223697785
36	0.011515692539375738
37	0.02314375359893927
38	1.0
39	1.0
40	0.9680555771461439
41	0.9838981538483328
42	0.9071954723294545
43	0.5224031981891458
44	0.20709238541955338
45	0.33702317086780925
46	0.7588439508744864
47	0.9680555771461439
48	0.9524680951766733
49	0.8640747434825137
50	0.850161544899417
51	0.8230036250150506
52	0.4299397258291169
53	0.566571988000523
54	0.6556978921951198
55	0.9220420515895166
56	0.9071954723294545
57	0.9371316004437403
58	0.9680555771461439
59	0.9838981538483328
60	1.0
61	0.0022714575694317693
62	0.00018647776819776717
63	0.0024635075651007273
64	0.0026717952406334006
65	0.003408403375565057
66	0.008597905811488844
67	0.0025447997235481606
68	0.0012458335400746532
69	0.0020606560225769396
70	0.0017236818362313376
71	0.005729890533725346
72	1.0
73	1.0
74	1.0
75	1.0
76	0.00414141963895089
77	0.0014654080128054768
78	0.001994829555235368
79	0.0012257733200817843
80	0.0025038237499127474
81	0.008459463654885726
82	0.003142691241050638
83	0.0026717952406334006
84	0.002384812237737442
85	0.001641751955245869
86	0.004715720680195383
87	0.9838981538483328
88	0.19407281858793526
89	0.2209853827589351
90	0.2865241396118728
91	1.0
92	1.0
93	0.9838981538483328
94	0.9838981538483328
95	0.39642250686331315
96	0.3655182215245085
97	0.3538419528953351
98	0.44412711003287414
99	0.9838981538483328
100	1.0
101	1.0
102	1.0
103	1.0
104	0.4513954094697309
105	0.3655182215245085
106	0.3655182215245085
107	0.4029101033605832
108	0.9838981538483328
109	0.8782156365502463
110	0.8782156365502463
111	0.17043778391330405
112	0.09197534264619907
113	0.2209853827589351
114	0.9838981538483328
115	0.9680555771461439
116	0.9680555771461439
117	0.8640747434825137
118	0.8640747434825137
119	0.0675653735631387
120	0.04151724745489924
121	0.045764390058400266
122	0.29597901853585135
123	1.0
124	0.007429233258549036
125	0.0011866166988220997
126	0.0007655338325415818
127	0.01189569360606805
128	0.7588439508744864
129	0.46629079995640094
130	0.01967592931444537
131	0.003142691241050638
132	0.0242987179477618
133	0.26851082552023625
134	0.09049436982916181
135	0.17043778391330405
136	0.836472374499359
137	0.10995622264422976
138	0.016458371314135665
139	0.07327797408660716
140	1.0
141	1.0
142	1.0
143	0.9524680951766733
144	0.9524680951766733
145	0.014221262971401534
146	0.0675653735631387
147	0.21742711012398033
148	0.850161544899417
149	0.836472374499359
150	0.005729890533725346
151	0.0014418122384338423
152	0.0016686198147892286
153	0.004419250868277081
154	0.004639788871308575
155	1.0
156	0.026784434765055674
157	0.09197534264619907
158	1.0
159	1.0
160	1.0
161	0.06331764666180337
162	0.06435386265758217
163	0.0037570771454724793
164	0.0028510352648105338
165	0.0005443991622033164
166	0.0023464123579847807
167	0.005369661486237471
168	0.9220420515895166
169	0.8097517472627824
170	0.8925879504044915
171	0.7227746524257428
172	0.7346031188276507
173	0.7111366461700487
174	0.7227746524257428
175	0.1818717710859395
176	0.30574589468138835
177	0.014221262971401534
178	0.013545299253377184
179	0.4029101033605832
180	0.03828064801966493
181	0.6144752151203998
182	0.4739218161276131
183	0.010617952774480096
184	0.031505112088109015
185	0.26851082552023625
186	0.26851082552023625
187	0.9220420515895166
188	0.9680555771461439
189	0.16769342093829856
190	0.09501039487561899
191	0.01469054391828043
192	0.1357900406092586
193	0.7346031188276507
194	0.7346031188276507
195	0.9524680951766733
196	0.9838981538483328
197	0.6347520014624567
198	0.06540703669975811
199	0.0547111792972134
200	0.6556978921951198
