1	1.0
2	0.5396417421912961
3	0.4662907999563943
4	0.45878265723355866
5	0.23581040555488308
6	0.5574491330158705
7	0.4739218161276131
8	0.2959790185358471
9	0.7111366461700385
10	0.5396417421912961
11	0.14727098441461417
12	0.08903724340857931
13	0.18187177108593686
14	0.1704377839133016
15	0.17894329980857734
16	0.2320134226836695
17	0.6045810297425014
18	0.9838981538483188
19	0.5574491330158705
20	0.24359180518339557
21	0.012090370898187255
22	0.009324852154700358
23	0.009324852154700358
24	0.13145230613269226
25	0.12120455403275907
26	0.12318811002814867
27	0.12520412762878277
28	0.1099562226442282
29	0.17322705937262534
30	0.8230036250150272
31	0.8230036250150272
32	0.8364723744993471
33	0.7712627042813325
34	0.9838981538483188
35	0.96805557714613
36	0.31583506350196977
37	0.277371291338262
38	0.24359180518339557
39	0.09049436982916052
40	0.005457537922228077
41	0.0058236622472702445
42	0.014221262971401331
43	0.015175310452307267
44	0.0190473931083816
45	0.8364723744993471
46	0.8925879504044913
47	0.8782156365502338
48	0.9524680951766461
49	0.937131600443727
50	0.937131600443727
51	0.8782156365502338
52	0.9220420515895035
53	0.9220420515895035
54	0.9220420515895035
55	0.9838981538483188
56	0.937131600443727
57	0.9838981538483188
58	0.9838981538483188
59	0.9838981538483188
60	0.96805557714613
61	0.937131600443727
62	0.937131600443727
63	0.0965652740621601
64	0.08760357941344458
65	0.11925293695084214
66	0.013992274382953425
67	0.014930959938100428
68	0.24757827243666983
69	0.8501615448993927
70	0.699686033300586
71	0.12933568132305814
72	0.14727098441461417
73	0.176061982325188
74	0.7967132492072907
75	0.9220420515895035
76	0.8364723744993471
77	0.96805557714613
78	0.9838981538483188
79	0.17322705937262534
80	0.13145230613269226
81	0.10818572446379085
82	0.07947357060372962
83	0.08619300005539271
84	0.03766425891466509
85	0.015676073575284527
86	0.0330773411179359
87	0.06867110513305613
88	0.1909478879208092
89	0.14727098441461417
90	0.23581040555488308
91	0.16233655139003125
92	0.17322705937262534
93	0.06756537356313774
94	0.0021286546673815816
95	0.00742923325854893
96	0.666428623359522
97	0.783884695041549
98	0.7588439508744756
99	0.7346031188276402
100	0.8501615448993927
101	0.8230036250150272
102	0.783884695041549
103	0.7588439508744756
104	0.8501615448993927
105	0.4895605451959157
106	0.6045810297425014
107	0.28191057199709557
108	0.34253867592860743
109	0.3262571601860513
110	0.21392613224755633
111	0.7111366461700385
112	0.6556978921951104
113	0.6773349667878948
114	0.96805557714613
115	0.9838981538483188
116	0.937131600443727
117	0.2729051014782441
118	0.277371291338262
119	0.3008228213237163
120	0.4029101033605775
121	0.5396417421912961
122	0.28191057199709557
123	0.6144752151203823
124	0.055606547367958434
125	0.2320134226836695
126	0.1909478879208092
127	0.2959790185358471
128	0.9524680951766461
129	0.7967132492072907
130	0.8230036250150272
131	0.8782156365502338
132	0.8782156365502338
133	0.3008228213237163
134	0.015932618141390686
135	0.00742923325854893
136	0.03361866366814501
137	0.8501615448993927
138	0.8230036250150272
139	0.9524680951766461
140	0.9838981538483188
141	0.3596327033558796
142	0.6773349667878948
143	0.31583506350196977
144	0.3107495359001502
145	0.22827757824649533
146	0.1135846177017893
147	0.06867110513305613
148	0.02952443611328861
149	0.015676073575284527
150	0.01700147357515897
151	0.1448996496809614
152	0.699686033300586
153	1.0
154	1.0
155	0.4441271100328678
156	0.07327797408660612
157	0.07209806342155671
158	0.002198897168339186
159	0.00388105521435913
160	0.0058236622472702445
161	0.02678443476505529
162	0.06979493239667436
163	0.09501039487561763
164	0.5948461590153626
165	0.783884695041549
166	0.4029101033605775
167	0.01619336115132798
168	0.0021286546673815816
169	0.0022714575694317367
170	0.0014893899404870186
171	0.04358912142584555
172	0.3481444442077991
173	0.3596327033558796
174	1.0
175	1.0
176	1.0
177	0.018142034232021004
178	0.005729890533725346
179	0.0019627091166381414
180	0.0031426912410505935
181	0.006739766775034894
182	0.0104469841324596
183	0.28191057199709557
184	0.48167771661523795
185	0.9838981538483188
186	0.9838981538483188
187	0.9838981538483188
188	1.0
189	0.7967132492072907
190	0.96805557714613
191	0.6884197964378999
192	0.6245313223904188
193	0.937131600443727
194	0.29121320991525734
195	0.016458371314135432
196	0.012090370898187255
197	0.07093715149650966
198	0.4513954094697244
199	0.5139915422627507
200	0.937131600443727
