1	0.9071954723294418
2	0.15715080394779135
3	0.09501039487561765
4	0.10138426111191784
5	0.08903724340857933
6	0.09975178733729187
7	0.12725313808047323
8	0.05127157501696203
9	0.06979493239667438
10	0.1704377839133016
11	0.7111366461700385
12	0.06647744631284418
13	0.09975178733729187
14	0.13145230613269226
15	0.11925293695084216
16	0.2209853827589351
17	0.9071954723294418
18	0.8501615448994048
19	0.5574491330158785
20	0.43697584363533404
21	0.8782156365502464
22	0.9371316004437404
23	0.9220420515895167
24	0.7712627042813325
25	0.48956054519592274
26	0.5224031981891457
27	0.9680555771461301
28	0.2819105719970956
29	0.12933568132305998
30	0.12520412762878277
31	0.176061982325188
32	0.19407281858793524
33	0.9220420515895167
34	0.7111366461700385
35	0.8640747434825014
36	0.9838981538483189
37	0.8925879504044913
38	0.18787327440651988
39	0.07819389939674361
40	0.10644373457266823
41	0.9371316004437404
42	0.18484816784601352
43	0.12120455403276079
44	0.11175569566235759
45	0.09501039487561765
46	0.12725313808047323
47	0.2037578156903431
48	0.6245313223904277
49	0.6347520014624477
50	0.9680555771461301
51	0.9220420515895167
52	0.9524680951766461
53	0.8501615448994048
54	0.8230036250150389
55	0.10818572446379238
56	0.10472979393476875
57	0.1732270593726278
58	0.1496811268916314
59	0.08903724340857933
60	0.0005809207180139167
61	0.0005356333306484069
62	0.00032383375060781954
63	0.008597905811488843
64	1.0
65	0.13145230613269226
66	1.0
67	0.09975178733729187
68	0.001186616698822083
69	8.837588257170863e-05
70	4.120886098121497e-05
71	0.0021634908644312515
72	1.0
73	1.0
74	1.0
75	1.0
76	1.0
77	1.0
78	0.0021286546673816124
79	4.769131523869025e-05
80	8.148628007745243e-05
81	0.0026287744047199277
82	0.10138426111191784
83	0.9838981538483189
84	0.13360357026643588
85	1.0
86	0.008459463654885606
87	0.0001805208435176092
88	0.0005904276939048732
89	0.0007291465512741477
90	0.09197534264619907
91	0.5948461590153626
92	0.9838981538483189
93	0.6664286233595221
94	0.6045810297425014
95	0.5852680376789872
96	0.7967132492072908
97	0.2516299796562454
98	0.22460188780169194
99	0.3655182215245085
100	0.41620554942555466
101	0.8364723744993591
102	0.9838981538483189
103	0.8230036250150389
104	0.8364723744993591
105	0.8097517472627709
106	0.7111366461700385
107	0.3964225068633075
108	0.18484816784601352
109	0.49757237909340374
110	0.20709238541955047
111	0.09814559940423297
112	0.46629079995640094
113	0.7588439508744758
114	0.10304345090533384
115	0.31074953590015464
116	0.20047693868989175
117	0.8364723744993591
118	0.7838846950415602
119	0.013327194928720632
120	0.017562497419084194
121	0.00388105521435913
122	0.00932485215470036
123	0.0015637163575655676
124	0.03049869946550789
125	0.07209806342155774
126	0.9680555771461301
127	0.9680555771461301
128	0.9838981538483189
129	0.09348055211451999
130	0.018740694914960117
131	0.015676073575284534
132	0.023522509426831248
133	0.023143753598939273
134	0.023907463729683845
135	0.011515692539375738
136	0.7111366461700385
137	0.6347520014624477
138	0.31074953590015464
139	0.29597901853585135
140	0.2865241396118646
141	0.746625162324361
142	0.4230169025093204
143	0.35384195289533515
144	0.0047157206801953155
145	0.03202070454638332
146	0.1732270593726278
147	0.1732270593726278
148	0.9524680951766461
149	0.9524680951766461
150	0.9220420515895167
151	0.8782156365502464
152	0.03307734111793589
153	0.03828064801966494
154	0.03416884515602848
155	0.055606547367958434
156	0.11358461770178932
157	0.0376642589146651
158	0.8097517472627709
159	0.31074953590015464
160	0.8640747434825014
161	0.9838981538483189
162	0.9838981538483189
163	0.9838981538483189
164	0.4441271100328678
165	0.7967132492072908
166	0.014221262971401532
167	0.004348092770690399
168	0.009174704819918202
169	0.010278768401209682
170	0.020657835589543774
171	0.1909478879208092
172	0.9524680951766461
173	0.9220420515895167
174	0.1496811268916314
175	0.20047693868989175
176	0.21392613224755938
177	0.21742711012398033
178	0.9838981538483189
179	0.9524680951766461
180	0.9524680951766461
181	0.9838981538483189
182	0.9524680951766461
183	0.5139915422627507
184	0.2320134226836728
185	0.20047693868989175
186	0.01967592931444509
187	0.746625162324361
188	0.7588439508744758
189	0.7838846950415602
190	0.7346031188276402
191	0.7967132492072908
192	0.6773349667878948
193	0.6664286233595221
194	0.9680555771461301
195	0.9680555771461301
196	0.9524680951766461
197	0.9524680951766461
198	0.9838981538483189
199	0.9838981538483189
200	1.0
