1	0.96805557714613
2	0.8501615448993927
3	0.7967132492072907
4	0.7227746524257324
5	0.6664286233595221
6	0.6773349667878948
7	0.7588439508744649
8	0.783884695041549
9	0.5665719880005069
10	0.154620385880011
11	0.016458371314135432
12	0.06030803830703493
13	0.4739218161276063
14	0.057441482370142585
15	0.12520412762878277
16	0.1272531380804732
17	0.9220420515895035
18	0.3262571601860513
19	0.09348055211451997
20	0.11544347070631691
21	0.1649932472736986
22	0.3900393726467308
23	0.746625162324361
24	0.9220420515895035
25	0.8925879504044912
26	0.481677716615238
27	0.21742711012397722
28	0.3315964756209393
29	0.34253867592860254
30	0.13579004060925665
31	0.6773349667878948
32	0.7712627042813325
33	0.7588439508744649
34	1.0
35	1.0
36	0.033077341117935664
37	0.032544734860148215
38	0.1649932472736986
39	0.96805557714613
40	0.9220420515895035
41	1.0
42	1.0
43	1.0
44	0.96805557714613
45	0.9371316004437404
46	0.12933568132305812
47	0.025100540218357045
48	0.03529636723622752
49	0.8925879504044912
50	0.8501615448993927
51	0.8364723744993591
52	0.007309608887594823
53	0.0035208757183271488
54	0.01011326125378457
55	0.007550815325235576
56	0.20709238541955044
57	0.35384195289533005
58	0.4895605451959157
59	0.7712627042813325
60	0.6884197964379
61	0.783884695041549
62	0.7588439508744649
63	0.305745894681384
64	0.29597901853584707
65	0.5396417421912961
66	0.8925879504044912
67	0.9220420515895035
68	0.9371316004437404
69	0.8230036250150272
70	0.8230036250150272
71	0.96805557714613
72	0.7111366461700385
73	0.6664286233595221
74	0.6773349667878948
75	1.0
76	0.033077341117935664
77	0.033077341117935664
78	0.0612950009827268
79	0.15715080394779135
80	0.21392613224755633
81	0.96805557714613
82	0.9220420515895035
83	0.8640747434825012
84	0.8640747434825012
85	0.8640747434825012
86	0.9838981538483048
87	0.9524680951766462
88	0.8925879504044912
89	0.12520412762878277
90	0.09656527406216012
91	0.14489964968096136
92	0.14256649781436806
93	0.1521307122146575
94	0.9838981538483048
95	0.7227746524257324
96	0.7227746524257324
97	0.12120455403275907
98	0.10472979393476874
99	0.29121320991525734
100	0.30082282132371624
101	0.96805557714613
102	0.96805557714613
103	0.96805557714613
104	0.96805557714613
105	0.3315964756209393
106	0.001695927376489881
107	0.00018952954375246368
108	0.007799981223697619
109	0.6664286233595221
110	0.9838981538483048
111	0.96805557714613
112	0.96805557714613
113	0.8925879504044912
114	0.8640747434825012
115	0.9371316004437404
116	0.9071954723294418
117	0.6556978921951104
118	0.34253867592860254
119	0.19724888986614708
120	0.1380122933233906
121	0.1521307122146575
122	0.8640747434825012
123	0.9220420515895035
124	0.96805557714613
125	0.783884695041549
126	0.7346031188276299
127	0.3900393726467308
128	0.34253867592860254
129	0.26418730551764474
130	0.2396695274125223
131	0.5057153295259778
132	0.5309525138815067
133	0.5665719880005069
134	0.7346031188276299
135	0.8782156365502338
136	0.8640747434825012
137	0.8501615448993927
138	0.8640747434825012
139	0.7588439508744649
140	0.746625162324361
141	0.3315964756209393
142	0.30082282132371624
143	0.481677716615238
144	0.481677716615238
145	0.4975723790934037
146	0.7588439508744649
147	0.7967132492072907
148	0.01935911052773268
149	0.02277109643911641
150	0.06756537356313774
151	0.08343961441457963
152	0.4441271100328678
153	0.14256649781436806
154	0.11175569566235759
155	0.24757827243666983
156	0.16233655139003123
157	0.1272531380804732
158	0.6884197964379
159	0.40950387170122843
160	0.16233655139003123
161	0.17894329980857734
162	0.8640747434825012
163	0.0512715750169613
164	0.0190473931083816
165	0.011515692539375654
166	0.01493095993810032
167	0.15972263321475447
168	0.3900393726467308
169	0.9838981538483048
170	0.9838981538483048
171	0.96805557714613
172	0.348144444207804
173	0.10472979393476874
174	0.11925293695084045
175	0.011895693606067882
176	0.007076107650393087
177	0.03049869946550789
178	0.7346031188276299
179	0.783884695041549
180	0.15972263321475447
181	0.18187177108593688
182	0.5948461590153626
183	0.9220420515895035
184	0.24757827243666983
185	0.29121320991525734
186	0.1649932472736986
187	0.37150005830873106
188	0.4230169025093204
189	0.8097517472627709
190	0.96805557714613
191	0.9838981538483048
192	0.9524680951766462
193	0.5948461590153626
194	0.481677716615238
195	0.4513954094697244
196	0.4369758436353278
197	0.481677716615238
198	0.8501615448993927
199	0.8230036250150272
200	0.9838981538483048
