1	0.9071954723294418
2	0.9071954723294418
3	0.9071954723294418
4	0.9220420515895167
5	0.9524680951766599
6	0.809751747262771
7	0.8364723744993592
8	0.2959790185358514
9	0.3900393726467364
10	0.9838981538483329
11	0.2959790185358514
12	0.2396695274125257
13	0.2209853827589351
14	0.2912132099152615
15	0.9524680951766599
16	0.9680555771461301
17	0.08619300005539396
18	0.027222771645920248
19	0.04019100294647176
20	0.02510054021835723
21	0.9838981538483329
22	0.9838981538483329
23	0.9838981538483329
24	0.9838981538483329
25	1.0
26	0.013327194928720825
27	0.012693727967806583
28	0.007191910689857912
29	0.08903724340857933
30	0.9838981538483329
31	0.14489964968096344
32	0.016193361151328214
33	0.015175310452307484
34	0.0547111792972134
35	0.7588439508744758
36	0.176061982325188
37	0.1818717710859395
38	0.677334966787895
39	0.8925879504044916
40	0.8501615448994049
41	0.1013842611119193
42	0.009790198959862228
43	0.011895693606068052
44	0.06229811565656851
45	0.41620554942555466
46	0.2685108255202363
47	0.1546203858800132
48	0.16233655139003358
49	0.12120455403276079
50	0.3158350635019698
51	0.49757237909341084
52	0.35384195289533515
53	0.8925879504044916
54	0.9680555771461301
55	0.8640747434825014
56	0.8640747434825014
57	0.3775797899972509
58	0.3715000583087364
59	0.7111366461700487
60	0.6347520014624478
61	0.3425386759286123
62	0.04151724745489924
63	0.045764390058400266
64	0.04651334071458728
65	0.176061982325188
66	1.0
67	1.0
68	0.9838981538483329
69	0.746625162324361
70	0.6451399456130033
71	0.8230036250150508
72	0.07693483325865831
73	0.008597905811488846
74	0.12520412762878458
75	0.00381856306039134
76	0.007309608887594927
77	0.3837590186752804
78	0.28652413961186873
79	0.7111366461700487
80	0.3900393726467364
81	0.8501615448994049
82	0.15213071221465968
83	0.11175569566235918
84	0.1013842611119193
85	0.026353155917208635
86	0.016727718463300126
87	0.6884197964379098
88	0.8782156365502464
89	0.9838981538483329
90	0.9838981538483329
91	0.1272531380804732
92	0.09814559940423298
93	0.08619300005539396
94	0.09197534264619908
95	0.07947357060372964
96	0.6664286233595221
97	0.6884197964379098
98	0.41620554942555466
99	0.746625162324361
100	0.40291010336057753
101	0.49757237909341084
102	0.9838981538483329
103	0.07819389939674361
104	0.021688742850449538
105	0.021688742850449538
106	0.05838153282986846
107	0.14489964968096344
108	0.746625162324361
109	0.20047693868989463
110	0.3715000583087364
111	0.01784991398793898
112	0.004715720680195383
113	0.06331764666180248
114	0.07447719441285176
115	0.16233655139003358
116	0.9838981538483329
117	0.9680555771461301
118	0.9524680951766599
119	0.13801229332339257
120	0.08480513362914895
121	0.06540703669975813
122	0.25574799451756824
123	0.23201342268367284
124	0.5139915422627653
125	0.3158350635019698
126	0.2209853827589351
127	0.6556978921951199
128	0.6144752151203998
129	0.1314523061326923
130	0.40950387170123426
131	0.03828064801966494
132	0.04019100294647176
133	0.9524680951766599
134	0.0018097003405784802
135	0.005283200023099469
136	0.005918968568537472
137	0.012090370898187429
138	1.0
139	1.0
140	1.0
141	0.005546852487609637
142	7.273367172041961e-05
143	7.888324788986942e-05
144	0.0026717952406334006
145	1.0
146	0.20709238541955344
147	0.08619300005539396
148	0.1878732744065199
149	0.13579004060925862
150	0.2358104055548831
151	0.1336035702664378
152	0.8640747434825014
153	0.9838981538483329
154	1.0
155	1.0
156	1.0
157	0.1272531380804732
158	0.10472979393476875
159	0.2819105719970956
160	0.8501615448994049
161	0.8230036250150508
162	0.2396695274125257
163	0.19094788792080924
164	0.20375781569034312
165	1.0
166	0.0030422997831473643
167	7.513377685901219e-05
168	0.0027599605887401314
169	0.005283200023099469
170	1.0
171	0.9838981538483329
172	1.0
173	0.009174704819918203
174	0.001962709116638142
175	0.005114431247540003
176	0.010617952774480096
177	0.9371316004437406
178	0.5139915422627653
179	0.055606547367958434
180	0.10644373457266824
181	0.07209806342155876
182	0.14489964968096344
183	0.20047693868989463
184	0.05838153282986846
185	0.1425664978143681
186	0.17894329980857993
187	0.1676934209382962
188	0.8640747434825014
189	0.8501615448994049
190	0.7712627042813435
191	0.9071954723294418
192	0.8230036250150508
193	0.9071954723294418
194	0.5484731728386766
195	0.5574491330158785
196	0.6451399456130033
197	0.677334966787895
198	0.746625162324361
199	0.9524680951766599
200	0.9838981538483329
