1	0.9680555771461301
2	0.937131600443727
3	0.9524680951766462
4	0.04084874312373889
5	0.07209806342155671
6	0.09975178733729187
7	0.08209608258032106
8	0.49757237909340374
9	0.9680555771461301
10	0.758843950874465
11	0.8640747434825014
12	0.21048152657828498
13	0.09501039487561697
14	0.05296346225090894
15	0.0480482131529159
16	0.9838981538483048
17	0.9838981538483048
18	0.9838981538483048
19	0.937131600443727
20	0.9524680951766462
21	0.9838981538483048
22	0.023522509426831248
23	0.025511319561055172
24	0.09814559940423227
25	0.21392613224755636
26	0.9524680951766462
27	0.8925879504044913
28	0.8925879504044913
29	0.8925879504044913
30	0.8782156365502338
31	0.8782156365502338
32	0.7967132492072908
33	0.8640747434825014
34	0.24359180518339557
35	0.10644373457266747
36	0.09348055211451997
37	0.18187177108593558
38	0.9220420515895035
39	0.937131600443727
40	0.937131600443727
41	0.3057458946813797
42	0.16769342093829617
43	0.1972488898661485
44	0.16769342093829617
45	0.6144752151203823
46	0.7712627042813325
47	0.5574491330158785
48	0.5139915422627507
49	0.9071954723294288
50	0.9838981538483048
51	1.0
52	0.9838981538483048
53	0.8501615448993928
54	0.8925879504044913
55	0.9680555771461301
56	0.9680555771461301
57	1.0
58	0.5852680376789788
59	0.07327797408660665
60	0.006419412822152379
61	0.0045650797047264175
62	0.007076107650393088
63	1.0
64	0.03587400494469133
65	0.004074735137074894
66	0.040191002946470614
67	1.0
68	1.0
69	1.0
70	1.0
71	1.0
72	1.0
73	0.9838981538483048
74	0.04727454821686446
75	0.002897693479410673
76	0.03587400494469133
77	1.0
78	0.008738613623635485
79	0.004792895140366606
80	0.0031426912410505714
81	0.0664774463128437
82	0.10818572446379084
83	0.12933568132305814
84	0.04651334071458662
85	0.0290490381852773
86	0.03890712455342798
87	0.8782156365502338
88	0.8640747434825014
89	0.9524680951766462
90	0.9680555771461301
91	0.1272531380804723
92	0.10818572446379084
93	0.09656527406216012
94	0.3775797899972455
95	0.12520412762878277
96	0.2037578156903402
97	0.24757827243666986
98	0.6245313223904277
99	0.012288234154010888
100	0.018438935128663708
101	0.2819105719970916
102	0.8501615448993928
103	0.8640747434825014
104	0.06435386265758034
105	0.01619336115132798
106	0.5309525138815067
107	0.6556978921951011
108	0.7111366461700384
109	0.2516299796562454
110	0.104729793934768
111	0.01814203423202126
112	0.18787327440651855
113	0.27737129133826594
114	0.7346031188276297
115	0.6773349667878852
116	0.36551822152449814
117	0.35963270335587966
118	0.3057458946813797
119	0.836472374499359
120	0.8640747434825014
121	0.6773349667878852
122	0.14727098441461314
123	0.06435386265758034
124	0.39642250686330754
125	0.9524680951766462
126	0.6451399456130031
127	0.06867110513305662
128	0.32100381758685104
129	0.36551822152449814
130	0.36551822152449814
131	0.3538419528953301
132	0.9838981538483048
133	0.937131600443727
134	0.7111366461700384
135	0.758843950874465
136	0.9524680951766462
137	0.937131600443727
138	0.6773349667878852
139	0.013327194928720539
140	0.01354529925337699
141	0.3425386759286026
142	0.3370231708678044
143	0.057441482370142176
144	0.6664286233595221
145	0.2320134226836728
146	0.5309525138815067
147	0.39642250686330754
148	0.7712627042813325
149	0.7346031188276297
150	0.7346031188276297
151	0.9071954723294288
152	0.9524680951766462
153	0.18187177108593558
154	0.10138426111191712
155	0.18787327440651855
156	0.8230036250150272
157	0.836472374499359
158	0.7967132492072908
159	0.8097517472627709
160	0.1380122933233906
161	0.11925293695084045
162	0.11175569566235759
163	0.8230036250150272
164	0.8640747434825014
165	0.4895605451959088
166	0.3775797899972455
167	0.3262571601860513
168	0.3262571601860513
169	0.41620554942555466
170	0.6556978921951011
171	0.7346031188276297
172	0.3262571601860513
173	0.3837590186752749
174	0.6884197964379
175	0.6556978921951011
176	0.26418730551764474
177	0.3107495359001546
178	0.2282775782464921
179	0.758843950874465
180	0.3425386759286026
181	0.20709238541955044
182	0.17894329980857737
183	0.5665719880005069
184	0.5948461590153626
185	0.06030803830703493
186	0.1972488898661485
187	0.09975178733729187
188	0.30082282132371624
189	0.783884695041549
190	0.8640747434825014
191	0.6884197964379
192	0.699686033300586
193	0.6884197964379
194	0.8640747434825014
195	0.836472374499359
196	0.8097517472627709
197	0.8097517472627709
198	0.8782156365502338
199	0.8640747434825014
200	0.8925879504044913
