1	0.6884197964379001
2	0.6347520014624387
3	0.6144752151203824
4	0.6884197964379001
5	0.6996860333005861
6	0.9220420515895037
7	0.42301690250931445
8	0.3538419528953301
9	0.383759018675275
10	0.5396417421912961
11	0.9071954723294289
12	0.6245313223904189
13	0.6556978921951012
14	0.9680555771461302
15	0.5396417421912961
16	0.4895605451959088
17	0.7346031188276299
18	0.7466251623243612
19	0.758843950874465
20	0.9838981538483049
21	0.9838981538483049
22	0.8782156365502215
23	0.466290799956401
24	0.3775797899972455
25	0.7111366461700386
26	0.8640747434825014
27	0.783884695041538
28	0.6245313223904189
29	0.6664286233595222
30	0.9524680951766464
31	0.9524680951766464
32	0.5758441417787757
33	0.39003937264673083
34	0.42301690250931445
35	0.2685108255202325
36	0.5224031981891384
37	0.5139915422627508
38	0.7111366461700386
39	0.23581040555487975
40	0.1380122933233906
41	0.1676934209382962
42	0.5852680376789706
43	0.6664286233595222
44	0.7111366461700386
45	0.6045810297424928
46	0.7466251623243612
47	0.758843950874465
48	0.34814444420779916
49	0.14256649781436606
50	0.1496811268916314
51	0.8230036250150273
52	0.02352250942683125
53	0.21392613224755636
54	0.42301690250931445
55	0.9838981538483049
56	0.8230036250150273
57	0.7712627042813325
58	0.8364723744993472
59	0.8501615448993928
60	0.758843950874465
61	0.18484816784601354
62	0.06867110513305516
63	0.12120455403275908
64	0.7111366461700386
65	0.2685108255202325
66	0.31583506350196533
67	0.33159647562093936
68	0.9680555771461302
69	0.6773349667878853
70	0.6773349667878853
71	0.466290799956401
72	0.4739218161276064
73	0.43697584363532166
74	0.3596327033558797
75	0.3057458946813797
76	0.466290799956401
77	0.6045810297424928
78	0.11733274450692356
79	0.014453999040223557
80	0.017562497419084198
81	0.07693483325865612
82	0.9680555771461302
83	0.9524680951766464
84	1.0
85	1.0
86	1.0
87	0.9524680951766464
88	0.9680555771461302
89	0.16499324727369866
90	0.03361866366814502
91	0.07569604040982107
92	0.08619300005539152
93	0.3057458946813797
94	0.2685108255202325
95	0.2729051014782402
96	0.4029101033605776
97	0.6245313223904189
98	0.6556978921951012
99	0.9524680951766464
100	0.6144752151203824
101	0.11544347070631694
102	0.016458371314135436
103	0.00035696138316949357
104	0.0006944888267967084
105	0.002094379397417346
106	0.0002089180882547865
107	0.0032995238968794027
108	0.009026975134420663
109	0.028121083425988593
110	0.9371316004437272
111	0.9524680951766464
112	0.9838981538483049
113	0.9220420515895037
114	1.0
115	0.9838981538483049
116	0.9524680951766464
117	0.9371316004437272
118	1.0
119	0.9524680951766464
120	0.9838981538483049
121	0.9220420515895037
122	1.0
123	1.0
124	0.9071954723294289
125	1.0
126	0.9371316004437272
127	0.03254473486014822
128	0.0067397667750348
129	0.0006099109471022964
130	0.000198987813567983
131	0.0019000115066771079
132	0.009477456704464739
133	0.008189230970776997
134	0.03254473486014822
135	0.1336035702664359
136	0.4299397258291108
137	0.7346031188276299
138	0.7111366461700386
139	0.4739218161276064
140	0.4299397258291108
141	0.17043778391329922
142	0.37150005830873106
143	0.4895605451959088
144	0.3775797899972455
145	0.18484816784601354
146	0.1336035702664359
147	0.13145230613269043
148	0.5139915422627508
149	0.481677716615238
150	0.6884197964379001
151	0.7967132492072909
152	0.783884695041538
153	0.7712627042813325
154	0.08903724340857806
155	0.07327797408660613
156	0.07693483325865612
157	0.10644373457266673
158	0.25574799451756464
159	0.9524680951766464
160	0.9680555771461302
161	0.9680555771461302
162	0.9680555771461302
163	0.9680555771461302
164	0.9071954723294289
165	0.7967132492072909
166	0.7466251623243612
167	0.06647744631284325
168	0.02551131956105536
169	0.2685108255202325
170	0.10644373457266673
171	0.21048152657828204
172	0.7466251623243612
173	0.4095038717012227
174	0.6996860333005861
175	0.7466251623243612
176	0.8097517472627596
177	0.8640747434825014
178	0.7712627042813325
179	0.8782156365502215
180	0.5948461590153626
181	0.9680555771461302
182	0.22827757824649214
183	0.0744771944128507
184	0.11733274450692356
185	0.2729051014782402
186	0.10995622264422822
187	0.7346031188276299
188	0.025928821455018472
189	0.07819389939674361
190	0.012693727967806405
191	0.012901465378461633
192	0.1252041276287828
193	0.783884695041538
194	0.44412711003286787
195	0.1597226332147545
196	0.07693483325865612
197	0.18484816784601354
198	0.9680555771461302
199	1.0
200	1.0
