1	0.6773349667878948
2	0.37150005830873106
3	0.2819105719970956
4	0.2959790185358471
5	0.5948461590153626
6	0.9524680951766463
7	0.6245313223904277
8	0.4441271100328678
9	0.3655182215245085
10	0.34814444420780405
11	0.13145230613269226
12	0.16499324727370096
13	0.30082282132371624
14	0.9220420515895166
15	0.9220420515895166
16	0.37757978999725084
17	0.37150005830873106
18	0.13801229332339057
19	0.16499324727370096
20	0.29121320991526145
21	0.0769348332586572
22	0.03646109590141791
23	0.08480513362914895
24	0.08343961441457963
25	0.07947357060372963
26	0.010791719379643227
27	0.01784991398793898
28	0.04288725609876025
29	0.14489964968096344
30	0.9838981538483188
31	0.2865241396118647
32	0.32625716018605594
33	0.8640747434825014
34	0.10818572446379239
35	0.05560654736795764
36	0.03828064801966493
37	7.156252532833052e-05
38	2.930513119066858e-05
39	0.0023464123579847473
40	0.005729890533725346
41	0.0002665163506524516
42	4.326534525397591e-05
43	2.491409560653853e-05
44	0.003408403375565008
45	0.06331764666180247
46	0.699686033300596
47	0.32625716018605594
48	0.4162055494255546
49	0.9838981538483188
50	0.9838981538483188
51	1.0
52	1.0
53	1.0
54	1.0
55	0.40950387170122843
56	0.03361866366814501
57	0.06435386265758125
58	0.0022714575694317367
59	2.5321823716297998e-05
60	4.326534525397591e-05
61	0.00027087798631395606
62	0.005729890533725346
63	0.0023086307871880733
64	2.7912202484078217e-05
65	7.156252532833052e-05
66	0.006419412822152425
67	0.04430247303072529
68	0.11925293695084214
69	0.7346031188276403
70	0.6884197964379097
71	0.9524680951766463
72	0.25574799451756824
73	0.08077418408895759
74	0.029524436113288612
75	0.025928821455018472
76	0.9838981538483188
77	0.05560654736795764
78	0.0675653735631387
79	0.25993340216897615
80	0.8782156365502338
81	0.9838981538483188
82	0.9220420515895166
83	0.9220420515895166
84	0.29121320991526145
85	0.019359110527732544
86	0.06867110513305712
87	0.8782156365502338
88	0.07569604040982107
89	0.07947357060372963
90	0.11544347070631857
91	0.2959790185358471
92	0.9371316004437403
93	0.7838846950415602
94	0.7967132492072908
95	0.9371316004437403
96	0.466290799956401
97	0.4162055494255546
98	0.17894329980857737
99	0.0675653735631387
100	0.03587400494469159
101	0.034728030561276546
102	0.06979493239667436
103	0.07209806342155774
104	0.07447719441285068
105	0.09348055211451997
106	0.20047693868989175
107	0.9071954723294418
108	0.8925879504044915
109	0.9071954723294418
110	0.9524680951766463
111	0.9524680951766463
112	0.9838981538483188
113	0.9371316004437403
114	0.9371316004437403
115	0.4975723790934037
116	0.9680555771461301
117	0.17894329980857737
118	0.031505112088108564
119	0.009174704819918202
120	0.0042091954566156106
121	0.0045650797047264175
122	0.005198130749138962
123	0.07447719441285068
124	0.9680555771461301
125	0.9071954723294418
126	0.9838981538483188
127	0.9838981538483188
128	0.9838981538483188
129	0.9838981538483188
130	0.16769342093829617
131	0.03099782162027481
132	0.0025038237499127474
133	0.0002055541213394046
134	0.00014382334778855537
135	0.00932485215470036
136	0.09975178733729187
137	1.0
138	1.0
139	1.0
140	0.9838981538483188
141	0.10138426111191927
142	0.009632558682416177
143	0.0009925720876842986
144	0.00042674617124461537
145	0.002993313140091832
146	0.031505112088108564
147	0.16769342093829617
148	0.9838981538483188
149	0.9838981538483188
150	0.9838981538483188
151	0.9838981538483188
152	0.8925879504044915
153	0.9838981538483188
154	0.0675653735631387
155	0.0014418122384338217
156	0.0014185963995909491
157	0.00027087798631395606
158	0.008597905811488844
159	0.031505112088108564
160	0.18187177108593947
161	0.614475215120391
162	0.836472374499359
163	0.7111366461700386
164	0.7346031188276403
165	0.7227746524257324
166	0.7346031188276403
167	0.9371316004437403
168	0.9220420515895166
169	0.9071954723294418
170	0.9071954723294418
171	0.7588439508744756
172	0.614475215120391
173	0.0876035794134446
174	0.07819389939674361
175	0.09348055211451997
176	0.17894329980857737
177	0.39642250686330754
178	0.8782156365502338
179	0.8925879504044915
180	0.7111366461700386
181	0.154620385880011
182	0.07819389939674361
183	0.0612950009827268
184	0.14027091400017713
185	0.3655182215245085
186	0.9524680951766463
187	0.699686033300596
188	0.9524680951766463
189	0.6347520014624387
190	0.4441271100328678
191	0.39642250686330754
192	0.34253867592860743
193	0.05044600800408381
194	0.019359110527732544
195	0.35963270335587966
196	0.9371316004437403
197	0.9524680951766463
198	0.9524680951766463
199	0.9524680951766463
200	0.9838981538483188
