1	0.699686033300596
2	0.6884197964379097
3	0.7712627042813435
4	0.4587826572335652
5	0.45139540946973084
6	0.5224031981891458
7	0.09501039487561899
8	0.03361866366814597
9	0.0013294115143323941
10	0.0020606560225769396
11	0.0010591597671173617
12	0.00015853622750040458
13	0.007429233258549036
14	0.9838981538483328
15	1.0
16	1.0
17	1.0
18	0.00932485215470049
19	0.002851035264810493
20	0.0047928951403666395
21	0.004209195456615671
22	0.0015893071365663273
23	0.01619336115132821
24	0.2819105719970956
25	0.7712627042813435
26	0.0224044397475493
27	0.01517531045230748
28	0.020325206299054217
29	0.31583506350196977
30	0.011147830387442922
31	0.016458371314135432
32	0.35963270335588476
33	0.3538419528953351
34	0.25993340216897615
35	0.7111366461700486
36	0.03705779481220459
37	0.3370231708678044
38	0.699686033300596
39	0.25162997965624534
40	0.25993340216897615
41	0.2641873055176485
42	0.2641873055176485
43	0.4299397258291168
44	0.3900393726467363
45	0.0062143483844881225
46	0.020325206299054217
47	0.699686033300596
48	0.39642250686331315
49	0.6556978921951198
50	0.7346031188276506
51	0.7712627042813435
52	0.05127157501696203
53	0.08343961441458081
54	0.04651334071458728
55	0.09501039487561899
56	0.12318811002815043
57	0.25993340216897615
58	1.0
59	0.9838981538483328
60	0.9838981538483328
61	0.9220420515895166
62	0.25993340216897615
63	0.1293356813230618
64	0.04358912142584555
65	0.0395438536003459
66	0.0395438536003459
67	0.04502749889045438
68	0.6045810297425099
69	0.14727098441461417
70	0.21048152657828498
71	0.12520412762878277
72	0.12318811002815043
73	0.10138426111191927
74	0.09501039487561899
75	0.12120455403276077
76	0.7838846950415602
77	0.14968112689163354
78	0.4299397258291168
79	0.3900393726467363
80	0.11358461770179093
81	0.10995622264422977
82	0.1909478879208119
83	0.2959790185358513
84	0.05044600800408453
85	0.09197534264619907
86	0.09501039487561899
87	0.08343961441458081
88	0.8501615448994049
89	0.7967132492073021
90	0.7227746524257427
91	0.7227746524257427
92	0.8640747434825135
93	0.14027091400017713
94	0.11925293695084384
95	0.31074953590015464
96	0.2209853827589351
97	0.05933696755250704
98	0.0612950009827268
99	0.2819105719970956
100	0.7712627042813435
101	0.2959790185358513
102	0.25993340216897615
103	0.041517247454899237
104	0.03307734111793589
105	0.2819105719970956
106	0.9838981538483328
107	0.09197534264619907
108	0.041517247454899237
109	0.10644373457266974
110	0.8364723744993591
111	0.06540703669975813
112	0.027222771645920244
113	0.0029451152724263097
114	0.012901465378461813
115	0.04084874312373918
116	0.44412711003287414
117	0.3425386759286123
118	0.8230036250150506
119	0.03766425891466563
120	0.026353155917209006
121	0.8501615448994049
122	0.8925879504044915
123	0.8782156365502464
124	0.8501615448994049
125	0.1789432998085799
126	0.04358912142584555
127	0.0242987179477618
128	0.0224044397475493
129	0.9680555771461439
130	0.9680555771461439
131	0.9680555771461439
132	0.011515692539375738
133	0.02592882145501884
134	0.9838981538483328
135	0.9838981538483328
136	0.9838981538483328
137	0.9838981538483328
138	0.9838981538483328
139	0.9838981538483328
140	1.0
141	1.0
142	0.0028976934794106932
143	0.0047928951403666395
144	0.9838981538483328
145	1.0
146	1.0
147	0.029524436113288612
148	0.013545299253377184
149	0.03254473486014868
150	0.176061982325188
151	0.9838981538483328
152	0.9524680951766596
153	0.9838981538483328
154	0.9838981538483328
155	0.9524680951766596
156	0.16769342093829617
157	0.11733274450692355
158	0.9071954723294547
159	0.8230036250150506
160	0.6144752151203997
161	0.5665719880005149
162	0.9071954723294547
163	0.10644373457266974
164	0.18187177108593947
165	0.127253138080475
166	0.9220420515895166
167	0.14968112689163354
168	0.18787327440651988
169	0.9371316004437403
170	0.20047693868989458
171	0.055606547367958434
172	0.12120455403276077
173	0.2396695274125257
174	0.17043778391330405
175	0.08903724340858057
176	0.11544347070632022
177	0.35963270335588476
178	0.9371316004437403
179	0.9680555771461439
180	0.4895605451959227
181	0.29121320991526145
182	0.10818572446379238
183	0.5057153295259778
184	0.05933696755250704
185	0.044302473030725285
186	0.0038810552143591303
187	0.003299523896879449
188	0.6144752151203997
189	0.513991542262758
190	0.6773349667879045
191	0.6773349667879045
192	0.6664286233595221
193	0.9680555771461439
194	0.9838981538483328
195	0.9524680951766596
196	0.6773349667879045
197	0.5057153295259778
198	0.4895605451959227
199	0.4895605451959227
200	0.7346031188276506
