1	0.16233655139003123
2	0.176061982325188
3	0.059336967552506205
4	0.7346031188276403
5	0.052963462250909324
6	0.04084874312373918
7	0.45139540946972445
8	0.6144752151203912
9	0.09197534264619907
10	0.08619300005539272
11	0.48167771661524483
12	0.513991542262758
13	0.3900393726467363
14	0.4095038717012285
15	0.1789432998085799
16	0.1472709844146142
17	0.3008228213237163
18	0.7712627042813435
19	0.9371316004437403
20	0.8925879504044915
21	0.5309525138815143
22	0.27290510147824404
23	0.836472374499359
24	0.9371316004437403
25	0.823003625015039
26	0.8097517472627709
27	0.37757978999725084
28	0.40291010336057753
29	0.24359180518339563
30	0.23201342268367284
31	0.6045810297425013
32	0.3262571601860512
33	0.3715000583087364
34	0.6045810297425013
35	0.47392181612761314
36	0.699686033300596
37	0.566571988000515
38	0.35963270335588476
39	0.3262571601860512
40	0.45139540946972445
41	0.0358740049446916
42	0.027668282067045125
43	0.0058236622472702445
44	0.35384195289533515
45	0.6245313223904276
46	0.41620554942555466
47	0.44412711003287414
48	0.45139540946972445
49	0.15972263321475677
50	0.25574799451756824
51	0.6451399456130033
52	0.06435386265758127
53	0.06331764666180247
54	0.21048152657828498
55	0.4895605451959158
56	0.47392181612761314
57	0.746625162324361
58	0.513991542262758
59	0.6144752151203912
60	0.1909478879208092
61	0.5852680376789872
62	0.677334966787895
63	0.14968112689163354
64	0.1154434707063202
65	0.1789432998085799
66	0.4975723790934108
67	0.00902697513442092
68	0.00742923325854893
69	0.41620554942555466
70	0.027668282067045125
71	0.03202070454638286
72	0.05383022830539263
73	0.42301690250932045
74	0.004009124378788921
75	0.566571988000515
76	0.566571988000515
77	0.566571988000515
78	0.566571988000515
79	0.566571988000515
80	0.566571988000515
81	0.0010088158858740138
82	0.006850065475449525
83	0.11175569566235918
84	0.01727970878760305
85	0.01619336115132821
86	0.02204368690561934
87	0.42301690250932045
88	0.36551822152450336
89	0.9838981538483188
90	0.7227746524257325
91	0.6347520014624477
92	0.7712627042813435
93	0.7346031188276403
94	0.823003625015039
95	0.45878265723355866
96	0.23201342268367284
97	0.16499324727370096
98	0.6451399456130033
99	0.4895605451959158
100	0.35963270335588476
101	0.5057153295259778
102	0.5396417421912961
103	0.9680555771461301
104	0.5057153295259778
105	0.4095038717012285
106	0.24757827243667338
107	0.746625162324361
108	0.35963270335588476
109	0.1521307122146575
110	0.11925293695084214
111	0.41620554942555466
112	0.45139540946972445
113	0.9680555771461301
114	0.1972488898661499
115	0.4299397258291168
116	0.6556978921951104
117	0.35963270335588476
118	0.25993340216897615
119	0.0046397888713085094
120	0.002384812237737442
121	0.14968112689163354
122	0.005637628717885325
123	0.5758441417787837
124	0.5758441417787837
125	0.5852680376789872
126	0.5852680376789872
127	0.010791719379643227
128	0.10995622264422977
129	0.007191910689857912
130	0.13360357026643777
131	0.13360357026643777
132	0.28652413961186873
133	0.4369758436353279
134	0.5758441417787837
135	0.09656527406216149
136	0.37757978999725084
137	0.23201342268367284
138	0.16499324727370096
139	0.19407281858793526
140	0.5057153295259778
141	0.513991542262758
142	0.677334966787895
143	0.6884197964379097
144	0.677334966787895
145	0.566571988000515
146	0.5948461590153711
147	0.6347520014624477
148	0.9371316004437403
149	0.7111366461700487
150	0.6045810297425013
151	0.7838846950415602
152	0.823003625015039
153	0.03202070454638286
154	0.02635315591720863
155	0.024298717947761804
156	0.03890712455342854
157	0.0686711051330571
158	0.07327797408660716
159	0.0997517873372933
160	0.9680555771461301
161	0.9371316004437403
162	0.9371316004437403
163	0.0370577948122046
164	0.04883453939311235
165	0.0063160484245059975
166	0.027222771645920244
167	0.0045650797047264826
168	0.045764390058400266
169	0.027668282067045125
170	0.8782156365502464
171	0.8640747434825014
172	0.9371316004437403
173	0.9220420515895166
174	0.9371316004437403
175	0.39642250686331315
176	0.3262571601860512
177	0.37757978999725084
178	0.13360357026643777
179	0.13801229332339254
180	0.04151724745489924
181	0.029524436113288612
182	0.3008228213237163
183	0.013327194928720634
184	0.5057153295259778
185	0.34814444420780405
186	0.6045810297425013
187	0.305745894681384
188	0.7227746524257325
189	1.0
190	1.0
191	1.0
192	0.6556978921951104
193	0.5574491330158785
194	0.566571988000515
195	1.0
196	1.0
197	0.9838981538483188
198	0.9838981538483188
199	0.9838981538483188
200	1.0
