1	0.8501615448993928
2	0.17894329980857734
3	0.08480513362914896
4	0.12933568132305998
5	0.08077418408895759
6	0.09656527406216149
7	0.09814559940423298
8	0.07209806342155774
9	0.5948461590153626
10	0.49757237909340374
11	0.19094788792080922
12	0.3596327033558848
13	0.38375901867528034
14	0.13360357026643588
15	0.22098538275893193
16	0.22460188780169194
17	0.21392613224755938
18	0.9680555771461301
19	0.9371316004437271
20	0.9371316004437271
21	0.9220420515895167
22	0.9220420515895167
23	0.03828064801966439
24	0.11358461770178932
25	0.1212045540327608
26	0.06331764666180337
27	0.7111366461700385
28	0.823003625015039
29	0.6884197964379097
30	0.614475215120391
31	0.7967132492072908
32	0.8782156365502339
33	0.783884695041549
34	0.783884695041549
35	0.783884695041549
36	0.09656527406216149
37	0.13801229332339057
38	0.49757237909340374
39	0.4895605451959158
40	0.4895605451959158
41	0.6451399456130124
42	0.012693727967806582
43	0.014221262971401534
44	0.013112602486344908
45	0.013327194928720632
46	0.043589121425845555
47	0.08480513362914896
48	0.09656527406216149
49	0.02551131956105572
50	0.0008576564720537011
51	0.0005443991622033087
52	6.927650175875156e-05
53	0.0008716923278076609
54	0.05651656845829485
55	0.6347520014624387
56	0.7967132492072908
57	0.09814559940423298
58	0.07093715149650967
59	0.07327797408660716
60	1.0
61	0.10995622264422822
62	0.019675929314445093
63	0.38375901867528034
64	0.3370231708678045
65	0.9071954723294289
66	0.3538419528953301
67	0.4299397258291168
68	0.46629079995640094
69	0.9220420515895167
70	0.9220420515895167
71	0.8501615448993928
72	0.8501615448993928
73	0.03529636723622752
74	0.008881624169591424
75	0.01619336115132798
76	0.40291010336057753
77	0.7712627042813436
78	0.41620554942555466
79	0.062298115656567614
80	0.06867110513305613
81	0.9524680951766462
82	0.1425664978143681
83	0.2435918051833956
84	0.46629079995640094
85	0.9371316004437271
86	0.34253867592860743
87	0.037664258914665634
88	0.011330268629776647
89	0.024696375181437153
90	0.06030803830703579
91	0.09975178733729187
92	0.9524680951766462
93	0.9524680951766462
94	0.9680555771461301
95	0.14027091400017713
96	0.09501039487561765
97	0.030997821620274372
98	0.03254473486014822
99	0.024696375181437153
100	0.02168874285044923
101	0.03705779481220407
102	0.21048152657828498
103	0.4299397258291168
104	0.4513954094697244
105	0.5574491330158785
106	0.9071954723294289
107	0.9220420515895167
108	0.9371316004437271
109	0.9371316004437271
110	0.19407281858793526
111	0.05560654736795765
112	0.003578496112179884
113	0.006214348384488035
114	0.052963462250909324
115	0.9220420515895167
116	0.08619300005539272
117	0.012901465378461633
118	0.012288234154010976
119	0.9371316004437271
120	0.9524680951766462
121	0.9838981538483189
122	0.9838981538483189
123	0.9838981538483189
124	0.02510054021835723
125	0.02133951404984792
126	0.005823662247270161
127	0.007309608887594823
128	0.04219669209919026
129	0.002851035264810493
130	0.014221262971401534
131	0.016458371314135432
132	0.026353155917208635
133	0.9838981538483189
134	0.9838981538483189
135	0.9838981538483189
136	0.9680555771461301
137	0.9680555771461301
138	0.9680555771461301
139	0.9838981538483189
140	0.9838981538483189
141	0.002759960588740131
142	0.0008716923278076609
143	0.010446984132459453
144	0.011147830387442765
145	0.2819105719970956
146	0.9838981538483189
147	0.9838981538483189
148	0.9838981538483189
149	1.0
150	0.27290510147824404
151	0.0025864462836876503
152	0.009174704819918202
153	0.011330268629776647
154	0.013112602486344908
155	0.02168874285044923
156	0.008057369233584962
157	0.007309608887594823
158	0.023143753598938943
159	0.0547111792972134
160	0.9838981538483189
161	0.007429233258548931
162	0.001839316735680622
163	0.003299523896879449
164	0.0045650797047264175
165	0.9680555771461301
166	0.9838981538483189
167	0.9838981538483189
168	1.0
169	1.0
170	0.04019100294647119
171	0.03529636723622752
172	0.04963373414423558
173	0.15213071221465752
174	0.09975178733729187
175	0.09501039487561765
176	0.11733274450692356
177	0.2037578156903402
178	0.9220420515895167
179	0.7111366461700385
180	0.7712627042813436
181	0.6664286233595221
182	0.37150005830873106
183	0.25574799451756824
184	0.34814444420780405
185	0.33159647562093936
186	0.9524680951766462
187	0.7712627042813436
188	0.7967132492072908
189	0.9071954723294289
190	0.9838981538483189
191	0.06647744631284323
192	0.029524436113288616
193	0.028581295041563655
194	0.14489964968096344
195	0.002851035264810493
196	0.00346418311919148
197	0.15972263321475677
198	0.9680555771461301
199	0.8925879504044915
200	0.9838981538483189
