1	1.0
2	0.8925879504044915
3	0.823003625015039
4	0.9680555771461301
5	0.9680555771461301
6	0.16499324727369863
7	0.1272531380804732
8	0.04651334071458661
9	0.019359110527732544
10	0.8501615448994048
11	0.8782156365502339
12	0.13801229332339057
13	0.05383022830539263
14	0.16499324727369863
15	0.9680555771461301
16	0.22460188780169194
17	0.10304345090533384
18	0.09975178733729188
19	0.06435386265758125
20	0.305745894681384
21	0.3715000583087258
22	0.9838981538483189
23	0.9838981538483189
24	0.1272531380804732
25	0.07693483325865721
26	0.07693483325865721
27	0.04883453939311166
28	0.4895605451959158
29	0.9071954723294418
30	0.9220420515895034
31	0.9371316004437271
32	0.9220420515895034
33	0.9220420515895034
34	0.9371316004437271
35	0.9838981538483189
36	0.6347520014624477
37	0.05044600800408382
38	0.04804821315291624
39	0.001723681836231313
40	0.0019311058764015325
41	0.0364610959014174
42	0.41620554942554877
43	0.5948461590153626
44	0.6045810297425014
45	0.29121320991525734
46	0.15715080394779135
47	0.07569604040982107
48	0.04151724745489924
49	0.03954385360034535
50	0.2685108255202324
51	0.8925879504044915
52	0.8782156365502339
53	0.8501615448994048
54	0.7227746524257325
55	0.6884197964379
56	0.7967132492072908
57	0.09975178733729188
58	0.08343961441457963
59	0.09814559940423158
60	0.15715080394779135
61	0.35963270335587966
62	0.1117556956623576
63	0.20047693868989175
64	0.614475215120391
65	0.2819105719970956
66	0.009477456704464737
67	0.11733274450692356
68	0.11358461770178932
69	0.009950419076984445
70	0.4895605451959158
71	0.2037578156903402
72	0.1972488898661499
73	0.9680555771461301
74	0.02277109643911641
75	0.0007058543855178055
76	0.0005533084497353649
77	0.00034555845780302497
78	0.0011120160060803907
79	0.9838981538483189
80	0.9838981538483189
81	0.9838981538483189
82	0.03416884515602799
83	0.029524436113288612
84	0.029049038185277303
85	0.012901465378461631
86	0.025511319561055356
87	0.9680555771461301
88	0.07693483325865721
89	0.5309525138815068
90	0.46629079995639433
91	0.030007614098887928
92	0.016727718463300126
93	0.9838981538483189
94	0.009790198959862089
95	0.0007291465512741477
96	0.00023788928317815985
97	0.0004704015664329125
98	0.06030803830703493
99	0.4369758436353278
100	0.4369758436353278
101	0.6245313223904189
102	0.6556978921951104
103	0.002671795240633363
104	0.05127157501696131
105	0.21742711012397725
106	1.0
107	0.9838981538483189
108	1.0
109	1.0
110	0.22827757824649536
111	0.04883453939311166
112	0.11358461770178932
113	0.9838981538483189
114	0.8782156365502339
115	0.10472979393476875
116	0.06331764666180247
117	1.0
118	1.0
119	0.06030803830703493
120	0.000803736982286617
121	0.00011274092112108795
122	0.000650827425746295
123	0.003520875718327174
124	0.9838981538483189
125	0.024696375181437153
126	0.031505112088108564
127	0.016727718463300126
128	0.10644373457266823
129	0.011515692539375738
130	0.014221262971401333
131	0.02314375359893927
132	0.0058236622472702445
133	0.04651334071458661
134	1.0
135	0.9838981538483189
136	0.9680555771461301
137	0.000945393245682171
138	0.0018393167356805958
139	0.001723681836231313
140	0.0059189685685373875
141	0.01814203423202126
142	0.9524680951766463
143	0.21048152657828498
144	0.2516299796562454
145	0.9071954723294418
146	0.9220420515895034
147	0.9838981538483189
148	0.9838981538483189
149	0.5224031981891384
150	0.09501039487561763
151	0.11733274450692356
152	0.12120455403275905
153	0.1521307122146575
154	0.8640747434825012
155	0.3008228213237163
156	0.27290510147824404
157	0.8640747434825012
158	0.9220420515895034
159	0.9371316004437271
160	0.8364723744993472
161	0.2557479945175683
162	0.04358912142584493
163	0.07093715149650967
164	0.2037578156903402
165	0.2641873055176485
166	0.39642250686330754
167	0.7111366461700385
168	0.28652413961186873
169	0.1940728185879325
170	0.21048152657828498
171	0.7111366461700385
172	0.7111366461700385
173	0.7346031188276403
174	0.8640747434825012
175	0.24359180518339563
176	0.09348055211451997
177	0.040848743123738596
178	0.7588439508744758
179	0.16233655139003125
180	0.4895605451959158
181	0.39003937264673083
182	0.39642250686330754
183	0.09348055211451997
184	0.18187177108593688
185	0.45139540946972445
186	0.040848743123738596
187	0.013545299253376991
188	0.012090370898187257
189	0.10818572446379085
190	0.8364723744993472
191	0.055606547367958434
192	0.16233655139003125
193	0.2396695274125223
194	0.10995622264422822
195	0.10138426111191784
196	0.1231881100281487
197	0.22460188780169194
198	0.9371316004437271
199	0.8364723744993472
200	0.9071954723294418
