1	1.0
2	0.9524680951766596
3	0.6664286233595221
4	0.6144752151203998
5	0.7588439508744758
6	0.6245313223904276
7	0.6451399456130031
8	0.14727098441461417
9	0.35963270335588476
10	0.0472745482168648
11	0.018740694914960117
12	0.03472803056127704
13	0.1972488898661499
14	0.6451399456130031
15	0.7838846950415601
16	0.9220420515895167
17	0.746625162324361
18	0.5758441417787837
19	0.5139915422627653
20	0.4895605451959227
21	0.5396417421912961
22	0.746625162324361
23	0.9680555771461301
24	0.9371316004437403
25	0.9680555771461301
26	1.0
27	1.0
28	0.9838981538483328
29	0.6556978921951198
30	0.6245313223904276
31	0.9680555771461301
32	0.9371316004437403
33	0.7712627042813435
34	0.42301690250932045
35	0.42301690250932045
36	0.5948461590153711
37	0.5224031981891457
38	0.9071954723294418
39	0.002628774404719965
40	7.156252532833052e-05
41	0.0003809084903342007
42	0.015676073575284753
43	0.01999793295422595
44	0.010278768401209682
45	0.9838981538483328
46	0.6773349667878948
47	0.9680555771461301
48	0.09197534264619907
49	0.008459463654885726
50	0.006850065475449525
51	0.0014893899404870396
52	0.055606547367958434
53	1.0
54	1.0
55	0.03416884515602847
56	0.019047393108381872
57	0.01619336115132821
58	0.018438935128663837
59	1.0
60	1.0
61	1.0
62	1.0
63	0.8501615448994048
64	1.0
65	1.0
66	0.9838981538483328
67	0.006214348384488034
68	0.0025447997235481606
69	0.019359110527732818
70	0.0769348332586583
71	0.7588439508744758
72	0.8501615448994048
73	0.7346031188276507
74	0.9838981538483328
75	0.6664286233595221
76	0.9680555771461301
77	0.9680555771461301
78	1.0
79	1.0
80	0.9838981538483328
81	1.0
82	0.3538419528953351
83	0.9071954723294418
84	0.8501615448994048
85	0.9680555771461301
86	0.04019100294647175
87	0.014221262971401532
88	0.07209806342155876
89	0.07569604040982107
90	0.9371316004437403
91	0.9071954723294418
92	0.9071954723294418
93	1.0
94	0.8640747434825014
95	0.9524680951766596
96	0.9371316004437403
97	0.9680555771461301
98	0.9680555771461301
99	0.021688742850449534
100	0.011330268629776808
101	0.008057369233585078
102	0.00663124408732507
103	0.9838981538483328
104	0.053830228305393385
105	0.0008576564720537133
106	0.0014418122384338217
107	0.009324852154700358
108	0.1030434509053353
109	1.0
110	0.6556978921951198
111	0.9838981538483328
112	0.007309608887594927
113	0.013112602486345094
114	0.0007058543855178155
115	0.0034084033755650564
116	0.013327194928720821
117	0.020325206299054217
118	0.9838981538483328
119	0.9680555771461301
120	0.9838981538483328
121	0.9838981538483328
122	0.9371316004437403
123	0.699686033300596
124	0.7712627042813435
125	0.8230036250150508
126	1.0
127	0.9838981538483328
128	0.8230036250150508
129	0.7588439508744758
130	0.7712627042813435
131	0.481677716615238
132	0.02904903818527771
133	0.008323250672588899
134	0.022771096439116734
135	0.481677716615238
136	0.8640747434825014
137	0.8640747434825014
138	0.9220420515895167
139	0.9371316004437403
140	0.9220420515895167
141	0.014221262971401532
142	0.0009301706690873714
143	0.0023848122377374418
144	0.01619336115132821
145	0.015676073575284753
146	0.01756249741908444
147	0.007674387126047693
148	1.0
149	0.037664258914665634
150	0.02858129504156406
151	0.9220420515895167
152	0.005546852487609637
153	0.0472745482168648
154	0.12520412762878277
155	0.35963270335588476
156	0.9838981538483328
157	0.9838981538483328
158	0.9838981538483328
159	0.35963270335588476
160	0.12120455403276079
161	0.0009453932456821844
162	0.014221262971401532
163	1.0
164	0.010617952774480095
165	0.07447719441285175
166	0.9371316004437403
167	0.00947745670446487
168	0.006316048424506088
169	1.0
170	0.002060656022576939
171	0.00016376769190026909
172	0.0007058543855178155
173	0.0005809207180139167
174	0.045027498890455014
175	1.0
176	1.0
177	0.9838981538483328
178	0.9838981538483328
179	0.6045810297425013
180	0.3370231708678044
181	0.37150005830873634
182	0.481677716615238
183	0.8230036250150508
184	0.8925879504044913
185	0.6773349667878948
186	0.11358461770178932
187	0.09975178733729329
188	0.10995622264422977
189	0.1272531380804732
190	0.2959790185358513
191	0.4513954094697244
192	0.4739218161276131
193	0.6347520014624477
194	0.5396417421912961
195	0.6451399456130031
196	0.6556978921951198
197	0.9524680951766596
198	0.9680555771461301
199	0.699686033300596
200	1.0
