1	1.0
2	0.9371316004437539
3	0.8097517472627824
4	0.19094788792080922
5	0.1878732744065199
6	0.24757827243666986
7	0.8925879504045042
8	0.4095038717012343
9	0.29121320991526567
10	0.18484816784601615
11	0.2070923854195505
12	0.3900393726467364
13	0.37150005830873106
14	0.4513954094697309
15	0.5758441417787756
16	0.7111366461700486
17	0.6556978921951199
18	0.5574491330158786
19	0.14489964968096344
20	0.272905101478248
21	0.2819105719970956
22	0.009324852154700492
23	0.01248933551297767
24	0.32625716018605594
25	0.7588439508744758
26	0.5396417421913039
27	0.5396417421913039
28	0.10472979393476875
29	0.0034084033755650083
30	0.016458371314135432
31	0.43697584363534026
32	0.02722277164592025
33	0.0071919106898580155
34	0.49757237909341084
35	0.40291010336057753
36	0.7712627042813436
37	0.35963270335588476
38	0.348144444207809
39	0.348144444207809
40	0.251629979656249
41	0.017562497419084444
42	0.0027599605887401314
43	0.0029451152724262264
44	0.06867110513305712
45	0.4095038717012343
46	0.43697584363534026
47	0.29121320991526567
48	0.43697584363534026
49	0.43697584363534026
50	0.43697584363534026
51	0.4162055494255606
52	0.9524680951766464
53	0.6451399456130124
54	0.14027091400017916
55	0.4299397258291169
56	0.4230169025093205
57	0.12725313808047503
58	0.566571988000515
59	0.0005715668219861406
60	0.00025800263964974307
61	0.0011866166988221
62	0.016193361151328214
63	0.566571988000515
64	0.3655182215245086
65	1.0
66	0.6045810297425014
67	0.014221262971401737
68	0.008459463654885606
69	0.5852680376789872
70	0.5309525138815068
71	0.03254473486014822
72	0.046513340714586626
73	0.5574491330158786
74	0.0038185630603913942
75	0.008738613623635486
76	0.017562497419084444
77	0.057441482370143404
78	0.042196692099189664
79	0.18187177108593947
80	0.6556978921951199
81	0.6664286233595221
82	0.7712627042813436
83	0.2209853827589351
84	0.22827757824649864
85	0.07327797408660718
86	0.5852680376789872
87	0.1732270593726278
88	0.0807741840889576
89	0.09348055211452132
90	0.020995908477665932
91	0.15213071221465968
92	0.3425386759286075
93	0.2641873055176486
94	0.038907124553427985
95	0.030007614098887924
96	0.8364723744993591
97	0.8364723744993591
98	0.6884197964379001
99	0.6347520014624477
100	0.35963270335588476
101	0.18484816784601615
102	0.028121083425988593
103	0.17043778391330164
104	0.09197534264619907
105	0.1293356813230618
106	0.09656527406216149
107	0.5758441417787756
108	0.40291010336057753
109	0.5396417421913039
110	0.4739218161276131
111	0.5484731728386766
112	0.5948461590153711
113	0.5574491330158786
114	0.4739218161276131
115	0.6347520014624477
116	0.6884197964379001
117	0.272905101478248
118	0.3837590186752749
119	0.194072818587938
120	0.348144444207809
121	0.4513954094697309
122	0.5224031981891533
123	0.5574491330158786
124	0.5852680376789872
125	0.2641873055176486
126	0.28652413961186873
127	0.028581295041564064
128	0.16233655139003586
129	0.6556978921951199
130	0.5948461590153711
131	0.03587400494469159
132	0.03202070454638332
133	0.03202070454638332
134	0.037664258914665634
135	0.3837590186752749
136	0.7111366461700486
137	0.19094788792080922
138	0.18484816784601615
139	0.4095038717012343
140	0.9371316004437539
141	0.6664286233595221
142	0.7588439508744758
143	0.004951053693111612
144	0.001489389940487061
145	0.012901465378462
146	0.1293356813230618
147	0.1030434509053353
148	0.08209608258032282
149	0.6451399456130124
150	0.2819105719970956
151	0.09049436982916054
152	0.6245313223904366
153	0.2819105719970956
154	0.24359180518340257
155	0.7588439508744758
156	0.9680555771461439
157	0.7466251623243717
158	0.9680555771461439
159	0.2773712913382699
160	0.1314523061326923
161	0.0026287744047199277
162	0.003637059484442896
163	0.05651656845829486
164	0.18484816784601615
165	0.37150005830873106
166	0.026784434765055293
167	0.5758441417787756
168	0.07819389939674472
169	0.23201342268367614
170	0.019675929314445093
171	0.210481526578288
172	0.1380122933233906
173	0.2037578156903402
174	0.17043778391330164
175	0.1030434509053353
176	0.09197534264619907
177	0.4095038717012343
178	0.6045810297425014
179	0.7346031188276403
180	0.6347520014624477
181	0.16769342093829856
182	0.03828064801966548
183	0.03307734111793637
184	0.03705779481220461
185	0.3837590186752749
186	0.2959790185358514
187	0.09656527406216149
188	0.14489964968096344
189	0.35384195289533515
190	0.9220420515895166
191	0.11544347070631858
192	0.09975178733729187
193	0.1117556956623592
194	0.8364723744993591
195	0.9680555771461439
196	0.9680555771461439
197	0.9680555771461439
198	0.983898153848333
199	0.983898153848333
200	1.0
