1	1.0
2	0.8782156365502339
3	0.5484731728386688
4	0.5948461590153626
5	0.19094788792080922
6	0.10304345090533383
7	0.08903724340857933
8	0.10644373457266824
9	0.10818572446379085
10	0.1314523061326923
11	0.6556978921951199
12	0.7227746524257325
13	0.8782156365502339
14	0.8925879504044913
15	0.8640747434825012
16	0.809751747262771
17	0.6045810297425013
18	0.176061982325188
19	0.2209853827589351
20	0.2209853827589351
21	0.27737129133826594
22	0.25993340216897615
23	0.2819105719970956
24	0.9371316004437403
25	0.7588439508744758
26	0.059336967552506205
27	0.07209806342155671
28	0.13579004060925667
29	0.009790198959862087
30	0.009477456704464737
31	0.04019100294647119
32	0.836472374499359
33	0.8640747434825012
34	0.8640747434825012
35	0.836472374499359
36	0.15715080394779135
37	0.020995908477665633
38	0.019359110527732544
39	0.023522509426831248
40	0.04019100294647119
41	0.27737129133826594
42	0.9680555771461301
43	1.0
44	0.028121083425988593
45	0.00038090849033420077
46	0.00046282723278069995
47	0.10644373457266824
48	0.002715520127955534
49	0.07569604040982107
50	1.0
51	0.8925879504044913
52	0.8925879504044913
53	0.8925879504044913
54	0.8925879504044913
55	0.17894329980857737
56	0.10644373457266824
57	0.10644373457266824
58	0.10644373457266824
59	0.10644373457266824
60	0.019047393108381605
61	0.8640747434825012
62	0.6664286233595221
63	0.6556978921951199
64	0.6451399456130031
65	0.6347520014624477
66	0.7712627042813325
67	0.6451399456130031
68	0.6996860333005961
69	0.6996860333005961
70	0.836472374499359
71	0.9371316004437403
72	0.3538419528953351
73	0.3900393726467364
74	0.19407281858793526
75	0.16499324727370096
76	0.154620385880011
77	0.6045810297425013
78	0.17043778391330164
79	0.18787327440651988
80	0.43697584363533404
81	0.8782156365502339
82	0.6556978921951199
83	0.7712627042813325
84	0.9071954723294418
85	0.7967132492072908
86	0.7712627042813325
87	0.6996860333005961
88	0.48167771661523795
89	0.4739218161276131
90	0.4095038717012285
91	0.25574799451756824
92	0.2320134226836728
93	0.21742711012397725
94	0.22460188780169194
95	0.2685108255202324
96	0.4739218161276131
97	0.7111366461700385
98	0.6773349667878948
99	0.746625162324361
100	0.9838981538483189
101	0.9838981538483189
102	0.9838981538483189
103	0.9524680951766462
104	0.010113261253784643
105	0.0058236622472702445
106	0.011147830387442765
107	1.0
108	0.015175310452307484
109	0.0009608649452023629
110	0.0001039518702085798
111	0.0009301706690873582
112	7.392398434323364e-05
113	2.01742324488663e-05
114	0.001962709116638142
115	0.007927630713798489
116	0.9371316004437403
117	0.7838846950415602
118	0.9524680951766462
119	0.9838981538483189
120	0.06867110513305712
121	0.010278768401209682
122	0.0021634908644312515
123	0.001206036106664975
124	0.0011487109132294472
125	0.0023464123579847473
126	0.001869417813710169
127	2.297184382655015e-05
128	0.00010913947746386113
129	0.032544734860148215
130	0.6347520014624477
131	0.6451399456130031
132	0.6451399456130031
133	0.27737129133826594
134	0.4895605451959158
135	0.4975723790934037
136	0.5309525138815067
137	0.7712627042813325
138	0.6451399456130031
139	0.6347520014624477
140	0.6556978921951199
141	0.5224031981891458
142	0.48167771661523795
143	0.48167771661523795
144	0.5057153295259778
145	1.0
146	0.03361866366814502
147	0.00011274092112108795
148	2.297184382655015e-05
149	0.001869417813710169
150	0.0023464123579847473
151	0.0011302145468318856
152	0.001206036106664975
153	0.0023086307871880737
154	0.01469054391828022
155	0.04963373414423629
156	0.9220420515895035
157	0.9220420515895035
158	0.809751747262771
159	1.0
160	0.032544734860148215
161	0.00206065602257691
162	5.172357937089178e-05
163	0.00018647776819776454
164	0.0010764932965619024
165	8.148628007745127e-05
166	0.00076553383254156
167	0.01469054391828022
168	1.0
169	0.010791719379643227
170	0.004209195456615611
171	0.006316048424505908
172	0.6773349667878948
173	0.5574491330158786
174	0.5396417421912961
175	0.5224031981891458
176	0.9838981538483189
177	1.0
178	0.9371316004437403
179	0.6556978921951199
180	0.154620385880011
181	0.17894329980857737
182	0.41620554942555466
183	0.2912132099152615
184	0.12120455403275907
185	0.10472979393476875
186	0.05044600800408382
187	0.21048152657828498
188	0.062298115656567614
189	0.028121083425988593
190	0.1972488898661499
191	0.3655182215245033
192	0.2685108255202324
193	0.2865241396118646
194	0.34253867592860743
195	0.09656527406216012
196	0.25574799451756824
197	0.18787327440651988
198	0.19407281858793526
199	0.8230036250150273
200	0.9680555771461301
