1	0.004278080449843506
2	0.0007174059456835026
3	0.003944570074838709
4	0.001668619814789229
5	0.0007655338325415818
6	0.0001039518702085813
7	5.0071299479953025e-05
8	0.0021286546673816124
9	0.01784991398793898
10	0.983898153848333
11	0.983898153848333
12	1.0
13	1.0
14	1.0
15	1.0
16	1.0
17	0.983898153848333
18	0.010968329737619126
19	0.0022714575694317693
20	0.00011458596672849341
21	0.00011646120716896554
22	0.0007780620682611712
23	0.0018097003405784802
24	0.0015893071365663278
25	0.0001039518702085813
26	0.00346418311919153
27	0.983898153848333
28	0.968055577146144
29	0.983898153848333
30	0.968055577146144
31	0.7967132492073022
32	0.7712627042813436
33	0.5574491330158786
34	0.18484816784601618
35	0.05383022830539339
36	0.03954385360034591
37	0.32100381758685564
38	0.9371316004437406
39	0.32625716018605594
40	0.3715000583087311
41	0.4739218161276132
42	0.8501615448994049
43	0.968055577146144
44	0.9524680951766599
45	0.07819389939674362
46	0.0013294115143323943
47	0.0007058543855178155
48	0.00010913947746386269
49	0.0010253255196467587
50	0.07947357060373075
51	0.983898153848333
52	0.0011120160060804065
53	0.00011836713659178144
54	5.0071299479953025e-05
55	0.00902697513442092
56	0.06756537356313871
57	1.0
58	1.0
59	1.0
60	1.0
61	1.0
62	1.0
63	1.0
64	0.06867110513305712
65	0.008881624169591424
66	7.51337768590122e-05
67	9.584799567368745e-05
68	0.006850065475449526
69	0.983898153848333
70	0.06979493239667536
71	1.0
72	0.0009925720876842986
73	0.00015100069862380397
74	0.0005715668219861406
75	0.0005019589204015528
76	0.06331764666180337
77	1.0
78	1.0
79	0.45878265723356526
80	0.2475782724366734
81	0.272905101478248
82	0.3715000583087311
83	0.1818717710859395
84	0.011895693606068052
85	0.0045650797047264826
86	0.0020606560225769396
87	6.183537071603809e-05
88	0.0002378892831781599
89	0.030498699465507893
90	1.0
91	0.968055577146144
92	0.983898153848333
93	0.3481444442078041
94	0.3315964756209441
95	0.9524680951766599
96	0.05383022830539339
97	0.03254473486014822
98	0.03254473486014822
99	1.0
100	0.04883453939311235
101	0.17606198232518802
102	1.0
103	1.0
104	1.0
105	1.0
106	0.17322705937262783
107	0.06229811565656851
108	0.983898153848333
109	0.011704150977755607
110	0.012901465378461817
111	0.06229811565656851
112	1.0
113	0.3655182215245085
114	0.2912132099152615
115	0.968055577146144
116	0.024696375181437153
117	0.0015137643410159801
118	0.0014185963995909695
119	0.0034084033755650573
120	0.00021233710769518737
121	0.0008716923278076732
122	0.037664258914665634
123	0.10138426111191928
124	0.5574491330158786
125	0.21392613224756243
126	0.3964225068633132
127	0.7111366461700487
128	0.5948461590153712
129	0.5484731728386767
130	0.5758441417787837
131	0.7712627042813436
132	0.5852680376789872
133	0.7346031188276507
134	0.7111366461700487
135	0.513991542262758
136	0.2641873055176485
137	0.15462038588001323
138	0.30082282132372057
139	0.513991542262758
140	0.6556978921951199
141	0.5948461590153712
142	0.8782156365502464
143	0.7967132492073022
144	0.7838846950415602
145	0.968055577146144
146	0.9371316004437406
147	0.9524680951766599
148	0.968055577146144
149	0.8097517472627824
150	0.33702317086780925
151	0.3481444442078041
152	0.04651334071458728
153	0.03416884515602848
154	0.19094788792081194
155	0.6884197964379097
156	0.6884197964379097
157	0.0807741840889576
158	0.2599334021689762
159	0.011895693606068052
160	0.06540703669975813
161	0.3425386759286123
162	0.09197534264619908
163	0.18484816784601618
164	0.2959790185358514
165	0.8782156365502464
166	0.9071954723294546
167	0.8782156365502464
168	0.8925879504044915
169	0.968055577146144
170	0.968055577146144
171	0.968055577146144
172	0.968055577146144
173	0.983898153848333
174	0.9524680951766599
175	0.968055577146144
176	0.983898153848333
177	0.8925879504044915
178	0.6451399456130124
179	0.60458102974251
180	0.6245313223904277
181	0.6884197964379097
182	0.968055577146144
183	0.5574491330158786
184	0.40291010336058325
185	0.23201342268367284
186	0.07693483325865831
187	0.49757237909340374
188	0.49757237909340374
189	0.5484731728386767
190	0.8640747434825137
191	0.8925879504044915
192	0.49757237909340374
193	0.33702317086780925
194	0.32625716018605594
195	0.07093715149651068
196	0.06331764666180337
197	0.1789432998085799
198	0.4299397258291169
199	0.46629079995640094
200	0.6144752151203998
