1	0.9220420515895167
2	0.9371316004437271
3	0.9220420515895167
4	0.8640747434825136
5	0.7838846950415491
6	0.809751747262771
7	0.823003625015039
8	0.8364723744993592
9	0.9680555771461302
10	0.08619300005539274
11	0.0016417519552458459
12	0.0009925720876842986
13	0.0004704015664329126
14	0.0007291465512741478
15	0.0003809084903341954
16	0.011330268629776648
17	0.31074953590015464
18	0.06756537356313871
19	0.02390746372968351
20	0.0083232506725889
21	0.03416884515602848
22	0.014930959938100431
23	1.0
24	1.0
25	0.8782156365502339
26	0.809751747262771
27	0.48167771661524483
28	0.513991542262758
29	0.8364723744993592
30	0.2729051014782441
31	0.030997821620274375
32	0.01311260248634491
33	0.03646109590141792
34	0.8640747434825136
35	0.983898153848319
36	0.8925879504044915
37	0.11358461770178933
38	0.03705779481220408
39	0.014930959938100431
40	0.023522509426831248
41	0.013327194928720634
42	0.012901465378461633
43	0.010968329737619126
44	0.023143753598938943
45	0.8782156365502339
46	0.983898153848319
47	0.9371316004437271
48	0.9524680951766462
49	0.11175569566235759
50	0.1212045540327608
51	0.06331764666180337
52	0.09348055211451997
53	0.23201342268367284
54	0.9371316004437271
55	0.0061142859028680595
56	0.0035784961121798843
57	0.0061142859028680595
58	0.00463978887130851
59	0.0035208757183271744
60	0.0013294115143323943
61	3.738449210201109e-05
62	0.0002985883357843618
63	2.2971843826550153e-05
64	2.7020563285143988e-05
65	0.001751890507660249
66	0.010617952774480096
67	0.07327797408660716
68	1.0
69	1.0
70	1.0
71	1.0
72	1.0
73	1.0
74	1.0
75	0.06756537356313871
76	0.010968329737619126
77	0.0018694178137101689
78	2.8368995688126133e-05
79	2.2971843826550153e-05
80	0.0002985883357843618
81	3.738449210201109e-05
82	0.0012662220527620764
83	0.0031426912410505935
84	0.0036370594844428446
85	0.004491573493650751
86	0.005457537922228077
87	0.009950419076984445
88	0.3008228213237163
89	0.1380122933233906
90	0.13145230613269226
91	0.10995622264422822
92	0.1252041276287828
93	0.21392613224755938
94	0.9680555771461302
95	0.983898153848319
96	0.9680555771461302
97	0.9220420515895167
98	0.16233655139003356
99	0.05211065273008481
100	0.05838153282986846
101	0.07093715149650967
102	0.13360357026643588
103	0.31074953590015464
104	0.983898153848319
105	0.9371316004437271
106	0.8925879504044915
107	0.9220420515895167
108	0.907195472329429
109	0.907195472329429
110	0.983898153848319
111	0.9680555771461302
112	0.5224031981891458
113	0.3837590186752804
114	0.39642250686330754
115	0.8364723744993592
116	0.9680555771461302
117	0.9371316004437271
118	0.907195472329429
119	0.4739218161276064
120	0.22098538275893198
121	0.3008228213237163
122	0.25574799451756824
123	0.05560654736795765
124	0.014453999040223557
125	0.015175310452307484
126	0.04288725609875964
127	0.8640747434825136
128	0.823003625015039
129	0.13360357026643588
130	0.014930959938100431
131	0.01170415097775544
132	0.020995908477665633
133	0.019997932954225667
134	0.11175569566235759
135	0.013766972933527003
136	0.05044600800408454
137	0.823003625015039
138	0.02204368690561934
139	0.16233655139003356
140	0.020325206299054217
141	0.10304345090533383
142	0.8364723744993592
143	0.513991542262758
144	0.6884197964379097
145	0.9371316004437271
146	0.809751747262771
147	0.983898153848319
148	0.9680555771461302
149	0.043589121425845555
150	0.0011302145468318695
151	0.009632558682416041
152	0.029524436113288616
153	0.07209806342155775
154	1.0
155	0.23966952741252232
156	0.1013842611119193
157	0.0002378892831781565
158	5.3430382089605223e-05
159	8.695286770701994e-05
160	0.0012458335400746534
161	0.002897693479410694
162	0.0769348332586572
163	0.8364723744993592
164	0.7227746524257428
165	0.8925879504044915
166	0.9220420515895167
167	0.2729051014782441
168	0.2037578156903402
169	0.17322705937262783
170	0.18787327440651988
171	0.9371316004437271
172	0.012288234154010974
173	0.03254473486014822
174	0.016458371314135432
175	0.012901465378461633
176	0.030498699465507897
177	0.9680555771461302
178	0.9680555771461302
179	0.9680555771461302
180	0.983898153848319
181	1.0
182	1.0
183	0.05296346225090933
184	0.037664258914665634
185	0.023143753598938943
186	0.015676073575284534
187	0.030007614098887924
188	0.9371316004437271
189	0.18187177108593947
190	0.1425664978143681
191	0.16769342093829617
192	0.32100381758685564
193	0.9524680951766462
194	0.9680555771461302
195	0.9680555771461302
196	0.9680555771461302
197	0.9680555771461302
198	0.983898153848319
199	1.0
200	1.0
