1	0.9680555771461301
2	0.22460188780169194
3	0.03646109590141791
4	0.9524680951766462
5	0.06647744631284323
6	0.04084874312373918
7	0.041517247454898654
8	0.9838981538483189
9	0.006631244087325165
10	0.009026975134420792
11	0.025928821455018475
12	1.0
13	0.08209608258032164
14	0.0027599605887400915
15	0.0002985883357843618
16	0.0008438466194896988
17	1.0
18	0.0028976934794106932
19	0.00011092558415419737
20	0.0007532073245460797
21	1.0
22	1.0
23	1.0
24	1.0
25	0.0007410792960859194
26	0.00016376769190026909
27	0.002945115272426268
28	1.0
29	0.000493876455090783
30	0.0009004569039077773
31	0.002945115272426268
32	0.08209608258032164
33	1.0
34	0.06435386265758125
35	0.010617952774480095
36	0.005198130749138962
37	0.005637628717885325
38	0.025928821455018475
39	0.0330773411179359
40	0.9371316004437404
41	0.012693727967806583
42	0.2516299796562454
43	0.9680555771461301
44	0.8782156365502339
45	0.8364723744993591
46	0.6556978921951105
47	0.746625162324361
48	0.746625162324361
49	0.7712627042813436
50	0.8364723744993591
51	0.6664286233595221
52	0.513991542262758
53	0.5057153295259778
54	0.5948461590153626
55	0.7346031188276402
56	0.40291010336057753
57	0.5224031981891458
58	0.5948461590153626
59	0.5758441417787838
60	0.823003625015039
61	0.9838981538483189
62	0.35963270335587966
63	0.21392613224755633
64	0.3964225068633075
65	0.4369758436353278
66	0.5309525138815068
67	0.06867110513305613
68	0.06435386265758125
69	0.13579004060925862
70	0.3900393726467364
71	0.2641873055176448
72	0.7967132492072908
73	0.9524680951766462
74	0.8364723744993591
75	0.8782156365502339
76	0.9371316004437404
77	0.5758441417787838
78	0.5224031981891458
79	0.004278080449843506
80	0.0011487109132294472
81	0.0012662220527620764
82	0.6045810297425014
83	0.9838981538483189
84	0.03587400494469159
85	0.04019100294647119
86	0.098145599404233
87	0.13579004060925862
88	0.1314523061326923
89	0.050446008004084525
90	0.6884197964379098
91	0.06979493239667438
92	0.20047693868989175
93	0.019359110527732544
94	0.7967132492072908
95	0.6664286233595221
96	0.9838981538483189
97	0.22098538275893193
98	0.25574799451756824
99	1.0
100	1.0
101	0.9838981538483189
102	0.9680555771461301
103	0.9838981538483189
104	1.0
105	0.9524680951766462
106	0.24359180518339907
107	0.40950387170122843
108	0.16233655139003356
109	0.21742711012398033
110	0.11733274450692355
111	0.823003625015039
112	0.22098538275893193
113	0.0512715750169613
114	0.8501615448993928
115	0.023522509426831248
116	0.1314523061326923
117	0.13579004060925862
118	0.019675929314445093
119	0.758843950874465
120	0.758843950874465
121	0.16499324727369863
122	0.013766972933527001
123	0.050446008004084525
124	0.07693483325865721
125	0.1252041276287828
126	0.09197534264619776
127	0.09049436982916181
128	0.3964225068633075
129	0.40950387170122843
130	0.41620554942555466
131	0.1252041276287828
132	0.11358461770179094
133	0.10644373457266672
134	0.012288234154010974
135	0.8925879504044915
136	0.8925879504044915
137	0.9838981538483189
138	0.8782156365502339
139	0.8782156365502339
140	0.8782156365502339
141	0.005114431247540004
142	0.11544347070631858
143	0.11925293695084045
144	0.13579004060925862
145	0.03954385360034535
146	0.009477456704464872
147	0.0038185630603913396
148	0.12120455403276079
149	0.010278768401209682
150	0.17894329980857737
151	0.5057153295259778
152	0.31074953590015464
153	0.36551822152450336
154	0.8782156365502339
155	0.9680555771461301
156	0.9838981538483189
157	0.49757237909340374
158	0.34814444420780405
159	0.1972488898661471
160	0.6664286233595221
161	0.7712627042813436
162	0.823003625015039
163	0.7967132492072908
164	0.8640747434825137
165	0.8925879504044915
166	0.9838981538483189
167	0.9371316004437404
168	0.16769342093829617
169	0.22827757824649533
170	0.31583506350196977
171	0.44412711003286787
172	0.2516299796562454
173	0.6996860333005961
174	0.45878265723355866
175	0.513991542262758
176	0.3715000583087311
177	0.06030803830703579
178	0.1972488898661471
179	0.6664286233595221
180	0.6245313223904276
181	0.6451399456130031
182	0.9838981538483189
183	0.9838981538483189
184	0.9680555771461301
185	0.8782156365502339
186	0.14968112689163143
187	0.2912132099152615
188	0.22098538275893193
189	0.27737129133826594
190	0.20047693868989175
191	0.07209806342155774
192	0.3538419528953301
193	0.3715000583087311
194	0.5758441417787838
195	0.9838981538483189
196	0.9524680951766462
197	0.677334966787895
198	0.6996860333005961
199	0.466290799956401
200	0.7227746524257326
