1	0.7967132492072909
2	0.7967132492072909
3	0.32625716018605355
4	0.1192529369508413
5	0.007191910689857861
6	0.007927630713798489
7	0.11358461770178932
8	0.9838981538483188
9	0.9838981538483188
10	0.9680555771461302
11	0.87821563655024
12	0.746625162324361
13	0.7838846950415546
14	0.5396417421912961
15	0.5139915422627507
16	0.699686033300591
17	0.8501615448993989
18	0.47392181612760975
19	0.27737129133826594
20	0.24757827243666986
21	0.1818717710859382
22	0.17894329980857737
23	0.2174271101239788
24	0.5139915422627507
25	0.7838846950415546
26	0.7588439508744703
27	0.5057153295259741
28	0.17322705937262783
29	0.03202070454638309
30	0.6245313223904233
31	0.05651656845829405
32	0.0472745482168648
33	0.04883453939311235
34	0.6773349667878901
35	0.699686033300591
36	0.7227746524257325
37	0.8364723744993532
38	0.8640747434825012
39	0.41620554942555466
40	0.17043778391330042
41	0.21392613224755788
42	0.6045810297424971
43	0.22098538275893354
44	0.17894329980857737
45	0.17322705937262783
46	0.3655182215245059
47	0.5057153295259741
48	0.746625162324361
49	0.746625162324361
50	0.5139915422627507
51	0.823003625015039
52	0.9838981538483188
53	0.9371316004437338
54	0.9371316004437338
55	0.8640747434825012
56	0.9524680951766463
57	0.9071954723294353
58	0.6347520014624431
59	0.5665719880005109
60	0.7227746524257325
61	0.7227746524257325
62	0.5665719880005109
63	0.746625162324361
64	0.9838981538483188
65	0.9838981538483188
66	0.9680555771461302
67	0.9524680951766463
68	0.9524680951766463
69	0.9371316004437338
70	0.87821563655024
71	0.5396417421912961
72	0.49757237909340374
73	0.6451399456130033
74	0.3655182215245059
75	0.4029101033605775
76	0.20047693868989175
77	0.20375781569033877
78	0.823003625015039
79	0.11358461770178932
80	0.154620385880011
81	0.32625716018605355
82	1.0
83	0.9524680951766463
84	0.2685108255202325
85	0.028121083425988593
86	0.013545299253376991
87	0.027222771645920244
88	0.6245313223904233
89	0.7838846950415546
90	0.6773349667878901
91	0.03202070454638309
92	0.2174271101239788
93	0.16233655139003356
94	0.35963270335587966
95	0.87821563655024
96	0.87821563655024
97	0.272905101478246
98	0.22460188780169194
99	0.23201342268367284
100	0.05211065273008481
101	0.02133951404984807
102	0.030498699465507893
103	0.18787327440651988
104	0.87821563655024
105	0.436975843635331
106	0.3370231708678045
107	0.3837590186752777
108	0.4441271100328678
109	0.3538419528953326
110	0.32625716018605355
111	0.39003937264673355
112	0.6451399456130033
113	0.585268037678983
114	0.8925879504044915
115	0.9838981538483188
116	0.9680555771461302
117	0.9680555771461302
118	0.5665719880005109
119	0.5758441417787755
120	0.45139540946972445
121	0.48956054519591924
122	0.9371316004437338
123	0.9071954723294353
124	0.9680555771461302
125	0.8097517472627651
126	0.7967132492072909
127	0.15715080394779135
128	0.20047693868989175
129	0.026784434765055102
130	0.022404439747548823
131	0.7346031188276403
132	0.8097517472627651
133	0.9838981538483188
134	0.07569604040982106
135	0.2641873055176467
136	0.02858129504156386
137	0.07327797408660665
138	0.9838981538483188
139	0.9680555771461302
140	0.823003625015039
141	0.8640747434825012
142	1.0
143	0.9071954723294353
144	0.87821563655024
145	0.9838981538483188
146	0.6664286233595221
147	0.7111366461700385
148	0.9838981538483188
149	0.3008228213237163
150	0.02635315591720863
151	0.022404439747548823
152	0.7838846950415546
153	0.3210038175868511
154	0.35963270335587966
155	0.39003937264673355
156	0.45139540946972445
157	0.7227746524257325
158	0.7838846950415546
159	0.9680555771461302
160	0.6556978921951151
161	0.34814444420780405
162	0.18787327440651988
163	0.272905101478246
164	0.522403198189142
165	1.0
166	0.02858129504156386
167	0.028121083425988593
168	0.042887256098759936
169	0.7346031188276403
170	0.9071954723294353
171	0.8640747434825012
172	0.9524680951766463
173	0.8501615448993989
174	0.823003625015039
175	0.9524680951766463
176	0.9680555771461302
177	0.9371316004437338
178	0.9680555771461302
179	0.9680555771461302
180	0.15715080394779135
181	0.035874004944691854
182	0.05933696755250578
183	0.08209608258032107
184	0.746625162324361
185	0.746625162324361
186	0.585268037678983
187	0.22827757824649372
188	0.27737129133826594
189	0.2819105719970936
190	0.3210038175868511
191	0.9680555771461302
192	0.9371316004437338
193	0.9680555771461302
194	1.0
195	1.0
196	0.23201342268367284
197	0.22098538275893354
198	0.22460188780169194
199	0.3210038175868511
200	0.5309525138815104
