1	1.0
2	0.9838981538483329
3	1.0
4	1.0
5	1.0
6	1.0
7	1.0
8	1.0
9	1.0
10	1.0
11	0.9838981538483329
12	0.8364723744993592
13	0.850161544899417
14	1.0
15	0.5396417421913039
16	0.007429233258549037
17	0.0050320794624388356
18	0.004209195456615671
19	0.013112602486345097
20	1.0
21	1.0
22	0.009174704819918202
23	0.0030422997831473643
24	0.0021286546673816424
25	0.012901465378461817
26	0.9371316004437404
27	0.15213071221465968
28	0.7838846950415603
29	0.1212045540327608
30	0.11358461770179094
31	0.11358461770179094
32	0.7838846950415603
33	0.9838981538483329
34	0.8097517472627825
35	0.7967132492073022
36	1.0
37	1.0
38	0.1425664978143701
39	0.025100540218357583
40	0.024696375181437507
41	0.027668282067045125
42	0.04219669209919026
43	0.17043778391330408
44	0.968055577146144
45	0.8640747434825137
46	1.0
47	0.9524680951766734
48	0.037664258914665634
49	0.013327194928720823
50	0.04883453939311236
51	0.2912132099152615
52	0.9838981538483329
53	0.9838981538483329
54	0.9838981538483329
55	0.2435918051833991
56	0.013327194928720823
57	0.05838153282986846
58	0.06331764666180337
59	0.9371316004437404
60	0.9371316004437404
61	0.31074953590015464
62	0.272905101478248
63	0.272905101478248
64	0.2685108255202363
65	0.23201342268367284
66	0.3158350635019698
67	1.0
68	0.7111366461700487
69	0.5758441417787838
70	0.7712627042813435
71	0.7227746524257428
72	0.5948461590153712
73	0.505715329525985
74	0.6144752151203999
75	0.14027091400017716
76	0.22098538275893512
77	0.32625716018605594
78	0.14489964968096344
79	0.32625716018605594
80	0.4513954094697309
81	0.8782156365502465
82	0.8097517472627825
83	0.8230036250150508
84	0.8097517472627825
85	0.9524680951766734
86	0.9371316004437404
87	0.8230036250150508
88	0.35384195289533515
89	0.4975723790934108
90	0.6773349667879046
91	0.6664286233595222
92	0.5396417421913039
93	0.5309525138815143
94	0.3596327033558848
95	0.3715000583087364
96	1.0
97	0.9838981538483329
98	1.0
99	1.0
100	1.0
101	1.0
102	0.6451399456130125
103	0.1030434509053353
104	0.08209608258032165
105	0.32625716018605594
106	0.6347520014624568
107	0.05744148237014341
108	0.030997821620274816
109	0.09656527406216286
110	0.2070923854195534
111	0.2475782724366734
112	0.9371316004437404
113	0.07569604040982215
114	0.07327797408660718
115	1.0
116	0.9838981538483329
117	0.9071954723294546
118	0.9838981538483329
119	0.9838981538483329
120	0.9220420515895167
121	0.09348055211452132
122	0.1676934209382986
123	0.968055577146144
124	0.4739218161276132
125	0.3158350635019698
126	1.0
127	0.09656527406216286
128	0.023522509426831584
129	0.013545299253377186
130	0.0043480927706904616
131	0.9838981538483329
132	1.0
133	1.0
134	1.0
135	1.0
136	1.0
137	0.00707610765039319
138	0.00707610765039319
139	0.01700147357515921
140	0.0876035794134446
141	0.968055577146144
142	0.2435918051833991
143	0.9220420515895167
144	0.968055577146144
145	0.17606198232518802
146	0.968055577146144
147	0.005114431247540004
148	0.002897693479410735
149	0.0012662220527620946
150	0.0004267461712446275
151	0.0006614784499805435
152	0.10995622264422979
153	1.0
154	0.0035208757183272242
155	0.0027155201279555345
156	0.00294511527242631
157	0.0016959273764898936
158	0.016193361151328214
159	1.0
160	1.0
161	1.0
162	0.015932618141390915
163	0.0011866166988221
164	0.002671795240633401
165	0.0021634908644312827
166	0.0025447997235481606
167	1.0
168	1.0
169	1.0
170	0.10995622264422979
171	0.0015137643410159801
172	0.0013294115143324132
173	0.001465408012805477
174	0.002671795240633401
175	0.0037570771454724797
176	1.0
177	0.23201342268367284
178	1.0
179	1.0
180	0.2599334021689762
181	0.9838981538483329
182	1.0
183	0.699686033300596
184	0.04084874312373918
185	0.04219669209919026
186	0.08619300005539396
187	0.7967132492073022
188	0.4029101033605833
189	1.0
190	0.012288234154010974
191	0.0016153167178432559
192	0.0035784961121798843
193	0.009632558682416177
194	1.0
195	0.013766972933527003
196	0.0005533084497353807
197	0.0010591597671173619
198	0.003944570074838764
199	0.39642250686331326
200	0.850161544899417
