1	0.758843950874465
2	0.809751747262771
3	0.9680555771461439
4	0.9838981538483189
5	0.9838981538483189
6	0.7712627042813435
7	0.8782156365502338
8	0.24757827243666986
9	0.08619300005539272
10	0.24757827243666986
11	0.8925879504044915
12	0.026353155917208628
13	0.015932618141390915
14	0.4975723790934037
15	0.809751747262771
16	0.5948461590153626
17	0.5484731728386688
18	0.5665719880005149
19	0.5758441417787837
20	0.4029101033605775
21	0.699686033300596
22	0.2599334021689762
23	0.45139540946972445
24	0.5484731728386688
25	0.5139915422627579
26	0.6556978921951104
27	0.9838981538483189
28	0.5224031981891458
29	0.48167771661524483
30	0.031505112088108564
31	0.48167771661524483
32	0.054711179297213405
33	0.40950387170122843
34	0.46629079995640094
35	0.3837590186752804
36	0.26418730551764474
37	0.9680555771461439
38	0.1314523061326923
39	0.0781938993967436
40	0.08619300005539272
41	0.5574491330158785
42	0.9220420515895167
43	0.42301690250932045
44	0.35963270335587966
45	0.4441271100328678
46	0.9071954723294418
47	0.699686033300596
48	0.7111366461700386
49	0.746625162324361
50	0.746625162324361
51	0.7346031188276403
52	0.699686033300596
53	0.9071954723294418
54	0.6451399456130124
55	0.3262571601860559
56	0.24757827243666986
57	0.4162055494255546
58	0.13360357026643588
59	0.10138426111191928
60	0.08480513362915015
61	0.5057153295259778
62	0.823003625015039
63	0.305745894681384
64	0.29121320991526145
65	0.5852680376789872
66	0.6045810297425014
67	0.07327797408660716
68	0.07209806342155774
69	0.08903724340857805
70	0.5224031981891458
71	0.7346031188276403
72	0.4441271100328678
73	0.05044600800408453
74	0.0472745482168648
75	0.4299397258291169
76	0.4369758436353341
77	0.4441271100328678
78	0.34814444420780405
79	0.6664286233595221
80	0.6556978921951104
81	0.7838846950415601
82	0.12120455403276077
83	0.3370231708678045
84	0.4975723790934037
85	0.4369758436353341
86	0.08343961441457963
87	0.0876035794134446
88	0.3370231708678045
89	0.15715080394779135
90	0.2516299796562454
91	0.5309525138815068
92	0.1357900406092586
93	0.3900393726467363
94	0.05127157501696203
95	0.07447719441285068
96	0.3775797899972509
97	0.034728030561276546
98	0.04358912142584555
99	0.5852680376789872
100	0.4975723790934037
101	0.5665719880005149
102	0.9838981538483189
103	1.0
104	0.7111366461700386
105	0.5758441417787837
106	0.5758441417787837
107	0.4369758436353341
108	0.9524680951766462
109	0.9680555771461439
110	0.9220420515895167
111	0.9371316004437404
112	0.40950387170122843
113	0.42301690250932045
114	0.3775797899972509
115	0.008459463654885604
116	0.03890712455342798
117	0.6045810297425014
118	0.23581040555488308
119	0.15715080394779135
120	0.614475215120391
121	0.4975723790934037
122	0.9071954723294418
123	0.40950387170122843
124	0.3655182215245033
125	0.758843950874465
126	0.8501615448993928
127	0.699686033300596
128	0.5852680376789872
129	0.22460188780169194
130	0.03416884515602847
131	0.04651334071458662
132	0.3315964756209393
133	0.4029101033605775
134	0.7227746524257427
135	0.4162055494255546
136	0.5758441417787837
137	0.8364723744993591
138	0.7111366461700386
139	0.6245313223904276
140	0.7111366461700386
141	0.823003625015039
142	0.9071954723294418
143	0.9071954723294418
144	0.6451399456130124
145	0.5665719880005149
146	0.4299397258291169
147	0.699686033300596
148	0.024298717947761457
149	0.023143753598938943
150	0.03254473486014822
151	0.6884197964379097
152	0.03202070454638286
153	0.03049869946550789
154	0.31583506350196977
155	0.18787327440651988
156	0.45139540946972445
157	0.0038810552143591307
158	0.015932618141390915
159	0.11925293695084047
160	0.4441271100328678
161	0.176061982325188
162	0.4299397258291169
163	0.9838981538483189
164	0.35963270335587966
165	0.6884197964379097
166	0.5139915422627579
167	0.07209806342155774
168	0.04219669209919026
169	0.04151724745489865
170	0.08209608258032164
171	0.5574491330158785
172	0.1597226332147545
173	0.12120455403276077
174	0.04651334071458662
175	0.46629079995640094
176	0.47392181612760637
177	1.0
178	0.9838981538483189
179	1.0
180	0.5484731728386688
181	0.5758441417787837
182	0.9838981538483189
183	0.809751747262771
184	0.7227746524257427
185	0.7227746524257427
186	0.7227746524257427
187	0.7227746524257427
188	0.8364723744993591
189	0.9680555771461439
190	0.059336967552506205
191	0.15213071221465965
192	0.12120455403276077
193	0.8501615448993928
194	0.8501615448993928
195	0.8782156365502338
196	0.7838846950415601
197	0.09975178733729187
198	0.25574799451756824
199	0.24359180518339904
200	0.9838981538483189
