1	0.9680555771461302
2	0.9524680951766463
3	0.9524680951766463
4	0.8364723744993591
5	0.7346031188276404
6	0.12725313808047323
7	0.052963462250909324
8	0.049633734144236295
9	0.758843950874465
10	0.7712627042813326
11	0.9680555771461302
12	0.9524680951766463
13	0.9680555771461302
14	0.9838981538483189
15	0.9680555771461302
16	0.9371316004437404
17	0.9524680951766463
18	0.9680555771461302
19	0.06867110513305712
20	0.007799981223697564
21	0.009632558682416179
22	0.00381856306039134
23	0.010278768401209682
24	0.9838981538483189
25	0.9838981538483189
26	1.0
27	1.0
28	1.0
29	1.0
30	0.004951053693111541
31	0.0017805608241138406
32	0.0019000115066771079
33	0.001962709116638114
34	0.09501039487561766
35	0.9680555771461302
36	0.9220420515895167
37	0.8925879504044916
38	0.5224031981891458
39	0.3837590186752749
40	0.41620554942555466
41	0.9680555771461302
42	0.9838981538483189
43	0.8097517472627711
44	0.7227746524257325
45	0.1252041276287828
46	0.25574799451756464
47	0.5484731728386689
48	0.8782156365502339
49	0.8925879504044916
50	0.9524680951766463
51	0.9524680951766463
52	0.8782156365502339
53	0.8501615448993928
54	0.017562497419084194
55	0.015932618141390915
56	0.029049038185277303
57	0.06229811565656762
58	0.12725313808047323
59	0.9838981538483189
60	1.0
61	1.0
62	0.9838981538483189
63	0.015676073575284534
64	0.012288234154010974
65	0.014690543918280221
66	0.03954385360034535
67	0.7838846950415602
68	0.9680555771461302
69	0.9838981538483189
70	0.23581040555488308
71	0.026353155917208635
72	0.0031941225103010837
73	0.0022348829091087073
74	0.0029933131400918327
75	0.002503823749912748
76	0.0024238405452939728
77	0.21742711012398036
78	0.9220420515895167
79	0.823003625015039
80	0.8364723744993591
81	0.8782156365502339
82	0.9680555771461302
83	0.7838846950415602
84	0.7838846950415602
85	0.7712627042813326
86	0.8364723744993591
87	0.6245313223904279
88	0.2070923854195505
89	0.25993340216897615
90	0.08343961441457964
91	0.00381856306039134
92	0.001042105339497173
93	0.0014654080128054354
94	0.0003747751604249704
95	0.04358912142584555
96	1.0
97	1.0
98	1.0
99	1.0
100	0.04430247303072529
101	0.0009608649452023631
102	0.0008302591310470713
103	0.00036874058845033593
104	0.0034084033755650083
105	0.08760357941344458
106	0.8364723744993591
107	0.10304345090533383
108	0.1380122933233906
109	0.061295000982726805
110	0.03202070454638286
111	0.030997821620274375
112	0.018142034232021265
113	0.027668282067045125
114	0.05383022830539263
115	0.007674387126047693
116	0.017001473575159215
117	0.08209608258032165
118	0.026784434765055293
119	0.061295000982726805
120	0.009790198959862087
121	0.9371316004437404
122	0.9371316004437404
123	0.9371316004437404
124	0.9371316004437404
125	0.9371316004437404
126	0.9220420515895167
127	0.07693483325865721
128	0.003757077145472426
129	0.013766972933527001
130	0.1231881100281487
131	0.1472709844146142
132	0.9680555771461302
133	0.9071954723294419
134	0.8925879504044916
135	0.8640747434825014
136	0.17322705937262783
137	0.24757827243666988
138	0.25574799451756464
139	0.8925879504044916
140	0.9220420515895167
141	0.9524680951766463
142	0.9371316004437404
143	0.9680555771461302
144	0.9838981538483189
145	0.9838981538483189
146	0.022404439747548667
147	0.00707610765039319
148	0.003246395470718101
149	0.0014893899404870398
150	0.002628774404719891
151	0.0028051283336034973
152	0.006962169253653824
153	0.03254473486014822
154	0.010617952774480096
155	0.007191910689857913
156	0.0036370594844428446
157	0.015423659850313087
158	0.9838981538483189
159	0.9838981538483189
160	0.9838981538483189
161	0.9838981538483189
162	0.32100381758685115
163	0.3008228213237163
164	0.008057369233584964
165	0.005823662247270162
166	0.025100540218356872
167	0.7111366461700386
168	0.6347520014624388
169	0.7227746524257325
170	1.0
171	1.0
172	0.9220420515895167
173	1.0
174	0.3008228213237163
175	0.010446984132459453
176	0.0025864462836876503
177	0.00932485215470036
178	0.025928821455018475
179	0.7111366461700386
180	0.7227746524257325
181	0.021688742850449232
182	0.008057369233584964
183	0.009477456704464872
184	0.004871332588256346
185	0.9838981538483189
186	0.026353155917208635
187	0.005823662247270162
188	0.004209195456615611
189	0.0025864462836876503
190	0.0018097003405784804
191	0.0025864462836876503
192	0.005637628717885326
193	0.020995908477665633
194	0.9838981538483189
195	0.9838981538483189
196	0.9838981538483189
197	0.9220420515895167
198	0.9524680951766463
199	0.9371316004437404
200	0.9680555771461302
