1	1.0
2	0.6045810297425013
3	0.4895605451959158
4	0.4587826572335554
5	0.4739218161276131
6	0.019359110527732683
7	0.015423659850313085
8	0.0046397888713085094
9	0.006419412822152426
10	0.9371316004437403
11	0.0769348332586572
12	0.10138426111191856
13	0.34253867592860743
14	0.9838981538483188
15	0.5139915422627543
16	0.3596327033558822
17	0.7227746524257325
18	0.771262704281338
19	0.6884197964379049
20	0.0017805608241138278
21	0.0032995238968794257
22	0.16769342093829737
23	0.92204205158951
24	0.92204205158951
25	1.0
26	0.18187177108593688
27	0.19724888986614988
28	0.10138426111191856
29	0.783884695041549
30	0.4369758436353278
31	0.18484816784601482
32	0.6144752151203867
33	0.10138426111191856
34	0.02551131956105554
35	0.015932618141390686
36	0.9680555771461301
37	0.07093715149650967
38	0.009632558682416179
39	0.008738613623635547
40	0.019675929314445232
41	1.0
42	1.0
43	1.0
44	1.0
45	1.0
46	1.0
47	0.6884197964379049
48	0.5852680376789788
49	0.6045810297425013
50	0.6045810297425013
51	0.5852680376789788
52	0.9680555771461301
53	0.9838981538483188
54	0.9838981538483188
55	0.9371316004437403
56	0.9371316004437403
57	0.783884695041549
58	0.771262704281338
59	0.9524680951766531
60	0.9838981538483188
61	0.9371316004437403
62	0.9524680951766531
63	0.2435918051833956
64	0.2912132099152594
65	0.3481444442078016
66	0.6664286233595268
67	0.5574491330158785
68	0.746625162324361
69	0.8925879504044978
70	0.8501615448993988
71	0.8782156365502338
72	0.699686033300596
73	0.3596327033558822
74	0.3262571601860513
75	0.39003937264673083
76	0.8925879504044978
77	0.6664286233595268
78	0.8782156365502338
79	0.8782156365502338
80	0.8925879504044978
81	0.6664286233595268
82	0.5948461590153669
83	0.3964225068633103
84	0.06979493239667486
85	0.059336967552506205
86	0.8782156365502338
87	0.015932618141390686
88	0.013112602486345002
89	0.013766972933527003
90	0.04084874312373918
91	0.2435918051833956
92	1.0
93	1.0
94	1.0
95	0.2435918051833956
96	0.0401910029464709
97	0.019047393108381737
98	0.006214348384488034
99	0.0370577948122046
100	0.9838981538483188
101	0.9838981538483188
102	0.2475782724366716
103	0.14968112689163246
104	0.23966952741252398
105	0.4587826572335554
106	0.7346031188276403
107	0.699686033300596
108	0.771262704281338
109	0.771262704281338
110	0.4369758436353278
111	0.5309525138815105
112	0.5139915422627543
113	0.5057153295259778
114	0.809751747262771
115	0.9371316004437403
116	0.8640747434825075
117	0.9524680951766531
118	0.9838981538483188
119	0.9838981538483188
120	0.9680555771461301
121	0.9838981538483188
122	0.8782156365502338
123	0.9680555771461301
124	0.6556978921951104
125	0.6347520014624433
126	0.6045810297425013
127	0.25574799451756824
128	0.10995622264422977
129	0.016727718463300126
130	0.019359110527732683
131	0.059336967552506205
132	0.17894329980857862
133	0.9071954723294418
134	0.783884695041549
135	0.5484731728386688
136	0.4895605451959158
137	0.4895605451959158
138	0.9838981538483188
139	0.5948461590153669
140	0.5224031981891384
141	0.5139915422627543
142	0.4739218161276131
143	0.5224031981891384
144	0.4895605451959158
145	0.8230036250150332
146	0.3158350635019698
147	0.012693727967806491
148	0.014930959938100428
149	0.042196692099189956
150	0.9371316004437403
151	0.9524680951766531
152	0.8230036250150332
153	0.7967132492072965
154	0.7967132492072965
155	0.056516568458294454
156	0.04358912142584586
157	0.2037578156903402
158	0.030498699465507675
159	0.6045810297425013
160	0.20047693868989316
161	0.3538419528953351
162	0.8230036250150332
163	0.6451399456130078
164	0.8501615448993988
165	0.8925879504044978
166	0.783884695041549
167	0.7967132492072965
168	0.3370231708678044
169	0.4299397258291138
170	0.6451399456130078
171	0.3481444442078016
172	0.5665719880005149
173	0.3538419528953351
174	0.3538419528953351
175	0.8782156365502338
176	0.6884197964379049
177	0.7111366461700436
178	0.9071954723294418
179	0.9071954723294418
180	0.9524680951766531
181	0.3964225068633103
182	0.03587400494469159
183	0.07819389939674416
184	0.9838981538483188
185	0.9838981538483188
186	0.9838981538483188
187	0.4162055494255576
188	0.3481444442078016
189	0.3315964756209417
190	0.7346031188276403
191	0.809751747262771
192	0.9838981538483188
193	0.9838981538483188
194	0.9371316004437403
195	0.3837590186752777
196	0.018740694914959985
197	0.03472803056127679
198	0.1448996496809624
199	0.5574491330158785
200	0.6556978921951104
