1	0.034728030561276546
2	0.015932618141390915
3	0.009324852154700492
4	0.010617952774480096
5	0.009477456704464872
6	0.07093715149651068
7	0.9680555771461439
8	0.983898153848319
9	0.029524436113289036
10	0.01874069491496012
11	0.983898153848319
12	0.043589121425845555
13	0.005283200023099469
14	0.013766972933527003
15	0.06756537356313871
16	0.9680555771461439
17	0.07447719441285176
18	0.03202070454638332
19	0.018142034232021265
20	0.020657835589543778
21	0.983898153848319
22	0.09197534264619908
23	0.00021934392271275003
24	0.0018393167356806218
25	0.0007655338325415709
26	0.0010421053394971877
27	0.002271457569431737
28	0.008323250672589018
29	0.06867110513305712
30	0.006631244087325166
31	0.0013294115143323943
32	0.007927630713798603
33	0.008189230970777114
34	0.012693727967806583
35	0.035296367236228025
36	0.05296346225091008
37	0.12725313808047503
38	0.8230036250150391
39	0.8640747434825137
40	0.6245313223904277
41	0.4369758436353341
42	0.4230169025093265
43	0.505715329525985
44	0.17894329980857993
45	0.07447719441285176
46	0.03254473486014822
47	0.023522509426831584
48	0.02766828206704552
49	0.06756537356313871
50	0.12725313808047503
51	0.466290799956401
52	0.983898153848319
53	0.983898153848319
54	0.9371316004437404
55	0.983898153848319
56	0.9524680951766599
57	0.9371316004437404
58	0.9371316004437404
59	0.9071954723294547
60	0.39642250686330754
61	0.020995908477665932
62	0.0015137643410159803
63	0.010446984132459602
64	0.009174704819918202
65	0.008189230970777114
66	0.04151724745489924
67	0.21742711012398036
68	0.983898153848319
69	0.983898153848319
70	0.05127157501696204
71	0.05383022830539263
72	0.164993247273701
73	0.17043778391330408
74	0.18787327440652257
75	0.45139540946973095
76	0.8364723744993592
77	0.983898153848319
78	0.983898153848319
79	0.983898153848319
80	0.9220420515895166
81	0.5396417421913038
82	0.08343961441458082
83	0.05127157501696204
84	0.043589121425845555
85	0.009174704819918202
86	0.007799981223697676
87	0.8364723744993592
88	0.9524680951766599
89	0.8640747434825137
90	0.9220420515895166
91	0.8925879504044915
92	0.8925879504044915
93	0.8230036250150391
94	0.6245313223904277
95	0.7466251623243612
96	0.8364723744993592
97	0.8364723744993592
98	0.8230036250150391
99	0.49757237909340374
100	0.5758441417787838
101	0.24359180518339907
102	0.15213071221465968
103	0.5224031981891458
104	0.7227746524257428
105	0.25574799451756824
106	0.12725313808047503
107	0.03254473486014822
108	0.013766972933527003
109	0.011147830387442924
110	0.007550815325235632
111	0.006631244087325166
112	0.014221262971401536
113	0.8501615448994049
114	0.983898153848319
115	0.2070923854195505
116	0.008881624169591424
117	0.0024238405452940075
118	0.0006198923584893026
119	0.0006099109471023138
120	0.005457537922228155
121	0.008738613623635611
122	0.0965652740621615
123	0.983898153848319
124	0.01645837131413567
125	0.009950419076984587
126	0.030007614098887928
127	0.0807741840889576
128	0.983898153848319
129	0.983898153848319
130	0.08619300005539274
131	0.014690543918280431
132	0.0011120160060804068
133	0.022043686905619655
134	0.9680555771461439
135	0.0012662220527620944
136	0.012090370898187259
137	0.09348055211452132
138	0.017849913987938983
139	0.026784434765055674
140	0.031505112088109015
141	0.022404439747548983
142	0.013112602486345097
143	0.2599334021689762
144	0.040848743123739185
145	0.00153853763735118
146	0.00153853763735118
147	0.004141419638950891
148	0.045764390058400266
149	0.03202070454638332
150	0.11358461770179096
151	1.0
152	0.7227746524257428
153	0.983898153848319
154	0.17606198232518802
155	0.12318811002815044
156	0.8097517472627825
157	0.7967132492072909
158	0.9680555771461439
159	0.10995622264422979
160	0.02032520629905422
161	0.06331764666180337
162	0.07947357060373077
163	0.4230169025093265
164	0.8925879504044915
165	0.9071954723294547
166	0.9071954723294547
167	0.4369758436353341
168	0.1154434707063186
169	0.054711179297213405
170	0.06229811565656851
171	0.14027091400017913
172	0.8782156365502465
173	0.8925879504044915
174	0.8782156365502465
175	0.15972263321475677
176	0.14489964968096344
177	0.8782156365502465
178	0.7838846950415602
179	0.7466251623243612
180	0.7967132492072909
181	0.8782156365502465
182	0.8501615448994049
183	0.07209806342155775
184	0.07447719441285176
185	0.024696375181437507
186	0.05296346225091008
187	0.01874069491496012
188	0.01874069491496012
189	0.05933696755250705
190	0.2599334021689762
191	0.8782156365502465
192	0.8230036250150391
193	0.8364723744993592
194	0.9524680951766599
195	0.9524680951766599
196	0.9524680951766599
197	0.9524680951766599
198	0.8230036250150391
199	0.8501615448994049
200	0.9371316004437404
