1	0.9680555771461301
2	0.9524680951766463
3	0.6884197964379098
4	0.06540703669975813
5	0.05211065273008482
6	0.05211065273008482
7	0.04963373414423559
8	0.9680555771461301
9	0.9680555771461301
10	0.0807741840889576
11	0.13579004060925667
12	1.0
13	1.0
14	1.0
15	0.9838981538483188
16	0.9838981538483188
17	0.14027091400017713
18	0.10472979393476875
19	0.9838981538483188
20	0.9838981538483188
21	0.05560654736795765
22	0.025928821455018475
23	0.02168874285044923
24	0.025928821455018475
25	0.9371316004437271
26	0.5852680376789788
27	0.8640747434825014
28	0.9680555771461301
29	0.2685108255202325
30	0.12933568132305998
31	0.04727454821686481
32	0.04084874312373918
33	0.07209806342155774
34	0.14256649781436606
35	0.17043778391330164
36	0.1597226332147545
37	0.0807741840889576
38	0.36551822152450336
39	0.5309525138815068
40	0.27737129133826594
41	0.14256649781436606
42	0.04883453939311236
43	0.005823662247270162
44	0.0062143483844879464
45	0.013766972933526807
46	0.9838981538483188
47	0.42301690250931445
48	0.4162055494255547
49	0.9838981538483188
50	1.0
51	1.0
52	1.0
53	0.012090370898187257
54	0.00611428590286806
55	0.5852680376789788
56	0.005457537922228077
57	0.004009124378788865
58	0.019359110527732544
59	0.47392181612760637
60	0.7111366461700386
61	0.9680555771461301
62	0.9524680951766463
63	0.9220420515895167
64	0.8097517472627594
65	0.3900393726467308
66	0.36551822152450336
67	0.5224031981891384
68	0.6996860333005861
69	0.8097517472627594
70	0.9371316004437271
71	0.9680555771461301
72	0.9371316004437271
73	0.9220420515895167
74	0.9371316004437271
75	0.8925879504044915
76	0.9371316004437271
77	0.8501615448993927
78	0.8501615448993927
79	0.8364723744993472
80	0.25574799451756824
81	0.045027498890454376
82	0.10818572446379239
83	0.11733274450692356
84	0.823003625015039
85	0.5574491330158786
86	0.6556978921951104
87	0.9524680951766463
88	0.9220420515895167
89	0.9220420515895167
90	0.9220420515895167
91	0.5484731728386689
92	0.5309525138815068
93	0.907195472329429
94	0.1252041276287828
95	0.07327797408660612
96	0.07819389939674361
97	0.20709238541955047
98	0.6773349667878853
99	0.6664286233595221
100	0.6451399456130124
101	0.004141419638950832
102	0.0006723037820462359
103	0.02168874285044923
104	0.00832325067258878
105	0.005823662247270162
106	0.01567607357528453
107	0.08480513362914895
108	0.9680555771461301
109	0.014690543918280223
110	0.012901465378461631
111	0.03529636723622752
112	0.03361866366814549
113	0.7346031188276403
114	0.9220420515895167
115	0.0036965812672960317
116	0.008459463654885604
117	0.042196692099189664
118	0.9838981538483188
119	1.0
120	0.9680555771461301
121	0.9680555771461301
122	0.9680555771461301
123	0.043589121425845555
124	0.011330268629776648
125	0.039543853600344785
126	0.758843950874465
127	0.9680555771461301
128	0.04883453939311236
129	0.028121083425988593
130	0.0026717952406334006
131	0.0020274756563298415
132	0.9524680951766463
133	0.10644373457266673
134	0.03705779481220408
135	0.03529636723622752
136	0.04084874312373918
137	0.03587400494469159
138	0.016727718463300126
139	0.022771096439116737
140	0.24757827243666988
141	0.1252041276287828
142	0.06229811565656762
143	0.06756537356313871
144	0.9680555771461301
145	0.0574414823701426
146	0.04651334071458662
147	0.05471117929721263
148	0.06435386265758127
149	0.9838981538483188
150	0.9524680951766463
151	0.26418730551764474
152	0.3370231708678044
153	0.758843950874465
154	0.746625162324361
155	0.9524680951766463
156	0.9524680951766463
157	0.9680555771461301
158	1.0
159	0.9680555771461301
160	0.9524680951766463
161	0.758843950874465
162	0.16233655139003356
163	0.32100381758685115
164	0.9838981538483188
165	0.9838981538483188
166	0.9838981538483188
167	1.0
168	0.019359110527732544
169	0.011330268629776648
170	0.03766425891466563
171	0.05560654736795765
172	0.9524680951766463
173	0.06540703669975813
174	0.06129500098272593
175	0.1212045540327608
176	0.25574799451756824
177	0.9838981538483188
178	0.9838981538483188
179	0.6451399456130124
180	0.35384195289533016
181	0.25993340216897615
182	0.1972488898661471
183	0.15462038588001104
184	0.15715080394778913
185	0.10304345090533383
186	0.8364723744993472
187	0.05127157501696131
188	0.05044600800408454
189	0.1380122933233906
190	0.9524680951766463
191	0.8501615448993927
192	0.9220420515895167
193	0.7967132492072909
194	0.8097517472627594
195	0.8782156365502338
196	0.8782156365502338
197	0.9524680951766463
198	0.8925879504044915
199	0.8501615448993927
200	0.8925879504044915
