1	0.9838981538483188
2	0.9838981538483188
3	1.0
4	0.6451399456130124
5	0.6347520014624477
6	0.004715720680195382
7	0.0043480927706904616
8	0.002234882909108675
9	0.0015385376373511796
10	0.0036965812672960837
11	0.6347520014624477
12	0.13360357026643968
13	0.26418730551765224
14	0.9524680951766598
15	0.7346031188276506
16	0.2729051014782479
17	0.45139540946973084
18	0.11175569566235918
19	0.12120455403276079
20	0.13145230613269226
21	0.1425664978143681
22	0.12520412762878455
23	0.2282775782464986
24	0.01814203423202152
25	0.0612950009827268
26	0.014221262971401331
27	0.0036965812672960837
28	0.002715520127955534
29	0.0015137643410159801
30	0.00046282723278070657
31	0.9838981538483188
32	0.9838981538483188
33	1.0
34	1.0
35	1.0
36	1.0
37	0.9838981538483188
38	0.01967592931444509
39	0.017562497419084444
40	0.017849913987938726
41	0.012901465378461631
42	0.009790198959862226
43	0.20047693868989458
44	0.305745894681384
45	0.21048152657828795
46	0.32100381758685564
47	0.3538419528953351
48	0.9220420515895166
49	0.3715000583087364
50	0.20709238541955338
51	0.1972488898661499
52	0.2396695274125291
53	0.25574799451756824
54	0.3315964756209393
55	0.46629079995640094
56	0.9680555771461438
57	0.9524680951766598
58	0.9371316004437271
59	0.6245313223904188
60	0.1154434707063202
61	0.016458371314135432
62	0.0016686198147892286
63	0.0004704015664329192
64	0.3775797899972562
65	0.007927630713798602
66	0.027222771645920248
67	0.05044600800408453
68	0.4299397258291168
69	0.38375901867528034
70	0.9371316004437271
71	0.8097517472627824
72	0.823003625015039
73	0.823003625015039
74	0.47392181612761985
75	0.5224031981891384
76	0.5224031981891384
77	0.6884197964379097
78	0.2320134226836728
79	0.2729051014782479
80	0.29121320991525734
81	0.2320134226836728
82	0.21742711012398033
83	0.5057153295259776
84	0.07947357060372963
85	0.25993340216897615
86	0.6045810297425013
87	0.25162997965624895
88	0.34814444420780405
89	0.3262571601860559
90	0.3008228213237205
91	0.3262571601860559
92	0.2037578156903402
93	0.3964225068633188
94	0.25574799451756824
95	0.4299397258291168
96	0.3964225068633188
97	0.5574491330158785
98	0.45139540946973084
99	0.4975723790934037
100	0.5309525138815142
101	1.0
102	0.9838981538483188
103	0.45878265723355866
104	0.0781938993967447
105	0.02240443974754898
106	0.08903724340858059
107	0.09814559940423158
108	0.7111366461700587
109	0.9371316004437271
110	0.18187177108593947
111	0.005918968568537471
112	0.005114431247540003
113	0.0050320794624387636
114	0.05651656845829485
115	1.0
116	1.0
117	1.0
118	1.0
119	0.05651656845829485
120	0.0016959273764898689
121	0.0013080055346563406
122	0.0016959273764898689
123	0.20047693868989458
124	0.9838981538483188
125	0.9838981538483188
126	0.3425386759286123
127	0.1760619823251905
128	0.0781938993967447
129	0.0769348332586583
130	0.20709238541955338
131	0.058381532829868445
132	0.7967132492073021
133	0.823003625015039
134	0.823003625015039
135	0.783884695041549
136	0.9371316004437271
137	0.17322705937263028
138	0.1760619823251905
139	0.16233655139003123
140	0.1972488898661499
141	0.21392613224755935
142	0.26418730551765224
143	0.6347520014624477
144	0.40950387170123426
145	0.3775797899972562
146	0.4230169025093204
147	0.305745894681384
148	0.4369758436353278
149	0.3315964756209393
150	0.31583506350197427
151	0.24757827243667338
152	0.2959790185358513
153	0.2396695274125291
154	0.052963462250909324
155	0.1972488898661499
156	0.23581040555488306
157	0.1909478879208119
158	0.38375901867528034
159	0.3964225068633188
160	0.04430247303072529
161	0.03890712455342853
162	0.6045810297425013
163	0.6144752151203997
164	1.0
165	0.25993340216897615
166	0.03254473486014868
167	0.02352250942683158
168	0.02510054021835758
169	0.10818572446379239
170	0.29121320991525734
171	0.27737129133826594
172	0.4299397258291168
173	0.09975178733729329
174	0.03472803056127753
175	0.13801229332339254
176	0.3425386759286123
177	0.3655182215245033
178	0.3655182215245033
179	0.03766425891466563
180	0.2729051014782479
181	0.3370231708678045
182	0.08209608258032047
183	0.4299397258291168
184	1.0
185	0.7588439508744756
186	0.4230169025093204
187	0.2435918051833956
188	0.003142691241050638
189	0.002805128333603497
190	0.011515692539375738
191	0.011515692539375738
192	0.0069621692536538235
193	0.6451399456130124
194	0.6347520014624477
195	0.6347520014624477
196	0.6556978921951104
197	0.8501615448994169
198	1.0
199	1.0
200	1.0
