1	0.6451399456130033
2	0.42301690250932045
3	0.6556978921951198
4	0.4369758436353341
5	0.32625716018605594
6	0.045027498890453745
7	0.045027498890453745
8	0.051271575016962036
9	0.14489964968096344
10	0.8501615448994049
11	0.9838981538483189
12	0.9071954723294419
13	0.9838981538483189
14	0.9524680951766464
15	0.9838981538483189
16	0.8640747434825015
17	0.8782156365502465
18	0.9371316004437404
19	0.9220420515895167
20	0.9371316004437404
21	0.8640747434825015
22	0.7712627042813326
23	0.823003625015039
24	0.8501615448994049
25	0.6664286233595222
26	0.10644373457266824
27	0.12933568132305998
28	0.11733274450692358
29	0.17606198232518802
30	0.14027091400017713
31	0.2685108255202325
32	0.40291010336057753
33	0.7111366461700386
34	0.6556978921951198
35	0.7111366461700386
36	0.7346031188276403
37	0.7227746524257326
38	0.8364723744993592
39	0.8364723744993592
40	0.6664286233595222
41	0.3655182215245086
42	0.44412711003286787
43	0.5574491330158786
44	0.40291010336057753
45	0.37757978999725095
46	0.746625162324361
47	0.7111366461700386
48	0.6884197964379
49	0.5574491330158786
50	0.20709238541955047
51	0.19724888986614994
52	0.210481526578285
53	0.7227746524257326
54	0.5758441417787756
55	0.3596327033558797
56	0.3210038175868511
57	0.3655182215245086
58	0.37757978999725095
59	0.7588439508744758
60	0.19724888986614994
61	0.18484816784601354
62	0.1380122933233906
63	0.028121083425988593
64	0.026784434765055296
65	0.3538419528953352
66	0.823003625015039
67	0.7227746524257326
68	0.33159647562093936
69	0.17322705937262783
70	0.12933568132305998
71	0.614475215120391
72	0.7588439508744758
73	0.5224031981891458
74	0.22098538275893512
75	0.31074953590015464
76	0.614475215120391
77	0.32625716018605594
78	0.4095038717012285
79	0.5852680376789872
80	0.809751747262771
81	0.4739218161276131
82	0.5948461590153626
83	0.466290799956401
84	0.1380122933233906
85	0.4369758436353341
86	0.6347520014624477
87	0.8640747434825015
88	0.6347520014624477
89	0.8364723744993592
90	0.7111366461700386
91	0.6664286233595222
92	0.9524680951766464
93	0.4095038717012285
94	0.40291010336057753
95	0.7967132492072909
96	0.9524680951766464
97	0.9524680951766464
98	0.8501615448994049
99	0.8364723744993592
100	0.823003625015039
101	0.5574491330158786
102	0.5396417421912962
103	0.809751747262771
104	0.8501615448994049
105	0.8925879504044915
106	0.8501615448994049
107	0.11544347070631858
108	0.05044600800408382
109	0.00932485215470036
110	0.022771096439116737
111	0.9838981538483189
112	0.12933568132305998
113	0.06756537356313776
114	0.007429233258548931
115	0.0013080055346563408
116	0.023143753598939273
117	0.04430247303072529
118	0.9838981538483189
119	0.9838981538483189
120	0.9680555771461302
121	0.9680555771461302
122	0.9680555771461302
123	0.9838981538483189
124	1.0
125	0.034728030561276546
126	0.04084874312373918
127	0.03202070454638332
128	0.025100540218356872
129	0.03828064801966494
130	0.07947357060372964
131	0.22098538275893512
132	0.16233655139003356
133	0.15972263321475677
134	0.08209608258032165
135	0.5396417421912962
136	0.3596327033558797
137	0.34814444420780405
138	0.5484731728386688
139	0.5948461590153626
140	0.1425664978143681
141	0.0769348332586583
142	0.8364723744993592
143	0.42301690250932045
144	0.11358461770178932
145	0.1252041276287828
146	0.5574491330158786
147	0.6245313223904277
148	0.677334966787895
149	0.7227746524257326
150	0.7967132492072909
151	0.823003625015039
152	0.6884197964379
153	0.24359180518339907
154	0.20047693868989175
155	0.055606547367958434
156	0.6664286233595222
157	0.11544347070631858
158	0.06540703669975813
159	0.7967132492072909
160	0.5057153295259778
161	0.4587826572335587
162	0.2912132099152615
163	0.5484731728386688
164	0.19094788792080922
165	0.2641873055176485
166	0.1940728185879353
167	0.2358104055548831
168	0.5224031981891458
169	0.8501615448994049
170	0.7346031188276403
171	0.8782156365502465
172	0.9680555771461302
173	0.8364723744993592
174	0.25574799451756824
175	0.17894329980857737
176	0.699686033300596
177	0.33159647562093936
178	0.2685108255202325
179	0.04288725609876025
180	0.04430247303072529
181	0.19724888986614994
182	0.3715000583087311
183	0.8501615448994049
184	0.699686033300596
185	0.6245313223904277
186	0.15972263321475677
187	0.16769342093829617
188	0.4513954094697245
189	0.3538419528953352
190	0.19724888986614994
191	0.3008228213237163
192	0.24359180518339907
193	0.31074953590015464
194	0.3596327033558797
195	0.7588439508744758
196	0.22827757824649536
197	0.2139261322475594
198	0.23966952741252232
199	0.32625716018605594
200	0.9524680951766464
