1	0.8925879504044915
2	0.8364723744993591
3	0.0934805521145213
4	0.05651656845829405
5	0.06867110513305615
6	0.08209608258032047
7	0.12520412762878458
8	0.9220420515895167
9	0.8925879504044915
10	0.08480513362914895
11	0.005032079462438764
12	0.020325206299054217
13	0.9071954723294419
14	0.01935911052773282
15	0.020995908477665932
16	0.04288725609875964
17	0.10995622264422979
18	0.31074953590015464
19	0.9838981538483189
20	1.0
21	0.9680555771461301
22	0.9371316004437271
23	0.9371316004437271
24	0.2641873055176485
25	0.057441482370142585
26	0.026784434765055293
27	0.007309608887594926
28	0.013545299253376991
29	0.0622981156565685
30	0.044302473030725285
31	0.9524680951766599
32	0.12520412762878458
33	0.08209608258032047
34	0.9838981538483189
35	0.9524680951766599
36	0.9524680951766599
37	0.9524680951766599
38	0.41620554942555466
39	0.11358461770178932
40	0.6773349667878948
41	0.0807741840889576
42	0.08619300005539272
43	0.040848743123738596
44	0.00463978887130851
45	0.004792895140366571
46	0.8925879504044915
47	0.8640747434825014
48	0.04651334071458728
49	0.05838153282986846
50	0.11544347070631857
51	0.11733274450692356
52	0.0622981156565685
53	0.9371316004437271
54	0.9838981538483189
55	0.7967132492073022
56	0.7346031188276403
57	0.783884695041549
58	0.2641873055176485
59	0.18484816784601354
60	0.07209806342155774
61	0.06979493239667536
62	0.03416884515602799
63	0.09049436982916183
64	0.10995622264422979
65	0.9220420515895167
66	0.305745894681384
67	0.8782156365502339
68	0.006524468815236811
69	0.006015834611932685
70	0.03254473486014868
71	0.8782156365502339
72	0.9524680951766599
73	0.09049436982916183
74	0.010791719379643072
75	0.10304345090533383
76	0.8640747434825014
77	0.4739218161276131
78	0.11925293695084214
79	0.05651656845829405
80	0.009174704819918203
81	0.012489335512977668
82	0.614475215120391
83	0.9371316004437271
84	0.9371316004437271
85	0.9524680951766599
86	0.3315964756209441
87	0.009174704819918203
88	0.008881624169591297
89	0.029524436113288616
90	0.8501615448994049
91	0.10138426111191785
92	0.0934805521145213
93	0.025928821455018843
94	0.17894329980857993
95	0.07819389939674361
96	0.06331764666180247
97	0.060308038307035794
98	0.09501039487561765
99	0.9220420515895167
100	0.7588439508744758
101	0.9524680951766599
102	0.9838981538483189
103	0.9680555771461301
104	0.9680555771461301
105	0.9680555771461301
106	0.8782156365502339
107	0.9371316004437271
108	0.176061982325188
109	0.08209608258032047
110	0.03587400494469159
111	0.04651334071458728
112	0.10995622264422979
113	0.48956054519591574
114	0.5224031981891384
115	0.1472709844146142
116	0.1972488898661499
117	0.11358461770178932
118	0.05127157501696131
119	0.022043686905619336
120	0.019047393108381605
121	0.15972263321475677
122	0.007927630713798602
123	0.22098538275893506
124	0.22827757824649536
125	0.6556978921951104
126	0.481677716615238
127	0.8640747434825014
128	0.01619336115132798
129	0.1272531380804732
130	0.12120455403275907
131	0.8364723744993591
132	0.8364723744993591
133	0.05383022830539262
134	0.12933568132305998
135	0.1336035702664378
136	0.9838981538483189
137	0.35963270335588476
138	0.8640747434825014
139	0.044302473030725285
140	0.015423659850313087
141	0.13579004060925667
142	0.0083232506725889
143	0.003142691241050594
144	0.018142034232021265
145	0.21392613224755938
146	0.7588439508744758
147	0.746625162324361
148	0.7712627042813435
149	0.7712627042813435
150	0.7967132492073022
151	0.7967132492073022
152	0.19094788792080922
153	0.06435386265758127
154	0.05127157501696131
155	0.9371316004437271
156	0.9071954723294419
157	0.9371316004437271
158	0.9838981538483189
159	0.9524680951766599
160	0.9524680951766599
161	0.12520412762878458
162	0.1314523061326923
163	0.2396695274125257
164	0.0769348332586572
165	0.07569604040982107
166	0.022404439747548983
167	0.018740694914960117
168	0.06435386265758127
169	0.0807741840889576
170	0.6556978921951104
171	0.9371316004437271
172	0.9371316004437271
173	0.9680555771461301
174	0.783884695041549
175	0.809751747262771
176	0.0370577948122046
177	0.015175310452307482
178	0.1336035702664378
179	0.0622981156565685
180	0.060308038307035794
181	0.18787327440651988
182	0.809751747262771
183	0.052963462250909324
184	0.0007655338325415709
185	0.0004480424839484732
186	0.001167509979296634
187	0.0005533084497353727
188	0.08209608258032047
189	0.21392613224755938
190	1.0
191	1.0
192	1.0
193	0.21392613224755938
194	0.08343961441458081
195	0.0010764932965619024
196	0.0015637163575655455
197	0.0004704015664329125
198	0.0008438466194897108
199	0.06647744631284418
200	0.9838981538483189
