1	0.9838981538483188
2	0.9838981538483188
3	1.0
4	0.5665719880005149
5	0.5574491330158785
6	0.5396417421913
7	0.5309525138815105
8	0.8640747434825075
9	0.7967132492072909
10	0.9371316004437338
11	0.48167771661524145
12	0.4029101033605804
13	0.5574491330158785
14	0.6664286233595221
15	0.14027091400017713
16	0.12120455403275993
17	0.8364723744993531
18	0.34814444420780405
19	0.08209608258032106
20	0.1972488898661485
21	0.9838981538483188
22	0.9371316004437338
23	0.9371316004437338
24	0.9524680951766463
25	0.23966952741252398
26	0.13801229332339157
27	0.14727098441461314
28	0.6347520014624431
29	0.14727098441461314
30	0.19094788792080922
31	1.0
32	0.5309525138815105
33	0.4095038717012285
34	0.5665719880005149
35	0.9371316004437338
36	0.5396417421913
37	0.6245313223904276
38	0.17894329980857865
39	0.1732270593726278
40	0.5139915422627543
41	0.09049436982916119
42	0.08343961441457964
43	0.06540703669975813
44	0.1272531380804732
45	0.2912132099152594
46	0.614475215120391
47	0.9838981538483188
48	0.9838981538483188
49	0.9220420515895101
50	0.8782156365502402
51	0.9220420515895101
52	0.746625162324361
53	0.771262704281338
54	0.8501615448994049
55	1.0
56	1.0
57	1.0
58	0.025928821455018656
59	0.011704150977755524
60	0.011895693606067967
61	0.011895693606067967
62	0.03828064801966466
63	0.9838981538483188
64	0.7588439508744759
65	0.9071954723294419
66	0.9838981538483188
67	0.9680555771461301
68	0.9220420515895101
69	0.9220420515895101
70	0.9680555771461301
71	0.9524680951766463
72	0.1496811268916325
73	0.057441482370142995
74	0.04219669209918996
75	0.024696375181436976
76	0.3964225068633104
77	0.3964225068633104
78	0.6347520014624431
79	0.4095038717012285
80	0.1732270593726278
81	0.3008228213237184
82	0.9838981538483188
83	0.9838981538483188
84	1.0
85	0.9680555771461301
86	0.9680555771461301
87	0.27737129133826594
88	0.14027091400017713
89	0.055606547367958045
90	0.42301690250931745
91	0.4162055494255547
92	0.9838981538483188
93	0.011330268629776647
94	0.014690543918280325
95	0.11544347070631857
96	0.20709238541955047
97	0.7838846950415546
98	0.8640747434825075
99	0.8097517472627709
100	0.7838846950415546
101	0.3964225068633104
102	0.305745894681384
103	0.2865241396118667
104	0.5665719880005149
105	0.9680555771461301
106	0.9680555771461301
107	0.9838981538483188
108	0.43697584363533093
109	0.1972488898661485
110	0.22827757824649536
111	0.3964225068633104
112	0.9524680951766463
113	0.771262704281338
114	0.6664286233595221
115	0.6045810297425014
116	0.6556978921951152
117	0.8640747434825075
118	0.9371316004437338
119	0.9680555771461301
120	0.9371316004437338
121	0.8097517472627709
122	0.7227746524257376
123	0.7346031188276454
124	0.7838846950415546
125	0.8640747434825075
126	0.8925879504044913
127	0.9371316004437338
128	0.9680555771461301
129	0.9680555771461301
130	0.8782156365502402
131	0.8501615448994049
132	0.8925879504044913
133	0.9220420515895101
134	0.9371316004437338
135	0.9524680951766463
136	0.9838981538483188
137	0.9680555771461301
138	0.585268037678983
139	0.6347520014624431
140	0.9071954723294419
141	0.9071954723294419
142	0.8501615448994049
143	0.5665719880005149
144	0.48167771661524145
145	0.03529636723622777
146	0.010968329737619126
147	0.0069621692536538235
148	0.006850065475449526
149	0.011330268629776647
150	0.23201342268367284
151	0.2435918051833956
152	0.3008228213237184
153	0.7838846950415546
154	0.6451399456130078
155	0.6245313223904276
156	0.7967132492072909
157	0.7967132492072909
158	0.14027091400017713
159	0.25162997965624717
160	0.3370231708678045
161	0.7588439508744759
162	0.6347520014624431
163	0.43697584363533093
164	0.09975178733729259
165	0.4299397258291138
166	0.6664286233595221
167	0.1732270593726278
168	0.771262704281338
169	0.37150005830873106
170	0.31583506350196755
171	0.3210038175868534
172	0.3370231708678045
173	0.9680555771461301
174	0.9838981538483188
175	0.9838981538483188
176	0.6664286233595221
177	0.677334966787895
178	0.6664286233595221
179	0.6664286233595221
180	0.6556978921951152
181	0.5665719880005149
182	0.13579004060925762
183	0.5057153295259778
184	0.5139915422627543
185	0.6245313223904276
186	0.45139540946972445
187	0.37150005830873106
188	0.25162997965624717
189	0.5574491330158785
190	0.2037578156903402
191	0.11175569566235838
192	0.0965652740621615
193	0.12933568132305998
194	0.1252041276287828
195	0.677334966787895
196	0.7111366461700385
197	0.6556978921951152
198	0.6884197964379049
199	0.7227746524257376
200	1.0
