1	0.9071954723294419
2	0.8097517472627711
3	0.06331764666180247
4	0.05560654736795844
5	0.023143753598939273
6	0.04151724745489924
7	0.14489964968096344
8	0.16233655139003128
9	0.9838981538483189
10	0.9524680951766463
11	0.11358461770178933
12	0.07447719441285176
13	0.4095038717012285
14	0.466290799956401
15	0.4895605451959228
16	0.6773349667878948
17	0.9071954723294419
18	0.7967132492072908
19	0.42301690250932045
20	0.4369758436353341
21	0.5396417421912961
22	0.4513954094697245
23	0.44412711003286787
24	0.2819105719970956
25	0.31074953590015464
26	0.6045810297425014
27	0.9371316004437404
28	0.21742711012398036
29	0.04804821315291625
30	0.006631244087325071
31	9.43046659934014e-05
32	6.284732873436204e-05
33	9.43046659934014e-05
34	5.5193506809930345e-05
35	0.0076743871260476935
36	1.0
37	1.0
38	1.0
39	1.0
40	1.0
41	1.0
42	0.010791719379643227
43	0.003142691241050594
44	0.003042299783147364
45	0.002671795240633401
46	0.002945115272426268
47	0.010791719379643227
48	0.05211065273008481
49	0.22098538275893512
50	0.9371316004437404
51	0.9680555771461301
52	0.09501039487561765
53	0.04151724745489924
54	0.03828064801966494
55	0.011330268629776647
56	0.0044192508682770176
57	0.005198130749138962
58	0.004715720680195316
59	0.01151569253937574
60	0.09049436982916054
61	0.8364723744993592
62	0.40291010336057753
63	0.4369758436353341
64	0.009632558682416179
65	0.17894329980857993
66	0.0010253255196467585
67	0.0008576564720537012
68	0.0015637163575655455
69	0.8097517472627711
70	0.8925879504044915
71	0.6556978921951199
72	0.10472979393476876
73	0.04804821315291625
74	0.305745894681384
75	0.4587826572335587
76	0.22460188780169196
77	0.9524680951766463
78	0.06867110513305712
79	0.0622981156565685
80	0.01999793295422567
81	0.004074735137074952
82	0.03828064801966494
83	0.9680555771461301
84	0.9680555771461301
85	0.9680555771461301
86	1.0
87	1.0
88	1.0
89	1.0
90	1.0
91	0.08209608258032164
92	0.04502749889045439
93	0.011147830387442766
94	0.018142034232021265
95	0.06435386265758218
96	0.23966952741252232
97	0.16233655139003128
98	0.5224031981891458
99	0.1252041276287828
100	0.0330773411179359
101	0.32625716018605594
102	0.7838846950415603
103	0.7712627042813326
104	0.7838846950415603
105	0.008057369233585078
106	0.0032463954707181012
107	0.0029933131400918323
108	0.006739766775034991
109	0.18484816784601615
110	0.9071954723294419
111	0.8782156365502465
112	0.5224031981891458
113	0.5309525138815143
114	0.9071954723294419
115	0.1252041276287828
116	0.07093715149650967
117	0.043589121425845555
118	0.040848743123739185
119	0.04963373414423629
120	0.054711179297213405
121	0.09501039487561765
122	0.2037578156903402
123	0.059336967552506205
124	0.513991542262758
125	0.39642250686331315
126	0.5057153295259778
127	0.9680555771461301
128	0.823003625015039
129	0.7111366461700487
130	0.7838846950415603
131	0.6245313223904279
132	0.5574491330158785
133	0.5484731728386689
134	0.5484731728386689
135	0.09197534264619908
136	0.28652413961186873
137	0.39642250686331315
138	0.040848743123739185
139	0.028581295041564064
140	0.034728030561277046
141	0.05383022830539263
142	0.05044600800408382
143	0.05044600800408382
144	0.04727454821686481
145	0.04019100294647119
146	0.06756537356313774
147	0.9524680951766463
148	0.9220420515895036
149	0.9524680951766463
150	0.9524680951766463
151	0.9524680951766463
152	0.9371316004437404
153	0.8925879504044915
154	0.9838981538483189
155	0.07209806342155775
156	0.0031941225103010833
157	0.005457537922228155
158	0.007309608887594823
159	0.012288234154010974
160	0.061295000982726805
161	1.0
162	0.07447719441285176
163	0.01967592931444509
164	0.2037578156903402
165	0.8782156365502465
166	0.7111366461700487
167	0.6773349667878948
168	0.14027091400017716
169	0.15715080394779138
170	0.22827757824649536
171	0.5224031981891458
172	0.8782156365502465
173	0.8640747434825014
174	0.3900393726467364
175	0.35963270335587966
176	0.3837590186752804
177	0.47392181612761314
178	0.49757237909340374
179	0.9220420515895036
180	0.8782156365502465
181	0.4095038717012285
182	0.7838846950415603
183	0.8501615448994049
184	0.7838846950415603
185	0.7712627042813326
186	0.513991542262758
187	0.9220420515895036
188	0.9524680951766463
189	0.3900393726467364
190	0.35963270335587966
191	0.3900393726467364
192	0.4162055494255547
193	0.513991542262758
194	0.3210038175868511
195	0.31074953590015464
196	0.004871332588256416
197	0.0038810552143591307
198	0.00463978887130851
199	0.007429233258548931
200	1.0
