1	1.0
2	0.9680555771461301
3	0.9524680951766463
4	0.20709238541954755
5	0.08480513362914895
6	0.09049436982916054
7	1.0
8	0.025928821455018475
9	0.0011675099792966342
10	0.0018393167356805958
11	0.0020606560225769105
12	0.023143753598938947
13	0.9680555771461301
14	0.27737129133826205
15	0.15213071221465752
16	0.13801229332338863
17	0.9071954723294418
18	0.9071954723294418
19	0.566571988000507
20	0.03828064801966439
21	0.27737129133826205
22	0.4587826572335522
23	0.5309525138815068
24	0.09049436982916054
25	0.09501039487561765
26	0.9071954723294418
27	0.20047693868989178
28	0.3158350635019698
29	0.9680555771461301
30	0.09049436982916054
31	0.04727454821686481
32	0.06540703669975813
33	0.1909478879208065
34	0.31074953590015025
35	0.7111366461700386
36	0.32625716018605133
37	0.2865241396118647
38	0.2959790185358472
39	0.32625716018605133
40	0.5309525138815068
41	0.9220420515895036
42	0.8640747434825014
43	0.9680555771461301
44	0.7588439508744651
45	0.8782156365502339
46	0.34253867592860265
47	0.006524468815236718
48	0.004951053693111541
49	0.12725313808047323
50	0.6556978921951105
51	0.6556978921951105
52	0.6556978921951105
53	0.4739218161276064
54	0.29121320991525734
55	0.27737129133826205
56	0.40950387170122265
57	0.9371316004437271
58	0.5574491330158706
59	0.7838846950415491
60	0.8782156365502339
61	0.8925879504044915
62	0.32625716018605133
63	0.4587826572335522
64	0.09049436982916054
65	0.06647744631284325
66	0.019359110527732547
67	0.09348055211451999
68	0.481677716615238
69	0.809751747262771
70	0.9371316004437271
71	0.9524680951766463
72	0.9524680951766463
73	0.9680555771461301
74	0.9680555771461301
75	0.983898153848305
76	0.9071954723294418
77	0.9071954723294418
78	0.3775797899972509
79	0.2819105719970956
80	0.19724888986614714
81	0.1878732744065199
82	0.2516299796562454
83	0.8501615448993928
84	0.16499324727369866
85	0.12933568132305814
86	0.8782156365502339
87	0.29121320991525734
88	0.2685108255202325
89	0.1818717710859369
90	0.5396417421912961
91	0.548473172838661
92	0.0744771944128507
93	0.08619300005539152
94	0.08619300005539152
95	0.08903724340857806
96	0.10138426111191785
97	0.07693483325865721
98	0.9220420515895036
99	0.9220420515895036
100	0.9220420515895036
101	0.9071954723294418
102	0.06129500098272594
103	0.09049436982916054
104	0.010791719379643074
105	0.01593261814139069
106	0.001962709116638114
107	0.0076743871260476935
108	0.9680555771461301
109	0.9524680951766463
110	0.9524680951766463
111	0.983898153848305
112	0.02133951404984792
113	0.013992274382953229
114	1.0
115	0.010446984132459454
116	0.0034641831191914805
117	0.019675929314445093
118	1.0
119	1.0
120	0.026353155917208635
121	0.0008716923278076609
122	0.001286944230771757
123	0.000803736982286617
124	0.005457537922228077
125	0.9680555771461301
126	0.14256649781436606
127	1.0
128	1.0
129	0.0022348829091086756
130	3.678253276172577e-05
131	0.0006300371192533597
132	0.0001926312627086003
133	0.0005715668219861325
134	0.07819389939674362
135	0.44412711003286787
136	0.32100381758685115
137	0.3158350635019698
138	0.33159647562093936
139	0.5224031981891384
140	0.983898153848305
141	1.0
142	1.0
143	0.5574491330158706
144	0.33159647562093936
145	0.27737129133826205
146	0.33159647562093936
147	0.4299397258291107
148	1.0
149	1.0
150	0.0744771944128507
151	0.001962709116638114
152	0.00023405882653928812
153	0.0014654080128054352
154	0.003246395470718101
155	0.006419412822152335
156	0.9680555771461301
157	0.9680555771461301
158	0.1789432998085774
159	1.0
160	0.00471572068019525
161	0.0013732801563434388
162	0.0013080055346563408
163	0.0014893899404870188
164	0.02812108342598859
165	0.983898153848305
166	0.983898153848305
167	0.01493095993810043
168	0.0009453932456821711
169	0.0016417519552458229
170	0.024696375181437157
171	0.017849913987938726
172	0.9524680951766463
173	0.9524680951766463
174	0.9524680951766463
175	0.9680555771461301
176	0.9524680951766463
177	0.983898153848305
178	1.0
179	1.0
180	1.0
181	0.4587826572335522
182	0.481677716615238
183	0.4739218161276064
184	1.0
185	1.0
186	1.0
187	1.0
188	1.0
189	0.23966952741252232
190	0.23201342268366956
191	0.2865241396118647
192	0.0027155201279554955
193	0.003042299783147321
194	0.0013732801563434388
195	0.0003186194293768106
196	0.025928821455018475
197	1.0
198	0.04502749889045375
199	0.02858129504156366
200	0.21392613224755636
