1	1.0
2	0.8782156365502464
3	0.8501615448994049
4	0.8364723744993592
5	0.8364723744993592
6	0.8364723744993592
7	0.8230036250150506
8	0.809751747262771
9	0.8364723744993592
10	0.9524680951766598
11	0.31074953590015464
12	0.060308038307035794
13	0.08903724340857931
14	0.19094788792080922
15	0.2685108255202324
16	0.7838846950415602
17	0.8782156365502464
18	0.1252041276287828
19	0.09197534264619907
20	0.08077418408895759
21	0.06129500098272679
22	0.17043778391330405
23	0.9524680951766598
24	0.34814444420780405
25	0.055606547367958434
26	0.056516568458294045
27	0.7588439508744758
28	0.7588439508744758
29	0.023143753598939273
30	0.028581295041564064
31	0.09501039487561765
32	0.2320134226836728
33	0.1676934209382962
34	0.059336967552506205
35	0.3775797899972509
36	0.699686033300596
37	0.6556978921951198
38	0.9524680951766598
39	0.7967132492073021
40	0.7588439508744758
41	0.7111366461700487
42	0.7346031188276507
43	0.019047393108381876
44	0.004871332588256415
45	0.0009004569039077774
46	0.001206036106664975
47	0.0028051283336035368
48	0.006214348384488034
49	0.02204368690561934
50	0.00742923325854893
51	0.7588439508744758
52	0.7588439508744758
53	0.023143753598939273
54	0.00652446881523681
55	0.0013080055346563592
56	3.230299542326975e-05
57	0.00010738213038866472
58	0.0011302145468318856
59	0.7838846950415602
60	0.9838981538483328
61	0.9838981538483328
62	0.9071954723294418
63	0.1972488898661499
64	0.19407281858793526
65	0.0876035794134446
66	0.09656527406216286
67	0.20709238541955338
68	0.22460188780169196
69	1.0
70	0.7712627042813435
71	0.014930959938100641
72	0.017562497419084444
73	0.2320134226836728
74	0.2209853827589351
75	0.2282775782464986
76	0.2320134226836728
77	0.21742711012398036
78	0.04430247303072529
79	0.47392181612761314
80	0.48956054519592274
81	0.6664286233595221
82	0.6773349667878948
83	0.7967132492073021
84	0.6451399456130033
85	0.746625162324361
86	0.699686033300596
87	0.5574491330158785
88	0.566571988000515
89	0.6045810297425014
90	0.746625162324361
91	0.9838981538483328
92	0.3655182215245085
93	0.07209806342155876
94	0.06331764666180247
95	0.7346031188276507
96	0.7346031188276507
97	0.06435386265758217
98	0.04576439005840027
99	0.12318811002815044
100	0.746625162324361
101	0.009174704819918202
102	0.015932618141390912
103	0.007674387126047693
104	0.14027091400017713
105	0.026784434765055674
106	0.9838981538483328
107	0.40291010336057753
108	0.1972488898661499
109	0.1789432998085799
110	0.48956054519592274
111	0.5484731728386766
112	0.25574799451757185
113	0.809751747262771
114	0.0242987179477618
115	0.0769348332586583
116	0.2004769386898946
117	0.8230036250150506
118	0.029049038185277716
119	0.013545299253377186
120	0.0330773411179359
121	0.0769348332586583
122	0.809751747262771
123	0.8501615448994049
124	0.8782156365502464
125	0.9838981538483328
126	0.9680555771461302
127	0.9220420515895166
128	0.9071954723294418
129	0.9680555771461302
130	0.25574799451757185
131	0.24757827243667335
132	0.1546203858800132
133	0.14027091400017713
134	0.1546203858800132
135	0.1425664978143681
136	0.18787327440651988
137	0.20375781569034312
138	0.1314523061326923
139	0.2320134226836728
140	0.3315964756209441
141	0.47392181612761314
142	0.6144752151203998
143	0.42301690250932045
144	0.4975723790934037
145	0.5224031981891458
146	0.35963270335587966
147	0.6347520014624477
148	0.06540703669975813
149	0.03529636723622752
150	0.1030434509053353
151	0.35963270335587966
152	0.35963270335587966
153	0.3538419528953351
154	0.32625716018605594
155	0.3538419528953351
156	0.5484731728386766
157	0.2209853827589351
158	0.21392613224755938
159	0.6884197964379098
160	0.9071954723294418
161	0.809751747262771
162	0.7712627042813435
163	0.8925879504044915
164	0.2773712913382699
165	0.5484731728386766
166	0.037664258914665634
167	0.007550815325235737
168	0.5057153295259778
169	0.7712627042813435
170	0.8640747434825137
171	0.6884197964379098
172	0.566571988000515
173	0.25574799451757185
174	0.20709238541955338
175	0.6451399456130033
176	0.3425386759286123
177	0.8640747434825137
178	0.746625162324361
179	0.699686033300596
180	0.7967132492073021
181	0.4441271100328742
182	0.35963270335587966
183	0.8501615448994049
184	0.1357900406092586
185	0.11175569566235918
186	0.3655182215245085
187	0.6144752151203998
188	0.6556978921951198
189	0.4299397258291168
190	0.19094788792080922
191	0.1030434509053353
192	0.057441482370143404
193	0.8501615448994049
194	0.6664286233595221
195	0.8364723744993592
196	0.176061982325188
197	0.11733274450692358
198	0.15213071221465968
199	0.272905101478248
200	0.48956054519592274
