1	0.8640747434825137
2	0.2912132099152615
3	0.2865241396118688
4	0.29597901853585135
5	0.9220420515895167
6	0.8640747434825137
7	0.9071954723294547
8	0.7967132492072909
9	0.7838846950415602
10	0.823003625015039
11	0.7838846950415602
12	0.823003625015039
13	0.2435918051833991
14	0.14489964968096344
15	0.11925293695084385
16	0.8097517472627824
17	0.6664286233595222
18	0.8364723744993591
19	0.26851082552023625
20	0.154620385880011
21	0.0547111792972134
22	0.10472979393476876
23	0.0016153167178432559
24	0.09197534264619907
25	0.0997517873372933
26	0.8925879504044915
27	0.8925879504044915
28	0.8364723744993591
29	0.1425664978143701
30	0.1472709844146142
31	0.7967132492072909
32	0.823003625015039
33	0.7466251623243612
34	0.7111366461700487
35	0.3057458946813884
36	0.251629979656249
37	0.2139261322475594
38	0.7588439508744866
39	0.4441271100328742
40	0.6144752151203912
41	0.15715080394779138
42	0.23201342268367284
43	0.18787327440652257
44	0.18484816784601615
45	0.13801229332339254
46	0.2004769386898946
47	0.823003625015039
48	0.8097517472627824
49	0.9371316004437406
50	0.9524680951766599
51	0.8097517472627824
52	0.6556978921951198
53	0.15715080394779138
54	0.968055577146144
55	0.09814559940423298
56	0.07447719441285176
57	0.12933568132306
58	0.164993247273701
59	0.10304345090533532
60	0.5852680376789872
61	0.29597901853585135
62	0.21742711012398036
63	0.41620554942555466
64	0.7466251623243612
65	0.7346031188276507
66	0.9524680951766599
67	0.2004769386898946
68	0.21742711012398036
69	0.7712627042813435
70	0.048048213152916935
71	0.04727454821686548
72	0.01967592931444537
73	0.020995908477665932
74	0.2557479945175719
75	0.2037578156903431
76	0.22460188780169515
77	0.6556978921951198
78	0.9524680951766599
79	0.5948461590153628
80	0.5574491330158785
81	0.5396417421913039
82	0.5484731728386767
83	0.08077418408895759
84	0.021339514049848223
85	0.06229811565656851
86	0.9524680951766599
87	0.2037578156903431
88	0.154620385880011
89	0.1472709844146142
90	0.164993247273701
91	0.968055577146144
92	0.9838981538483328
93	0.9220420515895167
94	0.9524680951766599
95	0.9071954723294547
96	0.7967132492072909
97	0.7466251623243612
98	0.7227746524257427
99	0.7588439508744866
100	0.968055577146144
101	0.07093715149651068
102	0.06756537356313871
103	0.09501039487561899
104	0.09814559940423298
105	0.8501615448994049
106	0.0547111792972134
107	0.10818572446379239
108	0.1314523061326923
109	0.35384195289533515
110	0.1425664978143701
111	0.05744148237014341
112	0.03254473486014822
113	0.02766828206704513
114	0.024696375181437507
115	0.009790198959862228
116	0.02766828206704513
117	0.006631244087325166
118	0.014453999040223764
119	0.0047928951403666395
120	0.0358740049446921
121	0.07093715149651068
122	0.2139261322475594
123	0.9838981538483328
124	0.968055577146144
125	0.9524680951766599
126	1.0
127	0.9371316004437406
128	0.9371316004437406
129	0.9371316004437406
130	0.9524680951766599
131	1.0
132	0.9524680951766599
133	0.046513340714587285
134	0.053830228305392636
135	0.11733274450692358
136	0.15715080394779138
137	0.9838981538483328
138	0.9838981538483328
139	0.12120455403276081
140	0.29597901853585135
141	0.6773349667879045
142	0.41620554942555466
143	0.4895605451959228
144	0.6996860333005961
145	0.5665719880005231
146	0.7838846950415602
147	0.9524680951766599
148	0.9371316004437406
149	0.9838981538483328
150	0.9838981538483328
151	0.968055577146144
152	1.0
153	0.5309525138815143
154	0.5057153295259849
155	0.9838981538483328
156	0.5396417421913039
157	0.5309525138815143
158	0.07447719441285176
159	0.1972488898661499
160	0.9220420515895167
161	0.055606547367959225
162	0.00196270911663817
163	0.008459463654885606
164	0.055606547367959225
165	0.968055577146144
166	0.9220420515895167
167	0.9524680951766599
168	0.9524680951766599
169	0.9524680951766599
170	0.9371316004437406
171	0.9220420515895167
172	1.0
173	0.9838981538483328
174	0.9838981538483328
175	0.20709238541955047
176	0.05044600800408453
177	0.03705779481220513
178	1.0
179	0.01843893512866384
180	0.021339514049848223
181	0.007191910689857912
182	0.0024635075651007273
183	0.0011487109132294637
184	0.0026287744047199654
185	0.005114431247540003
186	0.019047393108381876
187	0.015175310452307482
188	0.07327797408660716
189	0.2139261322475594
190	0.7466251623243612
191	0.9220420515895167
192	0.331596475620944
193	0.3837590186752804
194	0.3158350635019698
195	0.3210038175868557
196	0.7227746524257427
197	0.43697584363533404
198	0.7967132492072909
199	0.9071954723294547
200	1.0
