1	0.9838981538483188
2	0.9680555771461301
3	0.9680555771461301
4	0.758843950874465
5	0.9680555771461301
6	0.9220420515895167
7	0.09814559940423158
8	0.06030803830703579
9	0.11544347070631857
10	0.03587400494469159
11	0.029524436113288612
12	0.07819389939674361
13	0.907195472329429
14	0.34253867592860743
15	0.35384195289533016
16	0.907195472329429
17	0.907195472329429
18	0.9220420515895167
19	0.9680555771461301
20	0.907195472329429
21	0.9220420515895167
22	0.21742711012397728
23	0.305745894681384
24	0.9371316004437271
25	0.13360357026643588
26	0.1212045540327608
27	0.11175569566235759
28	0.027222771645920248
29	0.0472745482168648
30	0.16499324727369863
31	0.8640747434825012
32	0.8501615448993928
33	0.783884695041549
34	0.012288234154010974
35	0.004348092770690338
36	0.00755081532523563
37	0.004278080449843506
38	0.004792895140366572
39	0.031505112088108564
40	0.9524680951766462
41	0.015932618141390686
42	0.02551131956105536
43	0.02551131956105536
44	0.03705779481220407
45	0.7466251623243612
46	0.7111366461700385
47	0.699686033300586
48	0.7227746524257325
49	0.9838981538483188
50	0.9838981538483188
51	0.3008228213237163
52	0.01567607357528453
53	0.006524468815236717
54	0.0010764932965619024
55	0.003464183119191431
56	0.9838981538483188
57	0.03307734111793543
58	0.027222771645920248
59	0.11175569566235759
60	1.0
61	0.1231881100281487
62	0.012693727967806582
63	0.004792895140366572
64	0.0013732801563434388
65	0.026784434765055293
66	1.0
67	0.6556978921951104
68	1.0
69	1.0
70	1.0
71	1.0
72	0.6451399456130124
73	1.0
74	0.025928821455018472
75	0.001962709116638142
76	0.004278080449843506
77	0.014221262971401534
78	0.1252041276287828
79	0.11358461770178932
80	0.03416884515602799
81	0.03307734111793543
82	0.9838981538483188
83	0.9838981538483188
84	0.015423659850312866
85	0.0035208757183271744
86	0.0027155201279554955
87	0.0016417519552458227
88	0.07947357060372849
89	0.1597226332147545
90	0.06647744631284323
91	0.04804821315291625
92	0.11544347070631857
93	0.31074953590015464
94	0.2641873055176448
95	0.22827757824649536
96	0.23201342268367284
97	0.016458371314135432
98	0.03828064801966439
99	0.019047393108381605
100	0.008189230970776996
101	0.03890712455342798
102	0.25574799451756824
103	0.2599334021689762
104	0.2599334021689762
105	0.041517247454898654
106	0.013766972933526805
107	0.699686033300586
108	0.6773349667878853
109	0.49757237909340374
110	0.9220420515895167
111	0.9524680951766462
112	0.9371316004437271
113	0.8097517472627594
114	0.699686033300586
115	0.614475215120391
116	0.758843950874465
117	0.823003625015039
118	0.6664286233595221
119	0.9220420515895167
120	0.09348055211451997
121	0.006419412822152334
122	0.01874069491495985
123	0.030007614098887924
124	0.025928821455018472
125	0.010968329737619126
126	0.005918968568537472
127	0.823003625015039
128	0.8501615448993928
129	0.9838981538483188
130	0.9838981538483188
131	0.9838981538483188
132	0.9680555771461301
133	0.9680555771461301
134	0.9838981538483188
135	0.9838981538483188
136	0.8640747434825012
137	0.823003625015039
138	0.8364723744993472
139	0.9680555771461301
140	0.9680555771461301
141	0.9220420515895167
142	0.11175569566235759
143	0.0290490381852773
144	0.05838153282986845
145	0.513991542262758
146	0.5057153295259706
147	0.010113261253784644
148	0.014690543918280221
149	0.03361866366814549
150	0.8501615448993928
151	0.8501615448993928
152	0.6347520014624387
153	0.34814444420780405
154	0.34814444420780405
155	0.3655182215245033
156	0.6045810297424928
157	0.6451399456130124
158	0.2641873055176448
159	0.000976589844633953
160	0.001538537637351158
161	0.0011487109132294472
162	0.0005623635409531065
163	0.09049436982916183
164	0.2641873055176448
165	0.2729051014782441
166	0.29121320991525734
167	0.8097517472627594
168	0.7227746524257325
169	0.7227746524257325
170	0.7346031188276403
171	0.7111366461700385
172	0.13360357026643588
173	0.023522509426831248
174	0.14489964968096344
175	0.062298115656567614
176	0.45878265723355866
177	0.7967132492072908
178	0.5574491330158785
179	0.2516299796562454
180	0.305745894681384
181	0.34253867592860743
182	0.37150005830873106
183	0.7346031188276403
184	0.062298115656567614
185	0.031505112088108564
186	0.005457537922228077
187	0.017849913987938726
188	0.08343961441457963
189	0.03202070454638286
190	0.030007614098887924
191	0.022771096439116737
192	0.0045650797047264175
193	0.011895693606067882
194	0.9220420515895167
195	0.8782156365502339
196	0.9371316004437271
197	0.9220420515895167
198	0.9220420515895167
199	1.0
200	1.0
