1	0.9371316004437406
2	0.9071954723294419
3	0.9371316004437406
4	0.8230036250150391
5	0.7967132492073021
6	0.8640747434825014
7	0.746625162324361
8	0.746625162324361
9	0.10472979393476876
10	0.098145599404233
11	0.15972263321475677
12	0.1472709844146142
13	0.14489964968096347
14	0.2209853827589351
15	0.1972488898661499
16	0.22460188780169194
17	0.7346031188276403
18	0.7346031188276403
19	0.8230036250150391
20	0.7838846950415602
21	0.2396695274125257
22	0.17043778391330167
23	0.14027091400017716
24	0.11925293695084216
25	0.11544347070631857
26	0.11175569566235918
27	0.08760357941344458
28	0.24359180518339563
29	0.3837590186752804
30	0.22460188780169194
31	0.2729051014782441
32	0.10995622264422979
33	0.12318811002815044
34	0.513991542262758
35	0.8925879504044915
36	0.8925879504044915
37	0.566571988000515
38	0.2070923854195534
39	0.13579004060925667
40	0.1212045540327608
41	0.11925293695084216
42	0.2641873055176486
43	0.9071954723294419
44	0.12725313808047323
45	0.017849913987938726
46	0.07819389939674361
47	0.12725313808047323
48	0.8640747434825014
49	0.8925879504044915
50	0.9680555771461302
51	0.8782156365502339
52	0.1472709844146142
53	0.09501039487561765
54	0.013992274382953428
55	0.024298717947761804
56	0.8501615448994049
57	0.9071954723294419
58	0.9220420515895167
59	0.809751747262771
60	0.677334966787895
61	0.01874069491496012
62	0.0040747351370749516
63	0.019675929314445093
64	0.09348055211452132
65	0.14968112689163354
66	0.2396695274125257
67	0.18787327440651988
68	0.3425386759286075
69	0.22460188780169194
70	0.8364723744993591
71	0.699686033300596
72	0.7712627042813436
73	0.7346031188276403
74	0.39003937264673083
75	0.23581040555488308
76	0.2139261322475594
77	0.466290799956401
78	0.21742711012397728
79	0.2516299796562454
80	0.31074953590015464
81	0.677334966787895
82	0.566571988000515
83	0.39003937264673083
84	0.4369758436353279
85	0.8364723744993591
86	0.7967132492073021
87	0.7346031188276403
88	0.7712627042813436
89	0.7967132492073021
90	0.809751747262771
91	0.8782156365502339
92	0.7346031188276403
93	0.18484816784601615
94	0.2070923854195534
95	0.8925879504044915
96	0.5852680376789788
97	0.8364723744993591
98	0.34814444420780405
99	0.6556978921951105
100	0.210481526578285
101	0.3837590186752804
102	0.466290799956401
103	0.15715080394779135
104	0.4369758436353279
105	0.4095038717012285
106	0.8925879504044915
107	0.8364723744993591
108	0.8501615448994049
109	0.9524680951766599
110	0.19094788792080922
111	0.12933568132305998
112	0.13801229332339257
113	0.16769342093829856
114	0.14489964968096347
115	0.3370231708678045
116	0.8230036250150391
117	0.15715080394779135
118	0.11175569566235918
119	0.07693483325865721
120	0.08480513362914896
121	0.11175569566235918
122	0.7346031188276403
123	0.02551131956105536
124	0.05127157501696131
125	0.4895605451959158
126	0.02168874285044954
127	0.01593261814139069
128	0.0574414823701426
129	0.11733274450692356
130	0.2819105719970956
131	0.9524680951766599
132	0.9838981538483188
133	0.9838981538483188
134	0.9680555771461302
135	0.3008228213237163
136	0.11358461770178933
137	0.08903724340857933
138	0.07693483325865721
139	0.07569604040982107
140	0.9524680951766599
141	0.9680555771461302
142	0.3262571601860513
143	0.04651334071458728
144	0.02858129504156366
145	0.7227746524257325
146	0.098145599404233
147	0.13579004060925667
148	0.15213071221465752
149	0.07693483325865721
150	0.0612950009827268
151	0.17606198232518802
152	0.2516299796562454
153	0.4299397258291168
154	0.7227746524257325
155	0.4369758436353279
156	0.47392181612761314
157	0.5057153295259778
158	0.809751747262771
159	0.8925879504044915
160	0.9680555771461302
161	0.8782156365502339
162	0.9371316004437406
163	0.9680555771461302
164	0.9680555771461302
165	0.9680555771461302
166	0.9371316004437406
167	0.6451399456130033
168	0.2865241396118688
169	0.25993340216897615
170	0.2516299796562454
171	0.2516299796562454
172	0.038280648019664396
173	0.03529636723622752
174	0.6884197964379098
175	0.8782156365502339
176	0.18787327440651988
177	0.002628774404719928
178	0.0026717952406334006
179	0.005114431247540076
180	0.8230036250150391
181	0.9371316004437406
182	0.9524680951766599
183	0.9071954723294419
184	0.8925879504044915
185	0.9371316004437406
186	0.24359180518339563
187	0.0686711051330571
188	0.02551131956105536
189	0.05044600800408454
190	0.16233655139003125
191	0.010113261253784644
192	0.05296346225090933
193	0.06229811565656851
194	0.11544347070631857
195	0.16499324727370096
196	0.2004769386898946
197	0.18187177108593688
198	0.19407281858793526
199	0.2641873055176486
200	0.4513954094697245
