1	1.0
2	0.26851082552023625
3	0.2516299796562454
4	0.2959790185358471
5	1.0
6	1.0
7	0.9838981538483189
8	0.9838981538483189
9	0.9680555771461302
10	0.9838981538483189
11	0.1818717710859369
12	0.07209806342155774
13	0.07947357060372963
14	0.6773349667878948
15	0.2959790185358471
16	0.6664286233595222
17	0.2599334021689762
18	0.45139540946972445
19	0.47392181612760637
20	0.9838981538483189
21	0.0744771944128507
22	0.02390746372968351
23	0.009950419076984445
24	0.013992274382953427
25	0.024298717947761457
26	0.01999793295422567
27	0.28652413961186873
28	0.2396695274125257
29	0.2729051014782441
30	0.37150005830873106
31	0.9220420515895166
32	0.9680555771461302
33	0.9838981538483189
34	0.9838981538483189
35	0.9838981538483189
36	0.9524680951766462
37	0.9524680951766462
38	0.5758441417787837
39	0.4975723790934038
40	0.5665719880005069
41	0.9524680951766462
42	0.9371316004437271
43	0.9524680951766462
44	0.9680555771461302
45	0.9680555771461302
46	0.48956054519591574
47	0.3538419528953301
48	0.39003937264673083
49	0.21392613224755938
50	0.028121083425988992
51	0.03646109590141792
52	0.10304345090533383
53	0.3775797899972455
54	0.9838981538483189
55	0.746625162324361
56	0.09501039487561765
57	0.09197534264619776
58	0.015932618141390686
59	0.2516299796562454
60	0.8925879504044915
61	0.6347520014624387
62	0.6451399456130124
63	0.8640747434825136
64	0.277371291338266
65	0.01311260248634491
66	0.017849913987938722
67	0.06331764666180247
68	1.0
69	0.9524680951766462
70	0.1818717710859369
71	0.13579004060925665
72	0.08209608258032049
73	0.2959790185358471
74	0.3837590186752804
75	0.3057458946813841
76	0.2599334021689762
77	0.39642250686330754
78	0.34814444420780405
79	0.11733274450692356
80	0.22827757824649536
81	0.3775797899972455
82	0.9838981538483189
83	0.9838981538483189
84	0.9838981538483189
85	0.9838981538483189
86	0.3370231708678045
87	0.2037578156903402
88	0.1789432998085799
89	0.8364723744993472
90	0.39003937264673083
91	0.45878265723355866
92	0.0547111792972134
93	0.06331764666180247
94	0.5309525138815068
95	0.5758441417787837
96	0.48167771661524483
97	0.8782156365502339
98	0.8782156365502339
99	0.6884197964379097
100	0.6884197964379097
101	0.30082282132371624
102	0.22460188780169194
103	0.7712627042813435
104	0.11925293695084216
105	0.10138426111191785
106	0.5224031981891384
107	0.2037578156903402
108	0.15715080394779135
109	0.6451399456130124
110	0.08619300005539272
111	0.012901465378461633
112	0.02390746372968351
113	0.14489964968096344
114	0.8925879504044915
115	0.8925879504044915
116	0.9071954723294418
117	0.23201342268367284
118	0.07947357060372963
119	0.08209608258032049
120	0.07569604040982107
121	0.6245313223904277
122	0.13145230613269043
123	0.14256649781436806
124	0.6773349667878948
125	0.7588439508744649
126	0.8925879504044915
127	0.6884197964379097
128	0.6664286233595222
129	0.7967132492072909
130	0.783884695041549
131	0.809751747262771
132	0.7588439508744649
133	0.6773349667878948
134	0.7227746524257325
135	0.5139915422627579
136	0.47392181612760637
137	0.5484731728386688
138	0.699686033300586
139	0.8364723744993472
140	0.05838153282986845
141	0.006850065475449526
142	0.002423840545293938
143	0.0021988971683392176
144	0.02635315591720863
145	1.0
146	0.06979493239667438
147	0.001994829555235368
148	0.0001283749872229008
149	0.001962709116638142
150	0.002759960588740131
151	0.002384812237737442
152	0.004951053693111611
153	0.013766972933527001
154	1.0
155	1.0
156	1.0
157	1.0
158	1.0
159	0.013992274382953427
160	0.0048713325882563455
161	0.001994829555235368
162	0.0026287744047199277
163	0.001994829555235368
164	0.0003569613831694935
165	0.003142691241050594
166	0.07093715149650967
167	1.0
168	0.023143753598938943
169	0.00027087798631395796
170	0.004009124378788865
171	0.006962169253653824
172	0.007309608887594823
173	0.823003625015039
174	0.7967132492072909
175	0.699686033300586
176	0.7588439508744649
177	0.2959790185358471
178	0.26418730551764474
179	0.2516299796562454
180	0.26851082552023625
181	0.9680555771461302
182	0.019675929314445093
183	0.011515692539375575
184	0.011515692539375575
185	0.00932485215470036
186	0.03828064801966439
187	0.10304345090533383
188	0.9838981538483189
189	0.9838981538483189
190	0.9838981538483189
191	0.210481526578282
192	0.1496811268916314
193	0.12933568132305998
194	0.699686033300586
195	0.5224031981891384
196	0.6664286233595222
197	0.9838981538483189
198	0.9680555771461302
199	0.9838981538483189
200	0.9838981538483189
