1	0.42301690250931445
2	0.4369758436353278
3	0.4587826572335521
4	0.42993972582911066
5	0.96805557714613
6	0.9071954723294289
7	0.8925879504044913
8	0.9071954723294289
9	0.7111366461700385
10	0.6884197964379
11	0.7712627042813325
12	0.7712627042813325
13	0.937131600443727
14	0.9838981538483188
15	0.9838981538483188
16	0.9838981538483188
17	0.16233655139003356
18	0.16769342093829617
19	0.1496811268916314
20	0.06979493239667436
21	0.06756537356313774
22	0.13360357026643588
23	0.07569604040982106
24	0.15972263321475447
25	0.13145230613269226
26	0.746625162324361
27	0.8364723744993591
28	0.9524680951766462
29	0.96805557714613
30	0.6347520014624386
31	0.37150005830873106
32	0.36551822152450325
33	0.9524680951766462
34	0.7227746524257325
35	0.8230036250150389
36	0.5948461590153626
37	0.7111366461700385
38	0.7588439508744649
39	0.8097517472627709
40	0.8097517472627709
41	0.8230036250150389
42	0.9071954723294289
43	0.20047693868989175
44	0.3900393726467364
45	0.0769348332586572
46	0.06331764666180247
47	0.12520412762878277
48	0.10472979393476874
49	0.10818572446379238
50	0.1135846177017893
51	0.00755081532523563
52	0.1732270593726278
53	0.8925879504044913
54	0.9071954723294289
55	0.9838981538483188
56	0.937131600443727
57	0.21392613224755633
58	0.02766828206704473
59	0.017849913987938722
60	0.015175310452307482
61	0.005546852487609636
62	0.005546852487609636
63	0.04358912142584555
64	0.4587826572335521
65	0.8364723744993591
66	0.6347520014624386
67	0.26418730551764474
68	0.30082282132371624
69	0.7967132492072908
70	0.18484816784601352
71	0.08077418408895644
72	0.0769348332586572
73	0.16769342093829617
74	0.1732270593726278
75	0.176061982325188
76	0.048834539393112344
77	0.7967132492072908
78	0.9071954723294289
79	0.8782156365502337
80	0.007076107650393088
81	0.044302473030725285
82	0.05383022830539186
83	0.9838981538483188
84	1.0
85	0.0547111792972134
86	0.052110652730084805
87	0.05044600800408382
88	0.04651334071458661
89	0.027222771645920248
90	0.02812108342598859
91	0.048834539393112344
92	0.004951053693111541
93	0.9524680951766462
94	0.9524680951766462
95	0.007799981223697563
96	0.014930959938100426
97	0.176061982325188
98	0.9838981538483188
99	0.5484731728386687
100	0.04963373414423558
101	0.031505112088108564
102	0.04502749889045374
103	0.7588439508744649
104	0.5139915422627507
105	0.5948461590153626
106	0.10472979393476874
107	0.10138426111191784
108	0.09501039487561765
109	0.12933568132305998
110	1.0
111	0.96805557714613
112	0.15715080394779135
113	0.18787327440651988
114	1.0
115	1.0
116	0.9838981538483188
117	0.8364723744993591
118	0.937131600443727
119	0.8925879504044913
120	0.8782156365502337
121	0.96805557714613
122	0.96805557714613
123	0.8501615448993927
124	1.0
125	0.96805557714613
126	0.937131600443727
127	0.1521307122146575
128	0.12318811002814867
129	0.8925879504044913
130	0.9071954723294289
131	0.05560654736795764
132	0.06979493239667436
133	0.07209806342155774
134	0.0769348332586572
135	0.5758441417787756
136	0.6773349667878948
137	0.5758441417787756
138	0.3596327033558796
139	0.04963373414423558
140	0.03890712455342798
141	0.4587826572335521
142	0.96805557714613
143	0.96805557714613
144	0.13360357026643588
145	0.06979493239667436
146	0.05838153282986845
147	0.9838981538483188
148	0.96805557714613
149	0.0030422997831473205
150	0.002759960588740092
151	0.03954385360034534
152	0.04963373414423558
153	0.0023086307871880733
154	0.012090370898187255
155	0.012693727967806583
156	0.01672771846329989
157	0.96805557714613
158	0.96805557714613
159	0.030498699465507893
160	0.003194122510301083
161	0.0044192508682770176
162	1.0
163	0.17894329980857734
164	0.21392613224755633
165	0.210481526578285
166	0.22098538275893193
167	0.24757827243666986
168	0.1521307122146575
169	0.21392613224755633
170	0.8230036250150389
171	0.13579004060925665
172	0.1099562226442282
173	0.5948461590153626
174	0.8364723744993591
175	0.3900393726467364
176	0.2320134226836728
177	0.0612950009827268
178	0.07569604040982106
179	0.481677716615238
180	0.7588439508744649
181	0.8501615448993927
182	0.8501615448993927
183	0.5309525138815067
184	0.2912132099152615
185	0.22827757824649209
186	0.3425386759286026
187	0.019047393108381872
188	0.008189230970776996
189	0.0034641831191914796
190	0.002503823749912712
191	0.1521307122146575
192	0.18187177108593688
193	0.1704377839133016
194	0.14027091400017713
195	0.04084874312373917
196	0.348144444207804
197	0.16499324727369863
198	0.12520412762878277
199	0.13360357026643588
200	0.8230036250150389
