1	0.9838981538483118
2	1.0
3	0.9524680951766462
4	1.0
5	0.6556978921951058
6	0.9220420515895036
7	0.4895605451959123
8	0.9838981538483118
9	0.18187177108593688
10	0.12725313808047228
11	0.07209806342155722
12	0.04804821315291591
13	0.10304345090533455
14	0.1192529369508413
15	0.4029101033605775
16	0.41620554942555466
17	0.6245313223904233
18	0.7588439508744703
19	0.9838981538483118
20	0.9371316004437337
21	0.6451399456130031
22	0.6451399456130031
23	0.9680555771461301
24	0.8364723744993531
25	0.7967132492072908
26	0.8501615448993987
27	0.9220420515895036
28	0.8782156365502276
29	0.9680555771461301
30	0.18187177108593688
31	0.154620385880011
32	0.9838981538483118
33	0.21742711012397725
34	0.1940728185879325
35	0.9680555771461301
36	0.8640747434825012
37	1.0
38	0.8640747434825012
39	0.8782156365502276
40	0.8640747434825012
41	0.8925879504044915
42	0.8364723744993531
43	0.8501615448993987
44	0.9680555771461301
45	0.9371316004437337
46	0.1940728185879325
47	0.19094788792080786
48	0.8097517472627652
49	0.07209806342155722
50	0.0861930000553921
51	0.3370231708678045
52	0.2819105719970936
53	0.37757978999724817
54	0.5139915422627507
55	0.24359180518339563
56	0.9680555771461301
57	0.0025864462836876503
58	3.861812584378904e-05
59	0.00029378051233887553
60	0.00031348906834405315
61	0.0011487109132294472
62	0.005457537922228077
63	0.008597905811488782
64	0.9838981538483118
65	1.0
66	0.9371316004437337
67	1.0
68	1.0
69	0.3315964756209393
70	0.2865241396118667
71	0.30574589468138186
72	0.4975723790934037
73	1.0
74	1.0
75	1.0
76	1.0
77	1.0
78	0.8230036250150331
79	0.8097517472627652
80	0.8230036250150331
81	0.4975723790934037
82	0.47392181612760975
83	0.4895605451959123
84	0.522403198189142
85	1.0
86	0.9071954723294353
87	0.9838981538483118
88	1.0
89	0.02065783558954363
90	0.005283200023099392
91	0.0009004569039077774
92	0.0001242741223471923
93	0.000208918088254785
94	0.0011302145468318776
95	0.0034084033755650083
96	1.0
97	0.22460188780169194
98	0.2320134226836728
99	0.35963270335587966
100	0.41620554942555466
101	0.6451399456130031
102	0.31583506350196755
103	0.13579004060925667
104	0.11544347070631775
105	0.8230036250150331
106	0.45139540946972445
107	0.6245313223904233
108	0.9071954723294353
109	0.9838981538483118
110	0.9524680951766462
111	0.8364723744993531
112	0.8097517472627652
113	0.9524680951766462
114	0.9680555771461301
115	0.8230036250150331
116	0.6556978921951058
117	0.8097517472627652
118	0.2865241396118667
119	0.18484816784601352
120	0.26418730551764663
121	0.13579004060925667
122	0.2209853827589335
123	0.21392613224755785
124	0.4029101033605775
125	0.6996860333005911
126	0.7712627042813325
127	1.0
128	1.0
129	1.0
130	1.0
131	1.0
132	0.12120455403275907
133	0.010968329737619126
134	0.013766972933526904
135	0.009950419076984445
136	0.013112602486344908
137	0.154620385880011
138	0.8501615448993987
139	0.5574491330158785
140	0.6556978921951058
141	0.9524680951766462
142	1.0
143	1.0
144	1.0
145	1.0
146	1.0
147	0.04804821315291591
148	0.004348092770690369
149	0.005198130749138925
150	0.0031426912410505714
151	0.0014654080128054454
152	0.0009301706690873581
153	0.0267844347650551
154	0.9680555771461301
155	0.9838981538483118
156	0.9838981538483118
157	1.0
158	0.9524680951766462
159	0.8640747434825012
160	0.7466251623243609
161	0.7111366461700386
162	0.7967132492072908
163	0.8640747434825012
164	0.9524680951766462
165	0.8782156365502276
166	0.9071954723294353
167	0.9371316004437337
168	0.24359180518339563
169	0.17606198232518674
170	0.17043778391330042
171	0.17894329980857737
172	0.5396417421912961
173	0.9838981538483118
174	0.9838981538483118
175	1.0
176	1.0
177	1.0
178	0.3964225068633103
179	0.010446984132459527
180	0.009632558682416109
181	0.023907463729683335
182	0.08760357941344458
183	0.9838981538483118
184	0.9838981538483118
185	1.0
186	1.0
187	0.9524680951766462
188	0.09975178733729259
189	0.07209806342155722
190	0.07447719441285122
191	0.06867110513305662
192	0.052110652730084805
193	0.05838153282986845
194	0.10472979393476874
195	1.0
196	1.0
197	0.9838981538483118
198	1.0
199	0.9680555771461301
200	0.9838981538483118
