1	0.19094788792080922
2	0.20709238541955344
3	0.22460188780169196
4	0.9071954723294419
5	0.272905101478248
6	0.1878732744065199
7	0.3370231708678045
8	0.9838981538483329
9	1.0
10	1.0
11	1.0
12	1.0
13	0.7466251623243612
14	0.7466251623243612
15	0.11175569566235918
16	0.0370577948122046
17	0.10472979393476876
18	0.7466251623243612
19	0.010278768401209684
20	0.2516299796562454
21	0.2516299796562454
22	0.9838981538483329
23	0.9371316004437406
24	0.9371316004437406
25	0.9680555771461301
26	0.9524680951766599
27	0.9524680951766599
28	0.0030422997831473643
29	0.00014617706845573543
30	5.1723579370892515e-05
31	4.3265345253976524e-05
32	8.815652244038684e-06
33	3.738449210201162e-05
34	0.00039991732244171066
35	0.0003084413155953478
36	0.002544799723548161
37	0.8925879504044915
38	0.9371316004437406
39	0.9371316004437406
40	0.9371316004437406
41	1.0
42	1.0
43	0.9838981538483329
44	0.9680555771461301
45	0.9524680951766599
46	0.9680555771461301
47	0.9071954723294419
48	0.9220420515895167
49	0.0018393167356806218
50	4.054532224160943e-05
51	5.986007548655917e-05
52	3.67825327617263e-05
53	1.7151356625887877e-05
54	5.0890734253447406e-05
55	0.0001073821303886647
56	0.0002665163506524553
57	0.0029933131400918323
58	0.466290799956401
59	0.35384195289533515
60	0.11175569566235918
61	0.2475782724366734
62	0.7466251623243612
63	0.7111366461700487
64	0.7466251623243612
65	0.7346031188276508
66	0.3158350635019698
67	0.481677716615238
68	0.5057153295259778
69	0.6773349667878948
70	0.9524680951766599
71	0.9838981538483329
72	0.8364723744993591
73	0.7712627042813435
74	0.809751747262771
75	0.8640747434825014
76	0.9838981538483329
77	0.6245313223904277
78	0.5139915422627653
79	0.9680555771461301
80	0.9838981538483329
81	0.12933568132306184
82	0.05651656845829405
83	0.061295000982726805
84	0.09348055211452132
85	0.16769342093829617
86	0.9838981538483329
87	0.06647744631284419
88	0.09656527406216288
89	1.0
90	0.06331764666180247
91	0.028581295041564064
92	0.013327194928720825
93	0.007927630713798602
94	0.06647744631284419
95	0.015423659850313087
96	0.8364723744993591
97	0.17894329980857993
98	0.16233655139003356
99	0.2396695274125257
100	0.7712627042813435
101	0.7227746524257326
102	0.02168874285044954
103	0.0370577948122046
104	0.09501039487561765
105	0.09348055211452132
106	0.10138426111191928
107	0.12318811002815044
108	0.5057153295259778
109	0.0876035794134446
110	0.08343961441458082
111	0.08343961441458082
112	0.031505112088109015
113	0.40950387170123426
114	0.8640747434825014
115	0.6773349667878948
116	0.6347520014624477
117	0.9071954723294419
118	0.4513954094697245
119	0.37757978999725095
120	0.4587826572335652
121	0.4369758436353341
122	0.42301690250932045
123	0.2004769386898946
124	0.5948461590153712
125	0.5057153295259778
126	0.48956054519592274
127	0.5057153295259778
128	0.5574491330158785
129	0.9524680951766599
130	0.09656527406216288
131	0.03954385360034535
132	0.006015834611932771
133	0.0050320794624388356
134	0.0045650797047264826
135	0.04576439005840027
136	0.5852680376789872
137	0.04084874312373918
138	0.2912132099152615
139	0.5574491330158785
140	1.0
141	1.0
142	0.9838981538483329
143	0.42301690250932045
144	0.04288725609876025
145	0.04576439005840027
146	0.272905101478248
147	0.17894329980857993
148	0.9680555771461301
149	0.009477456704464872
150	0.008459463654885726
151	0.001962709116638142
152	0.0008859578853748478
153	0.0026717952406334006
154	1.0
155	1.0
156	1.0
157	1.0
158	1.0
159	1.0
160	0.0033535217887888376
161	0.0022714575694317693
162	0.0013294115143324132
163	0.003299523896879449
164	0.004871332588256416
165	0.2037578156903431
166	0.2641873055176486
167	0.9838981538483329
168	0.9838981538483329
169	0.9838981538483329
170	0.8640747434825014
171	0.8230036250150508
172	0.9371316004437406
173	0.6884197964379196
174	0.6045810297425014
175	0.8364723744993591
176	0.8782156365502465
177	0.7588439508744758
178	0.6773349667878948
179	0.2139261322475594
180	0.48956054519592274
181	0.5309525138815143
182	0.11358461770178932
183	0.07447719441285176
184	0.49757237909341084
185	0.4369758436353341
186	0.043589121425846165
187	0.01999793295422595
188	0.05044600800408453
189	0.9524680951766599
190	0.08619300005539395
191	0.06331764666180247
192	0.9838981538483329
193	0.15213071221465968
194	0.08209608258032164
195	0.017562497419084444
196	0.009632558682416177
197	0.061295000982726805
198	0.8640747434825014
199	0.5309525138815143
200	0.6884197964379196
