1	0.9071954723294419
2	0.8782156365502339
3	0.5758441417787797
4	0.5224031981891384
5	0.6664286233595269
6	0.6045810297425014
7	0.7227746524257325
8	0.7588439508744758
9	0.33159647562093697
10	0.2729051014782441
11	0.24359180518339563
12	0.1496811268916325
13	0.0876035794134446
14	0.13579004060925667
15	0.16233655139003242
16	0.2599334021689743
17	0.35384195289533266
18	0.8364723744993472
19	0.8640747434825076
20	0.7111366461700436
21	0.3107495359001525
22	0.2358104055548831
23	0.1380122933233906
24	0.09656527406216081
25	0.08209608258032047
26	0.04576439005839962
27	0.5852680376789788
28	0.12120455403275994
29	0.3596327033558822
30	0.8501615448993988
31	0.9371316004437271
32	0.8925879504044978
33	0.8640747434825076
34	0.4895605451959158
35	0.40291010336057753
36	0.9524680951766531
37	0.3596327033558822
38	0.22098538275893195
39	0.060308038307035364
40	0.02812108342598879
41	0.04727454821686481
42	0.207092385419549
43	0.5057153295259778
44	0.5484731728386688
45	0.6996860333005861
46	0.8782156365502339
47	0.8925879504044978
48	0.9071954723294419
49	0.7967132492072965
50	0.7838846950415491
51	0.7227746524257325
52	0.5574491330158745
53	0.5852680376789788
54	0.6045810297425014
55	0.9680555771461302
56	0.9524680951766531
57	0.7967132492072965
58	0.92204205158951
59	0.9071954723294419
60	0.33159647562093697
61	0.04651334071458695
62	0.23201342268367117
63	0.2599334021689743
64	0.2174271101239788
65	0.02592882145501866
66	0.02766828206704513
67	0.013992274382953328
68	0.019359110527732544
69	0.0890372434085787
70	0.8782156365502339
71	0.6045810297425014
72	0.3775797899972509
73	0.6451399456130079
74	0.14727098441461212
75	0.1252041276287837
76	0.1425664978143681
77	0.15213071221465752
78	0.13360357026643682
79	0.15715080394779135
80	0.277371291338264
81	0.7346031188276403
82	0.6996860333005861
83	0.5758441417787797
84	0.3008228213237163
85	0.25574799451756824
86	0.24359180518339563
87	0.06129500098272593
88	0.1818717710859369
89	0.8364723744993472
90	0.9838981538483118
91	0.5852680376789788
92	0.22460188780169354
93	0.19407281858793388
94	0.19094788792080922
95	0.45878265723355544
96	0.32100381758685337
97	0.7967132492072965
98	0.09975178733729259
99	0.016458371314135436
100	0.004951053693111576
101	0.003944570074838681
102	0.0007410792960859142
103	0.0009301706690873649
104	0.0012257733200817583
105	0.03416884515602799
106	0.9838981538483118
107	0.9524680951766531
108	0.9524680951766531
109	0.6045810297425014
110	0.09049436982916118
111	0.44412711003287103
112	0.4299397258291138
113	0.4975723790934002
114	0.566571988000515
115	0.9838981538483118
116	0.9838981538483118
117	0.9838981538483118
118	0.92204205158951
119	0.12933568132305906
120	0.045027498890454064
121	0.45878265723355544
122	0.4895605451959158
123	0.5057153295259778
124	0.03890712455342826
125	0.003818563060391313
126	0.006114285902868104
127	0.00335352178878879
128	0.008057369233584964
129	0.0083232506725889
130	0.019359110527732544
131	0.09814559940423159
132	0.9838981538483118
133	0.3262571601860513
134	0.26851082552023436
135	0.9838981538483118
136	0.09656527406216081
137	0.17043778391330164
138	0.19407281858793388
139	0.015423659850313087
140	0.22460188780169354
141	0.1676934209382974
142	0.19094788792080922
143	0.2641873055176486
144	0.9371316004437271
145	0.809751747262771
146	0.32100381758685337
147	0.2641873055176486
148	0.08619300005539211
149	0.7588439508744758
150	0.5309525138815105
151	0.9680555771461302
152	0.10472979393476876
153	0.06756537356313823
154	0.45878265723355544
155	0.9838981538483118
156	0.9838981538483118
157	0.9838981538483118
158	0.9838981538483118
159	0.4369758436353278
160	0.05211065273008518
161	0.1099562226442282
162	0.9680555771461302
163	0.7227746524257325
164	0.7588439508744758
165	0.030007614098887712
166	0.04288725609875964
167	0.26851082552023436
168	0.92204205158951
169	0.771262704281338
170	0.7967132492072965
171	0.92204205158951
172	0.8782156365502339
173	0.8925879504044978
174	0.9071954723294419
175	0.92204205158951
176	0.7967132492072965
177	0.809751747262771
178	0.8925879504044978
179	0.8782156365502339
180	0.07209806342155724
181	0.05560654736795804
182	0.08343961441458024
183	0.9071954723294419
184	0.92204205158951
185	0.9524680951766531
186	0.9524680951766531
187	0.176061982325188
188	0.2004769386898932
189	0.09501039487561765
190	0.8640747434825076
191	0.2516299796562454
192	0.07447719441285122
193	0.04963373414423629
194	0.04727454821686481
195	0.07209806342155724
196	0.1496811268916325
197	0.15715080394779135
198	0.9838981538483118
199	0.9680555771461302
200	0.9838981538483118
