1	0.9680555771461438
2	0.809751747262771
3	0.699686033300596
4	0.699686033300596
5	0.8925879504044915
6	0.5665719880005109
7	0.48956054519591924
8	0.513991542262758
9	0.836472374499359
10	0.8640747434825137
11	0.3538419528953326
12	0.1732270593726278
13	0.24359180518339904
14	0.9071954723294354
15	0.8782156365502402
16	0.46629079995640094
17	0.23581040555488308
18	0.5224031981891458
19	0.08619300005539333
20	0.02635315591720863
21	0.03828064801966466
22	0.05127157501696167
23	0.3775797899972509
24	0.7838846950415546
25	0.47392181612760975
26	0.45139540946972445
27	0.26418730551764663
28	0.31074953590015464
29	0.03828064801966466
30	0.08903724340857867
31	0.07093715149650967
32	0.10304345090533457
33	0.7838846950415546
34	0.9838981538483259
35	0.4029101033605775
36	0.3715000583087311
37	0.3900393726467363
38	0.3964225068633104
39	0.836472374499359
40	0.836472374499359
41	0.9680555771461438
42	0.9680555771461438
43	0.9838981538483259
44	0.5224031981891458
45	0.15972263321475563
46	0.1496811268916325
47	0.009324852154700294
48	0.7712627042813435
49	0.40950387170123137
50	0.032544734860148215
51	0.020657835589543774
52	0.018438935128663837
53	0.08903724340857867
54	0.9220420515895166
55	0.9680555771461438
56	0.9680555771461438
57	0.8501615448993988
58	0.809751747262771
59	0.6556978921951152
60	0.6245313223904277
61	0.6664286233595221
62	0.6664286233595221
63	0.6773349667878948
64	0.6556978921951152
65	0.7111366461700436
66	0.809751747262771
67	0.5574491330158785
68	0.3262571601860559
69	0.272905101478246
70	0.7346031188276455
71	0.4230169025093174
72	0.6144752151203955
73	0.5396417421912961
74	0.6245313223904277
75	0.699686033300596
76	0.7967132492072965
77	0.7838846950415546
78	0.699686033300596
79	0.7111366461700436
80	0.7227746524257427
81	0.809751747262771
82	0.9220420515895166
83	0.6556978921951152
84	0.22460188780169194
85	0.1357900406092586
86	0.23581040555488308
87	0.5224031981891458
88	0.24359180518339904
89	0.11175569566235839
90	0.5057153295259778
91	0.7111366461700436
92	0.699686033300596
93	0.5574491330158785
94	0.4230169025093174
95	0.08903724340857867
96	0.41620554942555466
97	0.5057153295259778
98	0.4975723790934037
99	0.48956054519591924
100	0.6773349667878948
101	0.7111366461700436
102	0.6556978921951152
103	0.5948461590153669
104	0.6347520014624433
105	0.31074953590015464
106	0.3715000583087311
107	0.7588439508744703
108	0.8501615448993988
109	0.6664286233595221
110	0.32100381758685564
111	0.24359180518339904
112	0.31074953590015464
113	0.5309525138815104
114	0.7346031188276455
115	0.6664286233595221
116	0.444127110032871
117	0.46629079995640094
118	0.02635315591720863
119	0.21392613224756088
120	0.48956054519591924
121	0.746625162324361
122	0.9524680951766531
123	0.8230036250150448
124	0.8230036250150448
125	0.836472374499359
126	0.4975723790934037
127	0.31583506350196755
128	0.23201342268367284
129	0.34814444420780405
130	0.8925879504044915
131	0.40950387170123137
132	0.1425664978143691
133	0.12120455403276079
134	0.2475782724366716
135	0.513991542262758
136	0.9220420515895166
137	0.20375781569034165
138	0.23201342268367284
139	0.9371316004437404
140	0.9524680951766531
141	0.9371316004437404
142	0.9680555771461438
143	0.9680555771461438
144	0.9680555771461438
145	0.9524680951766531
146	0.9371316004437404
147	0.9524680951766531
148	0.8230036250150448
149	0.07693483325865776
150	0.09197534264619842
151	0.6773349667878948
152	0.3775797899972509
153	0.07947357060372906
154	0.050446008004084525
155	0.17043778391330286
156	0.513991542262758
157	0.29597901853584924
158	0.08209608258032164
159	0.15213071221465857
160	0.025511319561055717
161	0.05838153282986845
162	0.3262571601860559
163	0.5224031981891458
164	0.5396417421912961
165	0.9680555771461438
166	0.5484731728386727
167	0.28652413961187073
168	0.699686033300596
169	0.699686033300596
170	0.4975723790934037
171	0.10472979393476875
172	0.2819105719970956
173	0.0664774463128437
174	0.5057153295259778
175	0.1357900406092586
176	0.3715000583087311
177	0.10995622264422898
178	0.6451399456130124
179	0.7111366461700436
180	0.9071954723294354
181	0.48167771661524483
182	0.5484731728386727
183	0.6664286233595221
184	0.809751747262771
185	0.6664286233595221
186	0.6451399456130124
187	0.6556978921951152
188	0.6884197964379096
189	0.8230036250150448
190	0.836472374499359
191	0.9680555771461438
192	0.7967132492072965
193	0.746625162324361
194	0.6347520014624433
195	0.8501615448993988
196	0.9680555771461438
197	0.9680555771461438
198	0.9680555771461438
199	0.9838981538483259
200	1.0
