1	0.6664286233595222
2	0.6451399456130125
3	0.466290799956401
4	0.09656527406216149
5	0.10472979393476876
6	0.23581040555488142
7	0.14489964968096347
8	0.7588439508744758
9	0.23966952741252573
10	0.20047693868989178
11	0.2912132099152615
12	0.6664286233595222
13	0.8097517472627825
14	0.7588439508744758
15	0.8364723744993591
16	0.8640747434825137
17	0.9220420515895167
18	0.49757237909340374
19	0.5484731728386728
20	0.2959790185358493
21	0.19724888986614852
22	0.07693483325865776
23	0.03646109590141792
24	0.4816777166152449
25	0.6245313223904279
26	0.3596327033558848
27	0.5574491330158786
28	0.7712627042813436
29	0.18484816784601485
30	0.3425386759286099
31	0.3425386759286099
32	0.968055577146144
33	0.968055577146144
34	0.5309525138815105
35	0.3900393726467364
36	0.1704377839133029
37	0.42301690250931745
38	0.3370231708678045
39	0.677334966787895
40	0.677334966787895
41	0.3775797899972509
42	0.0890372434085787
43	0.0876035794134446
44	0.6556978921951199
45	0.585268037678983
46	0.6347520014624478
47	0.39642250686331043
48	0.513991542262758
49	0.7111366461700386
50	0.7111366461700386
51	0.9220420515895167
52	0.7712627042813436
53	0.968055577146144
54	0.9220420515895167
55	0.7111366461700386
56	0.7346031188276403
57	1.0
58	0.7111366461700386
59	0.05744148237014301
60	0.019675929314445093
61	0.04502749889045438
62	0.6664286233595222
63	0.11733274450692358
64	0.062298115656568065
65	0.06756537356313871
66	0.07819389939674361
67	0.9838981538483189
68	1.0
69	0.9838981538483189
70	0.9838981538483189
71	0.6884197964379097
72	0.6144752151203955
73	0.6245313223904279
74	0.9524680951766463
75	1.0
76	1.0
77	0.1940728185879353
78	0.0076743871260476935
79	0.00707610765039319
80	0.00979019895986216
81	0.012090370898187344
82	0.05044600800408453
83	0.4095038717012314
84	0.968055577146144
85	0.9071954723294419
86	0.8501615448993928
87	0.9371316004437406
88	0.7346031188276403
89	0.594846159015367
90	0.5758441417787838
91	0.6144752151203955
92	0.9071954723294419
93	0.9524680951766463
94	0.968055577146144
95	0.968055577146144
96	0.8230036250150391
97	0.7712627042813436
98	0.7838846950415603
99	0.7466251623243612
100	0.677334966787895
101	0.5574491330158786
102	0.594846159015367
103	0.9838981538483189
104	0.9838981538483189
105	0.13579004060925862
106	0.13579004060925862
107	1.0
108	0.2912132099152615
109	0.016727718463300248
110	0.005637628717885367
111	0.004491573493650783
112	0.003944570074838709
113	0.0036370594844428706
114	0.0031941225103010837
115	0.0010941104954323008
116	2.7462764493925026e-05
117	2.5321823716298364e-05
118	0.0012257733200817756
119	0.0029451152724262685
120	0.0029933131400918323
121	0.0011302145468318778
122	0.0016417519552458578
123	1.0
124	0.968055577146144
125	1.0
126	1.0
127	1.0
128	0.968055577146144
129	1.0
130	0.0018097003405784674
131	0.0011866166988220917
132	0.0030422997831473426
133	0.0029451152724262685
134	0.0012257733200817756
135	3.1271094878021976e-05
136	2.1879948332169627e-05
137	0.0010591597671173543
138	0.0031426912410506165
139	0.003944570074838709
140	0.004715720680195349
141	0.0025864462836876507
142	0.0027155201279555155
143	0.011895693606068054
144	0.2819105719970956
145	0.9838981538483189
146	0.109956222644229
147	0.12318811002814957
148	0.8925879504044916
149	0.878215636550234
150	0.8501615448993928
151	0.5396417421913039
152	0.5758441417787838
153	0.22827757824649703
154	0.22460188780169196
155	0.1380122933233916
156	0.23581040555488142
157	0.31583506350196755
158	1.0
159	0.8925879504044916
160	0.8925879504044916
161	0.9220420515895167
162	0.1380122933233916
163	0.12318811002814957
164	0.12318811002814957
165	0.1425664978143691
166	0.27290510147824604
167	1.0
168	1.0
169	1.0
170	1.0
171	0.2685108255202325
172	0.047274548216865483
173	0.02204368690561934
174	0.017562497419084198
175	0.019047393108381876
176	0.9371316004437406
177	0.9371316004437406
178	0.7838846950415603
179	0.7466251623243612
180	0.09197534264619842
181	0.31583506350196755
182	0.31583506350196755
183	0.277371291338266
184	0.4299397258291169
185	0.8364723744993591
186	0.878215636550234
187	0.9524680951766463
188	0.8097517472627825
189	0.7967132492072909
190	0.9838981538483189
191	0.3900393726467364
192	0.6996860333005961
193	0.3481444442078041
194	0.0018694178137101957
195	0.0011302145468318778
196	0.00030347484098480504
197	0.0007410792960859195
198	0.20375781569034168
199	1.0
200	1.0
