1	0.8925879504045042
2	0.2557479945175683
3	0.823003625015039
4	0.029524436113288616
5	0.009477456704464872
6	0.003042299783147364
7	0.002897693479410694
8	0.0031426912410505944
9	0.0076743871260476935
10	0.006962169253653824
11	0.005198130749138962
12	0.06331764666180247
13	0.9680555771461302
14	0.5852680376789788
15	0.2358104055548831
16	0.10995622264422979
17	0.11544347070631858
18	0.18187177108593688
19	0.2557479945175683
20	0.6245313223904277
21	0.8782156365502339
22	0.7588439508744758
23	0.7967132492073022
24	0.7346031188276403
25	0.7466251623243612
26	0.9220420515895166
27	0.7588439508744758
28	0.32100381758685564
29	0.7588439508744758
30	0.2358104055548831
31	0.22460188780169513
32	0.17043778391330164
33	0.2516299796562454
34	0.31074953590015464
35	0.6664286233595317
36	0.9220420515895166
37	0.7588439508744758
38	0.7588439508744758
39	0.7466251623243612
40	0.3057458946813841
41	0.2819105719970956
42	0.5224031981891384
43	0.7466251623243612
44	0.7227746524257325
45	0.5396417421912962
46	0.7227746524257325
47	0.6884197964379098
48	0.6884197964379098
49	0.6884197964379098
50	0.6884197964379098
51	0.5057153295259778
52	0.4816777166152449
53	0.4895605451959158
54	0.49757237909341084
55	0.2435918051833956
56	0.677334966787895
57	0.2396695274125257
58	0.08209608258032047
59	0.07569604040982214
60	0.1272531380804732
61	0.15462038588001104
62	0.35384195289533515
63	0.4299397258291169
64	0.9680555771461302
65	0.7838846950415491
66	0.10138426111191928
67	0.05651656845829486
68	0.06331764666180247
69	0.07327797408660716
70	0.06331764666180247
71	0.04019100294647119
72	0.2435918051833956
73	0.9071954723294418
74	0.95246809517666
75	0.7111366461700487
76	0.677334966787895
77	0.31074953590015464
78	0.2912132099152615
79	0.2912132099152615
80	0.49757237909341084
81	0.4299397258291169
82	0.7838846950415491
83	0.3315964756209441
84	0.29597901853585135
85	0.3262571601860513
86	0.3596327033558848
87	0.210481526578285
88	0.030007614098887924
89	0.052110652730085555
90	0.01593261814139069
91	0.0015385376373511798
92	0.21742711012398036
93	0.5309525138815143
94	0.3262571601860513
95	0.3370231708678045
96	0.5396417421912962
97	0.22460188780169513
98	0.016727718463300126
99	0.030997821620274812
100	0.2557479945175683
101	0.7588439508744758
102	0.7466251623243612
103	0.7466251623243612
104	0.7588439508744758
105	0.0330773411179359
106	0.2516299796562454
107	0.18787327440651988
108	0.16233655139003356
109	0.5396417421912962
110	0.49757237909341084
111	0.20047693868989463
112	0.15462038588001104
113	0.2209853827589351
114	0.06647744631284419
115	0.06867110513305613
116	0.08209608258032047
117	0.9838981538483188
118	0.9838981538483188
119	0.9838981538483188
120	0.8501615448994049
121	0.6996860333005861
122	0.6451399456130124
123	0.677334966787895
124	0.8782156365502339
125	0.8925879504045042
126	0.95246809517666
127	0.9680555771461302
128	0.9838981538483188
129	0.9680555771461302
130	0.9838981538483188
131	0.6884197964379098
132	0.035296367236228025
133	0.031505112088109015
134	0.0370577948122046
135	0.0443024730307253
136	0.6884197964379098
137	0.5057153295259778
138	0.4299397258291169
139	0.6451399456130124
140	0.5484731728386688
141	0.5224031981891384
142	0.6245313223904277
143	0.12120455403276079
144	0.5309525138815143
145	0.18187177108593688
146	0.5396417421912962
147	0.5309525138815143
148	0.7712627042813435
149	0.3596327033558848
150	0.3425386759286075
151	0.3370231708678045
152	0.3370231708678045
153	0.35384195289533515
154	0.14027091400017913
155	0.17322705937262783
156	0.6245313223904277
157	0.08343961441458082
158	0.011147830387442765
159	0.00707610765039319
160	0.008189230970777114
161	0.020657835589543778
162	0.12933568132306
163	0.5484731728386688
164	0.9220420515895166
165	0.44412711003287414
166	0.5484731728386688
167	0.9071954723294418
168	0.9680555771461302
169	0.09197534264619776
170	0.0019000115066771348
171	0.0023464123579847477
172	0.0035208757183271744
173	0.0006944888267967182
174	0.0023086307871881062
175	0.0024238405452939728
176	0.052963462250909324
177	0.12520412762878458
178	0.4162055494255547
179	0.7111366461700487
180	0.677334966787895
181	0.6664286233595317
182	0.6556978921951105
183	0.95246809517666
184	0.9680555771461302
185	0.95246809517666
186	0.9371316004437272
187	0.95246809517666
188	0.7466251623243612
189	0.7111366461700487
190	0.7111366461700487
191	0.7346031188276403
192	0.9838981538483188
193	0.9838981538483188
194	0.9371316004437272
195	0.9071954723294418
196	0.8364723744993591
197	0.7838846950415491
198	0.8782156365502339
199	0.8640747434825137
200	0.8925879504045042
