1	1.0
2	0.09197534264619908
3	0.09348055211452132
4	0.09656527406216286
5	0.09656527406216286
6	0.09814559940423298
7	0.09656527406216286
8	0.09656527406216286
9	1.0
10	0.566571988000515
11	0.4895605451959228
12	0.22460188780169515
13	0.07209806342155876
14	0.04219669209919026
15	0.020657835589543778
16	0.9371316004437406
17	0.1818717710859395
18	0.8925879504045041
19	0.8501615448994049
20	0.8640747434825137
21	0.8925879504045041
22	0.8925879504045041
23	0.9838981538483328
24	0.9071954723294418
25	0.8364723744993592
26	0.21742711012398036
27	0.9680555771461303
28	0.061295000982726805
29	0.051271575016962036
30	0.21742711012398036
31	0.2819105719970956
32	0.025511319561055724
33	0.06435386265758218
34	0.006316048424506088
35	0.002384812237737476
36	0.004209195456615671
37	0.4975723790934108
38	1.0
39	1.0
40	1.0
41	0.5057153295259779
42	0.5057153295259779
43	0.5139915422627653
44	0.466290799956401
45	0.010113261253784788
46	0.007309608887594928
47	0.03646109590141843
48	0.4975723790934108
49	0.48167771661524483
50	0.8501615448994049
51	0.8501615448994049
52	0.9838981538483328
53	0.9524680951766599
54	0.4895605451959228
55	0.3596327033558848
56	0.32625716018605594
57	0.809751747262771
58	0.1972488898661499
59	0.10138426111191928
60	0.11733274450692358
61	1.0
62	0.3655182215245085
63	0.14027091400017916
64	0.028581295041564068
65	0.7967132492073022
66	0.8782156365502464
67	0.030498699465507897
68	0.002346412357984781
69	0.09197534264619908
70	0.028121083425988992
71	0.03646109590141843
72	0.3538419528953352
73	0.058381532829869284
74	0.0370577948122046
75	0.010968329737619282
76	0.9524680951766599
77	0.9680555771461303
78	1.0
79	0.9838981538483328
80	0.03954385360034535
81	0.009632558682416179
82	0.22098538275893512
83	0.7466251623243612
84	0.3370231708678045
85	0.5852680376789872
86	0.4513954094697245
87	0.029049038185277716
88	0.051271575016962036
89	0.07947357060372964
90	0.13801229332339254
91	1.0
92	0.8782156365502464
93	0.0997517873372933
94	0.2139261322475594
95	0.2912132099152615
96	0.8230036250150508
97	0.9524680951766599
98	0.08619300005539396
99	0.08077418408895876
100	0.3107495359001591
101	0.1030434509053353
102	0.0043480927706904
103	0.0013511678105428595
104	0.0001091394774638627
105	0.0021286546673816424
106	0.0010088158858740138
107	0.0031426912410506386
108	1.0
109	0.04727454821686481
110	0.04502749889045503
111	0.06030803830703665
112	0.001839316735680622
113	0.0004408281728025242
114	0.0010253255196467585
115	0.8640747434825137
116	0.8501615448994049
117	0.009790198959862228
118	0.00044804248394847966
119	0.11358461770179094
120	0.9524680951766599
121	0.02952443611328862
122	0.006739766775034991
123	0.004419250868277144
124	0.01843893512866384
125	0.9524680951766599
126	0.7967132492073022
127	0.9524680951766599
128	0.4513954094697245
129	0.22827757824649864
130	0.809751747262771
131	1.0
132	1.0
133	0.8925879504045041
134	0.9371316004437406
135	0.9838981538483328
136	1.0
137	1.0
138	0.0622981156565685
139	0.0370577948122046
140	0.035296367236228025
141	0.1272531380804732
142	0.9838981538483328
143	1.0
144	0.9524680951766599
145	0.9524680951766599
146	0.09348055211452132
147	0.040191002946471766
148	0.0015893071365663278
149	0.030498699465507897
150	0.9524680951766599
151	0.9524680951766599
152	0.9680555771461303
153	0.9838981538483328
154	0.9220420515895298
155	0.9371316004437406
156	0.9524680951766599
157	0.9838981538483328
158	0.44412711003287414
159	0.29597901853585135
160	0.7967132492073022
161	0.9371316004437406
162	0.9371316004437406
163	0.8501615448994049
164	0.0622981156565685
165	0.07327797408660718
166	0.05651656845829486
167	0.07947357060372964
168	0.9524680951766599
169	0.19407281858793804
170	0.0997517873372933
171	0.1336035702664378
172	0.8782156365502464
173	0.0027599605887401314
174	0.0018694178137101957
175	0.001489389940487061
176	0.001206036106664975
177	0.00041987477004942157
178	0.006850065475449624
179	0.8501615448994049
180	0.9838981538483328
181	0.1472709844146142
182	0.00707610765039329
183	0.006524468815236811
184	0.016458371314135432
185	1.0
186	1.0
187	1.0
188	1.0
189	1.0
190	1.0
191	1.0
192	1.0
193	0.015175310452307699
194	0.0024238405452939728
195	0.003353521788788837
196	0.14968112689163357
197	1.0
198	1.0
199	1.0
200	0.9838981538483328
