1	0.35963270335588476
2	0.1252041276287828
3	0.21742711012398033
4	0.4816777166152448
5	0.699686033300596
6	0.6773349667879045
7	0.466290799956401
8	0.4299397258291168
9	0.39642250686331315
10	0.44412711003287414
11	0.41620554942555466
12	0.40950387170123426
13	0.9371316004437403
14	0.6347520014624477
15	0.35963270335588476
16	0.3262571601860559
17	0.3262571601860559
18	0.6347520014624477
19	0.6556978921951198
20	0.35384195289533515
21	0.030997821620274812
22	0.0024238405452939728
23	0.2396695274125257
24	0.003944570074838709
25	0.0062143483844881225
26	0.28652413961186873
27	0.5948461590153711
28	0.746625162324361
29	0.00947745670446487
30	0.01700147357515921
31	1.0
32	0.009324852154700492
33	0.006316048424505998
34	0.008323250672589018
35	0.008459463654885604
36	0.008189230970776996
37	0.0013511678105428593
38	0.00010565307984570665
39	0.0018694178137101953
40	0.004951053693111611
41	0.0034084033755650564
42	0.5224031981891458
43	0.005546852487609716
44	0.15462038588001323
45	0.45878265723356515
46	0.03254473486014822
47	0.0036965812672960837
48	0.0062143483844881225
49	0.03954385360034591
50	0.5948461590153711
51	0.32100381758685564
52	0.5758441417787838
53	0.6451399456130124
54	0.466290799956401
55	0.34814444420780405
56	0.2729051014782479
57	0.2729051014782479
58	0.6884197964379097
59	0.013766972933527001
60	0.059336967552507044
61	0.9371316004437403
62	0.012489335512977845
63	0.03529636723622802
64	0.05383022830539339
65	1.0
66	1.0
67	1.0
68	0.04727454821686548
69	0.03954385360034591
70	0.05383022830539339
71	0.9680555771461439
72	0.017562497419084444
73	0.14027091400017713
74	0.8782156365502464
75	0.7588439508744865
76	0.9838981538483329
77	0.30082282132372057
78	0.24757827243667335
79	0.2729051014782479
80	0.466290799956401
81	0.6144752151203998
82	0.2557479945175719
83	0.24757827243667335
84	0.2320134226836728
85	0.6045810297425099
86	0.5948461590153711
87	0.43697584363533404
88	0.41620554942555466
89	0.41620554942555466
90	0.4299397258291168
91	0.0622981156565685
92	0.00420919545661567
93	0.0622981156565685
94	0.8925879504044913
95	0.9838981538483329
96	1.0
97	0.14027091400017713
98	0.02099590847766593
99	0.006962169253653923
100	0.005283200023099468
101	0.006015834611932771
102	0.007674387126047693
103	0.007927630713798602
104	0.007674387126047693
105	0.002198897168339217
106	0.005198130749139036
107	0.9838981538483329
108	0.009174704819918202
109	0.024696375181437153
110	0.9838981538483329
111	0.9838981538483329
112	0.9838981538483329
113	0.9838981538483329
114	1.0
115	1.0
116	0.9838981538483329
117	0.9838981538483329
118	0.9680555771461439
119	0.7111366461700486
120	0.699686033300596
121	0.04883453939311235
122	0.005729890533725346
123	0.0043480927706904616
124	0.009174704819918202
125	0.2139261322475624
126	0.1789432998085799
127	0.09049436982916181
128	0.07819389939674361
129	0.3775797899972562
130	0.3655182215245085
131	0.3837590186752804
132	0.09049436982916181
133	0.04288725609876024
134	0.05838153282986845
135	0.6045810297425099
136	0.7588439508744865
137	0.01619336115132821
138	0.01727970878760305
139	0.6884197964379097
140	0.6884197964379097
141	0.164993247273701
142	0.033077341117936365
143	0.30082282132372057
144	0.3655182215245085
145	0.9371316004437403
146	0.8364723744993591
147	0.8925879504044913
148	0.9680555771461439
149	0.8782156365502464
150	0.6884197964379097
151	0.7838846950415601
152	0.7111366461700486
153	0.6144752151203998
154	0.07947357060373075
155	0.007550815325235738
156	0.006850065475449526
157	0.07569604040982214
158	0.6773349667879045
159	0.9680555771461439
160	0.3900393726467363
161	0.09501039487561899
162	0.6884197964379097
163	0.5574491330158785
164	0.7111366461700486
165	0.45878265723356515
166	0.1252041276287828
167	0.5852680376789872
168	0.04430247303072592
169	0.40291010336058325
170	0.12318811002815043
171	0.06540703669975811
172	0.17043778391330405
173	0.8782156365502464
174	0.22827757824649858
175	0.04358912142584555
176	0.01700147357515921
177	0.022043686905619652
178	0.07947357060373075
179	0.08343961441458082
180	0.2729051014782479
181	0.9838981538483329
182	1.0
183	0.9371316004437403
184	0.9371316004437403
185	0.9371316004437403
186	0.9371316004437403
187	0.2819105719970956
188	0.08209608258032164
189	0.07819389939674361
190	0.07569604040982214
191	0.01619336115132821
192	0.059336967552507044
193	0.2320134226836728
194	0.9371316004437403
195	0.6144752151203998
196	0.5396417421913038
197	0.6045810297425099
198	0.8782156365502464
199	0.7588439508744865
200	0.8925879504044913
