1	1.0
2	0.3775797899972509
3	0.04651334071458662
4	0.02390746372968385
5	0.03416884515602847
6	0.054711179297213405
7	0.20047693868989175
8	0.9524680951766462
9	0.9680555771461439
10	1.0
11	1.0
12	1.0
13	1.0
14	1.0
15	1.0
16	0.2641873055176485
17	0.04502749889045438
18	0.02390746372968385
19	0.0011120160060804068
20	0.006015834611932771
21	0.09197534264619907
22	0.0023086307871880737
23	0.015932618141390915
24	0.06979493239667436
25	0.9524680951766462
26	0.9371316004437403
27	0.9071954723294418
28	0.42301690250932045
29	0.3370231708678044
30	0.34253867592860743
31	0.5396417421913038
32	0.466290799956401
33	0.4369758436353341
34	0.4587826572335587
35	0.5057153295259778
36	0.23581040555488308
37	0.08480513362915015
38	0.006850065475449525
39	0.012901465378461815
40	0.03099782162027481
41	0.0290490381852773
42	0.010617952774480096
43	0.017562497419084194
44	0.7712627042813435
45	0.2209853827589351
46	0.1732270593726278
47	0.3900393726467363
48	0.3596327033558848
49	0.10995622264422976
50	0.003246395470718101
51	0.00023788928317815987
52	0.012090370898187257
53	0.010968329737619124
54	0.011515692539375738
55	0.7227746524257427
56	0.9838981538483188
57	0.9071954723294418
58	1.0
59	1.0
60	1.0
61	1.0
62	1.0
63	1.0
64	0.0036370594844428957
65	0.0027599605887401314
66	0.0031426912410506386
67	0.004419250868277081
68	0.004209195456615611
69	0.0025864462836876503
70	0.005918968568537472
71	0.9680555771461439
72	0.9524680951766462
73	0.677334966787895
74	0.9838981538483188
75	1.0
76	1.0
77	0.9838981538483188
78	0.9838981538483188
79	0.9838981538483188
80	0.9680555771461439
81	0.9680555771461439
82	0.6556978921951198
83	0.9838981538483188
84	0.025928821455018843
85	0.022404439747548983
86	0.015423659850313087
87	0.013766972933527001
88	0.0067397667750349905
89	0.006419412822152426
90	0.0016417519552458459
91	0.19407281858793526
92	0.29121320991526145
93	0.016458371314135432
94	0.0002538483208393753
95	0.003092088110184961
96	0.09049436982916181
97	0.699686033300596
98	0.3057458946813884
99	0.12318811002815043
100	0.14489964968096344
101	0.4299397258291168
102	0.8097517472627824
103	0.0290490381852773
104	0.007076107650393189
105	0.006631244087325165
106	0.010617952774480096
107	0.013992274382953428
108	0.21742711012398033
109	0.06540703669975811
110	0.34253867592860743
111	0.7588439508744758
112	0.677334966787895
113	0.6347520014624477
114	0.18787327440651988
115	0.011515692539375738
116	0.041517247454899237
117	0.210481526578285
118	0.34253867592860743
119	0.8097517472627824
120	0.9524680951766462
121	0.8925879504044915
122	0.9071954723294418
123	0.3775797899972509
124	0.04651334071458662
125	0.04084874312373918
126	0.03646109590141791
127	0.1732270593726278
128	0.7466251623243612
129	0.7466251623243612
130	0.8782156365502463
131	0.40950387170123426
132	0.15715080394779135
133	0.45139540946972445
134	0.4739218161276131
135	0.5224031981891458
136	0.6556978921951198
137	0.07209806342155774
138	0.06229811565656762
139	0.054711179297213405
140	0.04430247303072529
141	0.041517247454899237
142	0.013766972933527001
143	0.04288725609876025
144	0.07093715149651067
145	0.29121320991526145
146	1.0
147	0.019047393108381876
148	0.0006000902548658376
149	0.001395754378613427
150	0.0007780620682611712
151	8.555276600875524e-05
152	0.0005533084497353728
153	7.636336806318987e-05
154	0.002128654667381612
155	1.0
156	0.001025325519646744
157	0.0004480424839484732
158	0.01567607357528453
159	0.11925293695084216
160	0.9838981538483188
161	1.0
162	0.9838981538483188
163	0.9680555771461439
164	1.0
165	0.9838981538483188
166	0.9838981538483188
167	1.0
168	1.0
169	1.0
170	0.9838981538483188
171	0.9838981538483188
172	0.10472979393476875
173	0.013327194928720823
174	0.005918968568537472
175	0.00611428590286806
176	1.0
177	1.0
178	0.0022714575694317693
179	0.00015598350155572518
180	0.000510173658155818
181	4.256869332099762e-05
182	0.0007907953330514327
183	0.001225773320081767
184	0.00022658195241163974
185	0.017001473575159215
186	0.23581040555488308
187	0.0370577948122046
188	0.030498699465507897
189	0.03828064801966493
190	0.1030434509053353
191	0.3775797899972509
192	0.9838981538483188
193	1.0
194	0.9680555771461439
195	0.9524680951766462
196	0.9371316004437403
197	0.9371316004437403
198	0.9371316004437403
199	0.9371316004437403
200	0.9524680951766462
