1	0.9220420515895035
2	0.5309525138815068
3	0.5948461590153626
4	0.8925879504044913
5	0.7227746524257325
6	0.07693483325865612
7	0.09197534264619776
8	0.07693483325865612
9	0.09501039487561765
10	0.5948461590153626
11	0.36551822152449814
12	0.3057458946813797
13	0.3210038175868511
14	0.053830228305391865
15	0.03646109590141791
16	0.3315964756209393
17	0.08903724340857805
18	0.39642250686330754
19	0.39642250686330754
20	0.3837590186752749
21	0.39003937264673083
22	0.3425386759286026
23	0.22098538275893195
24	0.0512715750169613
25	0.16233655139003125
26	0.05651656845829406
27	0.09049436982916054
28	0.27737129133826594
29	0.3425386759286026
30	0.4162055494255547
31	0.6773349667878853
32	0.6556978921951011
33	0.45139540946972445
34	0.5665719880005069
35	0.6451399456130031
36	0.6347520014624386
37	0.7967132492072908
38	0.5484731728386609
39	0.6045810297425013
40	0.5948461590153626
41	0.8640747434825012
42	0.8782156365502213
43	0.5665719880005069
44	0.4739218161276064
45	0.5057153295259705
46	0.6144752151203824
47	0.8364723744993591
48	0.17894329980857734
49	0.20047693868989175
50	0.5057153295259705
51	0.5396417421912961
52	0.4895605451959088
53	0.5224031981891458
54	0.5665719880005069
55	0.9680555771461301
56	0.8230036250150272
57	0.7346031188276299
58	0.6664286233595221
59	0.5396417421912961
60	0.4739218161276064
61	0.6245313223904277
62	0.6144752151203824
63	0.3837590186752749
64	0.5224031981891458
65	0.29121320991525734
66	0.07447719441285068
67	0.12933568132305814
68	0.02168874285044923
69	0.19724888986614708
70	0.4299397258291107
71	0.466290799956401
72	0.5139915422627507
73	0.7227746524257325
74	0.7967132492072908
75	0.9680555771461301
76	0.9220420515895035
77	0.6773349667878853
78	0.37150005830873106
79	0.052963462250909324
80	0.06331764666180247
81	0.5948461590153626
82	0.7967132492072908
83	1.0
84	0.5224031981891458
85	0.1252041276287828
86	0.025511319561055356
87	0.09348055211451997
88	0.6045810297425013
89	0.6556978921951011
90	0.6773349667878853
91	0.746625162324361
92	0.8782156365502213
93	0.783884695041549
94	0.6556978921951011
95	0.5574491330158785
96	0.7227746524257325
97	0.36551822152449814
98	0.2865241396118646
99	0.3057458946813797
100	0.29121320991525734
101	0.24359180518339563
102	0.7346031188276299
103	0.8501615448993927
104	0.8097517472627709
105	0.16233655139003125
106	0.11358461770178932
107	0.3210038175868511
108	0.3775797899972509
109	0.746625162324361
110	0.9220420515895035
111	0.8925879504044913
112	0.8501615448993927
113	0.8501615448993927
114	0.8501615448993927
115	0.8640747434825012
116	0.9220420515895035
117	0.9220420515895035
118	0.9220420515895035
119	0.7967132492072908
120	0.783884695041549
121	0.8501615448993927
122	0.9838981538483048
123	0.7111366461700386
124	0.5484731728386609
125	0.5852680376789788
126	0.26418730551764474
127	0.1909478879208065
128	0.8925879504044913
129	0.8925879504044913
130	0.8640747434825012
131	0.9220420515895035
132	0.013766972933527001
133	0.007550815325235523
134	0.041517247454898654
135	0.09975178733729187
136	0.5224031981891458
137	1.0
138	0.8925879504044913
139	0.40291010336057753
140	0.3262571601860513
141	0.09348055211451997
142	0.17043778391329922
143	0.2516299796562454
144	0.7967132492072908
145	0.22098538275893195
146	0.3008228213237163
147	0.3370231708678044
148	0.34814444420780405
149	0.3210038175868511
150	0.481677716615238
151	0.2599334021689725
152	0.03705779481220407
153	0.042196692099189664
154	0.06030803830703493
155	0.09975178733729187
156	0.8782156365502213
157	0.0876035794134446
158	0.020995908477665633
159	0.06867110513305613
160	0.1909478879208065
161	0.6451399456130031
162	0.37150005830873106
163	0.6451399456130031
164	0.13360357026643588
165	0.22098538275893195
166	0.9838981538483048
167	0.9838981538483048
168	0.210481526578285
169	0.15715080394779135
170	0.09975178733729187
171	0.36551822152449814
172	0.6144752151203824
173	0.9220420515895035
174	0.9071954723294289
175	0.9680555771461301
176	0.6144752151203824
177	0.3315964756209393
178	0.3210038175868511
179	0.3008228213237163
180	0.15715080394779135
181	0.5665719880005069
182	0.5665719880005069
183	0.783884695041549
184	0.8501615448993927
185	0.6884197964379
186	0.2282775782464921
187	0.2037578156903402
188	0.6245313223904277
189	0.3262571601860513
190	0.9220420515895035
191	0.45139540946972445
192	0.3210038175868511
193	0.3425386759286026
194	0.3425386759286026
195	1.0
196	0.3158350635019653
197	0.2685108255202325
198	0.27290510147824404
199	0.2959790185358471
200	0.4230169025093144
