1	0.9838981538483189
2	0.9838981538483189
3	0.9838981538483189
4	0.9838981538483189
5	0.9838981538483189
6	0.9838981538483189
7	0.9838981538483189
8	0.9838981538483189
9	0.004348092770690338
10	0.003464183119191431
11	0.006850065475449526
12	0.004074735137074894
13	0.0018097003405784546
14	0.002163490864431221
15	0.006524468815236718
16	0.03705779481220407
17	0.9680555771461165
18	0.9524680951766463
19	0.10304345090533384
20	0.10304345090533384
21	0.154620385880011
22	0.9680555771461165
23	1.0
24	1.0
25	0.9680555771461165
26	0.9524680951766463
27	0.9524680951766463
28	1.0
29	0.154620385880011
30	0.09656527406216149
31	0.10304345090533384
32	0.9838981538483189
33	0.9838981538483189
34	0.05838153282986846
35	0.004715720680195316
36	0.00013922899395054053
37	0.000960864945202363
38	0.003246395470718055
39	0.005457537922228078
40	0.004951053693111541
41	0.0062143483844879464
42	0.9838981538483189
43	0.9838981538483189
44	0.9838981538483189
45	0.9838981538483189
46	0.9838981538483189
47	0.7712627042813326
48	0.746625162324361
49	0.746625162324361
50	0.9220420515895167
51	0.9220420515895167
52	0.9220420515895167
53	0.8364723744993472
54	0.8501615448993928
55	0.8501615448993928
56	0.8501615448993928
57	0.8364723744993472
58	0.8364723744993472
59	0.9220420515895167
60	0.9371316004437272
61	0.9680555771461165
62	0.9524680951766463
63	0.6773349667878853
64	0.44412711003286787
65	0.2685108255202325
66	0.8097517472627594
67	0.37757978999724556
68	0.2729051014782441
69	0.27737129133826594
70	0.44412711003286787
71	0.5309525138815068
72	0.9524680951766463
73	0.8782156365502339
74	0.6773349667878853
75	0.4662907999563944
76	0.06540703669975813
77	0.04430247303072467
78	0.5139915422627507
79	0.5574491330158785
80	0.6045810297424927
81	0.7967132492072908
82	0.7712627042813326
83	0.7712627042813326
84	0.7838846950415491
85	0.6664286233595222
86	0.01700147357515921
87	0.010446984132459454
88	0.29121320991525734
89	0.5057153295259705
90	0.6884197964379001
91	0.7346031188276403
92	0.35963270335587966
93	0.3370231708677997
94	0.5574491330158785
95	0.0033535217887887903
96	0.0005270086451645938
97	0.00013261117466143216
98	0.024696375181436803
99	0.18787327440651988
100	0.9838981538483189
101	0.9680555771461165
102	0.9680555771461165
103	0.9680555771461165
104	0.1909478879208065
105	0.033077341117935435
106	0.028121083425988593
107	0.028121083425988593
108	0.06435386265758127
109	0.9838981538483189
110	0.9838981538483189
111	0.8640747434825014
112	0.8097517472627594
113	0.8097517472627594
114	0.27737129133826594
115	0.18187177108593688
116	0.4739218161276064
117	0.8782156365502339
118	0.8364723744993472
119	0.6773349667878853
120	0.7838846950415491
121	0.907195472329429
122	0.6347520014624387
123	0.45139540946971807
124	0.03202070454638286
125	0.06867110513305615
126	0.4739218161276064
127	0.823003625015039
128	0.823003625015039
129	0.907195472329429
130	0.8925879504044915
131	0.907195472329429
132	0.9680555771461165
133	0.9524680951766463
134	0.823003625015039
135	0.3715000583087311
136	0.39003937264673083
137	0.3538419528953301
138	0.6045810297424927
139	0.7111366461700385
140	0.6556978921951105
141	0.9220420515895167
142	0.10138426111191785
143	0.062298115656567614
144	0.1972488898661471
145	0.3158350635019653
146	0.21742711012397728
147	0.585268037678979
148	0.13579004060925667
149	0.20375781569033732
150	0.21742711012397728
151	0.23581040555487975
152	0.33159647562093936
153	0.18787327440651988
154	0.13145230613269043
155	0.13579004060925667
156	0.23201342268367284
157	0.06435386265758127
158	0.6245313223904189
159	0.05838153282986846
160	0.38375901867527495
161	0.7838846950415491
162	0.7967132492072908
163	0.8364723744993472
164	0.9838981538483189
165	0.9371316004437272
166	0.7346031188276403
167	0.7111366461700385
168	0.7588439508744651
169	0.7588439508744651
170	0.030007614098887497
171	0.01784991398793847
172	0.7227746524257325
173	0.1760619823251855
174	0.10995622264422822
175	0.15715080394778913
176	0.4369758436353278
177	0.42301690250931445
178	0.32625716018605133
179	0.08077418408895759
180	0.15715080394778913
181	0.2282775782464921
182	0.012090370898187257
183	0.01672771846329989
184	0.44412711003286787
185	0.029524436113288196
186	0.1472709844146121
187	0.6045810297424927
188	0.0950103948756163
189	0.40291010336057753
190	0.42301690250931445
191	0.4095038717012285
192	0.1597226332147545
193	0.09975178733729188
194	0.12933568132306
195	0.28191057199709163
196	0.8501615448993928
197	0.25574799451756464
198	0.018740694914959857
199	0.2516299796562454
200	0.5574491330158785
