1	0.04288725609875964
2	0.040191002946470614
3	0.04727454821686481
4	0.06030803830703493
5	0.06756537356313871
6	0.11733274450692356
7	0.9838981538483328
8	0.11358461770178771
9	0.07093715149650967
10	0.01967592931444509
11	0.012901465378461817
12	0.052963462250908575
13	0.9220420515895167
14	0.027222771645920248
15	0.017279708787602804
16	0.018142034232021265
17	0.0242987179477618
18	0.06030803830703493
19	0.7712627042813435
20	0.5396417421912961
21	0.7346031188276403
22	0.054711179297213405
23	0.005198130749138962
24	0.05838153282986846
25	0.11733274450692356
26	0.9524680951766462
27	0.8925879504044915
28	0.8782156365502339
29	0.9680555771461301
30	0.015932618141390686
31	0.001465408012805456
32	0.015175310452307484
33	0.07819389939674361
34	0.10138426111191784
35	0.9838981538483328
36	0.8782156365502339
37	0.9524680951766462
38	0.9371316004437404
39	0.9838981538483328
40	0.9071954723294289
41	0.809751747262771
42	0.8925879504044915
43	0.9371316004437404
44	0.08209608258032165
45	0.04502749889045438
46	0.017279708787602804
47	0.006524468815236811
48	0.003637059484442896
49	0.8925879504044915
50	0.8640747434825014
51	0.054711179297213405
52	0.0622981156565685
53	0.08480513362914896
54	0.0686711051330571
55	0.6144752151203912
56	0.5758441417787756
57	0.6451399456130033
58	0.1380122933233906
59	0.08760357941344458
60	0.030007614098887924
61	0.02812108342598859
62	0.02352250942683125
63	0.9371316004437404
64	0.03705779481220407
65	0.019359110527732818
66	0.02551131956105572
67	0.08480513362914896
68	0.1472709844146142
69	0.9838981538483328
70	0.9680555771461301
71	0.9680555771461301
72	0.11925293695084047
73	0.04430247303072466
74	0.02099590847766593
75	0.018142034232021265
76	0.021339514049848227
77	0.0358740049446916
78	0.9524680951766462
79	0.4441271100328678
80	0.25574799451756464
81	0.16769342093829617
82	0.15972263321475677
83	0.3057458946813797
84	0.9371316004437404
85	0.17043778391329922
86	0.18787327440651988
87	0.045764390058400266
88	0.019047393108381605
89	0.017562497419084444
90	0.0020606560225769396
91	0.0029933131400917898
92	0.002897693479410694
93	0.04963373414423628
94	0.9838981538483328
95	0.17894329980857737
96	0.2037578156903373
97	0.9838981538483328
98	0.013545299253377186
99	0.010968329737619126
100	0.00033451979230623877
101	0.008057369233584962
102	0.9838981538483328
103	0.9838981538483328
104	0.9838981538483328
105	0.9838981538483328
106	0.9838981538483328
107	0.9838981538483328
108	0.9838981538483328
109	0.011330268629776808
110	0.0003999173224417049
111	0.0003628031842252282
112	0.004141419638950832
113	0.9838981538483328
114	0.20709238541955047
115	0.18187177108593688
116	1.0
117	0.052963462250908575
118	0.002384812237737442
119	0.006631244087325071
120	0.013992274382953428
121	0.22460188780169194
122	0.37757978999725084
123	0.7346031188276403
124	0.7838846950415601
125	0.5758441417787756
126	0.21742711012397725
127	0.1732270593726278
128	0.16233655139003358
129	0.9371316004437404
130	0.31583506350196977
131	0.24359180518339907
132	0.17606198232518802
133	0.16769342093829617
134	0.16499324727369863
135	0.809751747262771
136	0.18787327440651988
137	0.11544347070631858
138	0.10995622264422822
139	0.9071954723294289
140	0.22827757824649536
141	0.3262571601860513
142	0.5057153295259705
143	0.31583506350196977
144	0.098145599404233
145	0.4162055494255547
146	0.39003937264673083
147	0.061295000982725924
148	0.07569604040982107
149	0.08343961441457963
150	0.9524680951766462
151	0.9220420515895167
152	0.8364723744993472
153	0.9524680951766462
154	0.9524680951766462
155	0.1081857244637924
156	0.02099590847766593
157	0.009477456704464872
158	0.003637059484442896
159	5.2570054297373604e-05
160	8.815652244038684e-06
161	2.4118229201461526e-05
162	0.0008302591310470714
163	0.0011487109132294637
164	0.002759960588740131
165	0.02204368690561934
166	1.0
167	1.0
168	1.0
169	0.02204368690561934
170	0.0027155201279554955
171	0.0011487109132294637
172	0.0008438466194896989
173	2.658548233219484e-05
174	1.071155943435543e-05
175	3.5607535981549386e-05
176	0.0025864462836876507
177	0.012693727967806583
178	0.031505112088109015
179	0.08760357941344458
180	0.9838981538483328
181	0.9680555771461301
182	0.07447719441285175
183	0.05383022830539262
184	0.02858129504156366
185	0.008323250672588899
186	0.28191057199709163
187	0.031505112088109015
188	0.7346031188276403
189	0.37757978999725084
190	0.2685108255202325
191	0.5309525138815067
192	0.1252041276287828
193	0.09975178733729187
194	0.16233655139003358
195	0.9071954723294289
196	0.746625162324361
197	0.809751747262771
198	0.8501615448994049
199	0.8925879504044915
200	0.9524680951766462
