1	0.7967132492072908
2	0.7967132492072908
3	0.6144752151203824
4	0.32100381758685115
5	0.5574491330158785
6	0.02133951404984762
7	0.03416884515602799
8	0.40950387170122265
9	0.6144752151203824
10	0.7838846950415491
11	0.6996860333005861
12	0.6996860333005861
13	0.6773349667878853
14	0.33159647562093936
15	0.027668282067044737
16	0.005823662247270163
17	0.2959790185358471
18	0.3900393726467309
19	0.5758441417787756
20	0.7227746524257325
21	0.9220420515895036
22	0.7346031188276299
23	0.22460188780169194
24	0.2685108255202325
25	0.6556978921951012
26	0.24359180518339218
27	0.24757827243666988
28	0.1878732744065199
29	0.8097517472627596
30	0.9071954723294289
31	0.8640747434825014
32	0.8640747434825014
33	0.8501615448993928
34	0.011895693606067884
35	0.008323250672588782
36	0.17894329980857737
37	0.5948461590153626
38	0.1676934209382962
39	0.1676934209382962
40	0.3655182215244982
41	0.3481444442077991
42	0.12318811002814868
43	0.12318811002814868
44	0.1878732744065199
45	0.3715000583087311
46	0.6144752151203824
47	0.4662907999563944
48	0.4739218161276064
49	0.4975723790934038
50	0.16233655139003128
51	0.30574589468137975
52	0.23581040555487973
53	0.23966952741252232
54	0.24359180518339218
55	0.23581040555487973
56	0.9371316004437272
57	0.6347520014624387
58	0.5758441417787756
59	0.3964225068633076
60	0.4587826572335522
61	0.3596327033558797
62	0.6664286233595222
63	0.24359180518339218
64	0.06540703669975813
65	0.06867110513305615
66	0.0950103948756163
67	0.40291010336057753
68	0.9071954723294289
69	0.10644373457266673
70	0.2641873055176448
71	0.5057153295259705
72	0.3964225068633076
73	0.9680555771461165
74	0.9680555771461165
75	0.9524680951766464
76	0.9371316004437272
77	0.9680555771461165
78	0.9071954723294289
79	0.7466251623243612
80	0.4299397258291107
81	0.38375901867527495
82	0.4662907999563944
83	0.6245313223904189
84	0.43697584363532166
85	0.10304345090533384
86	0.11175569566235759
87	0.17043778391329922
88	0.17322705937262536
89	0.23201342268367284
90	0.18484816784601354
91	0.21742711012397725
92	0.5852680376789705
93	0.548473172838661
94	0.9220420515895036
95	0.8230036250150273
96	0.7967132492072908
97	0.7967132492072908
98	0.6045810297424928
99	0.548473172838661
100	0.10138426111191785
101	0.0950103948756163
102	0.022404439747548667
103	0.2641873055176448
104	0.3370231708677997
105	0.4587826572335522
106	0.5396417421912962
107	0.30082282132371635
108	0.32625716018604667
109	0.48167771661523806
110	0.5948461590153626
111	0.6451399456130033
112	0.6144752151203824
113	0.8501615448993928
114	0.8097517472627596
115	0.06331764666180248
116	0.0744771944128507
117	0.20709238541955047
118	0.32100381758685115
119	0.6451399456130033
120	0.4230169025093144
121	0.40291010336057753
122	0.21742711012397725
123	0.09656527406216013
124	0.23581040555487973
125	0.548473172838661
126	0.6556978921951012
127	0.5948461590153626
128	0.3596327033558797
129	0.6144752151203824
130	0.6347520014624387
131	0.6245313223904189
132	0.6996860333005861
133	0.6996860333005861
134	0.548473172838661
135	0.6245313223904189
136	0.35384195289533016
137	0.2865241396118647
138	0.30082282132371635
139	0.32625716018604667
140	0.48167771661523806
141	0.43697584363532166
142	0.4162055494255547
143	0.3900393726467309
144	0.3900393726467309
145	0.6045810297424928
146	0.8782156365502214
147	0.5396417421912962
148	0.27737129133826594
149	0.03049869946550746
150	0.06129500098272594
151	0.32625716018604667
152	0.06979493239667438
153	0.7346031188276299
154	0.7346031188276299
155	0.6884197964379001
156	0.43697584363532166
157	0.40950387170122265
158	0.5224031981891384
159	0.7838846950415491
160	0.8640747434825014
161	0.7967132492072908
162	0.8501615448993928
163	0.8501615448993928
164	0.8097517472627596
165	0.8097517472627596
166	0.6045810297424928
167	0.32100381758685115
168	0.14968112689163143
169	0.22460188780169194
170	0.548473172838661
171	0.37757978999724556
172	0.0876035794134446
173	0.11544347070631693
174	0.30574589468137975
175	0.8925879504044916
176	0.8501615448993928
177	0.6996860333005861
178	0.9524680951766464
179	0.9524680951766464
180	0.9524680951766464
181	0.9071954723294289
182	0.32625716018604667
183	0.6556978921951012
184	0.6996860333005861
185	0.03254473486014822
186	0.0376642589146651
187	0.13145230613269043
188	0.014221262971401331
189	0.04963373414423558
190	0.15213071221465535
191	0.30082282132371635
192	0.7466251623243612
193	0.9838981538483049
194	0.9838981538483049
195	0.8925879504044916
196	0.4230169025093144
197	0.27737129133826594
198	0.38375901867527495
199	0.45139540946971807
200	0.9680555771461165
