1	1.0
2	0.9838981538483258
3	0.2037578156903402
4	0.10138426111191856
5	0.08343961441457963
6	0.07327797408660716
7	0.009174704819918202
8	0.00805736923358502
9	0.9220420515895101
10	0.9838981538483258
11	0.9838981538483258
12	1.0
13	1.0
14	0.9220420515895101
15	0.0005443991622033086
16	0.00030347484098480504
17	0.002945115272426247
18	0.013112602486345003
19	0.10818572446379161
20	0.2174271101239788
21	1.0
22	1.0
23	1.0
24	0.46629079995640094
25	0.08760357941344458
26	0.016458371314135432
27	0.01700147357515921
28	0.035296367236227776
29	0.19094788792080922
30	0.5852680376789829
31	0.968055577146137
32	0.9524680951766462
33	0.8640747434825073
34	0.7838846950415546
35	0.87821563655024
36	0.9371316004437338
37	0.9838981538483258
38	0.968055577146137
39	0.8640747434825073
40	0.6664286233595221
41	0.9371316004437338
42	0.9371316004437338
43	0.9524680951766462
44	0.968055577146137
45	0.9220420515895101
46	0.9524680951766462
47	0.9838981538483258
48	0.9838981538483258
49	0.87821563655024
50	0.8640747434825073
51	0.9220420515895101
52	0.9371316004437338
53	0.9838981538483258
54	0.9838981538483258
55	1.0
56	0.9371316004437338
57	0.5309525138815105
58	0.4230169025093174
59	0.7111366461700436
60	0.9220420515895101
61	0.9071954723294418
62	0.9838981538483258
63	0.87821563655024
64	0.9071954723294418
65	0.9524680951766462
66	0.8925879504044915
67	0.9220420515895101
68	0.31074953590015464
69	0.33159647562093936
70	0.34814444420780405
71	0.6664286233595221
72	1.0
73	0.8925879504044915
74	0.13360357026643685
75	0.02469637518143698
76	0.13579004060925765
77	0.20047693868989316
78	0.22460188780169352
79	0.9220420515895101
80	0.34814444420780405
81	0.3655182215245033
82	0.9371316004437338
83	0.87821563655024
84	0.8364723744993591
85	0.9071954723294418
86	0.8925879504044915
87	0.9071954723294418
88	0.8501615448993989
89	0.8501615448993989
90	0.4299397258291138
91	0.45139540946972445
92	0.8925879504044915
93	0.23581040555488142
94	0.1818717710859382
95	0.1676934209382962
96	0.17043778391330164
97	0.22827757824649533
98	0.87821563655024
99	0.9371316004437338
100	0.8925879504044915
101	0.699686033300591
102	0.7346031188276402
103	0.15715080394779135
104	0.007674387126047693
105	0.04883453939311235
106	0.015175310452307482
107	0.05838153282986845
108	0.13801229332339157
109	0.14489964968096242
110	0.20709238541955047
111	0.9071954723294418
112	0.809751747262771
113	0.14727098441461314
114	0.1425664978143681
115	0.11925293695084214
116	0.07447719441285122
117	0.24757827243667163
118	0.3596327033558822
119	0.968055577146137
120	1.0
121	0.87821563655024
122	0.11175569566235759
123	0.029524436113288616
124	0.10644373457266823
125	0.9220420515895101
126	0.8501615448993989
127	0.6664286233595221
128	0.6664286233595221
129	0.9071954723294418
130	0.87821563655024
131	0.823003625015039
132	0.9071954723294418
133	0.8501615448993989
134	0.9371316004437338
135	0.210481526578285
136	0.2174271101239788
137	0.2174271101239788
138	0.25574799451756824
139	0.9371316004437338
140	0.9071954723294418
141	0.8640747434825073
142	0.87821563655024
143	0.87821563655024
144	1.0
145	0.9838981538483258
146	0.968055577146137
147	0.968055577146137
148	0.968055577146137
149	0.968055577146137
150	1.0
151	0.968055577146137
152	0.9371316004437338
153	0.9838981538483258
154	0.22460188780169352
155	0.007429233258548931
156	0.0024635075651007095
157	0.011515692539375656
158	0.9220420515895101
159	0.7967132492072908
160	0.87821563655024
161	0.9071954723294418
162	1.0
163	0.968055577146137
164	0.9838981538483258
165	0.9838981538483258
166	0.4587826572335587
167	0.5139915422627543
168	0.8364723744993591
169	0.7712627042813379
170	0.8925879504044915
171	0.28652413961186873
172	0.2139261322475594
173	0.18787327440651988
174	0.9524680951766462
175	0.9371316004437338
176	0.9371316004437338
177	0.35384195289533266
178	0.39003937264673355
179	0.5057153295259778
180	0.34253867592860743
181	0.26418730551764663
182	0.06435386265758125
183	0.15462038588001104
184	0.8925879504044915
185	0.87821563655024
186	0.8364723744993591
187	0.46629079995640094
188	0.07327797408660716
189	0.004491573493650783
190	0.008738613623635549
191	0.0046397888713085094
192	0.11925293695084214
193	0.24757827243667163
194	0.13145230613269135
195	0.11925293695084214
196	0.025511319561055717
197	0.005369661486237433
198	0.006316048424505998
199	0.1623365513900324
200	0.5484731728386688
