1	0.7967132492072909
2	0.7967132492072909
3	0.7967132492072909
4	0.9680555771461439
5	0.8925879504044915
6	0.8364723744993591
7	0.9680555771461439
8	0.481677716615238
9	0.4369758436353341
10	0.8364723744993591
11	0.0370577948122046
12	0.17894329980857737
13	0.03954385360034535
14	0.24359180518339907
15	0.9680555771461439
16	0.9680555771461439
17	0.9680555771461439
18	0.9680555771461439
19	0.9838981538483189
20	0.18787327440651988
21	0.164993247273701
22	0.019047393108381876
23	0.9524680951766462
24	0.8097517472627709
25	0.027222771645920248
26	0.024696375181437153
27	0.06979493239667438
28	0.1909478879208119
29	0.9838981538483189
30	0.9838981538483189
31	0.9838981538483189
32	0.9838981538483189
33	0.9680555771461439
34	0.9524680951766462
35	0.9680555771461439
36	0.9838981538483189
37	0.24359180518339907
38	0.1357900406092586
39	0.10644373457266824
40	0.10995622264422977
41	0.17322705937262783
42	0.18187177108593947
43	0.9524680951766462
44	0.4230169025093204
45	0.48956054519592274
46	0.7838846950415601
47	0.8501615448994048
48	0.24359180518339907
49	0.20375781569034312
50	0.14489964968096344
51	0.11925293695084216
52	0.08903724340857933
53	0.12318811002815044
54	0.11925293695084216
55	0.9071954723294418
56	0.9680555771461439
57	0.8640747434825136
58	0.8364723744993591
59	0.8364723744993591
60	0.019047393108381876
61	0.01727970878760305
62	0.03828064801966493
63	0.9838981538483189
64	0.9838981538483189
65	0.9838981538483189
66	0.9838981538483189
67	0.051271575016962036
68	0.01311260248634491
69	0.017001473575159215
70	0.3008228213237163
71	0.27737129133826594
72	0.154620385880011
73	0.13360357026643588
74	0.18187177108593947
75	0.29597901853585135
76	0.29597901853585135
77	0.4299397258291168
78	0.35963270335587966
79	0.8501615448994048
80	0.09049436982916181
81	0.04651334071458662
82	0.07569604040982214
83	0.10644373457266824
84	0.03472803056127704
85	0.18187177108593947
86	0.2819105719970956
87	0.17894329980857737
88	0.1425664978143681
89	0.08480513362915015
90	0.06129500098272679
91	0.8925879504044915
92	0.8364723744993591
93	0.8925879504044915
94	0.8925879504044915
95	0.8925879504044915
96	0.18484816784601352
97	0.18187177108593947
98	0.176061982325188
99	0.008189230970776996
100	0.10472979393476875
101	0.699686033300596
102	0.7346031188276402
103	0.6773349667878948
104	0.210481526578285
105	0.04576439005840027
106	0.0330773411179359
107	0.051271575016962036
108	0.164993247273701
109	0.9371316004437403
110	0.04219669209918966
111	0.07327797408660718
112	0.9680555771461439
113	0.9220420515895167
114	0.9220420515895167
115	0.9220420515895167
116	0.9220420515895167
117	0.03049869946550789
118	0.07569604040982214
119	0.9680555771461439
120	0.9838981538483189
121	0.18484816784601352
122	0.07327797408660718
123	0.0769348332586583
124	0.21392613224755938
125	0.3210038175868511
126	0.7967132492072909
127	0.6884197964379097
128	0.9680555771461439
129	0.9838981538483189
130	0.9838981538483189
131	1.0
132	0.1425664978143681
133	0.13360357026643588
134	0.15213071221465965
135	0.20375781569034312
136	0.9838981538483189
137	0.9838981538483189
138	0.14968112689163143
139	0.1314523061326923
140	0.1357900406092586
141	0.8230036250150389
142	0.12120455403276079
143	0.17322705937262783
144	0.01727970878760305
145	0.019997932954225955
146	0.4587826572335587
147	0.6773349667878948
148	0.9680555771461439
149	0.9838981538483189
150	0.9680555771461439
151	0.9371316004437403
152	0.9838981538483189
153	0.08480513362915015
154	0.006739766775034991
155	0.018142034232021265
156	1.0
157	0.210481526578285
158	0.002271457569431769
159	0.0023086307871880737
160	0.0028051283336035368
161	0.0028051283336035368
162	1.0
163	0.0026717952406334006
164	0.000803736982286617
165	0.00013261117466143403
166	0.00047809985677179273
167	0.0029933131400918323
168	0.04651334071458662
169	0.7712627042813435
170	0.7712627042813435
171	0.3107495359001546
172	0.3370231708678044
173	0.9838981538483189
174	0.9838981538483189
175	1.0
176	0.7712627042813435
177	0.1357900406092586
178	0.18187177108593947
179	0.9838981538483189
180	0.9838981538483189
181	0.14489964968096344
182	0.003246395470718101
183	0.0028051283336035368
184	0.002198897168339217
185	0.0023464123579847807
186	0.0023086307871880737
187	0.0005443991622033086
188	0.0006198923584893025
189	0.00011646120716896553
190	0.00022658195241163974
191	0.20709238541955047
192	1.0
193	0.029524436113288616
194	0.016727718463300126
195	0.08209608258032164
196	1.0
197	0.9371316004437403
198	1.0
199	1.0
200	1.0
