1	0.9680555771461301
2	0.9680555771461301
3	0.6996860333005959
4	0.6347520014624387
5	0.09814559940423298
6	0.07093715149650967
7	0.06647744631284325
8	0.15715080394779135
9	0.5852680376789788
10	0.8640747434825136
11	0.8925879504044913
12	0.4895605451959158
13	0.45139540946972445
14	0.4441271100328678
15	0.4739218161276063
16	0.9838981538483188
17	0.5948461590153626
18	0.6347520014624387
19	0.8097517472627709
20	0.7712627042813435
21	0.46629079995640094
22	0.4739218161276063
23	0.22460188780169194
24	0.2396695274125223
25	0.5057153295259778
26	0.07327797408660716
27	0.07209806342155774
28	0.08760357941344458
29	0.40950387170122843
30	0.3315964756209393
31	0.6664286233595221
32	0.6556978921951104
33	0.5309525138815068
34	0.5309525138815068
35	0.14727098441461212
36	0.46629079995640094
37	0.3008228213237163
38	0.35963270335587966
39	0.2912132099152615
40	0.3315964756209393
41	0.783884695041549
42	0.3900393726467364
43	0.20709238541955044
44	0.1818717710859395
45	0.9071954723294289
46	0.8501615448993928
47	0.7346031188276403
48	0.3655182215245033
49	0.6451399456130033
50	0.5852680376789788
51	0.42301690250931445
52	0.21048152657828498
53	0.2865241396118646
54	0.4299397258291107
55	0.481677716615238
56	0.07693483325865721
57	0.2037578156903402
58	0.5309525138815068
59	1.0
60	0.5396417421912961
61	0.5224031981891457
62	0.21048152657828498
63	0.5224031981891457
64	0.13579004060925862
65	0.05651656845829405
66	0.13801229332339057
67	0.39642250686330754
68	0.03529636723622752
69	0.16499324727369863
70	0.28191057199709557
71	0.823003625015039
72	0.08343961441457963
73	0.0593369675525062
74	0.01814203423202126
75	0.05651656845829405
76	0.1597226332147545
77	0.11733274450692356
78	0.9680555771461301
79	0.0593369675525062
80	0.06647744631284325
81	0.836472374499359
82	0.8501615448993928
83	0.6556978921951104
84	0.836472374499359
85	0.758843950874465
86	0.9071954723294289
87	0.25574799451756824
88	0.2865241396118646
89	0.10818572446379239
90	0.08760357941344458
91	0.11175569566235757
92	0.22460188780169194
93	0.836472374499359
94	0.41620554942555466
95	0.1496811268916314
96	0.06030803830703579
97	0.1272531380804732
98	0.40950387170122843
99	0.3210038175868511
100	0.5484731728386688
101	0.8640747434825136
102	0.823003625015039
103	0.823003625015039
104	0.9371316004437404
105	0.9524680951766462
106	0.6245313223904276
107	0.5484731728386688
108	0.28191057199709557
109	0.6996860333005959
110	0.05560654736795765
111	0.19094788792080647
112	0.14727098441461212
113	0.25993340216897615
114	0.4441271100328678
115	0.45139540946972445
116	0.45878265723355866
117	0.3538419528953301
118	0.3900393726467364
119	0.41620554942555466
120	0.39642250686330754
121	0.6664286233595221
122	0.5396417421912961
123	0.5309525138815068
124	0.27737129133826594
125	0.3158350635019653
126	0.2959790185358471
127	0.24359180518339907
128	0.6773349667878948
129	0.836472374499359
130	0.21048152657828498
131	0.10644373457266672
132	0.2685108255202324
133	0.823003625015039
134	0.8640747434825136
135	0.3315964756209393
136	0.3370231708678044
137	0.13145230613269226
138	0.14027091400017713
139	0.8640747434825136
140	0.9071954723294289
141	0.9220420515895167
142	0.7967132492072908
143	0.7346031188276403
144	0.6996860333005959
145	0.9071954723294289
146	0.024298717947761457
147	0.014453999040223557
148	0.21742711012398036
149	0.21392613224755633
150	0.8097517472627709
151	0.8097517472627709
152	0.154620385880011
153	0.013112602486344908
154	0.023907463729683505
155	0.5758441417787837
156	0.6451399456130033
157	0.34814444420780405
158	0.5758441417787837
159	0.2516299796562454
160	0.22827757824649536
161	0.23201342268367284
162	0.4299397258291107
163	0.46629079995640094
164	0.7967132492072908
165	0.5758441417787837
166	0.46629079995640094
167	0.5665719880005069
168	0.1099562226442282
169	0.1597226332147545
170	0.1818717710859395
171	0.008738613623635485
172	0.05044600800408453
173	0.09501039487561765
174	0.6773349667878948
175	0.783884695041549
176	0.7227746524257324
177	0.6664286233595221
178	0.21742711012398036
179	0.22827757824649536
180	0.1597226332147545
181	0.24757827243666986
182	0.154620385880011
183	0.03828064801966439
184	0.019359110527732544
185	0.03587400494469159
186	0.4975723790934037
187	0.513991542262758
188	0.4975723790934037
189	0.836472374499359
190	0.31074953590015464
191	0.22098538275893195
192	0.2685108255202324
193	0.26418730551764474
194	0.11175569566235757
195	0.5057153295259778
196	0.46629079995640094
197	0.4739218161276063
198	0.4739218161276063
199	0.5852680376789788
200	0.6996860333005959
