1	0.983898153848319
2	0.9680555771461302
3	0.6556978921951105
4	0.5665719880005069
5	0.5574491330158786
6	0.45878265723355216
7	0.7111366461700385
8	0.7227746524257325
9	0.9220420515895035
10	0.9220420515895035
11	0.8925879504044915
12	0.8925879504044915
13	0.6664286233595222
14	0.6556978921951105
15	0.7346031188276299
16	0.6045810297425014
17	0.5665719880005069
18	0.5574491330158786
19	0.6773349667878853
20	0.8097517472627594
21	0.3315964756209393
22	0.42301690250931445
23	0.6347520014624388
24	0.983898153848319
25	0.4299397258291107
26	0.15213071221465752
27	0.051271575016961675
28	0.15213071221465752
29	0.23581040555487973
30	0.7967132492072908
31	0.5758441417787756
32	0.7111366461700385
33	0.08209608258032106
34	0.06540703669975767
35	0.03472803056127655
36	0.03202070454638263
37	0.033077341117935664
38	0.032544734860148215
39	0.053830228305391865
40	0.029524436113288404
41	0.9220420515895035
42	0.548473172838661
43	0.48956054519590886
44	0.5139915422627507
45	0.6144752151203823
46	0.07947357060372906
47	0.08619300005539274
48	0.9220420515895035
49	0.983898153848319
50	0.9680555771461302
51	0.548473172838661
52	0.5139915422627507
53	0.6773349667878853
54	0.5224031981891384
55	0.3715000583087311
56	0.40950387170122265
57	0.481677716615238
58	0.14727098441461314
59	0.48956054519590886
60	0.5574491330158786
61	0.548473172838661
62	0.5665719880005069
63	0.6144752151203823
64	0.9371316004437271
65	0.9371316004437271
66	0.8925879504044915
67	0.9071954723294289
68	0.9071954723294289
69	0.3107495359001547
70	0.17322705937262783
71	0.08480513362914835
72	0.10818572446379086
73	0.17043778391329922
74	0.32625716018605133
75	0.12318811002814868
76	0.548473172838661
77	0.5758441417787756
78	0.39642250686330754
79	0.5758441417787756
80	0.9371316004437271
81	0.983898153848319
82	0.9371316004437271
83	0.5574491330158786
84	0.4369758436353279
85	0.45878265723355216
86	0.15213071221465752
87	0.033077341117935664
88	0.07569604040982053
89	0.40950387170122265
90	0.481677716615238
91	1.0
92	0.5139915422627507
93	0.012489335512977581
94	0.008881624169591235
95	0.009790198959862087
96	0.3107495359001547
97	0.32625716018605133
98	0.36551822152449814
99	0.05044600800408382
100	0.983898153848319
101	1.0
102	0.002945115272426226
103	0.001186616698822083
104	0.210481526578282
105	1.0
106	0.01904739310838147
107	0.01170415097775544
108	0.008189230970776997
109	0.011147830387442687
110	0.01904739310838147
111	0.04651334071458662
112	0.09501039487561698
113	0.17322705937262783
114	0.07693483325865721
115	0.06756537356313774
116	0.466290799956401
117	0.45878265723355216
118	0.45878265723355216
119	0.06435386265758035
120	0.06331764666180202
121	0.5948461590153626
122	0.8097517472627594
123	0.7967132492072908
124	0.9071954723294289
125	0.6144752151203823
126	0.5574491330158786
127	0.6045810297425014
128	0.5948461590153626
129	0.1972488898661471
130	0.45139540946972445
131	0.40291010336057753
132	0.39642250686330754
133	0.1448996496809614
134	0.033077341117935664
135	0.012693727967806403
136	0.11175569566235759
137	0.42301690250931445
138	0.7111366461700385
139	0.6347520014624388
140	0.5852680376789788
141	0.7227746524257325
142	0.5852680376789788
143	0.5852680376789788
144	0.8364723744993472
145	0.983898153848319
146	0.9680555771461302
147	0.9680555771461302
148	0.35384195289533016
149	0.3210038175868511
150	0.35963270335587966
151	0.45139540946972445
152	0.14027091400017616
153	0.10818572446379086
154	0.06647744631284325
155	0.0744771944128507
156	0.07693483325865721
157	0.013992274382953229
158	0.027222771645920057
159	1.0
160	0.21742711012397728
161	0.00963255868241611
162	0.011147830387442687
163	1.0
164	0.983898153848319
165	0.048834539393112004
166	0.02032520629905422
167	0.008189230970776997
168	0.00832325067258884
169	0.00832325067258884
170	0.002805128333603477
171	0.6773349667878853
172	0.20047693868989175
173	0.6996860333005861
174	0.1597226332147545
175	0.06756537356313774
176	0.0744771944128507
177	0.1336035702664359
178	0.23581040555487973
179	0.6556978921951105
180	0.6556978921951105
181	0.6773349667878853
182	0.758843950874465
183	0.03890712455342798
184	0.03202070454638263
185	0.013992274382953229
186	0.014690543918280221
187	0.016727718463299887
188	0.020995908477665633
189	0.03472803056127655
190	0.17894329980857737
191	0.7967132492072908
192	0.5396417421912961
193	0.6664286233595222
194	0.109956222644229
195	0.026353155917208444
196	0.02277109643911657
197	0.12120455403275907
198	0.06647744631284325
199	0.2959790185358472
200	0.34814444420780405
