1	0.49757237909340374
2	0.48956054519592274
3	1.0
4	0.9838981538483328
5	0.8782156365502464
6	0.9680555771461302
7	0.9838981538483328
8	0.9838981538483328
9	0.9680555771461302
10	0.9071954723294419
11	0.9680555771461302
12	0.9371316004437404
13	0.4095038717012285
14	0.40291010336057753
15	0.37757978999725095
16	0.15462038588001323
17	0.11925293695084216
18	0.08343961441458081
19	0.009790198959862158
20	0.002384812237737459
21	0.0047157206801952825
22	0.021339514049847925
23	0.0997517873372933
24	0.0330773411179359
25	0.9220420515895166
26	0.8925879504044913
27	0.9524680951766599
28	0.8501615448994049
29	0.8501615448994049
30	0.8501615448994049
31	0.9220420515895166
32	0.34814444420780405
33	0.15715080394779135
34	0.11175569566235918
35	0.1425664978143681
36	0.15462038588001323
37	0.16499324727370096
38	0.25574799451756824
39	0.9524680951766599
40	1.0
41	0.9838981538483328
42	0.9524680951766599
43	0.8925879504044913
44	0.1789432998085799
45	0.02510054021835705
46	0.033618663668145254
47	0.1081857244637924
48	0.1081857244637924
49	0.1909478879208092
50	0.37757978999725095
51	0.9220420515895166
52	0.5852680376789872
53	0.49757237909340374
54	0.9371316004437404
55	0.08209608258032165
56	0.08209608258032165
57	0.001465408012805456
58	0.003142691241050594
59	0.01061795277448002
60	0.8782156365502464
61	0.006114285902868104
62	0.09197534264619908
63	0.8925879504044913
64	0.017001473575159333
65	0.11733274450692358
66	0.9680555771461302
67	0.08480513362914896
68	0.09501039487561765
69	0.0047157206801952825
70	0.14489964968096344
71	0.7967132492072909
72	0.10644373457266824
73	0.15972263321475677
74	0.10995622264422977
75	0.5057153295259778
76	0.2396695274125257
77	0.2475782724366734
78	0.6347520014624477
79	0.7838846950415601
80	0.9220420515895166
81	0.9071954723294419
82	0.6451399456130033
83	0.43697584363533404
84	0.1878732744065199
85	0.16769342093829617
86	0.15972263321475677
87	0.5574491330158785
88	0.5224031981891458
89	0.40291010336057753
90	0.5484731728386688
91	0.9071954723294419
92	0.9220420515895166
93	0.9071954723294419
94	0.9220420515895166
95	0.9838981538483328
96	0.9838981538483328
97	0.8782156365502464
98	0.059336967552506205
99	0.029524436113288616
100	0.06867110513305712
101	0.0769348332586583
102	0.01645837131413555
103	0.036461095901418175
104	0.07327797408660718
105	0.05651656845829406
106	0.9838981538483328
107	0.018740694914959985
108	0.009026975134420856
109	0.020657835589543778
110	0.009477456704464805
111	0.018142034232021393
112	0.513991542262758
113	0.614475215120391
114	0.8364723744993591
115	0.015175310452307592
116	0.010446984132459602
117	0.04084874312373918
118	0.045027498890454064
119	0.06647744631284418
120	0.07209806342155774
121	0.06647744631284418
122	0.07327797408660718
123	0.08343961441458081
124	0.34253867592860743
125	0.8925879504044913
126	0.9220420515895166
127	0.9071954723294419
128	0.27737129133826594
129	0.025928821455018656
130	0.02635315591720882
131	0.013545299253377089
132	0.006850065475449574
133	0.008057369233585078
134	0.023522509426831418
135	0.9680555771461302
136	0.06979493239667438
137	0.0330773411179359
138	0.9680555771461302
139	0.8640747434825014
140	0.9838981538483328
141	1.0
142	0.7838846950415601
143	0.10138426111191784
144	0.06756537356313774
145	0.9680555771461302
146	0.47392181612761314
147	0.48956054519592274
148	0.9680555771461302
149	1.0
150	0.7227746524257325
151	0.210481526578285
152	0.3596327033558797
153	0.9071954723294419
154	0.8640747434825014
155	0.5574491330158785
156	0.8640747434825014
157	0.8640747434825014
158	0.8364723744993591
159	0.8364723744993591
160	0.8097517472627709
161	0.8925879504044913
162	0.9220420515895166
163	0.9371316004437404
164	1.0
165	0.9220420515895166
166	0.9680555771461302
167	0.40291010336057753
168	0.34814444420780405
169	0.5948461590153711
170	0.4095038717012285
171	0.8640747434825014
172	0.9524680951766599
173	0.8782156365502464
174	0.9680555771461302
175	0.5758441417787838
176	0.5309525138815143
177	0.41620554942555466
178	0.6664286233595221
179	1.0
180	0.9680555771461302
181	0.41620554942555466
182	0.513991542262758
183	0.9838981538483328
184	0.2729051014782441
185	0.22827757824649536
186	0.9371316004437404
187	0.9371316004437404
188	0.9524680951766599
189	0.9680555771461302
190	0.09501039487561765
191	0.08209608258032165
192	0.9838981538483328
193	0.10644373457266824
194	1.0
195	0.02766828206704513
196	0.07327797408660718
197	0.02204368690561934
198	0.00932485215470036
199	0.030007614098887924
200	0.23201342268367284
