1	1.0
2	0.7466251623243505
3	0.6773349667878852
4	0.03766425891466509
5	0.09348055211451997
6	0.004419250868277018
7	0.1676934209382938
8	0.8097517472627593
9	0.9680555771461163
10	0.40291010336057753
11	0.21742711012397725
12	0.16499324727369863
13	0.2599334021689725
14	0.5396417421912886
15	0.08343961441457963
16	0.04804821315291624
17	0.14968112689163143
18	0.154620385880011
19	0.5665719880005069
20	0.4895605451959088
21	0.5665719880005069
22	0.6347520014624477
23	0.7111366461700385
24	0.45139540946971807
25	0.5309525138815142
26	0.5139915422627507
27	0.5758441417787756
28	0.8782156365502214
29	0.8097517472627593
30	0.7712627042813325
31	0.5948461590153626
32	0.4369758436353278
33	0.7227746524257325
34	0.5057153295259778
35	0.06331764666180247
36	0.03202070454638286
37	0.27290510147824015
38	0.05044600800408382
39	0.7466251623243505
40	0.29597901853585135
41	0.2819105719970956
42	0.300822821323712
43	0.32625716018604667
44	0.6144752151203823
45	0.6451399456129941
46	0.47392181612760637
47	0.4230169025093204
48	0.058381532829867626
49	0.300822821323712
50	0.08480513362914895
51	0.05211065273008481
52	0.09975178733729188
53	0.08343961441457963
54	0.09814559940423158
55	0.9838981538483188
56	0.9838981538483188
57	0.045764390058399614
58	0.031505112088108564
59	0.03416884515602799
60	0.06229811565656762
61	0.9838981538483188
62	1.0
63	0.013327194928720634
64	0.011147830387442765
65	0.058381532829867626
66	0.9838981538483188
67	0.9838981538483188
68	0.9838981538483188
69	0.9524680951766598
70	0.9680555771461163
71	0.04430247303072466
72	0.03766425891466509
73	0.0013080055346563406
74	0.9220420515895036
75	0.9680555771461163
76	0.07327797408660612
77	0.045764390058399614
78	0.04288725609875964
79	0.007674387126047583
80	0.49757237909340374
81	0.466290799956401
82	0.7588439508744758
83	0.17043778391330164
84	0.13579004060925667
85	0.8230036250150389
86	0.9838981538483188
87	0.9838981538483188
88	0.9838981538483188
89	0.11175569566235759
90	0.08760357941344335
91	0.5574491330158785
92	0.9680555771461163
93	0.4230169025093204
94	0.09348055211451997
95	0.04151724745489865
96	0.06331764666180247
97	0.699686033300596
98	0.9838981538483188
99	0.9524680951766598
100	0.9838981538483188
101	0.6664286233595221
102	0.04883453939311166
103	0.030997821620274372
104	0.10304345090533383
105	0.05127157501696131
106	0.47392181612760637
107	0.24757827243667338
108	0.9524680951766598
109	0.699686033300596
110	0.6144752151203823
111	0.9220420515895036
112	0.2435918051833956
113	0.6451399456129941
114	0.05383022830539263
115	0.0037570771454724255
116	0.07093715149650967
117	0.26418730551764474
118	0.006739766775034895
119	0.008189230970776997
120	0.6556978921951104
121	0.6556978921951104
122	0.026353155917208257
123	0.07569604040982107
124	0.15972263321475677
125	0.154620385880011
126	0.16499324727369863
127	0.21392613224755938
128	0.300822821323712
129	0.05744148237014259
130	0.6451399456129941
131	0.9524680951766598
132	0.9838981538483188
133	0.9524680951766598
134	0.7111366461700385
135	0.6556978921951104
136	0.9220420515895036
137	0.09975178733729188
138	0.008459463654885606
139	0.6664286233595221
140	0.4230169025093204
141	0.9524680951766598
142	0.08760357941344335
143	0.061295000982725924
144	0.05383022830539263
145	0.013992274382953427
146	0.02277109643911641
147	0.1732270593726278
148	0.025928821455018475
149	0.19094788792080922
150	0.18484816784601352
151	0.18484816784601352
152	0.31583506350196533
153	0.5484731728386688
154	0.4299397258291107
155	0.6884197964379098
156	0.018142034232021265
157	0.013545299253376991
158	0.013327194928720634
159	0.029524436113288192
160	0.8640747434825014
161	0.9680555771461163
162	0.9838981538483188
163	0.04151724745489865
164	0.012901465378461631
165	0.001931105876401505
166	0.0002265819524116365
167	0.0017805608241138152
168	0.0028976934794106525
169	0.9838981538483188
170	0.9838981538483188
171	1.0
172	1.0
173	0.9838981538483188
174	0.9838981538483188
175	0.0025864462836876134
176	0.002308630787188041
177	0.0013732801563434583
178	0.003042299783147321
179	0.013766972933526807
180	0.0408487431237386
181	0.9220420515895036
182	0.9071954723294418
183	0.8925879504044787
184	0.9220420515895036
185	0.01700147357515897
186	0.005283200023099469
187	0.020995908477665932
188	0.1173327445069219
189	0.8501615448993928
190	0.9524680951766598
191	0.481677716615238
192	0.40291010336057753
193	0.3837590186752804
194	0.3370231708678045
195	0.8782156365502214
196	0.699686033300596
197	0.5852680376789705
198	0.5396417421912886
199	0.9071954723294418
200	0.9220420515895036
