1	1.0
2	0.1212045540327608
3	0.06867110513305613
4	0.012489335512977668
5	0.0045650797047264826
6	0.008597905811488844
7	0.00755081532523563
8	0.006015834611932685
9	0.007429233258549036
10	1.0
11	0.9838981538483329
12	0.9838981538483329
13	1.0
14	0.009950419076984586
15	0.0035784961121798835
16	0.01096832973761928
17	0.006739766775034894
18	0.0036965812672960837
19	0.0023086307871881067
20	0.05560654736795843
21	0.10138426111191928
22	0.7967132492073021
23	0.7967132492073021
24	0.9220420515895166
25	0.6664286233595317
26	0.33702317086780925
27	0.5396417421913038
28	0.6556978921951105
29	0.8501615448994048
30	0.5139915422627579
31	0.39642250686331315
32	0.29597901853585135
33	0.11925293695084216
34	0.5224031981891458
35	0.6664286233595317
36	0.016727718463300126
37	0.006850065475449623
38	0.007309608887594926
39	0.5057153295259778
40	0.4975723790934108
41	0.007799981223697674
42	0.0005101736581558181
43	0.003299523896879449
44	0.01096832973761928
45	1.0
46	0.009950419076984586
47	0.0019000115066771346
48	0.0009004569039077901
49	3.230299542326928e-05
50	0.0003747751604249757
51	0.03099782162027481
52	0.7967132492073021
53	0.8364723744993591
54	1.0
55	1.0
56	1.0
57	1.0
58	0.8230036250150506
59	0.7967132492073021
60	0.9524680951766461
61	1.0
62	0.08077418408895759
63	0.00035696138316949856
64	2.491409560653853e-05
65	0.0008859578853748352
66	0.0018694178137101955
67	0.011704150977755607
68	1.0
69	1.0
70	1.0
71	0.010791719379643227
72	0.002805128333603497
73	0.0010764932965619178
74	0.009790198959862228
75	0.011515692539375738
76	0.02240443974754898
77	0.021688742850449534
78	0.027668282067045125
79	0.9680555771461439
80	0.9220420515895166
81	0.5758441417787837
82	0.9071954723294419
83	0.8230036250150506
84	0.7967132492073021
85	0.7346031188276403
86	0.5484731728386688
87	0.5224031981891458
88	0.5758441417787837
89	0.7466251623243717
90	0.6245313223904365
91	0.7227746524257428
92	0.9371316004437404
93	0.9371316004437404
94	0.9220420515895166
95	0.9220420515895166
96	0.5139915422627579
97	0.34814444420780405
98	0.26851082552023625
99	0.699686033300596
100	0.7111366461700486
101	0.7227746524257428
102	0.9524680951766461
103	0.8925879504045041
104	0.8782156365502339
105	0.2641873055176485
106	0.25574799451756824
107	0.3655182215245033
108	0.2037578156903402
109	0.05744148237014259
110	0.019047393108381876
111	0.006214348384488034
112	4.397339814568496e-05
113	1.5309094257357753e-05
114	0.0005101736581558181
115	0.0009925720876842986
116	0.0005356333306484145
117	6.284732873436292e-05
118	0.000351213645895612
119	0.0007655338325415709
120	0.14489964968096344
121	1.0
122	1.0
123	1.0
124	1.0
125	0.14489964968096344
126	0.0007174059456835127
127	0.00031861942937681505
128	4.616784369824832e-05
129	0.0005356333306484145
130	0.0009925720876842986
131	0.0005101736581558181
132	2.3729881185408942e-05
133	5.007129947995301e-05
134	0.003299523896879449
135	0.013545299253376991
136	0.04804821315291625
137	0.18484816784601615
138	0.9371316004437404
139	0.9220420515895166
140	0.9220420515895166
141	0.6664286233595317
142	0.6884197964379097
143	0.7227746524257428
144	0.6347520014624477
145	0.5665719880005149
146	0.022043686905619652
147	0.01469054391828043
148	0.005114431247540076
149	0.6556978921951105
150	0.9071954723294419
151	0.9220420515895166
152	0.5948461590153711
153	0.46629079995640094
154	0.23201342268367284
155	0.15972263321475674
156	0.19407281858793524
157	0.9838981538483329
158	0.3775797899972509
159	0.0622981156565685
160	0.06979493239667536
161	0.33702317086780925
162	0.5309525138815143
163	0.5309525138815143
164	1.0
165	0.7967132492073021
166	0.01027876840120983
167	0.00044082817280251783
168	0.08619300005539272
169	0.5309525138815143
170	0.011147830387442765
171	0.35963270335588476
172	0.12520412762878458
173	0.013112602486345094
174	0.5139915422627579
175	0.6773349667878948
176	1.0
177	1.0
178	1.0
179	0.5139915422627579
180	0.04804821315291625
181	0.048834539393113045
182	0.23201342268367284
183	0.03099782162027481
184	0.03766425891466563
185	0.04084874312373918
186	0.04019100294647119
187	0.3837590186752804
188	0.8640747434825259
189	0.5057153295259778
190	0.5224031981891458
191	0.18787327440652257
192	0.4975723790934108
193	0.18187177108593947
194	0.10304345090533383
195	0.6773349667878948
196	0.8501615448994048
197	0.9220420515895166
198	0.8925879504045041
199	0.8925879504045041
200	0.9524680951766461
