1	0.7967132492072965
2	0.7227746524257427
3	0.7838846950415546
4	0.31583506350196755
5	0.3715000583087311
6	0.699686033300596
7	0.8640747434825137
8	0.8640747434825137
9	0.809751747262771
10	0.31074953590015464
11	0.32100381758685564
12	0.24359180518339904
13	0.25993340216897615
14	0.3315964756209417
15	0.9071954723294354
16	0.836472374499359
17	0.4230169025093174
18	0.20709238541955194
19	0.11733274450692355
20	0.10138426111191928
21	0.03954385360034534
22	0.050446008004084525
23	0.32100381758685564
24	0.3057458946813862
25	0.6556978921951152
26	0.13801229332339157
27	0.03202070454638309
28	0.5309525138815104
29	0.23201342268367284
30	0.6773349667878948
31	0.444127110032871
32	0.6773349667878948
33	0.7967132492072965
34	0.22827757824649697
35	0.4230169025093174
36	0.40950387170123137
37	0.6045810297425014
38	0.7712627042813435
39	0.8501615448993988
40	0.41620554942555466
41	0.3837590186752804
42	0.699686033300596
43	0.746625162324361
44	0.6045810297425014
45	0.8230036250150448
46	0.7967132492072965
47	0.5665719880005109
48	0.5484731728386727
49	0.6144752151203955
50	0.6664286233595221
51	0.809751747262771
52	0.6773349667878948
53	0.9524680951766531
54	0.5852680376789829
55	0.513991542262758
56	0.436975843635331
57	0.4975723790934037
58	0.436975843635331
59	0.10304345090533457
60	0.09814559940423298
61	0.17043778391330286
62	0.47392181612760975
63	0.5758441417787837
64	0.4975723790934037
65	0.836472374499359
66	0.6556978921951152
67	0.513991542262758
68	0.45139540946972445
69	0.3775797899972509
70	0.48956054519591924
71	0.13801229332339157
72	0.5484731728386727
73	0.699686033300596
74	0.6045810297425014
75	0.22460188780169194
76	0.31583506350196755
77	0.3964225068633104
78	0.1972488898661485
79	0.08480513362915015
80	0.6451399456130124
81	0.3370231708678044
82	0.28652413961187073
83	0.40950387170123137
84	0.6451399456130124
85	0.8782156365502402
86	0.9838981538483259
87	0.9838981538483259
88	0.7111366461700436
89	0.3315964756209417
90	0.2557479945175701
91	0.7588439508744703
92	0.8501615448993988
93	0.9680555771461438
94	0.9838981538483259
95	0.5057153295259778
96	0.45139540946972445
97	0.48956054519591924
98	0.6773349667878948
99	0.3315964756209417
100	0.5758441417787837
101	0.6347520014624433
102	0.9838981538483259
103	0.9838981538483259
104	0.746625162324361
105	0.5484731728386727
106	0.5309525138815104
107	0.8925879504044915
108	0.9838981538483259
109	0.48956054519591924
110	0.3775797899972509
111	0.20047693868989316
112	0.20375781569034165
113	0.1357900406092586
114	0.5758441417787837
115	0.5574491330158785
116	0.9220420515895166
117	0.8782156365502402
118	0.8782156365502402
119	0.9680555771461438
120	0.7588439508744703
121	0.6884197964379096
122	0.7967132492072965
123	0.9838981538483259
124	0.9838981538483259
125	0.9071954723294354
126	0.8501615448993988
127	0.9071954723294354
128	0.9838981538483259
129	0.9524680951766531
130	0.9838981538483259
131	0.5057153295259778
132	0.3596327033558796
133	0.3837590186752804
134	0.11544347070631938
135	0.19094788792081055
136	0.699686033300596
137	0.809751747262771
138	0.9838981538483259
139	0.9524680951766531
140	0.8501615448993988
141	0.836472374499359
142	0.5758441417787837
143	0.3715000583087311
144	0.272905101478246
145	0.1314523061326923
146	0.5309525138815104
147	0.3057458946813862
148	0.15213071221465857
149	0.9220420515895166
150	1.0
151	0.17894329980857862
152	0.09975178733729259
153	0.09656527406216149
154	0.14027091400017713
155	0.04502749889045438
156	0.018142034232021393
157	0.010617952774480096
158	0.021339514049848223
159	0.836472374499359
160	0.8640747434825137
161	0.8501615448993988
162	0.836472374499359
163	0.8230036250150448
164	0.02592882145501866
165	0.011895693606068052
166	0.009632558682416107
167	0.006015834611932729
168	0.00363705948444287
169	0.023143753598939106
170	0.176061982325188
171	0.20047693868989316
172	0.9838981538483259
173	0.9838981538483259
174	0.2557479945175701
175	0.27737129133826793
176	0.836472374499359
177	0.07447719441285122
178	0.05471117929721339
179	0.0876035794134446
180	0.11925293695084131
181	0.23966952741252398
182	0.31074953590015464
183	0.32100381758685564
184	0.5309525138815104
185	0.48956054519591924
186	0.8925879504044915
187	0.8782156365502402
188	0.9220420515895166
189	0.9524680951766531
190	0.9680555771461438
191	0.5758441417787837
192	0.5484731728386727
193	0.5396417421912961
194	0.5574491330158785
195	0.5852680376789829
196	0.6556978921951152
197	0.4029101033605775
198	0.444127110032871
199	0.9680555771461438
200	0.9680555771461438
