1	0.9524680951766599
2	0.7588439508744758
3	0.746625162324361
4	0.746625162324361
5	0.746625162324361
6	0.7588439508744758
7	0.7838846950415602
8	0.7838846950415602
9	0.7712627042813435
10	0.8501615448994049
11	0.5484731728386766
12	0.9371316004437404
13	0.272905101478248
14	0.164993247273701
15	0.0769348332586583
16	0.06756537356313871
17	0.01843893512866384
18	0.7227746524257427
19	0.11733274450692356
20	0.21742711012398036
21	0.7838846950415602
22	0.6884197964379195
23	0.9524680951766599
24	0.1909478879208119
25	0.11925293695084216
26	0.1336035702664378
27	0.07819389939674361
28	0.06435386265758217
29	0.09656527406216286
30	0.18787327440651988
31	0.9838981538483328
32	0.4975723790934108
33	0.35963270335588476
34	0.40950387170123426
35	0.45139540946972445
36	0.9680555771461439
37	0.9371316004437404
38	0.9371316004437404
39	0.9680555771461439
40	0.9838981538483328
41	0.9838981538483328
42	0.9838981538483328
43	0.9838981538483328
44	0.5396417421912961
45	0.4299397258291168
46	0.14027091400017716
47	0.13801229332339254
48	1.0
49	0.00151376434101598
50	8.148628007745301e-05
51	0.000351213645895612
52	0.00023029004732391437
53	0.04430247303072529
54	1.0
55	1.0
56	1.0
57	1.0
58	1.0
59	0.04651334071458728
60	0.0005101736581558181
61	0.0006833062745535759
62	9.584799567368744e-05
63	0.0050320794624388356
64	0.9220420515895297
65	0.5852680376789872
66	0.007191910689857912
67	0.20375781569034312
68	0.1154434707063202
69	0.210481526578285
70	0.746625162324361
71	0.6347520014624477
72	0.5948461590153711
73	0.6245313223904276
74	0.06647744631284418
75	0.0934805521145213
76	0.41620554942555466
77	0.4299397258291168
78	0.4587826572335652
79	0.6451399456130125
80	0.4230169025093204
81	0.40950387170123426
82	0.466290799956401
83	0.31074953590015464
84	0.3370231708678044
85	0.677334966787895
86	0.9371316004437404
87	0.9371316004437404
88	0.9524680951766599
89	0.9524680951766599
90	0.29597901853585135
91	0.164993247273701
92	0.1425664978143701
93	0.164993247273701
94	0.2865241396118728
95	0.01469054391828043
96	0.6884197964379195
97	0.699686033300596
98	0.7227746524257427
99	0.7111366461700487
100	0.699686033300596
101	0.027222771645920248
102	0.32100381758685564
103	0.29597901853585135
104	0.1336035702664378
105	0.07569604040982215
106	0.05044600800408453
107	0.3655182215245085
108	0.37150005830873634
109	0.9071954723294418
110	0.8501615448994049
111	0.836472374499359
112	0.4029101033605775
113	0.07819389939674361
114	0.23581040555488308
115	0.7967132492073021
116	0.6664286233595317
117	0.746625162324361
118	0.699686033300596
119	0.6144752151203998
120	0.699686033300596
121	0.7838846950415602
122	0.2819105719970956
123	0.2139261322475624
124	0.5758441417787838
125	0.5057153295259778
126	0.2516299796562454
127	0.4299397258291168
128	0.8925879504044913
129	0.1789432998085799
130	0.022771096439116734
131	0.01843893512866384
132	0.07093715149650967
133	0.6884197964379195
134	0.7838846950415602
135	0.8640747434825136
136	0.836472374499359
137	0.8925879504044913
138	0.8925879504044913
139	0.836472374499359
140	0.7967132492073021
141	0.20375781569034312
142	0.24359180518339907
143	0.2912132099152615
144	0.29597901853585135
145	0.8640747434825136
146	0.272905101478248
147	0.25993340216897615
148	0.746625162324361
149	0.5484731728386766
150	0.41620554942555466
151	0.566571988000515
152	0.8640747434825136
153	0.15213071221465965
154	0.08077418408895759
155	0.09197534264619908
156	0.566571988000515
157	0.8230036250150506
158	0.9071954723294418
159	0.7588439508744758
160	0.7712627042813435
161	0.5139915422627652
162	0.48167771661524483
163	0.48956054519592274
164	0.013545299253377184
165	0.03416884515602848
166	0.5224031981891457
167	0.9371316004437404
168	0.5758441417787838
169	0.09975178733729329
170	0.31074953590015464
171	0.20375781569034312
172	0.1909478879208119
173	0.22460188780169194
174	0.5574491330158786
175	0.4587826572335652
176	0.3775797899972509
177	0.2912132099152615
178	0.29597901853585135
179	0.4587826572335652
180	0.6045810297425014
181	0.07093715149650967
182	0.04502749889045502
183	0.0612950009827268
184	0.09975178733729329
185	0.12318811002815043
186	0.19407281858793526
187	0.4587826572335652
188	0.746625162324361
189	0.7967132492073021
190	0.331596475620944
191	0.29597901853585135
192	0.9071954723294418
193	0.1789432998085799
194	0.15972263321475677
195	0.1425664978143701
196	0.20375781569034312
197	0.2139261322475624
198	0.8640747434825136
199	0.48956054519592274
200	0.9838981538483328
