1	0.9680555771461301
2	0.9838981538483329
3	0.9680555771461301
4	0.9838981538483329
5	0.9220420515895166
6	0.8925879504044913
7	0.9838981538483329
8	0.7967132492073021
9	0.7838846950415601
10	0.9220420515895166
11	0.5396417421912961
12	0.3370231708678045
13	0.34814444420780405
14	0.9680555771461301
15	0.8640747434825014
16	0.836472374499359
17	0.746625162324361
18	0.18484816784601615
19	0.2396695274125257
20	0.39642250686331315
21	0.836472374499359
22	0.6664286233595221
23	0.7712627042813435
24	0.8640747434825014
25	0.8925879504044913
26	0.7967132492073021
27	0.5758441417787837
28	0.6556978921951198
29	0.7111366461700486
30	0.8925879504044913
31	0.699686033300596
32	0.8925879504044913
33	0.1878732744065199
34	0.1357900406092586
35	0.11358461770178932
36	0.17043778391330164
37	0.9524680951766598
38	0.11175569566235918
39	0.10818572446379239
40	0.08480513362914895
41	0.05560654736795844
42	0.0622981156565685
43	0.07819389939674361
44	0.0622981156565685
45	0.1357900406092586
46	0.030997821620274812
47	0.020995908477665932
48	0.0013957543786134268
49	0.010968329737619126
50	0.019359110527732818
51	0.07447719441285174
52	0.9680555771461301
53	0.06331764666180247
54	0.09049436982916181
55	0.9838981538483329
56	0.9524680951766598
57	1.0
58	1.0
59	1.0
60	1.0
61	1.0
62	0.9838981538483329
63	0.022771096439116734
64	0.0370577948122046
65	0.9838981538483329
66	1.0
67	1.0
68	0.06540703669975811
69	0.014453999040223762
70	0.007076107650393189
71	0.005637628717885406
72	0.06647744631284418
73	0.6045810297425014
74	0.8501615448994048
75	0.8640747434825014
76	0.9220420515895166
77	0.9838981538483329
78	0.9838981538483329
79	0.14489964968096344
80	0.0046397888713085094
81	0.001839316735680622
82	0.0019000115066771348
83	0.0045650797047264826
84	0.0022714575694317693
85	0.00381856306039134
86	0.0012458335400746532
87	1.0
88	1.0
89	1.0
90	1.0
91	0.0010253255196467585
92	0.0006614784499805433
93	0.002759960588740092
94	0.005369661486237471
95	0.003142691241050638
96	0.004209195456615671
97	0.0045650797047264826
98	0.14256649781436806
99	0.9838981538483329
100	0.4029101033605775
101	0.1252041276287828
102	0.13801229332339254
103	0.11733274450692356
104	0.09975178733729329
105	0.10138426111191928
106	0.17894329980857993
107	0.5309525138815142
108	0.9838981538483329
109	0.5484731728386766
110	0.11733274450692356
111	0.007927630713798602
112	0.0028976934794106937
113	0.005546852487609636
114	1.0
115	1.0
116	1.0
117	1.0
118	1.0
119	0.005198130749138962
120	0.0026717952406334006
121	0.009477456704464872
122	0.11358461770178932
123	0.07327797408660716
124	0.1909478879208092
125	0.10472979393476875
126	0.03646109590141791
127	0.04019100294647176
128	0.08077418408895759
129	0.16233655139003356
130	0.466290799956401
131	0.9680555771461301
132	0.7346031188276507
133	0.5665719880005149
134	0.6451399456130033
135	0.9524680951766598
136	0.9524680951766598
137	0.25993340216897615
138	0.0472745482168648
139	0.014221262971401532
140	0.01248933551297767
141	0.012693727967806583
142	0.0934805521145213
143	0.9524680951766598
144	1.0
145	0.9838981538483329
146	0.9838981538483329
147	0.9838981538483329
148	0.0547111792972134
149	0.012288234154010976
150	0.013992274382953427
151	0.020995908477665932
152	0.03828064801966494
153	0.24359180518339907
154	0.6045810297425014
155	0.3775797899972509
156	0.4975723790934037
157	0.7346031188276507
158	0.8782156365502464
159	0.9680555771461301
160	0.9680555771461301
161	0.9220420515895166
162	0.9371316004437404
163	0.11925293695084216
164	0.12725313808047323
165	0.1252041276287828
166	0.14256649781436806
167	0.20047693868989458
168	0.6664286233595221
169	0.5396417421912961
170	0.9220420515895166
171	0.9838981538483329
172	0.9838981538483329
173	0.9838981538483329
174	0.9680555771461301
175	0.5852680376789872
176	0.0622981156565685
177	0.1154434707063202
178	0.10138426111191928
179	0.13801229332339254
180	0.16499324727370096
181	0.8925879504044913
182	0.6773349667878948
183	0.7838846950415601
184	0.3900393726467364
185	0.15715080394779135
186	0.05651656845829405
187	0.022404439747548983
188	0.13801229332339254
189	0.015676073575284756
190	0.001751890507660274
191	0.8501615448994048
192	0.0028051283336035368
193	0.00381856306039134
194	0.9838981538483329
195	0.07819389939674361
196	0.02678443476505567
197	0.05127157501696203
198	0.22827757824649858
199	0.8782156365502464
200	0.9220420515895166
