1	0.009632558682416177
2	0.00902697513442092
3	0.0512715750169613
4	1.0
5	0.045764390058400266
6	0.007191910689857912
7	0.006739766775034894
8	0.9838981538483328
9	0.03254473486014822
10	0.01248933551297767
11	0.01248933551297767
12	0.017562497419084444
13	0.05838153282986846
14	0.3210038175868602
15	0.9838981538483328
16	0.9838981538483328
17	0.9838981538483328
18	0.3900393726467308
19	0.06129500098272593
20	0.01967592931444537
21	0.015676073575284756
22	0.015175310452307482
23	0.029049038185277716
24	0.9524680951766462
25	0.011704150977755606
26	0.008057369233585077
27	0.03705779481220407
28	0.9838981538483328
29	0.043589121425846165
30	0.001751890507660249
31	0.009174704819918202
32	0.9838981538483328
33	0.9838981538483328
34	0.9838981538483328
35	0.9680555771461301
36	0.9680555771461301
37	0.9838981538483328
38	1.0
39	1.0
40	0.9838981538483328
41	0.006015834611932771
42	0.0015893071365663276
43	0.010617952774480095
44	0.020325206299054505
45	0.13360357026643777
46	0.3210038175868602
47	0.00463978887130851
48	0.011330268629776647
49	0.004565079704726483
50	0.003578496112179884
51	0.003092088110184961
52	0.05838153282986846
53	0.9680555771461301
54	0.6347520014624386
55	0.5484731728386766
56	0.22460188780169194
57	0.6451399456130124
58	0.1521307122146575
59	0.0013294115143323943
60	0.0016153167178432556
61	0.0020274756563298706
62	3.799630272278664e-05
63	4.616784369824898e-05
64	0.00652446881523681
65	1.0
66	0.0004553748598836633
67	0.0010421053394971728
68	0.0028976934794106937
69	0.31074953590015464
70	1.0
71	1.0
72	0.019047393108381605
73	0.017849913987938726
74	1.0
75	0.017562497419084444
76	0.0007058543855178155
77	0.0012257733200817667
78	1.0
79	1.0
80	1.0
81	1.0
82	0.00042674617124462144
83	0.0001585362275004046
84	0.017849913987938726
85	1.0
86	0.012693727967806582
87	0.019359110527732818
88	1.0
89	1.0
90	0.31583506350196977
91	1.0
92	0.00902697513442092
93	0.0010253255196467585
94	0.0005443991622033086
95	1.0
96	0.00652446881523681
97	6.598365767066063e-05
98	5.007129947995302e-05
99	0.001994829555235368
100	0.0023464123579847473
101	0.0047928951403666395
102	0.41620554942555466
103	1.0
104	0.5665719880005149
105	0.5309525138815068
106	0.6045810297425099
107	1.0
108	0.7111366461700487
109	0.00873861362363561
110	0.007309608887594927
111	0.014930959938100428
112	0.1099562226442282
113	0.6664286233595221
114	0.9838981538483328
115	0.7712627042813435
116	0.746625162324361
117	0.699686033300586
118	1.0
119	0.1252041276287828
120	0.025100540218357226
121	0.05383022830539262
122	0.26851082552023625
123	0.7111366461700487
124	0.614475215120391
125	0.614475215120391
126	0.9680555771461301
127	0.35963270335588476
128	0.043589121425846165
129	0.018740694914960117
130	0.029049038185277716
131	0.29121320991526145
132	0.04288725609875964
133	0.3538419528953301
134	0.46629079995640094
135	0.1272531380804732
136	0.002945115272426268
137	0.0038810552143591303
138	0.006015834611932771
139	0.013545299253377184
140	0.25162997965624534
141	0.045764390058400266
142	0.01469054391828043
143	0.008323250672588899
144	0.04219669209919026
145	0.2773712913382699
146	0.010617952774480095
147	0.04430247303072466
148	0.05651656845829486
149	0.0008576564720537133
150	0.38375901867528583
151	0.5574491330158785
152	0.1732270593726278
153	0.16769342093829856
154	1.0
155	1.0
156	0.015175310452307482
157	0.05560654736795764
158	0.5309525138815068
159	0.48167771661524483
160	0.00441925086827708
161	9.129215786581521e-05
162	0.00016376769190026675
163	0.012693727967806582
164	1.0
165	0.8230036250150506
166	1.0
167	0.7227746524257427
168	1.0
169	1.0
170	1.0
171	1.0
172	0.5484731728386766
173	1.0
174	1.0
175	0.016727718463300126
176	0.0007532073245460797
177	0.0026717952406334006
178	0.007927630713798602
179	0.015676073575284756
180	0.0593369675525062
181	0.015932618141390686
182	1.0
183	1.0
184	0.16499324727369863
185	0.176061982325188
186	0.001395754378613407
187	0.05560654736795764
188	0.0008716923278076608
189	0.0006833062745535759
190	0.057441482370143404
191	1.0
192	0.8925879504045041
193	0.29121320991526145
194	0.0593369675525062
195	0.009790198959862228
196	0.016458371314135432
197	0.05044600800408453
198	0.25162997965624534
199	1.0
200	1.0
