1	1.0
2	0.9838981538483328
3	0.8640747434825136
4	0.7712627042813436
5	0.9220420515895166
6	0.06331764666180337
7	0.0050320794624388356
8	0.005369661486237472
9	0.05044600800408453
10	0.21392613224756246
11	0.9838981538483328
12	0.9838981538483328
13	0.9838981538483328
14	0.9838981538483328
15	1.0
16	1.0
17	0.9838981538483328
18	0.9838981538483328
19	0.9371316004437406
20	0.15972263321475902
21	0.052110652730085555
22	0.009324852154700492
23	0.012489335512977847
24	0.07447719441285282
25	0.8640747434825136
26	0.8640747434825136
27	0.095010394875619
28	0.016458371314135665
29	0.011147830387442924
30	0.008459463654885726
31	0.9680555771461439
32	0.9220420515895166
33	0.9220420515895166
34	0.9680555771461439
35	0.030498699465507893
36	0.02390746372968385
37	0.019997932954225955
38	0.03307734111793637
39	0.8364723744993591
40	0.1972488898661499
41	0.045764390058400266
42	0.022404439747549302
43	0.02065783558954407
44	0.0547111792972134
45	0.2641873055176485
46	0.9680555771461439
47	0.1212045540327608
48	0.01151569253937574
49	0.006850065475449525
50	0.029524436113289036
51	0.8782156365502464
52	0.19407281858793526
53	0.3900393726467364
54	0.8640747434825136
55	0.01096832973761928
56	0.01228823415401115
57	0.011330268629776648
58	0.012489335512977847
59	0.021339514049848223
60	0.2819105719970996
61	0.20375781569034312
62	0.03307734111793637
63	0.011147830387442924
64	0.0014418122384338423
65	0.0028510352648104934
66	0.0037570771454724793
67	0.052110652730085555
68	0.20709238541955344
69	0.14968112689163354
70	0.8364723744993591
71	0.5758441417787837
72	0.20375781569034312
73	0.6664286233595222
74	0.6556978921951199
75	0.9838981538483328
76	0.9838981538483328
77	0.8640747434825136
78	0.8640747434825136
79	0.8925879504044916
80	0.9838981538483328
81	0.9371316004437406
82	0.35963270335588476
83	0.9680555771461439
84	0.4975723790934038
85	0.25162997965624895
86	0.5309525138815219
87	1.0
88	1.0
89	0.31583506350197427
90	0.3210038175868557
91	0.6045810297425099
92	0.9838981538483328
93	0.9838981538483328
94	0.9371316004437406
95	0.6773349667879045
96	0.009324852154700492
97	0.011330268629776648
98	0.013112602486345095
99	0.015676073575284753
100	0.03646109590141792
101	0.2004769386898946
102	1.0
103	0.850161544899417
104	0.12933568132305998
105	0.015932618141390915
106	0.012489335512977847
107	0.0031426912410506386
108	0.019047393108381876
109	0.14968112689163354
110	0.8782156365502464
111	0.2641873055176485
112	0.30082282132372057
113	0.9680555771461439
114	0.0029933131400918323
115	0.01619336115132821
116	0.0033535217887888376
117	0.10472979393477025
118	0.9371316004437406
119	0.9220420515895166
120	0.9220420515895166
121	0.176061982325188
122	0.055606547367959225
123	0.009324852154700492
124	0.0009151932040789332
125	9.741658249768639e-05
126	0.0007532073245460798
127	0.002715520127955573
128	0.007927630713798602
129	0.026353155917209006
130	0.3210038175868557
131	1.0
132	1.0
133	1.0
134	0.3210038175868557
135	0.02390746372968385
136	0.006419412822152426
137	0.0018694178137101955
138	0.0017236818362313376
139	0.00033999432867907813
140	0.0007291465512741581
141	0.03890712455342854
142	0.09197534264619907
143	0.21742711012398033
144	0.7838846950415602
145	0.23201342268367284
146	0.07209806342155876
147	0.03202070454638332
148	0.04084874312373918
149	0.04651334071458794
150	0.0547111792972134
151	0.4095038717012343
152	0.7588439508744866
153	0.32625716018605594
154	0.2912132099152615
155	0.09975178733729471
156	0.33702317086780925
157	0.9220420515895166
158	0.8925879504044916
159	0.4739218161276199
160	0.3900393726467364
161	0.4369758436353341
162	0.34814444420780405
163	0.1030434509053353
164	0.3715000583087364
165	0.8364723744993591
166	0.6664286233595222
167	0.6773349667879045
168	0.7838846950415602
169	0.21392613224756246
170	0.176061982325188
171	0.13360357026643968
172	0.2004769386898946
173	0.34814444420780405
174	0.38375901867528583
175	0.1571508039477936
176	0.850161544899417
177	0.6556978921951199
178	0.07327797408660718
179	0.07209806342155876
180	0.06979493239667536
181	0.11733274450692358
182	0.7838846950415602
183	0.5948461590153712
184	0.2641873055176485
185	0.25162997965624895
186	0.0934805521145213
187	0.07447719441285282
188	0.10995622264422977
189	0.2599334021689762
190	0.7346031188276507
191	0.7227746524257428
192	0.8782156365502464
193	0.2599334021689762
194	0.0547111792972134
195	0.023143753598939273
196	0.019997932954225955
197	0.07093715149651067
198	0.2641873055176485
199	0.9371316004437406
200	0.9220420515895166
