1	0.5396417421913039
2	0.04804821315291693
3	0.0037570771454724797
4	0.08077418408895876
5	0.05838153282986929
6	0.1212045540327608
7	0.4975723790934108
8	0.5139915422627653
9	0.5852680376789872
10	0.968055577146144
11	0.9838981538483328
12	0.9220420515895298
13	0.8640747434825137
14	0.46629079995640105
15	0.0997517873372933
16	0.07327797408660718
17	0.05383022830539339
18	0.06756537356313871
19	0.16233655139003358
20	0.5139915422627653
21	0.08619300005539396
22	0.07947357060373075
23	0.3655182215245085
24	0.7346031188276507
25	0.4975723790934108
26	0.5057153295259778
27	0.3715000583087364
28	0.3900393726467364
29	0.4369758436353341
30	0.6451399456130125
31	0.4975723790934108
32	0.8501615448994049
33	0.8640747434825137
34	0.6884197964379196
35	0.47392181612761314
36	0.5484731728386767
37	0.5309525138815143
38	0.7967132492073022
39	0.5574491330158785
40	0.5224031981891458
41	0.5139915422627653
42	0.7838846950415602
43	0.00479289514036664
44	0.0023464123579847807
45	0.1676934209382986
46	0.4513954094697309
47	0.8097517472627825
48	0.95246809517666
49	0.5484731728386767
50	0.4975723790934108
51	0.48956054519592274
52	0.5139915422627653
53	0.9371316004437404
54	0.03890712455342854
55	0.045764390058400266
56	0.07209806342155878
57	0.09348055211452132
58	0.11544347070632023
59	0.1314523061326923
60	0.07947357060373075
61	0.11358461770179096
62	0.23966952741252914
63	0.2912132099152615
64	0.08343961441458082
65	0.17043778391330405
66	0.02551131956105572
67	0.008189230970777114
68	0.03954385360034591
69	0.12933568132306184
70	0.13360357026643968
71	0.15972263321475902
72	0.8925879504045041
73	0.8782156365502465
74	0.968055577146144
75	0.9371316004437404
76	0.968055577146144
77	0.21392613224756246
78	0.1425664978143701
79	0.1357900406092586
80	0.127253138080475
81	0.05383022830539339
82	0.32100381758686025
83	0.5224031981891458
84	0.15213071221465968
85	0.34253867592861237
86	0.8925879504045041
87	0.7588439508744758
88	0.6451399456130125
89	0.7838846950415602
90	0.7346031188276507
91	0.8364723744993591
92	0.8364723744993591
93	0.8640747434825137
94	0.8925879504045041
95	0.8782156365502465
96	0.8097517472627825
97	0.7111366461700487
98	0.07819389939674472
99	0.05560654736795844
100	0.03361866366814597
101	0.11358461770179096
102	0.15462038588001323
103	0.16233655139003358
104	0.11544347070632023
105	0.11358461770179096
106	0.05211065273008556
107	0.06867110513305712
108	0.8364723744993591
109	0.60458102974251
110	0.2912132099152615
111	0.5139915422627653
112	0.38375901867528583
113	0.38375901867528583
114	0.6884197964379196
115	0.9071954723294547
116	0.7227746524257428
117	0.3370231708678045
118	0.4095038717012343
119	0.11733274450692358
120	0.4441271100328742
121	0.6773349667879046
122	0.8925879504045041
123	0.6451399456130125
124	0.7227746524257428
125	0.40291010336058325
126	0.21742711012398036
127	0.07947357060373075
128	0.1472709844146142
129	0.7227746524257428
130	0.95246809517666
131	0.6884197964379196
132	0.7111366461700487
133	0.7346031188276507
134	0.3775797899972509
135	0.08343961441458082
136	0.05933696755250706
137	0.15972263321475902
138	0.9220420515895298
139	0.6996860333005961
140	0.7712627042813436
141	0.60458102974251
142	0.575844141778792
143	0.5057153295259778
144	0.034728030561277046
145	0.06030803830703665
146	0.5396417421913039
147	0.48956054519592274
148	0.0330773411179359
149	0.03890712455342854
150	0.0890372434085806
151	0.09049436982916183
152	0.035296367236228025
153	0.03416884515602848
154	0.009324852154700494
155	0.03000761409888835
156	0.9838981538483328
157	0.9838981538483328
158	0.3964225068633132
159	0.4162055494255606
160	0.4162055494255606
161	0.5574491330158785
162	0.968055577146144
163	0.968055577146144
164	0.968055577146144
165	0.968055577146144
166	0.575844141778792
167	0.4095038717012343
168	0.35384195289533515
169	0.4441271100328742
170	0.968055577146144
171	0.04019100294647176
172	0.027222771645920636
173	0.01967592931444537
174	0.006739766775034991
175	0.11544347070632023
176	0.9371316004437404
177	0.9071954723294547
178	0.968055577146144
179	0.968055577146144
180	0.968055577146144
181	0.968055577146144
182	0.968055577146144
183	0.968055577146144
184	0.968055577146144
185	0.6347520014624478
186	0.1357900406092586
187	0.024298717947761804
188	0.3481444442078041
189	0.164993247273701
190	0.6884197964379196
191	0.5396417421913039
192	0.5139915422627653
193	0.95246809517666
194	0.95246809517666
195	0.32625716018605594
196	0.3370231708678045
197	0.6556978921951199
198	0.3057458946813884
199	0.20375781569034312
200	0.3900393726467364
