1	0.9220420515895166
2	0.25993340216897615
3	0.47392181612760637
4	0.154620385880011
5	0.0612950009827268
6	0.3481444442078041
7	0.35963270335588476
8	0.3538419528953301
9	0.40291010336057753
10	0.4230169025093204
11	0.6045810297425014
12	0.04883453939311235
13	0.0358740049446916
14	0.04502749889045438
15	0.3775797899972509
16	0.04804821315291624
17	0.614475215120391
18	0.6347520014624387
19	0.9524680951766463
20	0.6347520014624387
21	0.2435918051833991
22	0.513991542262758
23	0.6347520014624387
24	0.6347520014624387
25	0.9524680951766463
26	0.8501615448993928
27	0.8501615448993928
28	0.7111366461700386
29	0.6773349667878948
30	0.6556978921951104
31	0.7227746524257428
32	0.9680555771461439
33	0.31074953590015464
34	0.31074953590015464
35	0.823003625015039
36	0.758843950874465
37	0.5758441417787837
38	0.6556978921951104
39	0.3262571601860559
40	0.2729051014782479
41	0.013992274382953427
42	0.010617952774480096
43	0.10304345090533384
44	0.614475215120391
45	0.9371316004437404
46	0.20709238541955047
47	0.014690543918280221
48	0.05838153282986845
49	0.018438935128663837
50	0.00932485215470036
51	0.05211065273008481
52	0.07209806342155774
53	0.2435918051833991
54	0.5665719880005149
55	0.15972263321475677
56	0.06030803830703579
57	0.08903724340857805
58	0.7466251623243612
59	0.16769342093829617
60	0.05560654736795765
61	0.05127157501696203
62	0.0370577948122046
63	0.059336967552506205
64	0.28652413961186873
65	0.07093715149651068
66	0.013992274382953427
67	0.005823662247270162
68	0.004074735137074894
69	0.0017518905076602488
70	5.007129947995231e-05
71	0.00048592413239298047
72	1.921531275222285e-05
73	8.534041321022447e-06
74	2.6585482332194835e-05
75	0.0008576564720537011
76	0.0006198923584893026
77	0.002198897168339217
78	1.0
79	1.0
80	1.0
81	1.0
82	1.0
83	1.0
84	0.0025447997235481246
85	0.0008716923278076732
86	0.0008438466194897108
87	2.4118229201461523e-05
88	8.534041321022447e-06
89	1.9529778236767454e-05
90	0.00048592413239298047
91	5.257005429737361e-05
92	0.0013732801563434388
93	0.0037570771454724255
94	0.007429233258549037
95	0.019675929314445093
96	0.0807741840889576
97	0.9838981538483189
98	0.758843950874465
99	0.7466251623243612
100	0.6884197964379098
101	0.7712627042813435
102	0.9220420515895166
103	0.1972488898661499
104	0.1252041276287828
105	0.09197534264619776
106	0.1252041276287828
107	0.12725313808047323
108	0.2435918051833991
109	0.18187177108593947
110	0.14489964968096344
111	0.06435386265758127
112	0.8782156365502339
113	0.8782156365502339
114	0.4230169025093204
115	0.3262571601860559
116	0.3262571601860559
117	0.44412711003286787
118	0.6245313223904276
119	0.5758441417787837
120	0.6451399456130124
121	0.6245313223904276
122	0.6664286233595221
123	0.758843950874465
124	0.9220420515895166
125	0.9220420515895166
126	0.9680555771461439
127	0.02032520629905422
128	0.018740694914960117
129	0.02635315591720863
130	0.022404439747548983
131	0.024696375181437153
132	0.03529636723622752
133	0.9680555771461439
134	0.9680555771461439
135	0.9838981538483189
136	0.9838981538483189
137	0.9838981538483189
138	0.9838981538483189
139	1.0
140	0.9838981538483189
141	0.010446984132459453
142	0.0043480927706904
143	0.003142691241050594
144	0.0005101736581558108
145	0.0002985883357843618
146	0.012693727967806583
147	0.8501615448993928
148	0.41620554942555466
149	0.5758441417787837
150	0.6347520014624387
151	0.5396417421913038
152	0.8097517472627824
153	0.6245313223904276
154	0.27737129133826594
155	0.41620554942555466
156	0.07093715149651068
157	0.06979493239667438
158	0.3655182215245033
159	0.3262571601860559
160	0.6245313223904276
161	0.04358912142584555
162	0.04727454821686548
163	0.0807741840889576
164	0.09049436982916183
165	0.37150005830873106
166	0.08209608258032164
167	0.06867110513305712
168	0.6664286233595221
169	0.3370231708678045
170	0.823003625015039
171	0.48167771661524483
172	0.3775797899972509
173	0.35963270335588476
174	0.04084874312373918
175	0.12318811002814868
176	0.9371316004437404
177	0.6347520014624387
178	0.6245313223904276
179	0.9838981538483189
180	0.1117556956623576
181	0.07327797408660716
182	0.6664286233595221
183	0.6045810297425014
184	0.1972488898661499
185	0.04430247303072529
186	0.3900393726467364
187	0.8925879504044913
188	0.9680555771461439
189	0.3837590186752804
190	0.35963270335588476
191	0.305745894681384
192	0.3262571601860559
193	0.3425386759286075
194	0.04883453939311235
195	0.008881624169591424
196	0.01567607357528453
197	0.1117556956623576
198	0.2959790185358472
199	0.3538419528953301
200	1.0
