1	0.8501615448994049
2	0.7346031188276403
3	0.6996860333005861
4	0.7466251623243612
5	0.9838981538483189
6	0.9524680951766463
7	0.677334966787895
8	0.5057153295259778
9	0.013992274382953427
10	0.15972263321475677
11	0.16499324727369863
12	0.9838981538483189
13	0.9220420515895167
14	0.9838981538483189
15	0.6884197964379098
16	0.6996860333005861
17	0.7227746524257325
18	0.9371316004437271
19	0.9838981538483189
20	0.210481526578282
21	0.1272531380804732
22	0.03202070454638286
23	0.03954385360034535
24	0.1760619823251855
25	0.15213071221465752
26	0.1878732744065199
27	0.3425386759286075
28	0.9838981538483189
29	0.9838981538483189
30	0.4029101033605775
31	0.7588439508744758
32	0.9838981538483189
33	0.9680555771461302
34	0.9524680951766463
35	0.9071954723294419
36	0.16499324727369863
37	0.15213071221465752
38	0.8640747434825015
39	0.9524680951766463
40	0.07209806342155775
41	0.06540703669975813
42	0.06331764666180247
43	0.9524680951766463
44	0.9838981538483189
45	0.030007614098887928
46	0.012288234154010976
47	0.9680555771461302
48	0.004419250868277081
49	0.006419412822152334
50	0.011895693606067882
51	0.0008037369822866172
52	0.0008438466194896989
53	0.005198130749138962
54	1.0
55	0.9524680951766463
56	0.9838981538483189
57	0.9838981538483189
58	0.9838981538483189
59	0.9524680951766463
60	0.9524680951766463
61	0.9680555771461302
62	0.9371316004437271
63	0.026784434765055293
64	0.026353155917208635
65	0.024298717947761457
66	0.01700147357515921
67	0.011147830387442766
68	0.008881624169591297
69	0.9838981538483189
70	0.03202070454638286
71	0.03646109590141791
72	0.9680555771461302
73	0.9524680951766463
74	0.04219669209919026
75	0.026784434765055293
76	0.024298717947761457
77	0.9371316004437271
78	0.15972263321475677
79	0.2435918051833956
80	0.8640747434825015
81	0.8782156365502339
82	0.7111366461700385
83	0.783884695041549
84	0.8364723744993472
85	0.5057153295259778
86	0.823003625015039
87	0.9680555771461302
88	0.3008228213237163
89	0.5224031981891384
90	0.4029101033605775
91	0.32100381758685564
92	0.031505112088109015
93	0.01248933551297767
94	0.02858129504156366
95	0.05471117929721263
96	0.10472979393476875
97	0.9220420515895167
98	0.8640747434825015
99	0.8501615448994049
100	0.823003625015039
101	0.8640747434825015
102	0.783884695041549
103	0.9371316004437271
104	0.22098538275893193
105	0.1252041276287828
106	0.011704150977755609
107	0.020657835589543483
108	0.513991542262758
109	0.5574491330158785
110	0.9524680951766463
111	0.566571988000515
112	0.5948461590153626
113	0.9838981538483189
114	0.9838981538483189
115	0.2004769386898946
116	0.07947357060372963
117	0.07569604040982107
118	0.23201342268367284
119	0.8501615448994049
120	0.9838981538483189
121	0.6884197964379098
122	0.04219669209919026
123	0.024298717947761457
124	0.05744148237014259
125	0.9838981538483189
126	0.03705779481220407
127	0.037664258914665634
128	0.9838981538483189
129	0.03705779481220407
130	0.29121320991525734
131	0.23581040555487975
132	0.16499324727369863
133	0.10138426111191784
134	0.045764390058399614
135	0.008057369233584962
136	0.001962709116638142
137	0.000661478449980534
138	0.0022348829091086756
139	0.005283200023099469
140	0.040848743123738596
141	0.9838981538483189
142	0.9838981538483189
143	0.9838981538483189
144	0.9838981538483189
145	0.04288725609875964
146	0.006316048424505998
147	0.0008302591310470714
148	0.0005443991622033087
149	0.005114431247540004
150	0.008881624169591297
151	0.043589121425845555
152	0.14968112689163354
153	0.9838981538483189
154	0.20709238541955047
155	0.1272531380804732
156	0.28652413961186873
157	0.9680555771461302
158	0.02168874285044923
159	0.9524680951766463
160	0.007927630713798602
161	0.008881624169591297
162	0.9680555771461302
163	0.05044600800408454
164	0.03361866366814549
165	0.05838153282986846
166	0.08760357941344458
167	0.14968112689163354
168	0.09656527406216149
169	0.10472979393476875
170	0.8501615448994049
171	0.8501615448994049
172	0.09049436982916181
173	0.10138426111191784
174	0.6045810297425014
175	0.1878732744065199
176	0.2959790185358471
177	0.023522509426831584
178	0.1818717710859369
179	0.5057153295259778
180	0.42301690250931445
181	0.7227746524257325
182	0.4095038717012285
183	0.513991542262758
184	0.8501615448994049
185	0.9680555771461302
186	0.18484816784601354
187	0.1818717710859369
188	0.17894329980857993
189	0.823003625015039
190	0.823003625015039
191	0.9838981538483189
192	0.823003625015039
193	0.00707610765039319
194	0.002503823749912712
195	0.019047393108381605
196	0.9838981538483189
197	0.9838981538483189
198	0.45139540946972445
199	0.45139540946972445
200	0.46629079995639433
