1	0.7227746524257427
2	0.7588439508744865
3	0.8230036250150389
4	0.7588439508744865
5	0.8364723744993591
6	0.9524680951766598
7	0.15715080394779135
8	0.14027091400017713
9	0.16499324727370096
10	0.6664286233595221
11	0.6884197964379097
12	0.699686033300596
13	0.5948461590153626
14	0.6556978921951198
15	0.2641873055176485
16	0.020657835589543774
17	0.06435386265758217
18	0.10138426111191927
19	0.14489964968096344
20	0.32100381758685564
21	0.31583506350196977
22	0.30082282132372057
23	0.176061982325188
24	0.20709238541955047
25	0.45139540946973084
26	0.5948461590153626
27	1.0
28	0.9680555771461439
29	0.8364723744993591
30	0.7712627042813435
31	0.3262571601860559
32	0.20047693868989458
33	0.18787327440652257
34	0.18787327440652257
35	0.7967132492072908
36	0.5574491330158785
37	0.46629079995640094
38	0.1818717710859395
39	0.09656527406216149
40	0.2282775782464986
41	0.07209806342155774
42	0.11925293695084385
43	0.2557479945175719
44	0.25162997965624895
45	0.27737129133826594
46	0.18787327440652257
47	0.19407281858793524
48	0.19094788792081194
49	0.03472803056127704
50	0.19094788792081194
51	0.513991542262758
52	0.5309525138815142
53	0.7346031188276507
54	0.9680555771461439
55	0.6451399456130124
56	0.7227746524257427
57	0.004871332588256484
58	0.007309608887594927
59	0.18787327440652257
60	0.007927630713798602
61	0.004715720680195316
62	0.045027498890454376
63	0.331596475620944
64	0.3425386759286123
65	0.14027091400017713
66	0.2641873055176485
67	0.4029101033605832
68	0.3775797899972563
69	0.42301690250932644
70	0.8364723744993591
71	0.9371316004437403
72	0.7838846950415601
73	0.746625162324361
74	0.7838846950415601
75	0.7346031188276507
76	0.699686033300596
77	0.3596327033558847
78	0.7967132492072908
79	0.7967132492072908
80	0.3715000583087311
81	0.1732270593726278
82	0.014930959938100641
83	0.6773349667879044
84	0.18787327440652257
85	0.3964225068633132
86	0.176061982325188
87	0.1818717710859395
88	0.2819105719970996
89	0.26851082552023625
90	0.2729051014782479
91	0.11733274450692356
92	0.29597901853585135
93	0.9838981538483328
94	0.13360357026643777
95	0.10644373457266974
96	0.10818572446379239
97	0.11175569566235917
98	0.210481526578285
99	0.8097517472627824
100	0.40950387170123426
101	0.34814444420780405
102	0.8925879504044915
103	0.7227746524257427
104	0.8230036250150389
105	0.7588439508744865
106	0.699686033300596
107	0.9680555771461439
108	0.21742711012398033
109	0.19724888986614988
110	0.18787327440652257
111	0.28652413961186873
112	0.8364723744993591
113	0.6556978921951198
114	0.2599334021689762
115	0.176061982325188
116	0.1789432998085799
117	0.3900393726467364
118	0.48956054519592274
119	0.9371316004437403
120	0.8925879504044915
121	0.9220420515895166
122	0.8364723744993591
123	0.15715080394779135
124	0.05838153282986845
125	0.045027498890454376
126	0.08903724340858059
127	0.23201342268367284
128	0.8501615448994048
129	0.1789432998085799
130	0.018438935128663837
131	0.02510054021835723
132	0.03890712455342853
133	0.6664286233595221
134	0.6347520014624567
135	0.6773349667879044
136	0.6245313223904276
137	0.5396417421913038
138	0.6347520014624567
139	0.33702317086780925
140	0.5852680376789872
141	0.9838981538483328
142	0.3964225068633132
143	0.29597901853585135
144	0.28652413961186873
145	0.29121320991526145
146	0.3107495359001546
147	0.7346031188276507
148	0.7111366461700487
149	0.7111366461700487
150	0.01874069491496012
151	0.0006300371192533686
152	0.002128654667381612
153	0.0021634908644312823
154	0.004209195456615671
155	0.003944570074838709
156	0.004871332588256484
157	0.07327797408660716
158	0.08480513362915015
159	0.1357900406092586
160	0.02812108342598899
161	0.0769348332586583
162	0.7588439508744865
163	0.9071954723294547
164	0.2641873055176485
165	0.4739218161276131
166	0.5852680376789872
167	0.8097517472627824
168	0.8640747434825136
169	0.7712627042813435
170	0.6245313223904276
171	0.699686033300596
172	0.09656527406216149
173	0.02314375359893927
174	0.0008168904262529344
175	0.005032079462438835
176	0.05127157501696203
177	0.331596475620944
178	0.03150511208810901
179	0.022043686905619652
180	0.6045810297425099
181	0.5057153295259849
182	0.5852680376789872
183	0.5396417421913038
184	0.9071954723294547
185	0.26851082552023625
186	0.20709238541955047
187	0.3655182215245085
188	0.9371316004437403
189	0.9524680951766598
190	0.7111366461700487
191	0.7111366461700487
192	0.746625162324361
193	0.7712627042813435
194	0.7712627042813435
195	0.7712627042813435
196	0.7838846950415601
197	0.8640747434825136
198	0.746625162324361
199	0.7712627042813435
200	0.9680555771461439
