1	1.0
2	0.968055577146144
3	0.9524680951766599
4	0.9838981538483329
5	0.8501615448994048
6	0.7712627042813545
7	0.024696375181437153
8	0.08903724340857931
9	0.15213071221465965
10	0.15213071221465965
11	0.06756537356313966
12	0.7838846950415602
13	0.26851082552023625
14	0.25574799451757185
15	0.2209853827589351
16	0.8501615448994048
17	0.6556978921951198
18	0.18187177108593947
19	0.4587826572335652
20	0.25574799451757185
21	0.5948461590153711
22	0.42993972582912293
23	0.42301690250932045
24	0.1448996496809655
25	0.2773712913382699
26	0.2396695274125291
27	0.10995622264422977
28	0.05651656845829485
29	0.2599334021689762
30	0.7588439508744758
31	0.2773712913382699
32	0.06647744631284418
33	0.44412711003287414
34	0.10472979393477024
35	0.45139540946972445
36	0.42301690250932045
37	0.4739218161276131
38	0.8230036250150506
39	0.7712627042813545
40	0.7588439508744758
41	0.8782156365502465
42	0.836472374499359
43	0.8640747434825136
44	0.9220420515895297
45	0.9220420515895297
46	0.968055577146144
47	0.9524680951766599
48	0.8925879504045041
49	0.7466251623243717
50	0.7346031188276507
51	0.7588439508744758
52	0.699686033300596
53	0.6664286233595316
54	0.7466251623243717
55	0.9071954723294419
56	0.7838846950415602
57	0.7838846950415602
58	0.7838846950415602
59	0.8097517472627824
60	0.836472374499359
61	0.6347520014624477
62	0.48956054519592274
63	0.5396417421913038
64	0.4029101033605832
65	0.5309525138815143
66	0.699686033300596
67	0.968055577146144
68	0.9071954723294419
69	0.8925879504045041
70	0.00536966148623751
71	0.017562497419084444
72	0.04804821315291692
73	0.04358912142584617
74	0.1154434707063202
75	0.15715080394779135
76	0.09049436982916181
77	0.699686033300596
78	0.21392613224756243
79	0.16769342093829856
80	0.7227746524257427
81	0.7346031188276507
82	0.8230036250150506
83	0.5574491330158865
84	0.6245313223904277
85	0.6045810297425013
86	0.2599334021689762
87	0.48956054519592274
88	0.9071954723294419
89	0.3370231708678045
90	0.16233655139003356
91	0.14256649781437009
92	0.37150005830873634
93	0.9838981538483329
94	0.9838981538483329
95	1.0
96	0.9838981538483329
97	0.37150005830873634
98	0.06867110513305712
99	0.10472979393477024
100	0.3370231708678045
101	1.0
102	1.0
103	0.7588439508744758
104	0.7227746524257427
105	0.7838846950415602
106	0.9371316004437404
107	0.9524680951766599
108	0.13801229332339254
109	0.0593369675525062
110	0.06331764666180337
111	0.09656527406216286
112	0.11733274450692356
113	0.2070923854195534
114	0.9838981538483329
115	1.0
116	0.9838981538483329
117	0.9838981538483329
118	0.9838981538483329
119	0.1972488898661499
120	0.11733274450692356
121	0.015676073575284753
122	0.00230863078718809
123	0.010968329737619204
124	0.01814203423202152
125	0.9524680951766599
126	0.968055577146144
127	0.030007614098888354
128	0.029524436113288616
129	0.003520875718327224
130	0.0547111792972134
131	0.005198130749138962
132	0.029049038185277716
133	0.03254473486014868
134	0.9524680951766599
135	0.9371316004437404
136	0.9371316004437404
137	0.05044600800408525
138	0.07327797408660716
139	0.1030434509053353
140	0.127253138080475
141	0.26851082552023625
142	0.9838981538483329
143	0.9838981538483329
144	0.9838981538483329
145	0.968055577146144
146	0.9524680951766599
147	0.9524680951766599
148	0.9371316004437404
149	0.2396695274125291
150	0.127253138080475
151	0.10818572446379392
152	0.10644373457266976
153	0.10818572446379392
154	0.42993972582912293
155	0.7588439508744758
156	0.36551822152450847
157	0.42993972582912293
158	0.968055577146144
159	0.2641873055176485
160	0.2641873055176485
161	0.29121320991526145
162	0.10818572446379392
163	0.02352250942683158
164	0.1293356813230618
165	0.7346031188276507
166	0.9220420515895297
167	0.9220420515895297
168	0.9371316004437404
169	0.8925879504045041
170	0.8640747434825136
171	0.8782156365502465
172	0.9524680951766599
173	0.968055577146144
174	0.7466251623243717
175	0.5852680376789872
176	0.5057153295259776
177	0.7111366461700487
178	0.7227746524257427
179	0.6347520014624477
180	0.07209806342155876
181	0.23201342268367614
182	0.015932618141391026
183	0.7712627042813545
184	0.7712627042813545
185	0.055606547367958434
186	0.15213071221465965
187	0.058381532829869284
188	0.07209806342155876
189	0.023143753598939273
190	0.0067397667750349905
191	0.009790198959862226
192	0.013327194928720821
193	0.7712627042813545
194	0.7838846950415602
195	0.9838981538483329
196	0.8230036250150506
197	0.8640747434825136
198	0.9838981538483329
199	1.0
200	1.0
