1	0.9371316004437404
2	0.09814559940423298
3	0.08903724340857933
4	0.1013842611119193
5	0.9838981538483328
6	0.9838981538483328
7	0.5758441417787838
8	0.7712627042813435
9	0.03828064801966493
10	0.16769342093829856
11	0.15972263321475677
12	0.2209853827589351
13	0.3900393726467363
14	0.18187177108593947
15	0.03954385360034534
16	0.0769348332586583
17	0.48167771661524483
18	0.4587826572335652
19	0.22460188780169194
20	0.10995622264422977
21	0.2396695274125257
22	0.03646109590141792
23	0.006214348384488035
24	0.004009124378788922
25	0.005918968568537472
26	0.013112602486345095
27	0.746625162324361
28	0.9838981538483328
29	0.018740694914960384
30	0.05383022830539339
31	0.7588439508744758
32	0.3008228213237163
33	0.4029101033605775
34	0.30574589468138835
35	0.3008228213237163
36	0.13801229332339254
37	0.045764390058400266
38	0.05744148237014341
39	0.29597901853585135
40	0.9071954723294418
41	0.7588439508744758
42	0.7588439508744758
43	0.7588439508744758
44	0.7588439508744758
45	0.7588439508744758
46	0.7967132492073021
47	0.4299397258291168
48	0.48956054519592274
49	0.32100381758685564
50	0.2516299796562454
51	0.2912132099152615
52	0.17322705937263028
53	0.44412711003287414
54	0.7712627042813435
55	0.7346031188276507
56	0.7227746524257427
57	0.45139540946972445
58	0.34814444420780405
59	0.29597901853585135
60	0.7967132492073021
61	0.12725313808047503
62	0.14027091400017716
63	0.8925879504044913
64	0.8640747434825136
65	0.15972263321475677
66	0.16769342093829856
67	0.17043778391330405
68	0.23581040555488308
69	0.16233655139003356
70	0.17322705937263028
71	0.20375781569034312
72	0.2139261322475624
73	0.34814444420780405
74	0.677334966787895
75	0.7967132492073021
76	0.5224031981891457
77	0.40950387170123426
78	0.32100381758685564
79	0.6245313223904276
80	0.836472374499359
81	0.699686033300596
82	0.7227746524257427
83	0.5852680376789872
84	0.566571988000515
85	0.5758441417787838
86	0.9371316004437404
87	0.6144752151203998
88	0.566571988000515
89	0.6664286233595317
90	0.9838981538483328
91	0.5948461590153711
92	0.38375901867528583
93	0.2209853827589351
94	0.2641873055176485
95	0.2685108255202363
96	0.272905101478248
97	0.6451399456130125
98	0.6245313223904276
99	0.35963270335588476
100	0.09049436982916181
101	0.04430247303072529
102	0.005918968568537472
103	0.003944570074838765
104	0.0008576564720537071
105	0.00013698715011009754
106	0.000930170669087378
107	0.08343961441458082
108	0.9371316004437404
109	0.8925879504044913
110	0.9838981538483328
111	1.0
112	1.0
113	0.9524680951766599
114	0.9680555771461439
115	0.1336035702664378
116	0.05383022830539339
117	0.052963462250909324
118	0.009790198959862228
119	0.01619336115132821
120	0.010278768401209682
121	0.0224044397475493
122	0.03954385360034534
123	0.35963270335588476
124	0.45139540946972445
125	0.3370231708678044
126	0.1546203858800132
127	0.2139261322475624
128	0.35384195289533515
129	0.677334966787895
130	0.8097517472627709
131	0.9220420515895297
132	0.9680555771461439
133	0.39642250686331315
134	0.10818572446379239
135	0.04883453939311235
136	0.012693727967806582
137	0.011147830387442922
138	0.03416884515602848
139	0.3655182215245085
140	0.9371316004437404
141	0.9371316004437404
142	0.9838981538483328
143	0.4299397258291168
144	0.1425664978143701
145	0.0330773411179359
146	0.015423659850313085
147	0.1030434509053353
148	0.0370577948122046
149	0.08077418408895759
150	0.03254473486014868
151	0.03254473486014868
152	0.0622981156565685
153	0.9838981538483328
154	0.9680555771461439
155	0.9680555771461439
156	0.07447719441285175
157	0.04883453939311235
158	0.0358740049446921
159	0.0330773411179359
160	0.03416884515602848
161	0.04804821315291693
162	0.3370231708678044
163	1.0
164	1.0
165	0.9838981538483328
166	0.32100381758685564
167	0.03646109590141792
168	0.0224044397475493
169	0.02032520629905422
170	0.025100540218357583
171	0.027668282067045125
172	0.058381532829869284
173	0.04288725609876024
174	0.028121083425988992
175	0.029049038185277713
176	0.2819105719970956
177	0.19407281858793526
178	0.17322705937263028
179	0.17043778391330405
180	0.2396695274125257
181	0.2320134226836761
182	0.2282775782464986
183	0.2209853827589351
184	0.9371316004437404
185	0.5057153295259778
186	0.9071954723294418
187	0.013545299253377184
188	0.010617952774480095
189	0.009790198959862228
190	0.9071954723294418
191	0.9371316004437404
192	1.0
193	1.0
194	0.9838981538483328
195	0.9838981538483328
196	0.9838981538483328
197	1.0
198	1.0
199	1.0
200	1.0
