1	0.9838981538483329
2	0.9680555771461302
3	0.9680555771461302
4	0.8640747434825136
5	0.8640747434825136
6	0.8925879504045041
7	0.3775797899972509
8	0.03954385360034535
9	0.005198130749138962
10	0.0011487109132294554
11	0.007076107650393239
12	0.07819389939674472
13	0.08480513362914895
14	0.13801229332339254
15	0.11358461770178932
16	0.16233655139003356
17	0.06229811565656851
18	0.8782156365502464
19	0.9220420515895298
20	0.9220420515895298
21	1.0
22	0.9371316004437406
23	0.16769342093829856
24	0.10995622264422977
25	0.07093715149650967
26	0.5396417421912962
27	0.9838981538483329
28	0.5224031981891458
29	0.034728030561277046
30	0.02812108342598899
31	0.0255113195610559
32	0.05044600800408453
33	0.06229811565656851
34	0.10995622264422977
35	0.40291010336058325
36	0.9524680951766598
37	0.9838981538483329
38	0.9371316004437406
39	0.9220420515895298
40	0.8501615448994048
41	0.7967132492073021
42	0.809751747262771
43	0.8925879504045041
44	0.40291010336058325
45	0.3262571601860559
46	0.31583506350196977
47	0.29121320991526145
48	0.31583506350196977
49	0.9371316004437406
50	0.2773712913382699
51	0.310749535900159
52	0.9838981538483329
53	0.8501615448994048
54	0.8501615448994048
55	0.7838846950415601
56	0.7838846950415601
57	0.8640747434825136
58	0.9220420515895298
59	0.9371316004437406
60	0.07819389939674472
61	0.10472979393477025
62	0.9838981538483329
63	0.012288234154011063
64	0.00652446881523681
65	0.008597905811488905
66	0.0037570771454724793
67	0.006419412822152471
68	0.1448996496809655
69	1.0
70	1.0
71	0.4369758436353341
72	0.2819105719970956
73	0.40950387170123426
74	0.7227746524257325
75	0.8925879504045041
76	0.8501615448994048
77	0.9220420515895298
78	0.9524680951766598
79	1.0
80	0.9680555771461302
81	0.9371316004437406
82	0.8925879504045041
83	0.8782156365502464
84	0.9071954723294419
85	0.9071954723294419
86	0.9680555771461302
87	1.0
88	0.9371316004437406
89	0.9680555771461302
90	0.9524680951766598
91	0.5948461590153711
92	0.3900393726467363
93	0.4369758436353341
94	0.809751747262771
95	0.8501615448994048
96	0.809751747262771
97	0.14027091400017913
98	0.003818563060391367
99	0.006850065475449574
100	0.0025038237499127474
101	0.0008859578853748478
102	0.0028051283336035368
103	0.06331764666180247
104	0.05651656845829486
105	0.9838981538483329
106	0.46629079995640094
107	0.9838981538483329
108	0.08619300005539396
109	0.001839316735680622
110	4.469303857690074e-05
111	8.281983227505337e-05
112	0.0009004569039077837
113	0.0019000115066771346
114	0.0015637163575655676
115	0.0028976934794107145
116	0.004009124378788951
117	0.0015137643410159801
118	0.0043480927706904
119	0.5758441417787838
120	1.0
121	1.0
122	1.0
123	0.5852680376789872
124	0.0027599605887401115
125	0.001008815885874021
126	0.001839316735680622
127	0.00023788928317815987
128	0.0016686198147892405
129	0.001962709116638142
130	0.000930170669087378
131	2.532182371629818e-05
132	4.9265059119112414e-05
133	0.0019311058764015462
134	0.08903724340857931
135	0.8230036250150508
136	0.44412711003287414
137	0.8782156365502464
138	0.5309525138815142
139	0.46629079995640094
140	0.1472709844146142
141	0.48956054519592274
142	0.5057153295259778
143	0.8782156365502464
144	0.9371316004437406
145	0.5484731728386766
146	0.5309525138815142
147	0.5948461590153711
148	0.44412711003287414
149	0.5057153295259778
150	0.6045810297425014
151	0.37150005830873634
152	0.1732270593726303
153	0.17043778391330164
154	0.18787327440651988
155	0.30574589468138835
156	1.0
157	0.9371316004437406
158	0.9680555771461302
159	0.9220420515895298
160	0.9371316004437406
161	0.2070923854195534
162	0.04288725609876025
163	0.1472709844146142
164	0.12120455403276077
165	0.210481526578285
166	0.7346031188276507
167	0.6347520014624477
168	0.6556978921951198
169	0.7588439508744758
170	0.8501615448994048
171	0.15715080394779135
172	0.2004769386898946
173	0.7967132492073021
174	0.2037578156903431
175	0.1732270593726303
176	0.210481526578285
177	0.14968112689163354
178	0.08209608258032165
179	0.26851082552023625
180	0.14968112689163354
181	0.22827757824649864
182	0.29121320991526145
183	0.331596475620944
184	0.4299397258291168
185	0.9071954723294419
186	0.9838981538483329
187	0.9680555771461302
188	0.9371316004437406
189	0.9524680951766598
190	0.9680555771461302
191	0.40950387170123426
192	0.37150005830873634
193	0.37150005830873634
194	0.37150005830873634
195	0.37150005830873634
196	0.48167771661524483
197	0.7588439508744758
198	0.7838846950415601
199	0.8925879504045041
200	0.9524680951766598
