1	0.7346031188276403
2	0.5948461590153626
3	0.7838846950415491
4	0.8364723744993592
5	0.7838846950415491
6	0.8501615448993928
7	0.8782156365502339
8	0.823003625015039
9	0.6245313223904277
10	0.5852680376789788
11	0.5057153295259705
12	0.5309525138815068
13	0.907195472329429
14	0.46629079995640094
15	0.3370231708678045
16	0.17894329980857737
17	0.4369758436353279
18	0.20709238541955044
19	0.22098538275893198
20	0.49757237909340374
21	0.20047693868989175
22	0.3315964756209393
23	0.2912132099152615
24	0.23581040555487975
25	0.21742711012398036
26	0.3596327033558797
27	0.9524680951766462
28	0.8925879504044915
29	0.8640747434825136
30	0.39642250686330754
31	0.3900393726467363
32	0.3775797899972509
33	0.009950419076984445
34	0.016727718463300126
35	0.015175310452307484
36	0.823003625015039
37	0.8501615448993928
38	0.9220420515895167
39	0.9524680951766462
40	0.8501615448993928
41	1.0
42	0.043589121425845555
43	0.000493876455090783
44	0.0005270086451645938
45	0.017279708787602804
46	0.07327797408660716
47	1.0
48	0.983898153848319
49	1.0
50	0.006214348384488034
51	0.006850065475449527
52	0.5057153295259705
53	0.5057153295259705
54	0.010968329737619126
55	5.609676834340151e-05
56	8.695286770701994e-05
57	0.004715720680195316
58	0.017279708787602804
59	0.06331764666180337
60	0.2599334021689762
61	1.0
62	1.0
63	1.0
64	1.0
65	1.0
66	1.0
67	1.0
68	1.0
69	1.0
70	0.1252041276287828
71	0.0013294115143323943
72	0.0007780620682611712
73	0.01311260248634491
74	1.0
75	1.0
76	0.003042299783147321
77	0.0007532073245460798
78	0.0031941225103010837
79	0.028121083425988992
80	1.0
81	1.0
82	1.0
83	1.0
84	1.0
85	1.0
86	1.0
87	1.0
88	0.026353155917208635
89	0.0031941225103010837
90	0.0007532073245460798
91	0.004209195456615611
92	1.0
93	0.013992274382953227
94	0.0006000902548658377
95	0.000945393245682171
96	0.12725313808047323
97	1.0
98	0.009950419076984445
99	0.005032079462438764
100	0.004278080449843506
101	0.004419250868277081
102	1.0
103	1.0
104	1.0
105	1.0
106	1.0
107	1.0
108	1.0
109	1.0
110	0.00024178242661366997
111	0.00016644780891164653
112	0.0024635075651007273
113	0.015423659850312866
114	1.0
115	0.26418730551764474
116	0.062298115656567614
117	0.015676073575284534
118	0.0031426912410505935
119	3.67825327617263e-05
120	5.430478945470508e-05
121	0.010968329737619126
122	0.011147830387442766
123	0.005729890533725346
124	0.0045650797047264175
125	1.0
126	0.05560654736795765
127	0.006015834611932686
128	0.0008716923278076609
129	0.005457537922228077
130	0.013992274382953227
131	0.9680555771461302
132	0.7712627042813436
133	0.9680555771461302
134	0.823003625015039
135	0.983898153848319
136	0.16769342093829617
137	0.023522509426831248
138	0.09814559940423298
139	0.7967132492072909
140	0.809751747262771
141	0.907195472329429
142	0.907195472329429
143	0.758843950874465
144	0.9524680951766462
145	0.9680555771461302
146	0.809751747262771
147	0.7227746524257428
148	0.17322705937262783
149	0.3262571601860513
150	0.36551822152450336
151	0.6556978921951105
152	0.6451399456130124
153	0.6884197964379097
154	0.17043778391330164
155	0.19407281858793526
156	0.041517247454898654
157	0.0574414823701426
158	0.5057153295259705
159	0.0744771944128507
160	0.15715080394779135
161	0.39642250686330754
162	0.9680555771461302
163	0.7227746524257428
164	0.6996860333005861
165	0.809751747262771
166	0.8640747434825136
167	0.8782156365502339
168	0.8782156365502339
169	0.9524680951766462
170	0.8782156365502339
171	0.8501615448993928
172	0.8364723744993592
173	0.6884197964379097
174	0.6773349667878853
175	0.823003625015039
176	0.5852680376789788
177	0.13579004060925862
178	0.07209806342155775
179	0.026353155917208635
180	0.2685108255202325
181	0.305745894681384
182	0.9680555771461302
183	0.6451399456130124
184	0.5948461590153626
185	0.9680555771461302
186	0.059336967552505365
187	0.006850065475449527
188	0.019997932954225667
189	0.004871332588256346
190	0.041517247454898654
191	0.17894329980857737
192	0.823003625015039
193	0.809751747262771
194	0.7967132492072909
195	0.7967132492072909
196	0.7967132492072909
197	0.7111366461700385
198	0.7111366461700385
199	0.5574491330158786
200	0.5948461590153626
