1	0.4975723790934037
2	0.32625716018604894
3	0.3370231708678021
4	0.6451399456130031
5	0.10818572446379085
6	0.07819389939674361
7	1.0
8	0.031505112088108564
9	0.0013294115143323755
10	0.0009608649452023629
11	0.0036370594844428437
12	0.7967132492072908
13	0.8097517472627594
14	0.8364723744993472
15	0.8364723744993472
16	0.8364723744993472
17	0.3210038175868511
18	0.16499324727369746
19	0.15462038588000881
20	0.8230036250150273
21	0.1357900406092557
22	0.1380122933233896
23	1.0
24	0.9838981538483049
25	0.96805557714613
26	0.8782156365502214
27	0.8640747434825014
28	0.14727098441461314
29	0.2246018878016919
30	0.8925879504044913
31	0.31583506350196755
32	0.34814444420779905
33	0.4895605451959123
34	0.96805557714613
35	0.9838981538483049
36	0.9838981538483049
37	0.05296346225090895
38	0.015175310452307265
39	0.008459463654885485
40	0.014930959938100322
41	0.03416884515602775
42	0.1448996496809614
43	0.96805557714613
44	0.9838981538483049
45	1.0
46	1.0
47	1.0
48	0.8097517472627594
49	0.758843950874465
50	0.7967132492072908
51	0.9524680951766462
52	0.96805557714613
53	0.9838981538483049
54	0.8501615448993928
55	0.7967132492072908
56	0.8097517472627594
57	1.0
58	1.0
59	1.0
60	1.0
61	1.0
62	0.1972488898661485
63	0.0861930000553915
64	0.060308038307034934
65	0.049633734144235934
66	0.04651334071458661
67	0.0480482131529159
68	0.9838981538483049
69	0.9524680951766462
70	0.96805557714613
71	0.9371316004437271
72	0.9371316004437271
73	1.0
74	0.8925879504044913
75	0.7967132492072908
76	0.7967132492072908
77	1.0
78	0.8364723744993472
79	0.20709238541954753
80	0.11925293695084047
81	0.2396695274125223
82	0.18484816784601088
83	0.7712627042813325
84	0.0861930000553915
85	0.0732779740866056
86	0.010968329737619126
87	0.03416884515602775
88	0.6884197964379
89	0.758843950874465
90	0.6144752151203824
91	0.8230036250150273
92	0.8230036250150273
93	0.8230036250150273
94	0.746625162324361
95	0.746625162324361
96	0.5309525138815067
97	0.8501615448993928
98	0.96805557714613
99	0.2104815265782835
100	0.20375781569033877
101	0.11733274450692273
102	0.08209608258031989
103	0.7712627042813325
104	0.014930959938100322
105	0.2396695274125223
106	0.24359180518339385
107	0.3775797899972482
108	0.9524680951766462
109	0.9524680951766462
110	0.96805557714613
111	0.007550815325235523
112	0.0041414196389508015
113	0.004348092770690369
114	0.03202070454638263
115	1.0
116	0.07209806342155671
117	0.13360357026643588
118	1.0
119	0.4441271100328678
120	0.3425386759286026
121	0.40291010336057465
122	0.7111366461700385
123	0.9220420515895034
124	0.17322705937262536
125	0.0664774463128437
126	0.06979493239667436
127	0.03416884515602775
128	0.03254473486014775
129	0.03890712455342798
130	0.11733274450692273
131	0.9524680951766462
132	0.8782156365502214
133	0.6773349667878853
134	0.6045810297425013
135	0.07569604040982053
136	0.11733274450692273
137	0.39003937264672806
138	0.4441271100328678
139	0.9838981538483049
140	1.0
141	1.0
142	1.0
143	0.9838981538483049
144	1.0
145	0.13145230613269135
146	0.01422126297140133
147	0.02722277164591986
148	1.0
149	0.14727098441461314
150	0.004565079704726418
151	0.0003569613831694935
152	0.009174704819918136
153	1.0
154	0.004951053693111541
155	0.0012458335400746354
156	0.0017518905076602364
157	0.0001926312627086003
158	0.0009453932456821642
159	0.0023464123579847304
160	0.0041414196389508015
161	0.053830228305391865
162	1.0
163	1.0
164	1.0
165	1.0
166	1.0
167	1.0
168	0.05560654736795764
169	0.005032079462438728
170	0.003092088110184939
171	0.0009453932456821642
172	0.0001637676919002656
173	0.001695927376489869
174	0.0012458335400746354
175	0.004951053693111541
176	1.0
177	0.009174704819918136
178	0.0003569613831694935
179	0.0034084033755650083
180	0.1448996496809614
181	1.0
182	0.030997821620274372
183	0.013545299253376799
184	0.1496811268916314
185	0.9838981538483049
186	0.08760357941344396
187	0.056516568458294045
188	0.04883453939311166
189	0.16233655139003125
190	1.0
191	1.0
192	0.12520412762878277
193	0.05211065273008481
194	0.08760357941344396
195	0.07093715149650916
196	0.07947357060372906
197	0.006419412822152289
198	0.1521307122146564
199	0.6884197964379
200	1.0
