1	1.0
2	0.9838981538483259
3	0.9838981538483259
4	0.9524680951766665
5	0.8925879504044978
6	0.8230036250150448
7	0.8364723744993591
8	0.7838846950415602
9	0.7227746524257427
10	0.7111366461700536
11	0.6773349667879045
12	0.8364723744993591
13	0.3900393726467363
14	0.32625716018605594
15	0.34253867592860987
16	0.34814444420780405
17	0.2396695274125274
18	0.20047693868989602
19	0.15213071221465965
20	0.18187177108593947
21	0.8501615448994108
22	0.5574491330158825
23	0.699686033300596
24	0.699686033300596
25	0.7227746524257427
26	0.7466251623243664
27	0.5057153295259849
28	0.2070923854195519
29	0.17894329980858117
30	0.466290799956401
31	0.7588439508744811
32	0.8364723744993591
33	0.45139540946973084
34	0.2070923854195519
35	0.11925293695084299
36	0.10304345090533455
37	0.26851082552023814
38	0.8782156365502464
39	0.8782156365502464
40	0.5396417421913038
41	0.3210038175868579
42	0.3107495359001568
43	0.38375901867528306
44	0.8782156365502464
45	0.4587826572335619
46	0.22827757824649858
47	0.22827757824649858
48	0.5309525138815181
49	0.48167771661524483
50	0.466290799956401
51	0.09348055211452196
52	0.13801229332339157
53	0.16233655139003356
54	0.259933402168978
55	0.1472709844146142
56	0.10995622264422977
57	0.31583506350197427
58	0.8364723744993591
59	0.7967132492073078
60	0.8640747434825136
61	0.8782156365502464
62	0.34814444420780405
63	0.18187177108593947
64	0.8925879504044978
65	0.3107495359001568
66	0.11925293695084299
67	0.03954385360034591
68	0.007191910689857911
69	0.0032463954707181238
70	0.011704150977755689
71	0.03202070454638331
72	0.40291010336058325
73	0.4299397258291199
74	0.15462038588001212
75	0.08619300005539333
76	0.0834396144145814
77	0.48167771661524483
78	0.9838981538483259
79	0.9838981538483259
80	0.9524680951766665
81	0.9680555771461439
82	0.9838981538483259
83	0.40291010336058325
84	0.32625716018605594
85	0.1357900406092586
86	0.4095038717012313
87	0.40291010336058325
88	0.4587826572335619
89	0.5139915422627616
90	0.6045810297425099
91	0.6245313223904276
92	0.36551822152450847
93	0.29597901853584924
94	0.34253867592860987
95	0.6045810297425099
96	0.8364723744993591
97	0.6556978921951198
98	0.6245313223904276
99	0.5057153295259849
100	0.19407281858793665
101	0.29597901853584924
102	0.3315964756209417
103	0.05744148237014341
104	0.7346031188276454
105	0.2139261322475609
106	0.0488345393931127
107	0.19724888986614988
108	0.18787327440652254
109	0.18187177108593947
110	0.16769342093829856
111	0.033077341117936365
112	0.8097517472627824
113	0.8097517472627824
114	0.7967132492073078
115	0.9680555771461439
116	0.8097517472627824
117	0.8097517472627824
118	0.8097517472627824
119	0.032544734860148444
120	0.017001473575159333
121	0.018740694914960252
122	0.019047393108381876
123	0.03529636723622802
124	0.11925293695084299
125	0.18187177108593947
126	0.7466251623243664
127	0.08903724340857995
128	0.0769348332586583
129	0.6045810297425099
130	0.585268037678987
131	0.8925879504044978
132	0.9071954723294546
133	0.9371316004437404
134	0.699686033300596
135	0.45139540946973084
136	0.7466251623243664
137	0.49757237909340724
138	0.2037578156903431
139	0.012090370898187342
140	0.03828064801966494
141	0.0547111792972134
142	0.0547111792972134
143	0.0769348332586583
144	0.045764390058400266
145	0.17043778391330403
146	0.9371316004437404
147	0.9220420515895231
148	0.8364723744993591
149	0.9071954723294546
150	0.9220420515895231
151	0.9220420515895231
152	0.17894329980858117
153	0.10472979393477024
154	0.030007614098888136
155	0.0376642589146659
156	0.17894329980858117
157	0.9838981538483259
158	0.6884197964379146
159	1.0
160	0.07093715149651068
161	0.06979493239667586
162	0.09501039487561899
163	0.466290799956401
164	0.9838981538483259
165	0.9838981538483259
166	1.0
167	0.4739218161276164
168	0.10472979393477024
169	0.03472803056127679
170	0.03529636723622802
171	0.9524680951766665
172	0.699686033300596
173	0.9838981538483259
174	0.2396695274125274
175	0.04804821315291658
176	0.013327194928720823
177	0.02812108342598919
178	0.2037578156903431
179	0.9838981538483259
180	0.8640747434825136
181	0.9524680951766665
182	0.9680555771461439
183	0.2865241396118708
184	0.21048152657828795
185	0.21048152657828795
186	0.585268037678987
187	0.5948461590153669
188	0.21048152657828795
189	0.20047693868989602
190	0.06756537356313919
191	0.06867110513305712
192	0.08209608258032164
193	0.2557479945175701
194	0.21048152657828795
195	0.49757237909340724
196	0.4299397258291199
197	0.699686033300596
198	0.699686033300596
199	0.7227746524257427
200	0.8097517472627824
