1	1.0
2	0.9220420515895035
3	0.2865241396118646
4	0.0472745482168648
5	0.04963373414423558
6	0.07327797408660716
7	0.1972488898661471
8	1.0
9	0.34814444420779905
10	0.4513954094697244
11	0.007674387126047693
12	0.00388105521435913
13	0.0019627091166381136
14	0.0024635075651006917
15	0.00035121364589560703
16	0.008738613623635485
17	1.0
18	0.9838981538483049
19	1.0
20	0.9220420515895035
21	0.40950387170122265
22	0.41620554942555466
23	0.4513954094697244
24	0.2396695274125223
25	0.5224031981891383
26	0.5224031981891383
27	0.9220420515895035
28	0.9220420515895035
29	0.4895605451959157
30	0.9220420515895035
31	0.08077418408895644
32	0.16769342093829617
33	0.08903724340857805
34	0.0033535217887887894
35	0.011147830387442765
36	0.03890712455342798
37	0.07569604040982106
38	0.0512715750169613
39	0.03890712455342798
40	0.0781938993967436
41	1.0
42	0.9838981538483049
43	0.9680555771461301
44	0.10644373457266672
45	0.11544347070631691
46	0.5665719880005069
47	0.16233655139003125
48	0.14027091400017713
49	0.4369758436353279
50	0.04151724745489865
51	0.18484816784601352
52	0.0005715668219861324
53	2.9305131190668573e-05
54	0.0008302591310470593
55	0.0008302591310470593
56	0.00013478140409426559
57	0.10995622264422822
58	0.9071954723294288
59	0.032544734860148215
60	0.028581295041563655
61	0.030498699465507456
62	0.004009124378788865
63	0.0025038237499127114
64	0.00199482955523534
65	0.07209806342155671
66	1.0
67	0.2246018878016919
68	0.05744148237014177
69	0.6045810297425014
70	0.4299397258291107
71	0.5309525138815068
72	1.0
73	1.0
74	1.0
75	0.7712627042813325
76	0.42301690250931434
77	0.6664286233595221
78	0.06756537356313774
79	0.07693483325865612
80	0.8501615448993927
81	0.06979493239667436
82	0.002805128333603497
83	0.006419412822152425
84	0.007674387126047693
85	0.02099590847766563
86	0.09348055211451997
87	0.045764390058399614
88	0.9220420515895035
89	0.02204368690561934
90	0.00013478140409426559
91	0.0008438466194896988
92	0.0008302591310470593
93	5.701481207581326e-05
94	0.00027087798631395606
95	0.0025038237499127114
96	0.0014418122384338217
97	0.5396417421912961
98	0.14256649781436606
99	0.14256649781436606
100	0.6045810297425014
101	0.9680555771461301
102	0.9680555771461301
103	0.9680555771461301
104	0.937131600443727
105	0.03361866366814501
106	0.025511319561055356
107	0.9220420515895035
108	0.9220420515895035
109	0.9220420515895035
110	0.007550815325235523
111	0.004491573493650751
112	0.0007058543855178055
113	0.006850065475449526
114	0.010113261253784499
115	0.0010591597671173467
116	0.04084874312373917
117	1.0
118	0.010968329737619126
119	0.002346412357984714
120	0.0028976934794106932
121	0.0019000115066771074
122	0.005823662247270162
123	0.00963255868241604
124	0.9838981538483049
125	0.9680555771461301
126	0.937131600443727
127	0.9071954723294288
128	0.809751747262771
129	0.9220420515895035
130	0.9838981538483049
131	0.8782156365502214
132	0.8640747434825012
133	0.9680555771461301
134	0.8501615448993927
135	0.8640747434825012
136	0.1472709844146121
137	0.08209608258032047
138	0.1472709844146121
139	0.11733274450692355
140	0.10995622264422822
141	0.10818572446379085
142	0.07327797408660716
143	0.13360357026643588
144	0.11544347070631691
145	0.8925879504044913
146	0.9524680951766462
147	0.013766972933527
148	0.006419412822152425
149	0.052963462250909324
150	1.0
151	0.9838981538483049
152	0.9838981538483049
153	1.0
154	0.9838981538483049
155	0.040191002946470614
156	0.048048213152915555
157	0.06979493239667436
158	0.9680555771461301
159	0.6996860333005959
160	0.5396417421912961
161	0.5057153295259778
162	0.6347520014624387
163	0.1940728185879325
164	0.6773349667878853
165	0.7466251623243609
166	0.9838981538483049
167	0.9680555771461301
168	0.9524680951766462
169	0.9524680951766462
170	0.8364723744993591
171	0.5758441417787756
172	0.3964225068633075
173	0.37150005830873106
174	0.20047693868989175
175	0.6996860333005959
176	0.7227746524257325
177	0.11925293695084045
178	0.04084874312373917
179	0.8364723744993591
180	0.0472745482168648
181	0.1472709844146121
182	0.1472709844146121
183	0.1448996496809614
184	0.1448996496809614
185	0.0048713325882563455
186	0.09975178733729187
187	0.7346031188276297
188	0.4975723790934037
189	0.8230036250150272
190	0.7967132492072908
191	0.2685108255202324
192	0.1940728185879325
193	0.9071954723294288
194	0.2246018878016919
195	0.1135846177017893
196	0.056516568458294045
197	0.06540703669975811
198	0.25574799451756464
199	1.0
200	0.937131600443727
