1	1.0
2	0.2070923854195534
3	0.052963462250909324
4	0.005637628717885407
5	0.001994829555235368
6	0.0022714575694317693
7	0.0031941225103010833
8	0.0069621692536538235
9	1.0
10	0.9838981538483189
11	0.19094788792081194
12	0.22098538275893823
13	0.12933568132305998
14	0.003757077145472479
15	0.009477456704464872
16	0.007550815325235632
17	0.6556978921951104
18	0.12933568132305998
19	0.07569604040982214
20	0.7227746524257325
21	0.4029101033605832
22	0.0031426912410506386
23	0.031505112088109015
24	0.9680555771461439
25	0.022771096439116734
26	0.008057369233585077
27	0.008189230970777114
28	0.0358740049446921
29	0.9838981538483189
30	1.0
31	0.9838981538483189
32	0.9680555771461439
33	0.9680555771461439
34	0.04084874312373918
35	0.004715720680195383
36	0.006015834611932685
37	0.009790198959862367
38	0.9680555771461439
39	0.04651334071458728
40	0.310749535900159
41	0.6451399456130125
42	0.2070923854195534
43	0.6451399456130125
44	0.06647744631284419
45	0.17043778391330164
46	0.9838981538483189
47	0.012090370898187429
48	0.009477456704464872
49	0.011515692539375738
50	0.1425664978143681
51	0.07819389939674473
52	0.006850065475449622
53	0.007927630713798602
54	1.0
55	0.006214348384488123
56	0.0007410792960859299
57	0.003042299783147407
58	0.0026287744047199654
59	0.011704150977755774
60	0.9838981538483189
61	0.005918968568537471
62	0.001994829555235368
63	0.002423840545294007
64	0.008323250672588899
65	1.0
66	0.08760357941344458
67	0.011704150977755774
68	0.015676073575284753
69	0.007429233258549036
70	0.004491573493650815
71	0.001094110495432293
72	0.011895693606067882
73	0.8364723744993591
74	0.7466251623243717
75	0.9838981538483189
76	0.9680555771461439
77	0.9838981538483189
78	0.9838981538483189
79	0.9838981538483189
80	0.8640747434825136
81	0.8640747434825136
82	0.9680555771461439
83	0.9524680951766599
84	0.9524680951766599
85	0.9524680951766599
86	0.8364723744993591
87	0.05744148237014259
88	0.024696375181437157
89	0.025100540218357587
90	0.010446984132459602
91	0.010446984132459602
92	0.014221262971401534
93	0.07447719441285282
94	0.9838981538483189
95	0.9838981538483189
96	0.0010591597671173617
97	0.0002708779863139599
98	0.0003809084903342062
99	0.011895693606067882
100	1.0
101	0.009632558682416179
102	0.00719191068985781
103	0.0069621692536538235
104	0.004278080449843506
105	0.006631244087325165
106	1.0
107	0.005729890533725427
108	0.005198130749139036
109	0.07569604040982214
110	1.0
111	0.9680555771461439
112	0.7111366461700587
113	1.0
114	0.12725313808047503
115	0.0008037369822866284
116	0.000609910947102305
117	5.2570054297374356e-05
118	0.0027155201279555345
119	0.00023788928317815987
120	0.0065244688152369034
121	1.0
122	0.0076743871260476935
123	0.0043480927706904616
124	0.0021988971683392484
125	0.009950419076984445
126	1.0
127	1.0
128	1.0
129	1.0
130	0.0076743871260476935
131	0.0027155201279555345
132	0.0046397888713085094
133	0.009950419076984445
134	0.006631244087325165
135	0.00036280318422523335
136	0.001025325519646773
137	0.00019263126270860578
138	0.0009004569039077901
139	0.0006944888267967183
140	0.12725313808047503
141	0.9680555771461439
142	0.7466251623243717
143	0.1818717710859395
144	0.16769342093829856
145	0.9838981538483189
146	0.9838981538483189
147	0.01228823415401115
148	0.005032079462438764
149	0.0018097003405784802
150	0.003408403375565057
151	0.007429233258549036
152	0.055606547367958434
153	0.2070923854195534
154	0.030007614098888354
155	0.006419412822152425
156	0.005546852487609637
157	0.010278768401209828
158	0.09049436982916181
159	0.16233655139003358
160	0.15213071221465965
161	0.1732270593726303
162	0.892587950404504
163	0.9220420515895298
164	0.9838981538483189
165	0.030997821620274812
166	0.000945393245682171
167	0.0006723037820462359
168	0.015175310452307697
169	1.0
170	1.0
171	1.0
172	1.0
173	1.0
174	0.9838981538483189
175	0.0014654080128054768
176	0.0018097003405784802
177	0.014453999040223764
178	0.03890712455342853
179	0.9371316004437271
180	0.21742711012398036
181	0.03890712455342853
182	0.15715080394779135
183	0.9524680951766599
184	0.09049436982916181
185	0.006015834611932685
186	0.0003999173224417163
187	0.0006403479026656425
188	0.02390746372968385
189	0.9838981538483189
190	1.0
191	1.0
192	1.0
193	1.0
194	0.9838981538483189
195	1.0
196	1.0
197	1.0
198	1.0
199	1.0
200	1.0
