1	1.0
2	1.0
3	0.08077418408895759
4	0.020995908477665932
5	0.012693727967806582
6	0.010278768401209682
7	0.007429233258549036
8	0.006739766775034895
9	0.14968112689163143
10	1.0
11	1.0
12	1.0
13	1.0
14	1.0
15	0.1472709844146121
16	0.0038185630603913396
17	0.006962169253653824
18	0.010278768401209682
19	0.013327194928720634
20	0.020995908477665932
21	0.07819389939674361
22	1.0
23	1.0
24	0.466290799956401
25	0.009174704819918202
26	0.002851035264810493
27	0.0012458335400746532
28	0.00016917178699911117
29	0.000976589844633953
30	0.0013080055346563408
31	0.0023464123579847473
32	0.18484816784601354
33	0.25993340216897615
34	0.023143753598938943
35	0.009950419076984587
36	0.7111366461700386
37	0.8364723744993591
38	0.6773349667878948
39	0.6245313223904277
40	0.4095038717012285
41	0.035296367236228025
42	0.03705779481220407
43	0.19407281858793526
44	0.4975723790934037
45	0.5309525138815068
46	0.8782156365502339
47	0.8925879504044915
48	0.8782156365502339
49	0.7588439508744649
50	0.9071954723294418
51	0.9838981538483187
52	0.9680555771461439
53	0.009026975134420792
54	0.00932485215470036
55	0.008738613623635486
56	0.00963255868241604
57	0.014690543918280221
58	0.016458371314135432
59	1.0
60	1.0
61	1.0
62	0.9838981538483187
63	0.0104469841324596
64	0.005918968568537471
65	0.0015637163575655455
66	0.0029451152724262676
67	0.003408403375565008
68	0.015423659850313087
69	0.9371316004437404
70	0.9371316004437404
71	0.050446008004084525
72	0.03254473486014822
73	0.009026975134420792
74	1.0
75	1.0
76	0.9220420515895167
77	0.9220420515895167
78	0.9220420515895167
79	0.004209195456615611
80	0.007927630713798602
81	0.09049436982916181
82	1.0
83	1.0
84	1.0
85	1.0
86	1.0
87	1.0
88	1.0
89	1.0
90	1.0
91	1.0
92	0.9838981538483187
93	0.9680555771461439
94	0.8501615448993927
95	0.8640747434825136
96	0.8640747434825136
97	0.9838981538483187
98	1.0
99	1.0
100	0.9838981538483187
101	0.6347520014624387
102	0.45878265723355866
103	0.6347520014624387
104	0.6664286233595221
105	0.6664286233595221
106	0.5758441417787837
107	0.2959790185358471
108	0.3775797899972509
109	0.6773349667878948
110	1.0
111	0.6045810297425013
112	0.30082282132372057
113	0.39642250686330754
114	0.6245313223904277
115	0.9838981538483187
116	0.8925879504044915
117	0.9220420515895167
118	0.3900393726467364
119	0.2641873055176448
120	0.1472709844146121
121	0.12120455403276079
122	0.5665719880005069
123	0.45878265723355866
124	0.19094788792080922
125	0.5309525138815068
126	0.4369758436353279
127	0.4029101033605832
128	0.7712627042813435
129	0.8364723744993591
130	0.8501615448993927
131	0.5224031981891458
132	0.04358912142584555
133	0.03416884515602848
134	0.008459463654885606
135	0.030007614098887928
136	0.0021286546673816124
137	0.0023464123579847473
138	0.002198897168339217
139	0.001186616698822083
140	0.0017518905076602488
141	0.003757077145472426
142	0.00932485215470036
143	0.466290799956401
144	1.0
145	1.0
146	1.0
147	0.026353155917209006
148	0.0004337300253847311
149	0.000803736982286617
150	0.0001664478089116465
151	0.0005623635409531145
152	0.028121083425988992
153	1.0
154	1.0
155	1.0
156	1.0
157	1.0
158	0.07819389939674361
159	0.004419250868277081
160	0.005729890533725346
161	0.10472979393476875
162	0.9220420515895167
163	0.9071954723294418
164	0.2959790185358471
165	0.06979493239667438
166	0.016193361151327978
167	0.5224031981891458
168	0.4975723790934037
169	0.48956054519591574
170	0.001641751955245846
171	0.0029933131400918323
172	0.012693727967806582
173	0.10472979393476875
174	1.0
175	1.0
176	1.0
177	1.0
178	0.10472979393476875
179	0.012489335512977668
180	0.0013294115143323941
181	0.25993340216897615
182	0.746625162324361
183	0.48956054519591574
184	0.011515692539375736
185	0.009790198959862089
186	0.0104469841324596
187	0.24359180518339907
188	0.019047393108381876
189	0.05383022830539263
190	0.013327194928720634
191	0.08077418408895759
192	0.9680555771461439
193	1.0
194	1.0
195	0.029049038185277303
196	0.00035696138316949357
197	0.0002378892831781565
198	0.0007907953330514215
199	0.0005904276939048648
200	0.02352250942683158
