1	1.0
2	0.9838981538483327
3	0.8782156365502463
4	0.8230036250150506
5	0.746625162324361
6	0.9838981538483327
7	0.9838981538483327
8	0.9838981538483327
9	0.11358461770179093
10	0.10472979393476874
11	0.15213071221465965
12	0.9680555771461438
13	0.00873861362363561
14	0.003353521788788837
15	0.003246395470718101
16	0.017279708787603047
17	0.04288725609876025
18	0.22827757824649858
19	0.09197534264619907
20	0.04019100294647176
21	0.03529636723622752
22	0.03254473486014868
23	0.04019100294647176
24	0.0769348332586583
25	0.9838981538483327
26	0.9838981538483327
27	0.9838981538483327
28	0.9680555771461438
29	0.9680555771461438
30	0.9680555771461438
31	0.06979493239667536
32	0.05211065273008555
33	0.07209806342155876
34	0.07447719441285175
35	0.027222771645920244
36	0.027222771645920244
37	0.0062143483844881225
38	0.0012662220527620944
39	0.007309608887594927
40	0.0934805521145213
41	0.36551822152450847
42	0.3964225068633131
43	0.9680555771461438
44	0.9524680951766598
45	0.9680555771461438
46	0.3425386759286123
47	0.31074953590015464
48	0.9838981538483327
49	1.0
50	1.0
51	1.0
52	0.9680555771461438
53	1.0
54	0.32100381758685564
55	0.32100381758685564
56	1.0
57	0.3425386759286123
58	0.37150005830873634
59	1.0
60	0.025511319561055717
61	0.012489335512977845
62	0.015932618141390912
63	0.021339514049848223
64	0.9371316004437404
65	0.01700147357515921
66	0.012288234154010974
67	0.012288234154010974
68	0.01096832973761928
69	0.007191910689857911
70	0.00873861362363561
71	0.0026717952406334006
72	0.10304345090533529
73	0.2037578156903431
74	0.796713249207302
75	0.3775797899972509
76	0.32100381758685564
77	0.6664286233595221
78	0.5948461590153711
79	0.24359180518339904
80	0.23581040555488306
81	0.1472709844146142
82	0.47392181612761314
83	0.9220420515895165
84	0.9838981538483327
85	0.045764390058400266
86	0.06435386265758217
87	0.15972263321475902
88	0.9838981538483327
89	1.0
90	1.0
91	0.8782156365502463
92	0.8364723744993591
93	0.9838981538483327
94	0.9220420515895165
95	0.9071954723294418
96	0.1154434707063202
97	0.1909478879208119
98	0.08480513362915015
99	0.8230036250150506
100	0.5758441417787837
101	0.12520412762878455
102	0.2641873055176485
103	0.11358461770179093
104	0.32100381758685564
105	0.3964225068633131
106	0.7111366461700486
107	0.1154434707063202
108	0.008057369233585077
109	0.004074735137074952
110	0.002271457569431769
111	0.009324852154700492
112	0.012901465378461815
113	0.0062143483844881225
114	0.00673976677503499
115	0.00873861362363561
116	0.9838981538483327
117	0.9524680951766598
118	0.9680555771461438
119	0.8925879504044915
120	0.8925879504044915
121	0.8230036250150506
122	0.9524680951766598
123	0.9680555771461438
124	0.8364723744993591
125	0.8501615448994048
126	0.3008228213237163
127	0.2396695274125291
128	0.24757827243667335
129	0.2641873055176485
130	0.37150005830873634
131	0.9838981538483327
132	0.7111366461700486
133	0.17043778391330405
134	0.12120455403276079
135	0.5574491330158785
136	0.6773349667878948
137	0.699686033300596
138	0.7588439508744756
139	0.08619300005539395
140	0.0002457392827377409
141	2.573622444280148e-05
142	0.0007410792960859299
143	0.0019627091166381696
144	0.0019000115066771346
145	0.0043480927706904
146	0.002234882909108707
147	6.183537071603807e-05
148	0.00902697513442092
149	0.9838981538483327
150	1.0
151	1.0
152	1.0
153	1.0
154	1.0
155	1.0
156	1.0
157	0.0013080055346563592
158	5.889621776044656e-05
159	0.002234882909108707
160	0.00441925086827708
161	0.0019000115066771346
162	0.0019627091166381696
163	0.0007410792960859299
164	2.3729881185408606e-05
165	0.0003345197923062435
166	0.06647744631284418
167	0.7838846950415601
168	0.7227746524257427
169	0.9371316004437404
170	0.8097517472627823
171	0.5484731728386766
172	0.5852680376789872
173	0.3775797899972509
174	0.23581040555488306
175	0.029049038185277713
176	0.016727718463300362
177	0.06129500098272679
178	0.6144752151203997
179	0.32100381758685564
180	0.6144752151203997
181	0.6884197964379195
182	0.9680555771461438
183	0.9680555771461438
184	0.2396695274125291
185	0.0675653735631387
186	0.03646109590141791
187	0.010791719379643225
188	0.011895693606068052
189	0.0330773411179359
190	0.9838981538483327
191	0.15715080394779135
192	0.08619300005539395
193	0.10818572446379239
194	0.9838981538483327
195	0.9680555771461438
196	0.9524680951766598
197	0.9838981538483327
198	0.8230036250150506
199	0.8097517472627823
200	0.8925879504044915
