1	1.0
2	1.0
3	1.0
4	0.9838981538483188
5	0.9838981538483188
6	0.9838981538483188
7	0.9838981538483188
8	0.9838981538483188
9	1.0
10	1.0
11	0.9838981538483188
12	0.9838981538483188
13	0.9680555771461301
14	0.5758441417787756
15	0.1972488898661471
16	0.12120455403275905
17	0.07209806342155671
18	0.10818572446379085
19	0.11544347070631857
20	0.5309525138815067
21	0.5758441417787756
22	0.1380122933233906
23	0.1099562226442282
24	0.4029101033605775
25	0.8097517472627594
26	0.8640747434825012
27	0.746625162324361
28	0.6451399456130031
29	0.4029101033605775
30	0.07093715149650866
31	0.31074953590015464
32	0.18787327440651988
33	0.20047693868989172
34	0.6773349667878852
35	0.8925879504044915
36	0.9680555771461301
37	0.4095038717012226
38	0.37150005830873106
39	0.8501615448993927
40	0.6245313223904276
41	0.6347520014624387
42	0.6664286233595221
43	0.34253867592860254
44	0.04430247303072466
45	0.053830228305391865
46	0.042196692099189664
47	0.041517247454898654
48	0.07093715149650866
49	0.9220420515895034
50	0.9838981538483188
51	0.39003937264673083
52	0.14489964968096344
53	0.1099562226442282
54	0.02099590847766563
55	0.01619336115132798
56	0.12120455403275905
57	0.2819105719970916
58	0.1099562226442282
59	0.5574491330158785
60	0.5057153295259705
61	0.6556978921951104
62	0.5665719880005069
63	0.025511319561055356
64	0.17894329980857737
65	0.35963270335587966
66	0.5309525138815067
67	0.783884695041549
68	0.7346031188276403
69	0.7712627042813325
70	0.6996860333005861
71	0.3370231708678044
72	0.1704377839132992
73	0.16499324727369863
74	0.6664286233595221
75	0.6451399456130031
76	0.6245313223904276
77	0.8097517472627594
78	0.5948461590153626
79	0.45139540946972445
80	0.3210038175868511
81	0.3210038175868511
82	0.4369758436353278
83	0.4029101033605775
84	0.4369758436353278
85	0.17894329980857737
86	0.5948461590153626
87	0.6144752151203823
88	0.0472745482168648
89	0.009324852154700226
90	0.006524468815236717
91	0.3158350635019653
92	0.21392613224755633
93	0.18187177108593688
94	0.25993340216897615
95	0.3775797899972455
96	0.7588439508744649
97	0.6996860333005861
98	0.7227746524257324
99	0.746625162324361
100	0.9680555771461301
101	0.4369758436353278
102	0.2396695274125223
103	0.25574799451756464
104	0.6144752151203823
105	0.3964225068633075
106	0.7967132492072907
107	0.3964225068633075
108	0.053830228305391865
109	0.02390746372968317
110	0.08480513362914896
111	0.8782156365502339
112	1.0
113	1.0
114	0.9838981538483188
115	0.3964225068633075
116	0.2435918051833956
117	0.3837590186752749
118	0.9838981538483188
119	1.0
120	0.6884197964378999
121	0.5057153295259705
122	0.5948461590153626
123	0.6556978921951104
124	0.006962169253653725
125	0.004348092770690338
126	0.003578496112179884
127	0.002163490864431221
128	0.0008716923278076608
129	0.001395754378613407
130	1.0
131	1.0
132	1.0
133	1.0
134	1.0
135	1.0
136	1.0
137	0.002198897168339186
138	0.00135116781054284
139	0.0011120160060804065
140	0.0026287744047198904
141	0.0023848122377374418
142	0.0044192508682770176
143	1.0
144	1.0
145	1.0
146	1.0
147	0.9680555771461301
148	0.9680555771461301
149	0.9680555771461301
150	0.7967132492072907
151	0.7346031188276403
152	0.9838981538483188
153	0.3775797899972455
154	0.36551822152449814
155	0.010791719379643072
156	0.01967592931444509
157	0.019359110527732544
158	0.02133951404984792
159	0.9371316004437271
160	0.6347520014624387
161	0.6245313223904276
162	0.1496811268916314
163	0.2282775782464921
164	0.9524680951766462
165	0.8925879504044915
166	0.9838981538483188
167	0.5057153295259705
168	0.3837590186752749
169	0.35963270335587966
170	0.4975723790934037
171	0.8501615448993927
172	0.746625162324361
173	0.8501615448993927
174	0.9220420515895034
175	0.5665719880005069
176	0.2685108255202324
177	0.3262571601860513
178	0.6884197964378999
179	0.6884197964378999
180	0.783884695041549
181	0.783884695041549
182	0.9524680951766462
183	0.9838981538483188
184	0.5396417421912961
185	0.09975178733729187
186	0.05838153282986845
187	0.4369758436353278
188	0.5665719880005069
189	0.04288725609875964
190	0.34253867592860254
191	0.31074953590015464
192	0.4029101033605775
193	0.5224031981891384
194	0.6144752151203823
195	1.0
196	0.9838981538483188
197	0.9838981538483188
198	0.9838981538483188
199	0.9838981538483188
200	1.0
