1	0.9838981538483189
2	1.0
3	0.026784434765055293
4	0.006524468815236718
5	0.0032995238968794027
6	0.003578496112179884
7	0.1231881100281487
8	0.9680555771461302
9	1.0
10	0.051271575016962036
11	0.0376642589146651
12	0.009632558682416179
13	0.023907463729683852
14	0.9838981538483189
15	0.23966952741252232
16	0.0376642589146651
17	0.035296367236227526
18	0.17322705937262783
19	0.9371316004437404
20	0.8925879504044915
21	0.8364723744993591
22	0.6664286233595221
23	0.7712627042813326
24	0.024298717947761457
25	0.02204368690561934
26	0.22460188780169196
27	0.9680555771461302
28	0.9524680951766464
29	0.9524680951766464
30	0.21392613224755638
31	0.013766972933527001
32	0.019675929314445093
33	0.8925879504044915
34	0.7466251623243612
35	0.6884197964379
36	0.04651334071458662
37	0.1380122933233906
38	0.1425664978143681
39	0.17606198232518802
40	0.8364723744993591
41	0.8640747434825014
42	0.021339514049848227
43	0.0050320794624387636
44	0.04019100294647062
45	0.06756537356313774
46	1.0
47	0.08760357941344458
48	0.0005185228330395475
49	0.00021934392271275003
50	0.0330773411179359
51	0.009026975134420792
52	0.9680555771461302
53	0.9524680951766464
54	0.9680555771461302
55	0.019047393108381876
56	0.03361866366814501
57	0.010791719379643076
58	0.001962709116638114
59	0.04883453939311236
60	0.013545299253376991
61	0.013545299253376991
62	0.030498699465507893
63	0.9371316004437404
64	0.008881624169591297
65	0.017001473575159215
66	0.059336967552506205
67	0.9371316004437404
68	0.14968112689163143
69	0.02766828206704513
70	0.025928821455018475
71	0.9071954723294419
72	0.9071954723294419
73	0.17606198232518802
74	0.18484816784601354
75	0.8640747434825014
76	0.3057458946813841
77	0.2959790185358471
78	0.7838846950415602
79	0.8364723744993591
80	0.01248933551297767
81	0.003944570074838653
82	0.002163490864431252
83	0.0012869442307717569
84	0.00019578374240785472
85	0.0018097003405784804
86	0.007191910689857912
87	0.029524436113288616
88	0.8925879504044915
89	1.0
90	0.48167771661523806
91	0.4975723790934038
92	1.0
93	1.0
94	1.0
95	1.0
96	1.0
97	0.8925879504044915
98	0.9071954723294419
99	0.5574491330158786
100	0.5852680376789872
101	0.9524680951766464
102	0.9371316004437404
103	0.9680555771461302
104	0.0965652740621615
105	0.04883453939311236
106	0.0083232506725889
107	0.003246395470718101
108	0.0007907953330514216
109	0.00011274092112108797
110	0.0016153167178432559
111	0.012693727967806583
112	0.40291010336057753
113	0.3481444442078041
114	0.809751747262771
115	0.2641873055176448
116	0.32625716018605594
117	0.22460188780169196
118	0.210481526578285
119	0.6996860333005961
120	0.6884197964379
121	0.677334966787895
122	0.6664286233595221
123	0.22098538275893195
124	0.1380122933233906
125	0.13360357026643588
126	0.10644373457266824
127	0.9071954723294419
128	0.1472709844146142
129	0.2641873055176448
130	0.19724888986614994
131	0.10472979393476875
132	0.1472709844146142
133	0.22460188780169196
134	0.3596327033558797
135	0.3715000583087311
136	1.0
137	0.20047693868989175
138	0.14968112689163143
139	0.008189230970776997
140	0.015423659850313087
141	0.010113261253784644
142	0.011895693606067884
143	0.9524680951766464
144	0.8782156365502339
145	0.8501615448993928
146	0.8501615448993928
147	0.8640747434825014
148	0.060308038307034934
149	0.05296346225090933
150	0.09501039487561765
151	0.06540703669975813
152	0.15715080394779138
153	0.23201342268367284
154	0.9838981538483189
155	0.7838846950415602
156	0.7466251623243612
157	0.17894329980857737
158	0.2516299796562454
159	0.22098538275893195
160	0.1818717710859395
161	0.019675929314445093
162	0.15715080394779138
163	0.7346031188276403
164	0.7588439508744759
165	0.7346031188276403
166	0.6664286233595221
167	0.7227746524257325
168	0.7967132492072909
169	0.823003625015039
170	0.8364723744993591
171	0.8782156365502339
172	1.0
173	1.0
174	0.4513954094697245
175	0.3370231708678044
176	0.9524680951766464
177	0.3008228213237163
178	0.2685108255202325
179	1.0
180	0.9838981538483189
181	0.08619300005539272
182	0.07569604040982107
183	0.11544347070631858
184	0.9680555771461302
185	0.8782156365502339
186	0.9371316004437404
187	0.11733274450692356
188	0.07819389939674362
189	0.019359110527732544
190	0.9371316004437404
191	0.07093715149650967
192	0.051271575016962036
193	0.06229811565656762
194	0.10304345090533384
195	1.0
196	0.0028976934794106937
197	0.010791719379643076
198	0.003578496112179884
199	0.012901465378461815
200	0.9838981538483189
