1	1.0
2	0.7967132492072909
3	0.6556978921951198
4	0.6996860333005961
5	0.1972488898661499
6	0.13801229332339254
7	0.1472709844146142
8	0.09814559940423298
9	0.07327797408660716
10	0.8364723744993591
11	0.7712627042813435
12	0.04084874312373918
13	0.010617952774480095
14	0.01151569253937574
15	0.008189230970776997
16	0.013766972933527003
17	0.9524680951766463
18	0.024298717947761457
19	0.005637628717885406
20	0.002308630787188074
21	0.0024238405452939728
22	0.002384812237737442
23	0.0012662220527620944
24	0.007191910689857912
25	0.20375781569034312
26	1.0
27	0.08619300005539272
28	0.051271575016962036
29	0.05744148237014341
30	0.0034084033755650083
31	0.1878732744065199
32	0.19094788792080922
33	0.277371291338266
34	1.0
35	0.823003625015039
36	0.823003625015039
37	0.823003625015039
38	1.0
39	1.0
40	0.277371291338266
41	0.19094788792080922
42	0.013992274382953427
43	0.0965652740621615
44	0.466290799956401
45	0.7227746524257325
46	0.4095038717012343
47	0.04963373414423629
48	0.08903724340857933
49	1.0
50	0.20375781569034312
51	0.007927630713798602
52	0.0006944888267967182
53	0.003246395470718101
54	0.004074735137074952
55	0.00381856306039134
56	0.006316048424505998
57	0.022771096439116737
58	1.0
59	0.9838981538483189
60	0.02168874285044923
61	0.01843893512866384
62	0.027668282067045125
63	0.024696375181437157
64	0.08480513362914896
65	0.06435386265758217
66	0.13801229332339254
67	0.22098538275893512
68	0.31074953590015464
69	0.9371316004437404
70	0.17894329980857737
71	0.04651334071458728
72	0.0472745482168648
73	0.22098538275893512
74	0.9524680951766463
75	0.7227746524257325
76	0.7227746524257325
77	0.746625162324361
78	0.823003625015039
79	0.15972263321475677
80	0.1472709844146142
81	0.10818572446379239
82	0.2685108255202325
83	0.9071954723294419
84	0.9071954723294419
85	0.9071954723294419
86	0.3481444442078041
87	0.2516299796562454
88	0.04576439005840027
89	0.019997932954225955
90	0.7712627042813435
91	0.809751747262771
92	0.809751747262771
93	0.809751747262771
94	0.9524680951766463
95	0.9838981538483189
96	0.9838981538483189
97	0.8782156365502464
98	0.01248933551297767
99	0.006962169253653825
100	0.016458371314135432
101	0.07327797408660716
102	0.9220420515895166
103	0.5484731728386766
104	0.8364723744993591
105	0.7712627042813435
106	0.09975178733729329
107	0.1252041276287828
108	0.9071954723294419
109	0.8925879504044913
110	0.001641751955245846
111	0.000976589844633953
112	0.07447719441285175
113	0.07447719441285175
114	0.002897693479410694
115	0.9371316004437404
116	0.9371316004437404
117	0.9371316004437404
118	1.0
119	1.0
120	1.0
121	1.0
122	0.015932618141390915
123	0.00381856306039134
124	0.0018694178137101955
125	0.0009925720876842986
126	0.08209608258032165
127	0.9838981538483189
128	0.10995622264422979
129	0.05383022830539263
130	0.8501615448994048
131	0.9838981538483189
132	0.513991542262758
133	0.9071954723294419
134	0.16233655139003358
135	0.14027091400017713
136	0.05211065273008481
137	0.06867110513305712
138	0.20047693868989175
139	0.17322705937262783
140	0.1676934209382962
141	0.154620385880011
142	0.15213071221465968
143	0.154620385880011
144	0.14968112689163143
145	0.14968112689163143
146	0.10995622264422979
147	0.10644373457266824
148	0.9220420515895166
149	0.9371316004437404
150	0.6556978921951198
151	0.6045810297425014
152	0.28652413961186873
153	0.07569604040982214
154	0.3900393726467363
155	0.5852680376789872
156	0.8782156365502464
157	0.9071954723294419
158	0.9838981538483189
159	0.6556978921951198
160	0.3315964756209393
161	0.3315964756209393
162	0.20047693868989175
163	0.746625162324361
164	0.7346031188276507
165	0.9524680951766463
166	0.9220420515895166
167	0.03416884515602848
168	0.03828064801966493
169	0.09814559940423298
170	0.8501615448994048
171	0.06540703669975813
172	0.14027091400017713
173	0.04651334071458728
174	0.024298717947761457
175	0.02592882145501884
176	0.014930959938100641
177	0.03529636723622752
178	0.9371316004437404
179	0.21048152657828498
180	0.24757827243666988
181	0.2396695274125223
182	0.23581040555488308
183	0.2819105719970956
184	0.3210038175868511
185	0.7967132492072909
186	0.07693483325865831
187	0.003637059484442896
188	0.003246395470718101
189	0.154620385880011
190	0.9680555771461301
191	0.9838981538483189
192	1.0
193	1.0
194	0.2959790185358514
195	0.17606198232518802
196	0.17606198232518802
197	0.03954385360034535
198	0.7346031188276507
199	0.5948461590153628
200	0.809751747262771
