1	0.9838981538483189
2	0.3596327033558797
3	0.3425386759286075
4	0.9371316004437272
5	0.6664286233595221
6	0.34814444420780405
7	0.02551131956105536
8	0.030007614098887924
9	0.043589121425845555
10	0.3008228213237163
11	0.38375901867528034
12	0.4369758436353279
13	0.11544347070631858
14	0.44412711003286787
15	0.3775797899972455
16	0.6884197964379098
17	0.24757827243666986
18	0.09348055211451999
19	0.09975178733729188
20	0.2959790185358471
21	0.7967132492072909
22	0.8640747434825014
23	0.8364723744993472
24	0.5484731728386688
25	0.5665719880005069
26	0.6884197964379098
27	0.6996860333005861
28	0.746625162324361
29	0.9838981538483189
30	0.8925879504044915
31	0.758843950874465
32	0.758843950874465
33	0.03416884515602799
34	0.017849913987938726
35	0.13145230613269043
36	0.13145230613269043
37	0.13360357026643588
38	0.13360357026643588
39	0.08480513362914896
40	0.4662907999563944
41	0.40291010336057753
42	0.3262571601860513
43	0.6996860333005861
44	0.7967132492072909
45	0.9220420515895167
46	0.9838981538483189
47	0.5309525138815068
48	0.4162055494255547
49	0.33159647562093936
50	0.746625162324361
51	0.7227746524257325
52	0.8501615448993928
53	0.7967132492072909
54	0.13145230613269043
55	0.13579004060925667
56	0.1425664978143681
57	0.025928821455018475
58	0.013766972933526805
59	0.010446984132459454
60	0.039543853600344785
61	0.7712627042813435
62	0.7967132492072909
63	0.9220420515895167
64	0.746625162324361
65	0.7227746524257325
66	0.7111366461700386
67	0.758843950874465
68	0.9680555771461302
69	0.9838981538483189
70	0.9838981538483189
71	0.9838981538483189
72	0.783884695041549
73	0.011330268629776647
74	0.0037570771454724255
75	0.030007614098887924
76	0.13579004060925667
77	0.12933568132305998
78	0.9838981538483189
79	0.9838981538483189
80	0.9680555771461302
81	0.04219669209918966
82	0.04576439005839962
83	0.04502749889045438
84	0.1212045540327608
85	0.9680555771461302
86	0.9524680951766463
87	0.9524680951766463
88	0.9524680951766463
89	0.9838981538483189
90	0.1099562226442282
91	0.04019100294647119
92	0.023522509426831248
93	0.019997932954225667
94	0.9524680951766463
95	0.9220420515895167
96	0.9220420515895167
97	0.09348055211451999
98	0.10138426111191784
99	0.18787327440651988
100	0.22098538275893195
101	0.2139261322475594
102	0.8925879504044915
103	0.8925879504044915
104	0.8501615448993928
105	0.9371316004437272
106	0.9838981538483189
107	0.9220420515895167
108	0.9071954723294289
109	0.783884695041549
110	0.6556978921951105
111	0.6347520014624387
112	0.614475215120391
113	0.6556978921951105
114	0.6773349667878852
115	0.4662907999563944
116	0.5484731728386688
117	0.6773349667878852
118	0.3008228213237163
119	0.04651334071458662
120	0.19094788792080922
121	0.154620385880011
122	0.9524680951766463
123	0.6556978921951105
124	0.44412711003286787
125	0.49757237909340374
126	0.6884197964379098
127	0.4369758436353279
128	0.16233655139003125
129	0.305745894681384
130	0.8782156365502339
131	0.8782156365502339
132	0.9524680951766463
133	0.9680555771461302
134	0.758843950874465
135	0.8097517472627594
136	0.043589121425845555
137	0.06331764666180247
138	0.1212045540327608
139	0.42301690250931445
140	0.4369758436353279
141	0.9220420515895167
142	0.09656527406216149
143	0.004141419638950832
144	0.0029933131400917893
145	0.0037570771454724255
146	0.007191910689857811
147	0.9838981538483189
148	0.04576439005839962
149	0.011147830387442765
150	0.007191910689857811
151	0.006214348384487946
152	0.003578496112179833
153	0.9680555771461302
154	0.9680555771461302
155	0.9838981538483189
156	1.0
157	1.0
158	0.9838981538483189
159	0.9838981538483189
160	0.9680555771461302
161	0.017562497419084198
162	0.009632558682416041
163	0.0076743871260476935
164	0.003881055214359075
165	0.04804821315291624
166	0.9838981538483189
167	0.03361866366814549
168	0.03307734111793543
169	0.04219669209918966
170	0.039543853600344785
171	0.10304345090533384
172	0.9680555771461302
173	0.9680555771461302
174	0.9524680951766463
175	0.5574491330158785
176	0.5396417421912962
177	0.614475215120391
178	0.47392181612760637
179	0.4299397258291169
180	0.6451399456130033
181	0.8782156365502339
182	0.8782156365502339
183	0.8925879504044915
184	0.9524680951766463
185	0.8925879504044915
186	0.9071954723294289
187	0.7111366461700386
188	0.6773349667878852
189	0.5574491330158785
190	0.5665719880005069
191	0.746625162324361
192	0.10304345090533384
193	0.17894329980857737
194	0.011515692539375575
195	0.007799981223697563
196	0.8925879504044915
197	0.39642250686330754
198	0.32100381758685564
199	0.07209806342155774
200	0.09049436982916181
