1	1.0
2	0.019047393108381876
3	0.017849913987938726
4	0.02032520629905451
5	0.026784434765055296
6	0.052110652730085555
7	0.8925879504045041
8	0.07209806342155878
9	0.0076743871260476935
10	0.0015137643410159587
11	0.0013080055346563408
12	0.008738613623635486
13	0.9838981538483329
14	0.14489964968096347
15	0.0045650797047264826
16	0.001076493296561918
17	0.060308038307034934
18	1.0
19	1.0
20	1.0
21	1.0
22	0.060308038307034934
23	0.008459463654885606
24	0.01248933551297767
25	0.1496811268916314
26	1.0
27	0.008459463654885606
28	0.000148569308605765
29	0.00024573928273773744
30	0.007429233258549036
31	0.09197534264619776
32	0.9071954723294419
33	0.9220420515895167
34	0.9680555771461439
35	0.9680555771461439
36	0.9680555771461439
37	0.9680555771461439
38	0.9838981538483329
39	0.9838981538483329
40	1.0
41	0.9838981538483329
42	0.9838981538483329
43	0.09501039487561765
44	0.025928821455018475
45	0.00011836713659178142
46	0.0002022443205017564
47	0.000351213645895612
48	3.9250125323177046e-05
49	3.8618125843789045e-05
50	0.001839316735680622
51	0.006850065475449624
52	0.699686033300596
53	0.6556978921951198
54	0.6884197964379001
55	0.2358104055548831
56	0.3596327033558848
57	0.43697584363533404
58	1.0
59	1.0
60	1.0
61	0.2599334021689762
62	0.3596327033558848
63	0.10644373457266824
64	0.6451399456130125
65	0.6884197964379001
66	0.023143753598939273
67	0.0015637163575655678
68	0.0007655338325415709
69	0.00611428590286806
70	0.001286944230771775
71	7.636336806318988e-05
72	0.0016959273764898693
73	0.01567607357528453
74	0.43697584363533404
75	0.038907124553427985
76	0.04804821315291693
77	0.2396695274125257
78	1.0
79	0.9838981538483329
80	1.0
81	0.9838981538483329
82	0.5758441417787756
83	0.42301690250932045
84	0.17894329980857737
85	0.05933696755250621
86	0.6144752151203912
87	0.9071954723294419
88	0.015932618141390915
89	0.002163490864431252
90	0.00036874058845033593
91	0.0016686198147892288
92	0.00611428590286806
93	0.00036874058845033593
94	0.0007058543855178055
95	0.028581295041564064
96	0.014690543918280431
97	0.0024238405452939728
98	0.00013922899395054056
99	4.326534525397591e-05
100	0.00033451979230623877
101	0.00024178242661367338
102	0.0016959273764898693
103	0.042196692099189664
104	0.0050320794624388356
105	0.023143753598939273
106	0.017001473575159454
107	0.028581295041564064
108	0.9838981538483329
109	0.9838981538483329
110	0.9838981538483329
111	1.0
112	1.0
113	1.0
114	0.9838981538483329
115	0.9838981538483329
116	1.0
117	0.9838981538483329
118	0.9838981538483329
119	0.9680555771461439
120	0.010617952774480096
121	0.015175310452307484
122	0.018142034232021265
123	0.7967132492072908
124	0.9371316004437406
125	0.9680555771461439
126	0.9838981538483329
127	0.16499324727369866
128	0.013545299253377184
129	0.02510054021835723
130	0.010791719379643228
131	0.010446984132459453
132	0.1314523061326923
133	0.1314523061326923
134	0.9838981538483329
135	0.9071954723294419
136	0.15213071221465965
137	0.03202070454638332
138	0.015423659850313085
139	0.004009124378788922
140	0.0043480927706904
141	0.01228823415401115
142	0.021339514049848227
143	0.9371316004437406
144	0.9838981538483329
145	0.9838981538483329
146	0.9524680951766463
147	0.9838981538483329
148	0.9838981538483329
149	0.09197534264619776
150	0.10472979393476875
151	0.9524680951766463
152	0.6144752151203912
153	0.6556978921951198
154	0.019047393108381876
155	0.011704150977755607
156	0.011895693606067882
157	0.012693727967806583
158	0.04288725609875964
159	1.0
160	1.0
161	0.9838981538483329
162	0.03828064801966494
163	0.005457537922228154
164	0.01151569253937574
165	0.01311260248634491
166	0.009790198959862228
167	0.9524680951766463
168	0.6664286233595222
169	0.677334966787895
170	0.9838981538483329
171	0.31583506350196977
172	0.12933568132306184
173	0.7967132492072908
174	0.9838981538483329
175	0.9524680951766463
176	0.013992274382953427
177	0.01228823415401115
178	0.014690543918280431
179	0.031505112088109015
180	0.9838981538483329
181	1.0
182	0.9838981538483329
183	0.018142034232021265
184	0.0019000115066771079
185	0.002163490864431252
186	0.01151569253937574
187	0.9371316004437406
188	0.9680555771461439
189	0.051271575016962036
190	0.012901465378461817
191	0.005918968568537472
192	0.00902697513442092
193	0.020657835589543778
194	0.023143753598939273
195	0.1425664978143681
196	0.16769342093829856
197	0.1472709844146142
198	0.9680555771461439
199	1.0
200	1.0
