1	0.9838981538483257
2	0.9680555771461301
3	0.8782156365502402
4	0.8501615448993987
5	0.8501615448993987
6	0.8364723744993591
7	0.8782156365502402
8	0.9680555771461301
9	0.9680555771461301
10	0.9071954723294353
11	0.9071954723294353
12	0.9680555771461301
13	0.9680555771461301
14	0.9838981538483257
15	0.5139915422627543
16	0.40950387170122554
17	0.46629079995640094
18	0.22460188780169194
19	0.18484816784601485
20	0.48167771661523795
21	0.952468095176653
22	0.4299397258291107
23	0.45139540946972445
24	0.5309525138815105
25	0.746625162324361
26	0.30574589468138186
27	0.40950387170122554
28	0.44412711003286787
29	0.7111366461700436
30	0.7838846950415546
31	0.7838846950415546
32	0.9220420515895035
33	0.7712627042813325
34	0.3837590186752776
35	0.43697584363533093
36	0.6245313223904277
37	0.6884197964379049
38	0.9838981538483257
39	0.952468095176653
40	0.746625162324361
41	0.7712627042813325
42	0.7588439508744703
43	0.7967132492072908
44	0.809751747262771
45	0.7712627042813325
46	0.7838846950415546
47	0.9371316004437338
48	0.37757978999724817
49	0.40950387170122554
50	0.6245313223904277
51	0.5484731728386648
52	0.746625162324361
53	0.8230036250150331
54	0.5665719880005109
55	0.3370231708678044
56	0.31583506350196755
57	0.37757978999724817
58	0.37150005830873106
59	0.5574491330158785
60	0.7838846950415546
61	0.6884197964379049
62	0.7227746524257325
63	0.7838846950415546
64	0.8640747434825014
65	0.9071954723294353
66	0.9220420515895035
67	0.9071954723294353
68	0.07209806342155724
69	0.015423659850312976
70	0.002851035264810493
71	0.003092088110184961
72	0.000440828172802521
73	0.04430247303072497
74	0.952468095176653
75	0.002463507565100692
76	0.0014185963995909593
77	0.001994829555235368
78	0.9838981538483257
79	0.9838981538483257
80	0.03099782162027459
81	0.0006000902548658376
82	0.00805736923358502
83	0.01967592931444509
84	0.9680555771461301
85	0.21742711012398036
86	0.21742711012398036
87	0.4975723790934037
88	0.9680555771461301
89	0.9838981538483257
90	0.9838981538483257
91	0.9838981538483257
92	0.5057153295259742
93	0.37757978999724817
94	0.3655182215245007
95	0.9071954723294353
96	0.9838981538483257
97	0.809751747262771
98	0.6245313223904277
99	0.6884197964379049
100	0.8501615448993987
101	0.9220420515895035
102	0.6045810297425014
103	0.5484731728386648
104	0.5574491330158785
105	0.5139915422627543
106	0.8364723744993591
107	0.7967132492072908
108	0.7967132492072908
109	0.522403198189142
110	0.5852680376789829
111	0.6144752151203867
112	0.9371316004437338
113	0.16233655139003125
114	0.09348055211451999
115	0.12318811002814956
116	0.5665719880005109
117	0.43697584363533093
118	0.002234882909108707
119	0.0038185630603913396
120	0.9838981538483257
121	0.01311260248634491
122	0.015175310452307482
123	0.9680555771461301
124	0.9680555771461301
125	0.9680555771461301
126	0.010617952774479945
127	0.005918968568537387
128	0.009174704819918202
129	0.01469054391828022
130	0.05127157501696166
131	1.0
132	0.9838981538483257
133	0.9838981538483257
134	0.9838981538483257
135	0.9838981538483257
136	0.9838981538483257
137	0.9220420515895035
138	0.0547111792972134
139	0.019047393108381872
140	0.014221262971401331
141	0.018438935128663837
142	0.06867110513305662
143	0.9838981538483257
144	0.9680555771461301
145	0.9838981538483257
146	0.012288234154010974
147	0.03202070454638263
148	0.9680555771461301
149	0.010113261253784643
150	0.008738613623635547
151	0.04576439005839994
152	0.13801229332339157
153	0.11544347070631857
154	0.25162997965624534
155	0.952468095176653
156	0.4739218161276097
157	0.03000761409888771
158	0.048834539393112344
159	0.07569604040982107
160	0.39003937264673355
161	0.522403198189142
162	0.9371316004437338
163	0.45878265723355544
164	0.45139540946972445
165	0.5758441417787756
166	0.5948461590153626
167	0.9838981538483257
168	0.8782156365502402
169	0.7346031188276454
170	0.7346031188276454
171	0.48167771661523795
172	0.4230169025093174
173	0.4230169025093174
174	0.4230169025093174
175	0.4299397258291107
176	0.48167771661523795
177	0.9838981538483257
178	0.9220420515895035
179	0.9071954723294353
180	0.9220420515895035
181	0.9371316004437338
182	0.7111366461700436
183	0.7111366461700436
184	0.9680555771461301
185	0.00463978887130851
186	0.00033451979230623877
187	0.0019000115066771211
188	0.033077341117935664
189	0.9838981538483257
190	0.9838981538483257
191	0.0003628031842252282
192	0.00012030425723314088
193	0.0012060361066649748
194	0.0016153167178432556
195	0.0033535217887888137
196	0.0012257733200817583
197	0.0018393167356806088
198	0.038907124553427985
199	0.14727098441461314
200	1.0
