1	0.6245313223904277
2	0.566571988000523
3	0.5852680376789872
4	0.9838981538483188
5	0.9371316004437404
6	0.9371316004437404
7	0.9220420515895167
8	0.9071954723294547
9	0.9071954723294547
10	0.9220420515895167
11	1.0
12	0.5852680376789872
13	0.5574491330158785
14	0.614475215120391
15	0.9838981538483188
16	0.9838981538483188
17	0.9838981538483188
18	0.7967132492073021
19	0.7227746524257428
20	0.6773349667879046
21	0.6773349667879046
22	0.3900393726467364
23	0.3210038175868557
24	0.01999793295422581
25	0.029049038185277508
26	0.31074953590015464
27	0.41620554942555466
28	0.07093715149651067
29	0.04804821315291659
30	0.05651656845829486
31	0.10304345090533457
32	0.4029101033605832
33	0.9838981538483188
34	0.46629079995640094
35	0.9838981538483188
36	0.8782156365502464
37	0.46629079995640094
38	0.4299397258291169
39	0.47392181612761314
40	0.003881055214359158
41	0.012901465378461817
42	0.013766972933527197
43	0.30082282132372057
44	0.9838981538483188
45	1.0
46	0.3210038175868557
47	0.008738613623635672
48	0.005457537922228194
49	0.00832325067258896
50	0.7227746524257428
51	0.030498699465507893
52	0.29121320991526145
53	0.30082282132372057
54	0.28652413961186873
55	0.40950387170123426
56	0.9680555771461439
57	0.6773349667879046
58	0.6045810297425099
59	0.5852680376789872
60	0.7227746524257428
61	0.7227746524257428
62	0.49757237909340374
63	0.3425386759286075
64	0.614475215120391
65	0.614475215120391
66	0.44412711003286787
67	0.6773349667879046
68	0.2396695274125257
69	0.5396417421913038
70	0.6556978921951198
71	0.9220420515895167
72	0.9371316004437404
73	0.9524680951766598
74	0.7111366461700487
75	0.505715329525985
76	0.513991542262758
77	0.6664286233595221
78	0.3370231708678093
79	0.23581040555488644
80	0.4587826572335587
81	0.4816777166152449
82	0.9838981538483188
83	1.0
84	0.06647744631284466
85	0.0031941225103010837
86	0.0020943793974173906
87	0.0020943793974173906
88	0.005369661486237472
89	0.1472709844146142
90	1.0
91	1.0
92	0.9680555771461439
93	0.9838981538483188
94	1.0
95	1.0
96	1.0
97	0.9371316004437404
98	1.0
99	1.0
100	1.0
101	0.13801229332339157
102	0.0024635075651007273
103	0.00242384054529399
104	0.0021988971683392327
105	0.0032463954707181238
106	0.06435386265758172
107	0.6245313223904277
108	0.8925879504044915
109	0.37150005830873106
110	0.0807741840889576
111	0.010968329737619282
112	0.004419250868277081
113	0.14027091400017913
114	0.1425664978143691
115	0.15213071221465968
116	0.10995622264422977
117	0.05933696755250663
118	0.2282775782464986
119	0.3837590186752804
120	0.614475215120391
121	0.6347520014624477
122	0.8925879504044915
123	1.0
124	1.0
125	0.9838981538483188
126	0.3158350635019743
127	0.1909478879208119
128	0.2070923854195505
129	0.8364723744993591
130	0.8097517472627825
131	0.7588439508744865
132	0.119252936950843
133	0.037057794812204864
134	0.027222771645920248
135	0.02099590847766608
136	0.021339514049848227
137	0.8782156365502464
138	0.8782156365502464
139	0.8782156365502464
140	0.8782156365502464
141	0.10304345090533457
142	0.10138426111191928
143	0.11358461770179093
144	0.08343961441458142
145	0.10304345090533457
146	0.614475215120391
147	0.045027498890454695
148	0.16233655139003358
149	0.21742711012398033
150	0.1940728185879353
151	0.176061982325188
152	0.29121320991526145
153	0.7227746524257428
154	0.1972488898661499
155	0.1472709844146142
156	0.2070923854195505
157	0.09656527406216218
158	0.03529636723622802
159	0.020657835589543923
160	0.04084874312373918
161	0.22460188780169515
162	0.8925879504044915
163	0.5852680376789872
164	0.21392613224755938
165	0.119252936950843
166	0.2641873055176485
167	0.2685108255202363
168	0.13801229332339157
169	0.48956054519592274
170	0.7346031188276507
171	0.2819105719970996
172	0.24359180518339907
173	0.2557479945175683
174	0.29597901853585135
175	1.0
176	0.7227746524257428
177	0.022404439747549142
178	0.0009004569039077774
179	0.0026287744047199467
180	0.018142034232021393
181	0.9838981538483188
182	0.4513954094697309
183	0.4369758436353341
184	0.07693483325865776
185	0.7227746524257428
186	0.2396695274125257
187	0.48956054519592274
188	0.11175569566235918
189	0.05383022830539301
190	0.04963373414423664
191	0.05211065273008518
192	0.06867110513305662
193	0.699686033300596
194	0.33159647562093936
195	0.37150005830873106
196	0.3655182215245085
197	0.09501039487561831
198	0.14968112689163354
199	0.7111366461700487
200	0.7967132492073021
