1	0.34814444420780405
2	0.4975723790934037
3	0.06867110513305712
4	0.15715080394779135
5	0.44412711003286787
6	0.7346031188276403
7	0.823003625015039
8	0.03828064801966494
9	0.04883453939311235
10	0.34814444420780405
11	0.3655182215245085
12	0.677334966787895
13	0.154620385880011
14	0.15715080394779135
15	0.15972263321475677
16	0.4369758436353341
17	0.4587826572335587
18	0.18187177108593947
19	0.014221262971401534
20	0.013545299253376991
21	0.014221262971401534
22	0.04502749889045374
23	0.05383022830539263
24	0.0744771944128507
25	0.9680555771461301
26	0.9680555771461301
27	0.9524680951766463
28	0.9220420515895166
29	0.9524680951766463
30	0.9371316004437404
31	0.9220420515895166
32	0.9071954723294419
33	0.022404439747548983
34	0.00932485215470036
35	0.04963373414423628
36	0.051271575016962036
37	0.07819389939674361
38	0.07947357060372963
39	0.2396695274125223
40	0.5948461590153626
41	0.566571988000515
42	0.5224031981891457
43	0.809751747262771
44	0.5758441417787756
45	0.5057153295259778
46	0.7111366461700385
47	0.31074953590015464
48	0.305745894681384
49	0.1972488898661499
50	0.2358104055548831
51	0.16499324727370096
52	0.10138426111191784
53	0.1357900406092586
54	0.2320134226836728
55	0.31583506350196977
56	0.809751747262771
57	0.6884197964379097
58	0.823003625015039
59	0.2320134226836728
60	0.11925293695084214
61	0.2209853827589351
62	0.2819105719970956
63	0.37150005830873106
64	0.8925879504044913
65	0.3837590186752749
66	0.20709238541955047
67	0.210481526578285
68	0.7967132492072908
69	0.24359180518339907
70	0.31583506350196977
71	0.2865241396118646
72	0.7227746524257325
73	0.6556978921951198
74	0.6664286233595221
75	0.7712627042813325
76	0.5852680376789872
77	0.5852680376789872
78	0.7588439508744758
79	0.7346031188276403
80	0.4369758436353341
81	0.210481526578285
82	0.35963270335587966
83	0.8640747434825012
84	0.8501615448993928
85	0.3315964756209393
86	0.06331764666180247
87	0.15213071221465752
88	0.6884197964379097
89	0.11925293695084214
90	0.154620385880011
91	0.176061982325188
92	0.2959790185358471
93	0.4587826572335587
94	0.9524680951766463
95	0.7466251623243612
96	0.7227746524257325
97	0.7967132492072908
98	0.809751747262771
99	0.7967132492072908
100	0.8925879504044913
101	0.7967132492072908
102	0.677334966787895
103	0.7712627042813325
104	0.8501615448993928
105	0.8501615448993928
106	0.6144752151203912
107	0.5574491330158785
108	0.6144752151203912
109	0.5057153295259778
110	0.24359180518339907
111	0.20709238541955047
112	0.4513954094697245
113	0.21742711012398033
114	0.17322705937262783
115	0.0965652740621615
116	0.7967132492072908
117	0.823003625015039
118	0.9071954723294419
119	0.13801229332339057
120	0.14256649781436806
121	0.305745894681384
122	0.823003625015039
123	0.5948461590153626
124	0.18787327440651988
125	0.2557479945175683
126	0.1472709844146142
127	0.24757827243666986
128	0.823003625015039
129	0.5057153295259778
130	0.31074953590015464
131	0.08903724340857933
132	0.14256649781436806
133	0.007550815325235631
134	0.0058236622472702445
135	0.13801229332339057
136	0.020657835589543778
137	0.06435386265758127
138	0.8364723744993591
139	0.5396417421912962
140	0.481677716615238
141	0.22460188780169196
142	0.2685108255202324
143	0.699686033300596
144	0.2037578156903431
145	0.07947357060372963
146	0.017562497419084194
147	0.013766972933527001
148	0.052963462250909324
149	1.0
150	0.9838981538483189
151	0.9838981538483189
152	0.9838981538483189
153	0.9680555771461301
154	0.6664286233595221
155	0.04219669209918966
156	0.03828064801966494
157	0.04502749889045374
158	0.1357900406092586
159	0.44412711003286787
160	0.9071954723294419
161	0.6045810297425014
162	0.2358104055548831
163	0.5484731728386688
164	0.5139915422627507
165	0.566571988000515
166	0.699686033300596
167	0.7346031188276403
168	0.481677716615238
169	0.4369758436353341
170	0.5948461590153626
171	0.4739218161276131
172	0.3837590186752749
173	0.5139915422627507
174	0.5057153295259778
175	0.5948461590153626
176	0.7967132492072908
177	0.3775797899972509
178	0.12120455403276079
179	0.0965652740621615
180	0.027222771645920248
181	0.3262571601860559
182	0.5574491330158785
183	0.052963462250909324
184	0.12318811002815044
185	0.4299397258291107
186	0.4513954094697245
187	0.9071954723294419
188	0.8782156365502464
189	0.7466251623243612
190	0.8640747434825012
191	0.566571988000515
192	0.305745894681384
193	0.3655182215245085
194	0.6556978921951198
195	0.5396417421912962
196	0.699686033300596
197	0.5948461590153626
198	0.7838846950415602
199	0.7838846950415602
200	0.8364723744993591
