1	0.9680555771461439
2	0.6884197964379097
3	0.8925879504044913
4	0.49757237909340374
5	0.2320134226836728
6	0.10644373457266823
7	0.8782156365502338
8	0.9220420515895166
9	0.18187177108593947
10	0.32625716018605594
11	0.9524680951766462
12	0.2641873055176485
13	0.18787327440651988
14	0.15715080394779132
15	0.9680555771461439
16	0.9680555771461439
17	0.09197534264619907
18	0.011147830387442763
19	0.0547111792972134
20	0.9524680951766462
21	0.9524680951766462
22	0.8925879504044913
23	0.9680555771461439
24	0.8501615448993927
25	0.008459463654885604
26	0.007076107650393189
27	0.032544734860148215
28	0.8501615448993927
29	0.836472374499359
30	0.04804821315291624
31	0.14489964968096344
32	0.21048152657828498
33	0.9680555771461439
34	0.3837590186752804
35	0.28652413961186873
36	0.836472374499359
37	0.9680555771461439
38	0.3538419528953301
39	0.03890712455342798
40	0.04963373414423628
41	0.3837590186752804
42	0.32100381758685104
43	0.4739218161276063
44	0.7967132492072908
45	0.836472374499359
46	0.7838846950415601
47	0.7111366461700385
48	0.2396695274125223
49	0.6245313223904276
50	0.9371316004437404
51	0.0472745482168648
52	0.04151724745489865
53	0.10818572446379238
54	0.513991542262758
55	0.13360357026643588
56	0.4441271100328678
57	0.3837590186752804
58	0.6664286233595221
59	0.699686033300596
60	0.9071954723294418
61	0.7466251623243609
62	0.823003625015039
63	0.5484731728386688
64	0.10304345090533383
65	0.09348055211451997
66	0.29121320991526145
67	0.5574491330158785
68	0.25574799451756824
69	0.09656527406216149
70	0.48167771661523795
71	0.8782156365502338
72	0.8640747434825136
73	0.699686033300596
74	0.48956054519591574
75	0.5948461590153625
76	0.17894329980857734
77	0.16233655139003353
78	0.23581040555488306
79	0.22460188780169194
80	0.513991542262758
81	0.5396417421912961
82	0.5396417421912961
83	0.6556978921951104
84	0.5574491330158785
85	0.5758441417787837
86	0.6451399456130122
87	0.48956054519591574
88	0.7967132492072908
89	0.9071954723294418
90	0.7466251623243609
91	0.5852680376789872
92	0.25574799451756824
93	0.34253867592860743
94	0.15462038588001098
95	0.25574799451756824
96	0.43697584363533404
97	0.41620554942555466
98	0.49757237909340374
99	0.9371316004437404
100	0.6245313223904276
101	0.48167771661523795
102	0.677334966787895
103	0.48956054519591574
104	0.513991542262758
105	0.7838846950415601
106	0.9220420515895166
107	0.49757237909340374
108	0.18484816784601352
109	0.10304345090533383
110	0.04358912142584555
111	0.07093715149650967
112	0.10472979393476875
113	0.176061982325188
114	0.7712627042813435
115	0.677334966787895
116	0.7466251623243609
117	0.4441271100328678
118	0.41620554942555466
119	0.35963270335587966
120	0.48956054519591574
121	0.43697584363533404
122	0.4095038717012285
123	0.5309525138815067
124	0.2685108255202325
125	0.40291010336057753
126	0.20709238541955044
127	0.10818572446379238
128	0.3900393726467363
129	0.5224031981891458
130	0.6556978921951104
131	0.4441271100328678
132	0.5057153295259778
133	0.6664286233595221
134	0.9071954723294418
135	0.8097517472627709
136	0.8782156365502338
137	0.836472374499359
138	0.6245313223904276
139	0.8501615448993927
140	0.8097517472627709
141	0.8097517472627709
142	0.6884197964379097
143	0.7838846950415601
144	0.699686033300596
145	0.836472374499359
146	0.9371316004437404
147	0.5665719880005149
148	0.7466251623243609
149	0.8501615448993927
150	0.7588439508744756
151	0.8097517472627709
152	0.305745894681384
153	0.22460188780169194
154	0.13360357026643588
155	0.16769342093829617
156	0.07569604040982214
157	0.04019100294647118
158	0.05560654736795764
159	0.6884197964379097
160	0.04963373414423628
161	0.02390746372968385
162	0.014930959938100428
163	0.008323250672588899
164	0.005198130749138961
165	0.9680555771461439
166	0.06979493239667436
167	0.012489335512977668
168	0.05560654736795764
169	0.1357900406092586
170	0.5309525138815067
171	0.46629079995640094
172	0.7712627042813435
173	0.8501615448993927
174	0.8640747434825136
175	0.9220420515895166
176	0.8640747434825136
177	0.677334966787895
178	0.7466251623243609
179	0.35963270335587966
180	0.6347520014624386
181	0.5224031981891458
182	0.12933568132305998
183	0.11544347070631857
184	0.2037578156903431
185	0.3538419528953301
186	0.8925879504044913
187	0.37757978999725084
188	0.34253867592860743
189	0.4095038717012285
190	0.4441271100328678
191	0.16769342093829617
192	0.5852680376789872
193	0.050446008004084525
194	0.12933568132305998
195	0.0675653735631387
196	0.5948461590153625
197	0.4299397258291168
198	0.4095038717012285
199	0.7227746524257325
200	0.9838981538483188
