1	0.5852680376789872
2	0.6556978921951198
3	0.746625162324361
4	0.9220420515895166
5	0.29597901853585135
6	0.29597901853585135
7	0.04019100294647176
8	0.3107495359001546
9	0.7967132492072908
10	0.8501615448994049
11	0.7967132492072908
12	0.8501615448994049
13	0.8364723744993591
14	0.6773349667878948
15	0.6664286233595221
16	0.7967132492072908
17	0.7346031188276507
18	0.6245313223904276
19	0.49757237909340374
20	0.5574491330158785
21	0.23201342268367284
22	0.6245313223904276
23	0.0076743871260476935
24	0.0076743871260476935
25	0.004491573493650815
26	0.0010764932965619024
27	0.0013294115143323943
28	0.0045650797047264175
29	0.002715520127955534
30	0.0027599605887400915
31	0.0027599605887400915
32	0.004278080449843506
33	0.19094788792080922
34	1.0
35	1.0
36	1.0
37	0.19094788792080922
38	0.004871332588256415
39	0.006015834611932771
40	0.010968329737619126
41	0.011895693606068052
42	0.011515692539375738
43	0.004009124378788922
44	0.003757077145472479
45	0.11925293695084214
46	0.10818572446379239
47	0.08077418408895759
48	0.9071954723294418
49	0.9071954723294418
50	0.9524680951766598
51	0.9838981538483328
52	0.2516299796562454
53	0.06331764666180247
54	0.07447719441285175
55	0.0781938993967436
56	0.0781938993967436
57	0.10138426111191784
58	0.9680555771461302
59	0.9838981538483328
60	0.30082282132371624
61	0.023522509426831248
62	0.0021634908644312515
63	0.0024238405452939723
64	0.9220420515895166
65	0.0016959273764898931
66	0.0018694178137101957
67	0.9680555771461302
68	0.9371316004437404
69	0.9680555771461302
70	0.9220420515895166
71	0.9220420515895166
72	0.8925879504044913
73	0.8925879504044913
74	0.9524680951766598
75	0.04430247303072529
76	0.041517247454899237
77	0.03361866366814549
78	0.030007614098887924
79	0.0358740049446921
80	0.2912132099152615
81	0.05127157501696203
82	0.05838153282986845
83	0.03890712455342853
84	0.04084874312373918
85	0.05651656845829405
86	0.23581040555488308
87	0.8925879504044913
88	0.8640747434825014
89	0.19094788792080922
90	0.16499324727370096
91	0.8640747434825014
92	0.9220420515895166
93	0.7346031188276507
94	0.6347520014624477
95	0.6045810297425014
96	0.9838981538483328
97	0.25574799451756824
98	0.2516299796562454
99	0.5057153295259778
100	0.30574589468138835
101	0.28652413961186873
102	0.277371291338266
103	0.025100540218357226
104	0.3370231708678044
105	1.0
106	0.05044600800408382
107	0.001994829555235368
108	0.0016959273764898931
109	0.14489964968096344
110	1.0
111	1.0
112	1.0
113	1.0
114	1.0
115	0.14489964968096344
116	0.0009151932040789202
117	0.0012257733200817667
118	0.04883453939311235
119	0.9838981538483328
120	0.3370231708678044
121	0.5309525138815142
122	0.44412711003287414
123	0.23201342268367284
124	0.08209608258032164
125	0.009026975134420918
126	0.15715080394779132
127	0.6773349667878948
128	0.38375901867528034
129	0.481677716615238
130	0.7111366461700486
131	0.7967132492072908
132	0.9371316004437404
133	0.746625162324361
134	0.21742711012398036
135	0.006850065475449525
136	0.009324852154700358
137	0.027222771645920248
138	0.13801229332339254
139	0.10644373457266823
140	0.018740694914960117
141	0.013545299253377184
142	0.011330268629776647
143	0.009950419076984445
144	0.6884197964379097
145	0.9838981538483328
146	0.40291010336057753
147	0.045027498890454376
148	0.005369661486237471
149	0.0009151932040789202
150	1.0
151	0.012693727967806582
152	0.0007655338325415709
153	0.0011487109132294472
154	0.021339514049848223
155	0.0020943793974174054
156	3.0272157800135173e-05
157	4.616784369824898e-05
158	0.00873861362363561
159	0.49757237909340374
160	1.0
161	1.0
162	1.0
163	1.0
164	0.5057153295259778
165	0.00873861362363561
166	4.6923397017945535e-05
167	5.60967683434023e-05
168	0.0020606560225769105
169	0.02099590847766593
170	1.0
171	0.0010421053394971875
172	0.0008438466194897108
173	0.012489335512977668
174	1.0
175	0.0014418122384338217
176	0.005198130749138962
177	0.045027498890454376
178	0.10138426111191784
179	0.016727718463300126
180	0.0005623635409531145
181	0.00652446881523681
182	0.01619336115132821
183	0.10138426111191784
184	1.0
185	0.13801229332339254
186	0.028121083425988992
187	0.014930959938100428
188	0.014453999040223762
189	0.28191057199709557
190	0.5224031981891458
191	0.513991542262758
192	0.25574799451756824
193	0.7227746524257325
194	0.6884197964379097
195	0.7227746524257325
196	0.746625162324361
197	0.8097517472627709
198	0.9838981538483328
199	0.9838981538483328
200	1.0
