1	0.9838981538483328
2	0.9838981538483328
3	1.0
4	1.0
5	1.0
6	1.0
7	0.9838981538483328
8	0.9838981538483328
9	0.9838981538483328
10	0.8782156365502338
11	0.9838981538483328
12	0.9838981538483328
13	0.3964225068633132
14	0.19724888986614988
15	0.7588439508744864
16	0.06867110513305712
17	0.8640747434825136
18	0.15213071221465752
19	0.0069621692536538235
20	0.008881624169591424
21	0.010278768401209682
22	0.00932485215470036
23	0.010113261253784787
24	0.009950419076984445
25	0.006850065475449623
26	1.0
27	0.008189230970777112
28	0.00441925086827708
29	0.012901465378461815
30	0.23581040555488306
31	0.00932485215470036
32	0.006114285902868146
33	0.005729890533725427
34	0.03416884515602848
35	0.9838981538483328
36	0.13145230613269226
37	0.03646109590141843
38	0.7838846950415602
39	0.7838846950415602
40	0.7838846950415602
41	0.7967132492072907
42	0.7967132492072907
43	0.03529636723622802
44	0.09501039487561765
45	0.7967132492072907
46	0.0612950009827268
47	0.19724888986614988
48	0.028581295041563655
49	0.010617952774480095
50	0.029049038185277716
51	0.7838846950415602
52	0.5139915422627579
53	0.41620554942556054
54	0.41620554942556054
55	0.9838981538483328
56	0.9838981538483328
57	0.836472374499359
58	0.01493095993810043
59	0.017279708787603047
60	0.7588439508744864
61	0.003696581267296084
62	0.24757827243667338
63	0.1336035702664378
64	0.21392613224755938
65	0.31074953590015464
66	0.8640747434825136
67	0.015932618141390686
68	0.1154434707063202
69	0.14027091400017913
70	1.0
71	0.14489964968096344
72	0.11733274450692356
73	0.9680555771461301
74	0.9680555771461301
75	0.9680555771461301
76	0.05383022830539263
77	0.018438935128663837
78	0.010791719379643227
79	0.00652446881523681
80	0.003578496112179884
81	0.004871332588256416
82	1.0
83	1.0
84	0.0006944888267967182
85	2.7020563285143988e-05
86	0.0012060361066649748
87	0.002671795240633401
88	0.0008168904262529228
89	0.00021581208061492303
90	0.04430247303072529
91	1.0
92	1.0
93	1.0
94	1.0
95	1.0
96	0.04651334071458728
97	0.0002055541213394046
98	0.0008576564720537132
99	0.002715520127955534
100	0.001225773320081767
101	5.794787992315277e-05
102	0.0007291465512741477
103	1.0
104	1.0
105	0.0040747351370749516
106	0.00011836713659178142
107	0.0024238405452939723
108	0.0058236622472702445
109	0.013112602486345094
110	0.04727454821686547
111	1.0
112	1.0
113	1.0
114	1.0
115	0.1546203858800132
116	0.06540703669975904
117	0.9838981538483328
118	0.0034084033755650564
119	0.0063160484245059975
120	0.042196692099190254
121	0.8640747434825136
122	0.9838981538483328
123	0.9838981538483328
124	0.3210038175868602
125	0.34814444420780405
126	0.03416884515602848
127	0.026353155917209006
128	0.04963373414423628
129	0.6773349667878948
130	0.37757978999725084
131	0.3315964756209441
132	0.9680555771461301
133	0.7588439508744864
134	0.7346031188276402
135	0.6451399456130124
136	0.7466251623243717
137	0.8230036250150506
138	0.1357900406092586
139	0.10995622264422977
140	0.16233655139003356
141	0.8782156365502338
142	0.8782156365502338
143	0.09197534264619907
144	0.2320134226836761
145	0.836472374499359
146	0.8230036250150506
147	0.7967132492072907
148	0.31074953590015464
149	0.2435918051833956
150	0.7712627042813435
151	0.7967132492072907
152	0.020325206299054505
153	0.010791719379643227
154	0.013766972933527
155	0.003353521788788837
156	0.0038810552143591303
157	0.1789432998085799
158	0.0547111792972134
159	0.002671795240633401
160	0.011515692539375738
161	0.016458371314135665
162	0.16769342093829856
163	0.9838981538483328
164	1.0
165	0.8501615448994049
166	0.8230036250150506
167	0.8097517472627709
168	0.7967132492072907
169	0.7967132492072907
170	0.2070923854195534
171	0.025511319561055717
172	0.022043686905619336
173	0.194072818587938
174	0.017001473575159454
175	0.006419412822152425
176	0.003520875718327174
177	0.0034641831191914805
178	1.0
179	0.008189230970777112
180	0.0010421053394971875
181	0.004491573493650815
182	1.0
183	0.004278080449843567
184	0.010113261253784787
185	0.00673976677503499
186	0.010113261253784787
187	0.01096832973761928
188	0.00932485215470036
189	0.009950419076984445
190	0.05127157501696203
191	0.7588439508744864
192	0.06867110513305712
193	0.8501615448994049
194	0.34814444420780405
195	0.37150005830873106
196	1.0
197	0.9838981538483328
198	0.8097517472627709
199	1.0
200	1.0
