1	0.9371316004437403
2	0.9524680951766598
3	0.29597901853585135
4	0.04963373414423628
5	0.000803736982286617
6	0.0008168904262529344
7	0.0018694178137101953
8	0.0019000115066771346
9	0.0011675099792966507
10	0.0009151932040789201
11	0.0002665163506524553
12	0.0016686198147892286
13	0.5057153295259778
14	0.5139915422627652
15	0.06540703669975811
16	0.052963462250909324
17	0.4739218161276131
18	0.4895605451959227
19	0.35963270335588476
20	0.6451399456130124
21	0.9680555771461439
22	0.6347520014624477
23	0.6347520014624477
24	0.010113261253784785
25	0.002271457569431769
26	0.00652446881523681
27	0.003818563060391394
28	0.0018694178137101953
29	0.0012257733200817843
30	0.09348055211452129
31	1.0
32	1.0
33	1.0
34	1.0
35	1.0
36	0.08077418408895873
37	0.0007907953330514326
38	0.002271457569431769
39	0.0047928951403666395
40	0.0032995238968794487
41	0.001286944230771775
42	0.1789432998085799
43	0.7588439508744756
44	0.585268037678987
45	0.6556978921951198
46	0.9838981538483329
47	0.9680555771461439
48	0.7588439508744756
49	0.699686033300596
50	0.7712627042813434
51	0.6451399456130124
52	0.7588439508744756
53	0.8640747434825136
54	0.21392613224756243
55	0.1030434509053353
56	0.06979493239667535
57	0.09501039487561899
58	0.20047693868989458
59	0.07569604040982214
60	0.10818572446379239
61	0.0675653735631387
62	1.0
63	1.0
64	1.0
65	1.0
66	0.9838981538483329
67	0.14968112689163351
68	0.12318811002815043
69	0.3262571601860559
70	0.9071954723294418
71	0.746625162324361
72	0.21742711012398033
73	0.08077418408895873
74	0.06867110513305712
75	0.1425664978143701
76	0.2819105719970956
77	0.9371316004437403
78	0.18187177108593947
79	0.016727718463300362
80	0.03954385360034535
81	0.3775797899972509
82	0.08903724340857931
83	0.5574491330158785
84	0.9680555771461439
85	0.9680555771461439
86	0.014221262971401532
87	0.011515692539375736
88	0.0058236622472702445
89	0.0025447997235481606
90	0.0017805608241138657
91	0.0008716923278076731
92	0.0011866166988221
93	0.0011675099792966507
94	0.06435386265758217
95	0.29597901853585135
96	0.6664286233595317
97	0.13360357026643777
98	0.04084874312373917
99	0.0675653735631387
100	0.13801229332339254
101	1.0
102	0.9838981538483329
103	0.6884197964379195
104	0.9838981538483329
105	0.9071954723294418
106	0.14027091400017713
107	0.025928821455018843
108	0.01784991398793898
109	0.0070761076503932895
110	0.004278080449843506
111	0.8501615448994048
112	0.03646109590141791
113	0.04727454821686548
114	0.14489964968096344
115	0.14727098441461417
116	0.02352250942683158
117	0.8097517472627824
118	0.0046397888713085094
119	0.9524680951766598
120	0.8501615448994048
121	0.8501615448994048
122	0.8501615448994048
123	1.0
124	0.21048152657828498
125	0.9071954723294418
126	0.0020943793974174054
127	0.0023848122377374418
128	0.007309608887594927
129	0.1546203858800132
130	0.021339514049848223
131	1.0
132	0.15213071221465965
133	0.013112602486345095
134	0.013545299253377182
135	0.01700147357515921
136	0.08209608258032162
137	0.7346031188276506
138	0.5758441417787837
139	0.8782156365502463
140	0.8640747434825136
141	0.9524680951766598
142	1.0
143	1.0
144	0.4895605451959227
145	0.4299397258291168
146	0.1789432998085799
147	0.029524436113288612
148	0.4299397258291168
149	0.836472374499359
150	0.20047693868989458
151	0.016458371314135432
152	0.008459463654885726
153	0.009632558682416177
154	0.030997821620274812
155	0.1789432998085799
156	0.18787327440651988
157	0.11175569566235917
158	0.6556978921951198
159	0.6245313223904276
160	0.836472374499359
161	0.6245313223904276
162	0.9071954723294418
163	0.7346031188276506
164	0.15715080394779132
165	0.2729051014782479
166	0.32100381758686025
167	1.0
168	0.8501615448994048
169	0.6045810297425013
170	0.6556978921951198
171	0.9680555771461439
172	0.22460188780169194
173	0.2773712913382699
174	0.0769348332586583
175	0.4162055494255546
176	0.8925879504044913
177	0.10138426111191928
178	0.14727098441461417
179	0.1357900406092586
180	0.10818572446379239
181	0.05044600800408453
182	0.008881624169591424
183	0.02032520629905451
184	0.0612950009827268
185	0.6664286233595317
186	0.10472979393476875
187	0.6451399456130124
188	0.9680555771461439
189	0.9838981538483329
190	0.8640747434825136
191	0.9371316004437403
192	0.9371316004437403
193	0.6773349667878948
194	0.3775797899972509
195	0.37150005830873634
196	0.2729051014782479
197	0.5948461590153711
198	0.9838981538483329
199	1.0
200	1.0
