1	0.48167771661523795
2	0.10644373457266824
3	0.11925293695084045
4	0.11733274450692356
5	0.8640747434825012
6	0.8364723744993591
7	0.35963270335587966
8	0.3370231708678044
9	0.3008228213237163
10	0.3655182215245033
11	0.8640747434825012
12	0.7712627042813326
13	0.011895693606067882
14	0.02204368690561934
15	0.010791719379643074
16	0.0018694178137101955
17	0.0012257733200817494
18	0.017562497419084194
19	0.10472979393476875
20	0.12933568132305998
21	0.4895605451959158
22	0.6556978921951104
23	0.34814444420780405
24	0.10304345090533383
25	0.10304345090533383
26	0.7712627042813326
27	1.0
28	0.9838981538483188
29	0.9680555771461302
30	0.8925879504044913
31	0.18484816784601354
32	0.176061982325188
33	0.3425386759286026
34	0.614475215120391
35	0.5224031981891458
36	0.8501615448993927
37	1.0
38	0.6773349667878948
39	0.6556978921951104
40	0.8782156365502338
41	0.7227746524257325
42	0.3900393726467363
43	0.25993340216897615
44	0.012090370898187257
45	0.5224031981891458
46	0.614475215120391
47	0.9524680951766463
48	0.3315964756209393
49	0.34814444420780405
50	0.34814444420780405
51	0.08760357941344458
52	0.08903724340857806
53	0.05127157501696203
54	0.06540703669975813
55	0.09656527406216149
56	0.10138426111191784
57	0.5484731728386688
58	0.5396417421912961
59	0.07209806342155774
60	0.07947357060372963
61	0.9371316004437404
62	0.09049436982916054
63	0.11175569566235759
64	0.11358461770178932
65	0.07947357060372963
66	0.08209608258032164
67	0.9371316004437404
68	0.09975178733729187
69	0.11358461770178932
70	0.12933568132305998
71	0.9838981538483188
72	0.002128654667381612
73	0.0010764932965619024
74	0.0007780620682611601
75	0.0006099109471023051
76	0.0007058543855178054
77	0.0006198923584893026
78	4.054532224160885e-05
79	0.0005715668219861325
80	0.06979493239667438
81	1.0
82	1.0
83	0.9838981538483188
84	0.9838981538483188
85	1.0
86	1.0
87	1.0
88	0.9838981538483188
89	0.04288725609875964
90	1.0
91	0.0006099109471023051
92	9.741658249768637e-05
93	0.0005809207180139167
94	0.0006723037820462358
95	1.0
96	0.0005185228330395474
97	0.00076553383254156
98	0.001042105339497173
99	0.003092088110184961
100	0.9680555771461302
101	0.9524680951766463
102	0.9524680951766463
103	0.12318811002814868
104	0.13360357026643588
105	0.10995622264422977
106	0.9071954723294418
107	0.8640747434825012
108	0.31074953590015464
109	0.4369758436353341
110	0.9680555771461302
111	0.9680555771461302
112	0.9838981538483188
113	0.9838981538483188
114	0.5224031981891458
115	0.48167771661523795
116	0.9524680951766463
117	0.9220420515895166
118	0.9071954723294418
119	0.1380122933233906
120	0.03254473486014822
121	0.000945393245682171
122	0.0046397888713085094
123	0.09049436982916054
124	0.9838981538483188
125	0.8640747434825012
126	0.8782156365502338
127	0.8501615448993927
128	0.8640747434825012
129	0.9071954723294418
130	0.9838981538483188
131	0.9838981538483188
132	0.8925879504044913
133	0.8925879504044913
134	0.8782156365502338
135	0.8501615448993927
136	0.8640747434825012
137	0.9220420515895166
138	0.9838981538483188
139	0.9680555771461302
140	0.9838981538483188
141	1.0
142	0.9838981538483188
143	0.002805128333603497
144	0.00021934392271275003
145	0.0016417519552458229
146	0.14489964968096344
147	1.0
148	1.0
149	1.0
150	1.0
151	0.1472709844146142
152	0.003408403375565008
153	0.002945115272426226
154	0.005729890533725346
155	0.9680555771461302
156	0.9524680951766463
157	0.9680555771461302
158	0.9071954723294418
159	0.758843950874465
160	0.9680555771461302
161	0.7227746524257325
162	0.7111366461700385
163	0.7712627042813326
164	0.4369758436353341
165	0.5852680376789872
166	0.5665719880005149
167	0.5396417421912961
168	0.9524680951766463
169	0.09197534264619776
170	0.057441482370142585
171	0.15213071221465752
172	0.9680555771461302
173	0.614475215120391
174	0.11733274450692356
175	0.12725313808047323
176	0.21742711012398036
177	0.9838981538483188
178	0.20047693868989175
179	0.03646109590141791
180	0.040191002946470614
181	0.8640747434825012
182	0.8925879504044913
183	0.9220420515895166
184	0.9220420515895166
185	1.0
186	1.0
187	0.9220420515895166
188	0.9071954723294418
189	0.9220420515895166
190	1.0
191	1.0
192	0.18484816784601354
193	0.16499324727369863
194	0.154620385880011
195	0.9524680951766463
196	0.23201342268367284
197	0.13579004060925667
198	0.1597226332147545
199	0.9838981538483188
200	0.9838981538483188
