1	0.9524680951766734
2	0.9371316004437406
3	0.9220420515895298
4	0.9220420515895298
5	0.9680555771461439
6	0.9680555771461439
7	0.7111366461700588
8	0.003944570074838765
9	0.0006508274257463042
10	0.10472979393477025
11	0.0009608649452023766
12	0.0010941104954323086
13	0.00017761412466812203
14	0.01727970878760305
15	0.10818572446379394
16	0.10644373457266976
17	0.17043778391330408
18	0.9524680951766734
19	0.9220420515895298
20	0.9371316004437406
21	0.9524680951766734
22	0.9838981538483329
23	0.9071954723294547
24	0.8782156365502464
25	0.9680555771461439
26	0.24757827243667338
27	0.022771096439116737
28	0.04288725609876025
29	0.9071954723294547
30	0.7588439508744866
31	0.17322705937263028
32	0.03202070454638332
33	0.020657835589544073
34	0.210481526578288
35	0.8364723744993592
36	0.850161544899417
37	0.8364723744993592
38	0.9524680951766734
39	0.9524680951766734
40	0.24757827243667338
41	0.210481526578288
42	0.06435386265758218
43	0.051271575016962036
44	0.14968112689163568
45	0.4095038717012343
46	0.7346031188276507
47	0.6664286233595317
48	0.566571988000523
49	0.8364723744993592
50	0.8925879504045041
51	0.9524680951766734
52	0.9371316004437406
53	0.8230036250150508
54	0.7346031188276507
55	0.2599334021689762
56	0.38375901867528583
57	0.9071954723294547
58	0.8925879504045041
59	0.6884197964379196
60	0.6556978921951198
61	0.7227746524257427
62	0.8782156365502464
63	0.13360357026643968
64	0.44412711003287414
65	0.310749535900159
66	0.11175569566236078
67	0.005369661486237472
68	0.003944570074838765
69	0.011704150977755774
70	0.09501039487561899
71	0.10472979393477025
72	0.8925879504045041
73	0.6556978921951198
74	0.9220420515895298
75	0.9524680951766734
76	0.03472803056127753
77	0.004209195456615671
78	0.004278080449843506
79	0.006114285902868147
80	1.0
81	1.0
82	1.0
83	1.0
84	1.0
85	1.0
86	0.004871332588256485
87	0.0031426912410506386
88	0.0012257733200817843
89	0.0231437535989396
90	0.9680555771461439
91	0.9680555771461439
92	0.7111366461700588
93	0.13360357026643968
94	0.012693727967806583
95	0.006850065475449623
96	0.8925879504045041
97	0.0021988971683392484
98	0.007429233258549036
99	0.10995622264422977
100	0.015932618141390915
101	0.29597901853585135
102	0.7967132492073021
103	0.7227746524257427
104	0.6996860333005961
105	0.7838846950415602
106	0.8925879504045041
107	0.8782156365502464
108	0.8925879504045041
109	0.8925879504045041
110	0.9371316004437406
111	0.9524680951766734
112	0.1909478879208119
113	0.10995622264422977
114	0.8640747434825137
115	0.04084874312373918
116	0.08077418408895874
117	0.08209608258032164
118	0.0876035794134446
119	0.8640747434825137
120	0.17043778391330408
121	0.2819105719970996
122	0.8925879504045041
123	0.14968112689163568
124	0.01967592931444537
125	0.07327797408660716
126	1.0
127	0.41620554942556054
128	0.9524680951766734
129	0.9371316004437406
130	0.9524680951766734
131	0.9838981538483329
132	0.9838981538483329
133	0.9371316004437406
134	0.9371316004437406
135	0.9220420515895298
136	0.9371316004437406
137	0.8782156365502464
138	0.8782156365502464
139	0.23201342268367614
140	0.9071954723294547
141	0.10818572446379394
142	0.12318811002815044
143	0.2209853827589351
144	0.30082282132372057
145	0.30082282132372057
146	0.9524680951766734
147	0.031505112088109015
148	0.03307734111793637
149	0.03000761409888835
150	0.059336967552507044
151	0.8925879504045041
152	0.05744148237014341
153	0.1546203858800132
154	0.9838981538483329
155	0.12318811002815044
156	0.07209806342155876
157	0.09656527406216286
158	0.09975178733729471
159	0.015932618141390915
160	0.004009124378788922
161	0.013327194928720823
162	0.8782156365502464
163	0.7346031188276507
164	0.8640747434825137
165	0.8925879504045041
166	0.8782156365502464
167	0.9680555771461439
168	0.9838981538483329
169	1.0
170	1.0
171	0.005198130749139036
172	0.003299523896879496
173	0.01027876840120983
174	1.0
175	1.0
176	1.0
177	0.014221262971401536
178	0.00024976089423136064
179	0.0009453932456821844
180	1.0
181	1.0
182	1.0
183	1.0
184	1.0
185	1.0
186	0.003246395470718147
187	0.003881055214359186
188	0.014221262971401536
189	1.0
190	1.0
191	1.0
192	0.0038185630603913942
193	0.0035208757183272247
194	0.005918968568537472
195	1.0
196	1.0
197	0.9838981538483329
198	0.9838981538483329
199	0.9838981538483329
200	1.0
