1	0.9524680951766463
2	0.9838981538483188
3	0.9838981538483188
4	1.0
5	1.0
6	0.9680555771461301
7	0.9838981538483188
8	1.0
9	0.9838981538483188
10	0.12933568132305998
11	0.04883453939311236
12	0.062298115656567614
13	0.06647744631284419
14	0.1472709844146142
15	0.22827757824649536
16	0.1472709844146142
17	0.9371316004437404
18	0.8782156365502338
19	0.8640747434825136
20	0.8640747434825136
21	0.8364723744993591
22	0.823003625015039
23	0.12318811002815043
24	0.19407281858793526
25	0.513991542262758
26	0.10644373457266823
27	0.03202070454638331
28	0.13360357026643588
29	0.3210038175868511
30	0.746625162324361
31	0.31583506350196977
32	0.305745894681384
33	0.10818572446379239
34	0.32625716018605594
35	0.3538419528953351
36	0.5758441417787837
37	0.44412711003286787
38	0.2641873055176485
39	0.22827757824649536
40	0.0965652740621615
41	0.48956054519592274
42	0.5057153295259778
43	0.5948461590153628
44	0.9680555771461301
45	0.9524680951766463
46	0.6245313223904277
47	0.3900393726467363
48	0.32625716018605594
49	0.5574491330158785
50	0.2819105719970956
51	0.19094788792080922
52	0.5852680376789872
53	0.16769342093829617
54	0.19724888986614988
55	0.21048152657828498
56	0.6245313223904277
57	0.19724888986614988
58	0.06435386265758125
59	0.05744148237014259
60	0.06979493239667436
61	0.5396417421912961
62	0.9220420515895167
63	0.49757237909340374
64	0.4162055494255547
65	0.481677716615238
66	0.9838981538483188
67	0.8925879504044913
68	0.5396417421912961
69	0.2865241396118646
70	0.8925879504044913
71	0.01814203423202126
72	0.05296346225090933
73	0.7967132492072908
74	0.23966952741252232
75	0.20375781569034312
76	0.2685108255202325
77	0.1425664978143681
78	0.07693483325865721
79	0.023143753598939273
80	0.02032520629905422
81	0.07327797408660716
82	0.272905101478248
83	0.48956054519592274
84	0.9371316004437404
85	0.823003625015039
86	0.7967132492072908
87	0.823003625015039
88	0.823003625015039
89	0.8364723744993591
90	0.8640747434825136
91	0.7227746524257325
92	0.7838846950415601
93	0.31583506350196977
94	0.10138426111191928
95	0.11358461770179094
96	0.8501615448993928
97	0.6556978921951104
98	0.5948461590153628
99	0.699686033300596
100	0.5574491330158785
101	0.5396417421912961
102	0.17043778391330405
103	0.24757827243666988
104	0.9371316004437404
105	0.6884197964379097
106	0.6556978921951104
107	0.8925879504044913
108	0.9838981538483188
109	0.9680555771461301
110	0.9524680951766463
111	0.9838981538483188
112	0.9838981538483188
113	0.7346031188276403
114	0.6884197964379097
115	0.3008228213237163
116	0.5574491330158785
117	0.9838981538483188
118	0.9680555771461301
119	0.8640747434825136
120	0.5665719880005149
121	0.6245313223904277
122	0.6045810297425014
123	0.25993340216897615
124	0.2358104055548831
125	0.3425386759286075
126	0.8782156365502338
127	0.7227746524257325
128	0.7227746524257325
129	0.020657835589543774
130	0.02032520629905422
131	0.06435386265758125
132	0.10304345090533383
133	0.029524436113288612
134	0.01619336115132798
135	0.016727718463300126
136	0.9838981538483188
137	0.9524680951766463
138	0.015932618141390915
139	0.010446984132459453
140	0.04430247303072529
141	0.9838981538483188
142	0.7588439508744758
143	0.9371316004437404
144	0.9371316004437404
145	0.9371316004437404
146	0.9371316004437404
147	0.699686033300596
148	0.9371316004437404
149	0.0472745482168648
150	0.03529636723622752
151	0.04804821315291624
152	0.9680555771461301
153	0.9524680951766463
154	0.01967592931444509
155	0.02390746372968385
156	0.513991542262758
157	0.5484731728386688
158	0.08209608258032165
159	0.07569604040982214
160	0.11733274450692356
161	0.10304345090533383
162	0.481677716615238
163	0.272905101478248
164	0.22098538275893195
165	0.18787327440651988
166	0.02812108342598859
167	0.21392613224755636
168	0.21742711012398033
169	0.02812108342598859
170	0.045764390058400266
171	0.2358104055548831
172	0.45878265723355866
173	0.22460188780169194
174	0.6245313223904277
175	0.2685108255202325
176	0.3425386759286075
177	0.05211065273008481
178	0.2819105719970956
179	0.35963270335587966
180	0.07693483325865721
181	0.02032520629905422
182	0.0020606560225769105
183	0.0022348829091087073
184	0.006850065475449526
185	0.022404439747548983
186	0.7588439508744758
187	0.7838846950415601
188	0.809751747262771
189	0.2516299796562454
190	0.1597226332147545
191	0.03529636723622752
192	0.0330773411179359
193	0.1117556956623576
194	0.20375781569034312
195	0.8501615448993928
196	0.19724888986614988
197	0.09348055211451997
198	0.045764390058400266
199	0.03828064801966493
200	0.13579004060925862
