1	0.9838981538483188
2	0.9838981538483188
3	0.49757237909340724
4	0.39003937264673355
5	0.4662907999563976
6	0.18187177108593816
7	0.09814559940423298
8	0.05471117929721301
9	0.06867110513305662
10	0.07693483325865776
11	0.21392613224755935
12	0.9071954723294416
13	0.952468095176653
14	0.87821563655024
15	0.8925879504044977
16	0.8925879504044977
17	0.8501615448993988
18	0.836472374499359
19	0.7588439508744758
20	0.7967132492072964
21	0.1623365513900324
22	0.21742711012397878
23	0.23581040555488308
24	0.1972488898661499
25	0.1732270593726278
26	0.14489964968096344
27	0.3837590186752804
28	0.40950387170123137
29	0.6884197964379097
30	0.614475215120391
31	0.7588439508744758
32	0.5948461590153669
33	0.6347520014624431
34	0.7346031188276402
35	0.7588439508744758
36	0.6556978921951151
37	0.6451399456130078
38	0.522403198189142
39	0.513991542262758
40	0.49757237909340724
41	0.5758441417787837
42	0.6045810297425013
43	0.5758441417787837
44	0.10818572446379238
45	0.038907124553428256
46	0.02204368690561934
47	0.03646109590141791
48	0.03361866366814549
49	0.041517247454898945
50	0.154620385880011
51	0.87821563655024
52	0.7227746524257376
53	0.9220420515895166
54	0.3008228213237184
55	0.23201342268367284
56	0.08343961441458021
57	0.11358461770179012
58	0.8925879504044977
59	0.17043778391330283
60	0.09975178733729258
61	0.08343961441458021
62	0.08619300005539272
63	0.08619300005539272
64	0.08619300005539272
65	0.6664286233595268
66	0.31583506350196977
67	0.27737129133826594
68	0.6045810297425013
69	0.9838981538483188
70	0.9838981538483188
71	0.952468095176653
72	0.836472374499359
73	0.5665719880005149
74	0.07693483325865776
75	0.11175569566235838
76	0.3837590186752804
77	0.10995622264422976
78	0.10138426111191856
79	0.05471117929721301
80	0.05560654736795804
81	0.13360357026643682
82	0.03254473486014845
83	0.1252041276287837
84	0.07327797408660716
85	0.25993340216897615
86	0.021339514049848074
87	0.10472979393476949
88	0.11175569566235838
89	0.07947357060372962
90	0.20047693868989316
91	0.24757827243667163
92	0.2209853827589335
93	0.5396417421912961
94	0.03202070454638308
95	0.10644373457266822
96	0.23966952741252398
97	0.2209853827589335
98	0.444127110032871
99	0.3057458946813862
100	0.23201342268367284
101	0.4162055494255546
102	0.4662907999563976
103	0.4299397258291168
104	0.7967132492072964
105	0.6773349667878948
106	0.11544347070631857
107	0.06647744631284418
108	0.04883453939311235
109	0.06331764666180291
110	0.22460188780169352
111	0.3837590186752804
112	0.3775797899972509
113	0.23581040555488308
114	0.22827757824649697
115	0.10304345090533457
116	0.07209806342155774
117	0.5309525138815104
118	0.614475215120391
119	0.746625162324361
120	0.8640747434825075
121	0.7838846950415546
122	0.7588439508744758
123	0.7967132492072964
124	0.7967132492072964
125	0.513991542262758
126	0.5574491330158785
127	0.809751747262771
128	0.7227746524257376
129	0.6884197964379097
130	0.7588439508744758
131	0.809751747262771
132	0.809751747262771
133	0.3596327033558822
134	0.31583506350196977
135	0.32625716018605355
136	0.24359180518339732
137	0.25162997965624534
138	0.154620385880011
139	0.6245313223904232
140	0.1649932472736998
141	0.17894329980857862
142	0.3596327033558822
143	0.3315964756209417
144	0.36551822152450586
145	0.9220420515895166
146	0.9220420515895166
147	0.5057153295259778
148	0.3057458946813862
149	0.6664286233595268
150	0.19407281858793526
151	0.154620385880011
152	0.29597901853584924
153	0.2209853827589335
154	0.36551822152450586
155	0.4895605451959192
156	0.5948461590153669
157	0.49757237909340724
158	0.5852680376789829
159	0.7588439508744758
160	0.7838846950415546
161	0.8501615448993988
162	0.9220420515895166
163	0.7346031188276402
164	0.6664286233595268
165	0.7227746524257376
166	0.823003625015039
167	0.7838846950415546
168	0.746625162324361
169	0.5758441417787837
170	0.4895605451959192
171	0.3538419528953351
172	0.522403198189142
173	0.3964225068633103
174	0.4739218161276131
175	0.5948461590153669
176	0.6556978921951151
177	0.6664286233595268
178	0.746625162324361
179	0.699686033300591
180	0.5484731728386688
181	0.5574491330158785
182	0.6773349667878948
183	0.20709238541955044
184	0.32625716018605355
185	0.24757827243667163
186	0.24757827243667163
187	0.3057458946813862
188	0.836472374499359
189	0.746625162324361
190	0.7588439508744758
191	0.746625162324361
192	0.8501615448993988
193	0.8501615448993988
194	0.8925879504044977
195	0.5057153295259778
196	0.3370231708678044
197	0.21048152657828498
198	0.1972488898661499
199	0.21742711012397878
200	0.7712627042813435
