1	0.8640747434825136
2	0.5139915422627652
3	0.466290799956401
4	0.3655182215245085
5	0.7227746524257428
6	0.7346031188276507
7	0.4739218161276198
8	0.5057153295259849
9	0.7346031188276507
10	0.8782156365502464
11	0.33702317086780925
12	0.2475782724366734
13	0.2641873055176485
14	0.2912132099152615
15	0.23581040555488644
16	0.31583506350197427
17	0.9071954723294547
18	0.7712627042813435
19	0.2475782724366734
20	0.22460188780169515
21	0.22460188780169515
22	0.2139261322475624
23	0.42301690250932644
24	0.9524680951766734
25	0.850161544899417
26	0.05383022830539339
27	0.03416884515602848
28	0.04727454821686548
29	0.04288725609876025
30	0.19724888986614988
31	0.7838846950415601
32	0.9220420515895297
33	0.8925879504045041
34	0.850161544899417
35	0.5309525138815218
36	0.850161544899417
37	0.850161544899417
38	0.6773349667879045
39	0.21048152657828798
40	0.48956054519592274
41	0.7227746524257428
42	0.6451399456130124
43	0.699686033300596
44	0.8364723744993591
45	0.3655182215245085
46	0.45878265723356526
47	0.6144752151203998
48	0.40291010336058325
49	0.6347520014624567
50	0.575844141778792
51	0.1314523061326923
52	0.8364723744993591
53	0.7588439508744865
54	0.9680555771461438
55	0.8925879504045041
56	0.2282775782464986
57	0.18787327440652254
58	0.30082282132372057
59	0.06331764666180337
60	0.07569604040982214
61	0.17322705937263028
62	0.07209806342155876
63	0.02635315591720901
64	0.22460188780169515
65	0.3900393726467363
66	0.7712627042813435
67	0.5484731728386766
68	0.9220420515895297
69	0.7967132492073021
70	0.164993247273701
71	0.15213071221465968
72	0.11358461770179093
73	0.13801229332339257
74	0.2912132099152615
75	0.33702317086780925
76	0.7712627042813435
77	0.2209853827589351
78	0.1314523061326923
79	0.5139915422627652
80	0.16769342093829856
81	0.012489335512977847
82	0.2729051014782479
83	0.23581040555488644
84	0.24359180518339907
85	0.2209853827589351
86	0.26851082552023625
87	0.35963270335588476
88	0.27737129133826993
89	0.25162997965624895
90	0.3538419528953402
91	0.6144752151203998
92	0.49757237909341073
93	0.6773349667879045
94	0.28652413961187284
95	0.5484731728386766
96	0.6144752151203998
97	0.5057153295259849
98	0.48956054519592274
99	0.7588439508744865
100	0.7588439508744865
101	0.7967132492073021
102	0.30574589468138835
103	0.34814444420780405
104	0.13360357026643968
105	0.10644373457266974
106	0.11358461770179093
107	0.19724888986614988
108	0.42301690250932644
109	0.9838981538483328
110	1.0
111	0.6451399456130124
112	0.12933568132306184
113	0.007927630713798602
114	0.008597905811488843
115	0.3715000583087364
116	0.3900393726467363
117	0.13801229332339257
118	0.25574799451757185
119	0.29597901853585135
120	0.24359180518339907
121	0.7111366461700588
122	0.8782156365502464
123	0.5574491330158785
124	0.5309525138815218
125	0.4816777166152449
126	0.7967132492073021
127	0.15715080394779357
128	0.057441482370143404
129	0.04019100294647176
130	0.0242987179477618
131	0.024696375181437507
132	0.030498699465507893
133	0.03472803056127704
134	0.05933696755250705
135	0.09197534264619907
136	0.27737129133826993
137	0.022043686905619655
138	0.01784991398793898
139	0.00044804248394847955
140	0.023522509426831584
141	0.7111366461700588
142	0.7227746524257428
143	1.0
144	1.0
145	1.0
146	0.31583506350197427
147	0.016727718463300366
148	0.002897693479410735
149	0.0016686198147892288
150	0.0027155201279555727
151	0.25574799451757185
152	0.7346031188276507
153	1.0
154	1.0
155	0.5484731728386766
156	0.04963373414423699
157	0.03766425891466616
158	0.03529636723622802
159	0.02551131956105572
160	0.010113261253784787
161	0.01999793295422595
162	0.12933568132306184
163	0.4816777166152449
164	0.566571988000523
165	0.49757237909341073
166	0.5057153295259849
167	0.5139915422627652
168	0.5057153295259849
169	0.575844141778792
170	0.9524680951766734
171	0.9524680951766734
172	0.850161544899417
173	0.6556978921951198
174	0.9371316004437403
175	0.5224031981891458
176	0.4162055494255606
177	0.40950387170123426
178	0.8782156365502464
179	0.5224031981891458
180	0.10138426111191928
181	0.06435386265758218
182	0.09975178733729471
183	0.23581040555488644
184	0.4513954094697309
185	0.5948461590153712
186	0.33702317086780925
187	0.08619300005539395
188	0.083439614414582
189	0.5224031981891458
190	0.4739218161276198
191	0.42993972582912293
192	0.3964225068633132
193	0.045764390058400266
194	0.32100381758686025
195	0.05044600800408525
196	0.10995622264422977
197	0.26851082552023625
198	0.26851082552023625
199	0.34253867592861237
200	0.6884197964379196
