1	0.6664286233595222
2	0.13579004060925862
3	0.11733274450692358
4	0.060308038307035794
5	0.04804821315291693
6	0.034728030561277046
7	0.026784434765055674
8	0.025511319561055724
9	0.02766828206704513
10	0.13579004060925862
11	0.9838981538483329
12	0.9838981538483329
13	0.968055577146144
14	0.968055577146144
15	0.9524680951766598
16	0.9524680951766598
17	0.13579004060925862
18	0.0472745482168648
19	0.04883453939311236
20	0.04804821315291693
21	0.04804821315291693
22	0.051271575016962036
23	0.06435386265758218
24	0.043589121425845555
25	0.045764390058400266
26	0.7967132492072908
27	0.4513954094697245
28	0.6996860333005961
29	0.7346031188276507
30	0.7712627042813436
31	0.1878732744065199
32	0.15213071221465968
33	0.1314523061326923
34	0.14489964968096344
35	0.8230036250150508
36	0.3481444442078041
37	0.49757237909340374
38	0.8501615448994049
39	0.8501615448994049
40	0.8925879504044916
41	0.809751747262771
42	0.3596327033558797
43	0.5224031981891458
44	0.1252041276287828
45	0.17894329980857993
46	0.17606198232518802
47	0.3008228213237163
48	0.8782156365502465
49	0.09049436982916183
50	0.009174704819918203
51	0.015175310452307484
52	0.008881624169591424
53	0.01784991398793898
54	0.677334966787895
55	0.3008228213237163
56	0.03828064801966494
57	0.968055577146144
58	0.6556978921951199
59	0.9220420515895167
60	0.8925879504044916
61	0.9838981538483329
62	0.20047693868989175
63	0.20047693868989175
64	0.2516299796562454
65	0.466290799956401
66	0.968055577146144
67	0.9371316004437404
68	0.9524680951766598
69	0.07693483325865831
70	0.2070923854195534
71	0.010968329737619126
72	0.024696375181437153
73	0.025100540218357583
74	0.007927630713798602
75	0.1252041276287828
76	0.7967132492072908
77	0.9524680951766598
78	0.22098538275893512
79	0.2475782724366734
80	0.277371291338266
81	0.9838981538483329
82	0.466290799956401
83	0.09501039487561766
84	0.02635315591720863
85	0.0876035794134446
86	0.8501615448994049
87	0.9371316004437404
88	0.8925879504044916
89	0.8925879504044916
90	0.8782156365502465
91	0.6245313223904279
92	0.10138426111191928
93	0.08903724340857933
94	0.3057458946813884
95	0.2599334021689762
96	0.48167771661523806
97	0.3370231708678045
98	0.566571988000515
99	0.1909478879208119
100	0.3210038175868557
101	0.41620554942555466
102	0.7466251623243612
103	0.677334966787895
104	0.3210038175868557
105	0.3008228213237163
106	0.3008228213237163
107	0.7838846950415603
108	0.677334966787895
109	0.7227746524257326
110	0.7346031188276507
111	0.6884197964379097
112	0.7588439508744759
113	0.8782156365502465
114	0.6884197964379097
115	0.6664286233595222
116	0.7466251623243612
117	0.7466251623243612
118	0.7466251623243612
119	0.6451399456130125
120	0.16233655139003356
121	0.22098538275893512
122	0.5309525138815143
123	0.6347520014624478
124	0.23581040555488308
125	0.19407281858793526
126	0.6045810297425014
127	0.3008228213237163
128	0.10995622264422977
129	0.1972488898661499
130	0.10644373457266824
131	0.06331764666180247
132	0.0032463954707181012
133	0.004278080449843506
134	0.1972488898661499
135	0.030007614098888354
136	0.08343961441458082
137	0.7838846950415603
138	0.7466251623243612
139	0.968055577146144
140	0.9371316004437404
141	0.9371316004437404
142	0.006316048424506088
143	0.0009765898446339669
144	0.0029933131400918323
145	0.007076107650393189
146	0.06647744631284419
147	0.045764390058400266
148	0.9524680951766598
149	0.9838981538483329
150	0.9838981538483329
151	0.9838981538483329
152	0.9838981538483329
153	0.9838981538483329
154	0.08343961441458082
155	0.03954385360034535
156	0.5057153295259778
157	0.47392181612761314
158	0.004565079704726483
159	0.0032463954707181012
160	0.006524468815236811
161	0.41620554942555466
162	0.2819105719970956
163	0.14489964968096344
164	0.2070923854195534
165	0.968055577146144
166	0.7466251623243612
167	0.3775797899972509
168	0.7466251623243612
169	0.10644373457266824
170	0.3210038175868557
171	0.02390746372968385
172	0.01209037089818743
173	0.027222771645920248
174	0.0370577948122046
175	0.29597901853585135
176	0.968055577146144
177	0.3370231708678045
178	0.18484816784601615
179	0.17606198232518802
180	0.09348055211451999
181	0.043589121425845555
182	0.09197534264619908
183	0.07693483325865831
184	0.8230036250150508
185	0.8925879504044916
186	0.9071954723294419
187	0.9524680951766598
188	0.9838981538483329
189	0.15213071221465968
190	0.17606198232518802
191	0.9220420515895167
192	0.0538302283053934
193	0.060308038307035794
194	0.060308038307035794
195	0.1676934209382962
196	0.3210038175868557
197	0.8364723744993591
198	0.9071954723294419
199	0.968055577146144
200	0.9838981538483329
