1	1.0
2	1.0
3	1.0
4	1.0
5	0.13801229332339254
6	0.03049869946550789
7	0.0067397667750349905
8	0.005369661486237472
9	1.0
10	0.009950419076984587
11	0.015676073575284753
12	0.0675653735631387
13	0.9680555771461439
14	0.06647744631284418
15	0.08619300005539272
16	0.035874004944692096
17	0.8925879504044913
18	0.8925879504044913
19	0.8925879504044913
20	0.8925879504044913
21	0.8925879504044913
22	0.9071954723294546
23	1.0
24	0.18787327440651988
25	0.1425664978143701
26	0.0067397667750349905
27	0.027222771645920248
28	0.9680555771461439
29	0.7588439508744756
30	0.8501615448994048
31	0.9524680951766462
32	0.8925879504044913
33	0.7346031188276506
34	0.6451399456130124
35	0.11358461770179093
36	0.03472803056127704
37	0.00611428590286806
38	0.00363705948444287
39	0.0050320794624388
40	0.008459463654885604
41	1.0
42	1.0
43	1.0
44	1.0
45	0.004951053693111611
46	0.0016417519552458576
47	0.0004480424839484764
48	0.00873861362363561
49	0.03828064801966493
50	0.07819389939674361
51	0.6347520014624476
52	0.10818572446379238
53	0.12120455403276077
54	0.7712627042813435
55	0.8501615448994048
56	0.9371316004437404
57	0.8640747434825136
58	0.8782156365502464
59	0.9838981538483328
60	0.08343961441457963
61	0.005369661486237472
62	0.007191910689857911
63	0.013992274382953427
64	0.018740694914960117
65	0.057441482370143404
66	0.823003625015039
67	0.25993340216897615
68	0.14727098441461417
69	0.12725313808047503
70	0.09348055211451997
71	0.016727718463300366
72	0.1030434509053353
73	0.35384195289533515
74	0.14489964968096344
75	0.24757827243667338
76	0.7712627042813435
77	0.746625162324361
78	1.0
79	0.8925879504044913
80	0.836472374499359
81	0.5948461590153626
82	0.08077418408895759
83	0.21742711012398033
84	0.6664286233595221
85	0.6884197964379096
86	0.6664286233595221
87	0.6884197964379096
88	0.9838981538483328
89	1.0
90	1.0
91	1.0
92	0.7227746524257427
93	0.7111366461700486
94	0.3900393726467363
95	0.6045810297425099
96	0.9838981538483328
97	0.8097517472627824
98	0.8097517472627824
99	0.4739218161276131
100	0.35384195289533515
101	0.35384195289533515
102	0.4029101033605832
103	0.8925879504044913
104	0.8925879504044913
105	0.45878265723355866
106	0.4230169025093204
107	0.5057153295259778
108	0.9371316004437404
109	0.9524680951766462
110	0.21742711012398033
111	0.06129500098272679
112	0.11358461770179093
113	0.027668282067045125
114	0.021339514049848223
115	0.12318811002815043
116	0.8925879504044913
117	0.09814559940423298
118	0.1252041276287828
119	0.12120455403276077
120	0.09975178733729329
121	0.07947357060373075
122	0.1496811268916314
123	0.8782156365502464
124	0.8925879504044913
125	0.8640747434825136
126	0.9680555771461439
127	0.9524680951766462
128	0.9680555771461439
129	0.9071954723294546
130	0.9680555771461439
131	0.585268037678987
132	0.5948461590153626
133	0.0593369675525062
134	0.020995908477665932
135	0.013545299253376991
136	0.014221262971401534
137	0.015932618141390912
138	0.007674387126047693
139	0.003353521788788837
140	0.00652446881523681
141	1.0
142	1.0
143	0.9838981538483328
144	0.7712627042813435
145	0.8640747434825136
146	1.0
147	1.0
148	1.0
149	0.8640747434825136
150	0.8501615448994048
151	0.9524680951766462
152	1.0
153	1.0
154	0.02592882145501884
155	0.024696375181437153
156	0.0032463954707181004
157	0.0022714575694317528
158	0.0023086307871880737
159	0.002128654667381627
160	0.09049436982916181
161	0.3596327033558847
162	0.9680555771461439
163	1.0
164	0.21742711012398033
165	0.014453999040223764
166	0.018142034232021265
167	0.9680555771461439
168	0.9680555771461439
169	0.9838981538483328
170	1.0
171	1.0
172	1.0
173	0.021339514049848223
174	0.022043686905619336
175	0.1972488898661499
176	0.9371316004437404
177	0.6773349667878948
178	0.057441482370143404
179	0.11175569566235759
180	0.029524436113288612
181	0.10138426111191928
182	0.9838981538483328
183	0.9838981538483328
184	1.0
185	1.0
186	1.0
187	0.9371316004437404
188	0.9220420515895166
189	0.12933568132305998
190	0.02352250942683158
191	0.032544734860148215
192	0.09348055211451997
193	0.03828064801966493
194	0.042196692099190254
195	1.0
196	0.022043686905619336
197	0.015423659850313083
198	0.02858129504156406
199	0.1357900406092586
200	1.0
