1	0.9071954723294416
2	0.7838846950415601
3	0.836472374499359
4	0.836472374499359
5	0.7967132492072908
6	0.9071954723294416
7	0.1135846177017893
8	0.1272531380804732
9	0.22460188780169194
10	0.6996860333005959
11	0.10995622264422976
12	0.07947357060372963
13	0.1272531380804732
14	0.34253867592860743
15	0.6556978921951104
16	0.42301690250932045
17	0.42301690250932045
18	0.4441271100328678
19	0.6045810297425013
20	0.25574799451756824
21	0.22098538275893506
22	0.19724888986614988
23	0.20709238541955044
24	0.28191057199709557
25	0.746625162324361
26	0.40950387170122843
27	0.08760357941344458
28	0.06331764666180245
29	0.04358912142584555
30	0.0472745482168648
31	0.6996860333005959
32	0.2685108255202324
33	0.09049436982916052
34	0.027668282067045125
35	0.005729890533725346
36	0.016727718463300126
37	0.014930959938100428
38	0.005637628717885325
39	0.006015834611932771
40	0.3315964756209393
41	0.6664286233595221
42	0.9680555771461301
43	0.07819389939674361
44	0.03099782162027481
45	0.05471117929721339
46	0.09049436982916052
47	0.00902697513442092
48	0.011147830387442765
49	0.9220420515895035
50	1.0
51	1.0
52	1.0
53	0.08903724340857931
54	0.013766972933527001
55	0.002503823749912712
56	0.9071954723294416
57	0.0593369675525062
58	0.04019100294647118
59	0.08480513362914895
60	1.0
61	0.03766425891466509
62	0.016727718463300126
63	0.015932618141390686
64	0.019359110527732818
65	0.09656527406216012
66	0.1425664978143681
67	0.164993247273701
68	0.19407281858793252
69	0.28191057199709557
70	0.9071954723294416
71	0.6451399456130031
72	0.5852680376789788
73	0.23966952741252226
74	0.07209806342155774
75	0.41620554942555466
76	0.0104469841324596
77	0.15972263321475674
78	0.7588439508744756
79	0.746625162324361
80	0.8097517472627709
81	0.8782156365502338
82	0.8501615448994047
83	0.7346031188276403
84	0.5574491330158785
85	0.45878265723355866
86	0.5057153295259778
87	0.7588439508744756
88	0.7227746524257325
89	0.8501615448994047
90	0.4441271100328678
91	0.45878265723355866
92	0.8230036250150389
93	0.4299397258291107
94	0.45878265723355866
95	0.25574799451756824
96	0.2599334021689724
97	0.5665719880005149
98	0.27290510147824404
99	0.31583506350196977
100	0.10818572446379085
101	0.02812108342598859
102	0.012288234154010973
103	0.012693727967806401
104	0.010113261253784641
105	0.012693727967806401
106	0.13360357026643588
107	0.9371316004437404
108	0.6996860333005959
109	0.5484731728386688
110	0.5665719880005149
111	0.7588439508744756
112	0.5309525138815067
113	0.041517247454899237
114	0.08903724340857931
115	0.3900393726467308
116	0.3210038175868511
117	0.5139915422627507
118	0.8925879504044912
119	0.7227746524257325
120	0.7346031188276403
121	0.7346031188276403
122	0.5665719880005149
123	0.3210038175868511
124	0.011147830387442765
125	0.015932618141390686
126	0.10644373457266822
127	0.9220420515895035
128	0.8230036250150389
129	0.8230036250150389
130	0.014930959938100428
131	0.01814203423202126
132	0.005823662247270244
133	0.03099782162027481
134	0.09348055211451997
135	0.10995622264422976
136	0.154620385880011
137	0.19407281858793252
138	0.15715080394779132
139	0.4369758436353278
140	0.42301690250932045
141	0.9371316004437404
142	0.48956054519591574
143	0.45139540946972445
144	0.4441271100328678
145	0.27737129133826594
146	0.20047693868989175
147	0.48956054519591574
148	0.48956054519591574
149	0.019997932954225667
150	0.24359180518339557
151	0.27290510147824404
152	0.017001473575158972
153	0.4739218161276131
154	0.0016417519552458459
155	0.000803736982286617
156	0.39642250686331315
157	0.2599334021689724
158	0.5852680376789788
159	0.5057153295259778
160	0.026353155917208635
161	0.02678443476505529
162	0.15715080394779132
163	0.9524680951766461
164	0.48167771661523795
165	0.4441271100328678
166	0.49757237909340374
167	0.48956054519591574
168	0.9838981538483187
169	0.46629079995640094
170	0.39642250686331315
171	0.4029101033605775
172	0.7346031188276403
173	0.6347520014624477
174	0.5665719880005149
175	0.5852680376789788
176	0.2320134226836728
177	0.018438935128663837
178	0.004491573493650751
179	0.006419412822152425
180	0.09814559940423297
181	0.01756249741908419
182	0.5139915422627507
183	0.5139915422627507
184	0.5224031981891457
185	1.0
186	1.0
187	0.018438935128663837
188	0.0013294115143323753
189	0.00021934392271274688
190	0.003408403375565008
191	0.06331764666180245
192	0.7227746524257325
193	0.5224031981891457
194	0.48167771661523795
195	0.5665719880005149
196	0.5758441417787756
197	0.6045810297425013
198	0.6347520014624477
199	0.6451399456130031
200	0.7838846950415601
