1	0.8230036250150389
2	0.9071954723294418
3	0.8782156365502338
4	0.9071954723294418
5	0.614475215120391
6	0.46629079995639433
7	0.20709238541955047
8	0.21742711012397725
9	0.21392613224755938
10	0.23966952741252567
11	0.3538419528953351
12	0.37150005830873106
13	0.40950387170122843
14	0.9371316004437271
15	0.7967132492072909
16	0.7346031188276402
17	0.8925879504044913
18	0.9371316004437271
19	0.7967132492072909
20	0.31074953590015464
21	0.18787327440651988
22	0.18484816784601352
23	0.7111366461700487
24	0.8640747434825014
25	0.9220420515895167
26	0.9838981538483189
27	0.3900393726467308
28	0.18187177108593686
29	0.03890712455342853
30	0.13360357026643777
31	0.005546852487609636
32	0.0016153167178432554
33	8.982218558500615e-05
34	0.00010565307984570665
35	0.015932618141390686
36	0.1496811268916314
37	0.3370231708678045
38	0.015932618141390686
39	0.02592882145501884
40	0.4895605451959158
41	1.0
42	0.5484731728386688
43	0.4739218161276131
44	0.5665719880005149
45	1.0
46	0.9838981538483189
47	0.9680555771461302
48	0.3837590186752804
49	0.29121320991525734
50	0.29121320991525734
51	0.699686033300586
52	0.009026975134420792
53	0.012288234154010974
54	3.076757251930122e-05
55	5.257005429737361e-05
56	0.0042780804498434456
57	0.004141419638950831
58	0.0003809084903342007
59	4.769131523869025e-05
60	0.0016686198147892052
61	0.009026975134420792
62	0.8925879504044913
63	0.6245313223904189
64	0.09049436982916054
65	0.12318811002814868
66	0.2729051014782441
67	0.22827757824649536
68	0.5852680376789788
69	0.6245313223904189
70	0.9680555771461302
71	0.8364723744993471
72	0.9071954723294418
73	0.614475215120391
74	0.5396417421912961
75	0.40950387170122843
76	0.481677716615238
77	0.09348055211451997
78	0.12933568132305998
79	0.513991542262758
80	0.46629079995639433
81	0.46629079995639433
82	0.4369758436353278
83	0.9071954723294418
84	0.21392613224755938
85	0.15715080394779135
86	0.15715080394779135
87	0.21742711012397725
88	0.24359180518339563
89	0.23581040555488308
90	0.31074953590015464
91	0.5852680376789788
92	0.8364723744993471
93	0.8230036250150389
94	0.9838981538483189
95	0.9838981538483189
96	0.9838981538483189
97	0.9838981538483189
98	0.9838981538483189
99	0.9838981538483189
100	0.8782156365502338
101	0.9838981538483189
102	0.8925879504044913
103	0.699686033300586
104	0.024696375181437157
105	0.0042780804498434456
106	0.0021634908644312515
107	0.36551822152450336
108	0.3837590186752804
109	0.8097517472627709
110	0.37150005830873106
111	0.277371291338266
112	0.005729890533725263
113	0.0020274756563298706
114	0.7111366461700487
115	0.7111366461700487
116	0.9680555771461302
117	0.9524680951766599
118	0.09656527406216149
119	0.09197534264619776
120	0.33159647562093936
121	0.4441271100328742
122	0.783884695041549
123	0.6884197964379097
124	0.6451399456130033
125	0.04883453939311166
126	0.06756537356313774
127	0.1472709844146121
128	0.04288725609875964
129	0.3837590186752804
130	0.9838981538483189
131	0.9220420515895167
132	0.8925879504044913
133	0.029049038185277303
134	0.030498699465507456
135	0.10644373457266824
136	0.9220420515895167
137	0.9071954723294418
138	0.8925879504044913
139	0.8364723744993471
140	0.24757827243666986
141	0.16499324727369863
142	0.17322705937262783
143	0.8925879504044913
144	0.305745894681384
145	0.11925293695084216
146	0.0769348332586572
147	0.05044600800408381
148	0.5574491330158706
149	0.4895605451959158
150	0.04151724745489924
151	0.030007614098887924
152	0.015932618141390686
153	0.019997932954225667
154	0.9838981538483189
155	0.8640747434825014
156	0.9680555771461302
157	0.04804821315291624
158	0.021688742850449225
159	0.03202070454638286
160	0.9680555771461302
161	0.04651334071458728
162	0.026784434765055293
163	0.9838981538483189
164	0.9838981538483189
165	0.9838981538483189
166	0.9838981538483189
167	0.9838981538483189
168	0.9680555771461302
169	0.9680555771461302
170	0.9838981538483189
171	0.9838981538483189
172	0.9838981538483189
173	0.016727718463300126
174	0.019997932954225667
175	0.9680555771461302
176	0.05044600800408381
177	0.03472803056127704
178	0.04804821315291624
179	0.9524680951766599
180	0.9680555771461302
181	0.8640747434825014
182	0.005546852487609636
183	0.017562497419084194
184	0.023522509426831248
185	0.044302473030725285
186	0.04727454821686481
187	0.056516568458294045
188	0.06331764666180247
189	0.07569604040982107
190	0.35963270335587966
191	0.8925879504044913
192	0.8640747434825014
193	0.5309525138815143
194	0.24757827243666986
195	0.13579004060925667
196	0.055606547367958434
197	0.04883453939311166
198	0.10304345090533384
199	0.13360357026643777
200	0.23581040555488308
