1	0.9838981538483258
2	0.9524680951766531
3	0.2557479945175701
4	0.16233655139003356
5	0.22460188780169352
6	0.176061982325188
7	0.2475782724366716
8	0.7967132492072965
9	0.7346031188276455
10	0.7111366461700436
11	0.7346031188276455
12	0.33159647562094163
13	0.17043778391330283
14	0.13801229332339157
15	0.25993340216897615
16	0.1293356813230609
17	0.8925879504044977
18	0.9071954723294419
19	0.9838981538483258
20	0.9524680951766531
21	0.9680555771461439
22	0.9680555771461439
23	0.8640747434825136
24	0.9680555771461439
25	0.87821563655024
26	0.87821563655024
27	0.9524680951766531
28	0.8501615448993988
29	0.7838846950415602
30	0.6045810297425014
31	0.6884197964379146
32	0.8501615448993988
33	0.9071954723294419
34	0.922042051589523
35	0.7838846950415602
36	0.9071954723294419
37	0.05651656845829485
38	0.01935911052773268
39	0.01999793295422581
40	0.11358461770179093
41	0.06867110513305712
42	0.07447719441285122
43	0.9838981538483258
44	0.922042051589523
45	0.040191002946471474
46	0.03416884515602847
47	0.02429871794776163
48	0.5758441417787837
49	0.5396417421913038
50	0.46629079995640094
51	0.9071954723294419
52	0.9371316004437403
53	0.9838981538483258
54	0.3057458946813862
55	0.13145230613269226
56	0.09049436982916181
57	0.09049436982916181
58	0.3538419528953326
59	0.5309525138815105
60	0.9371316004437403
61	0.9680555771461439
62	0.9524680951766531
63	0.9680555771461439
64	0.9838981538483258
65	0.9838981538483258
66	0.6245313223904276
67	0.33159647562094163
68	0.052963462250909324
69	0.3655182215245085
70	0.22827757824649697
71	0.4816777166152448
72	0.46629079995640094
73	0.6144752151203954
74	0.3210038175868579
75	0.37150005830873367
76	0.6245313223904276
77	0.3964225068633103
78	0.4029101033605775
79	0.4816777166152448
80	0.6144752151203954
81	0.8230036250150449
82	0.8097517472627824
83	0.5057153295259778
84	0.23966952741252737
85	0.42301690250932045
86	0.11358461770179093
87	0.28652413961187073
88	0.5484731728386727
89	0.4816777166152448
90	0.6045810297425014
91	0.6347520014624431
92	0.7588439508744756
93	0.6884197964379146
94	0.3210038175868579
95	0.3262571601860559
96	0.1649932472736998
97	0.08903724340857869
98	0.04727454821686547
99	0.8230036250150449
100	0.8501615448993988
101	0.9071954723294419
102	0.9524680951766531
103	0.7712627042813434
104	0.7967132492072965
105	0.06331764666180335
106	0.06647744631284418
107	0.16233655139003356
108	0.31074953590015686
109	0.23966952741252737
110	0.3370231708678044
111	0.4299397258291168
112	0.6144752151203954
113	0.9524680951766531
114	0.9371316004437403
115	0.9524680951766531
116	0.9524680951766531
117	0.46629079995640094
118	0.23201342268367448
119	0.17894329980857862
120	0.37150005830873367
121	0.37757978999725084
122	0.4299397258291168
123	0.3964225068633103
124	0.566571988000515
125	0.7346031188276455
126	0.7346031188276455
127	0.3370231708678044
128	0.16233655139003356
129	0.21742711012398033
130	0.23201342268367448
131	0.3370231708678044
132	0.18187177108593947
133	0.19724888986614988
134	0.1425664978143691
135	0.19094788792081058
136	0.444127110032871
137	0.444127110032871
138	0.6556978921951151
139	0.9524680951766531
140	0.9371316004437403
141	0.6144752151203954
142	0.6144752151203954
143	0.19094788792081058
144	0.08343961441458023
145	0.044302473030725285
146	0.11175569566235839
147	0.8364723744993591
148	0.8640747434825136
149	0.8501615448993988
150	0.9680555771461439
151	0.41620554942555466
152	0.33159647562094163
153	0.29121320991526145
154	0.2516299796562454
155	0.21742711012398033
156	0.9071954723294419
157	0.922042051589523
158	0.922042051589523
159	0.9524680951766531
160	0.8925879504044977
161	0.746625162324361
162	0.06867110513305712
163	0.06129500098272679
164	0.06129500098272679
165	0.07693483325865774
166	0.16769342093829737
167	0.7712627042813434
168	0.8230036250150449
169	0.7838846950415602
170	0.7227746524257427
171	0.23201342268367448
172	0.34253867592860987
173	0.15462038588001212
174	0.2729051014782479
175	0.7346031188276455
176	0.9680555771461439
177	0.17043778391330283
178	0.10818572446379239
179	0.009790198959862157
180	0.8925879504044977
181	0.87821563655024
182	0.013766972933527001
183	0.03049869946550789
184	0.03049869946550789
185	0.05651656845829485
186	0.04963373414423628
187	0.08480513362915015
188	0.8925879504044977
189	0.8501615448993988
190	0.8097517472627824
191	0.8097517472627824
192	0.87821563655024
193	0.922042051589523
194	0.9371316004437403
195	0.9071954723294419
196	0.9071954723294419
197	0.8925879504044977
198	0.9071954723294419
199	0.9524680951766531
200	0.9838981538483258
