1	0.4975723790934037
2	0.06867110513305613
3	0.03361866366814549
4	0.052110652730084805
5	0.29597901853585135
6	0.3900393726467308
7	0.7967132492072908
8	0.35963270335587966
9	0.6664286233595221
10	0.7111366461700486
11	1.0
12	0.8501615448994048
13	0.6773349667878948
14	0.5139915422627579
15	0.5139915422627579
16	0.3107495359001502
17	0.35384195289533515
18	0.31583506350196977
19	0.2865241396118687
20	0.3370231708678044
21	0.7346031188276402
22	0.9680555771461301
23	0.9838981538483189
24	0.746625162324361
25	0.7227746524257325
26	0.7227746524257325
27	0.1789432998085799
28	0.03000761409888792
29	0.0009301706690873581
30	0.0005533084497353728
31	0.0010253255196467585
32	0.07327797408660716
33	1.0
34	0.9838981538483189
35	0.9838981538483189
36	0.7967132492072908
37	1.0
38	1.0
39	0.06435386265758125
40	0.0021634908644312515
41	0.0038810552143591303
42	0.038907124553427985
43	0.017849913987938722
44	0.041517247454899237
45	0.07209806342155774
46	0.4230169025093204
47	0.4029101033605775
48	0.7227746524257325
49	0.6451399456130031
50	0.2865241396118687
51	0.9371316004437271
52	0.5309525138815142
53	0.009324852154700358
54	0.0008037369822866169
55	0.0001283749872229008
56	0.0005270086451645937
57	0.003042299783147364
58	0.00755081532523563
59	0.0104469841324596
60	0.008057369233584962
61	0.07327797408660716
62	0.056516568458294045
63	0.9524680951766462
64	0.9838981538483189
65	0.9680555771461301
66	0.18187177108593688
67	0.06647744631284418
68	0.0047157206801953155
69	0.004491573493650751
70	0.008189230970776996
71	0.05838153282986845
72	0.08480513362914893
73	1.0
74	0.9838981538483189
75	0.9524680951766462
76	0.9524680951766462
77	0.9838981538483189
78	1.0
79	0.04804821315291625
80	0.009790198959862087
81	0.003092088110184961
82	0.002503823749912712
83	0.0063160484245059975
84	1.0
85	0.025100540218357226
86	0.05383022830539263
87	0.9680555771461301
88	0.46629079995639433
89	1.0
90	0.9838981538483189
91	0.9838981538483189
92	1.0
93	1.0
94	1.0
95	1.0
96	0.4369758436353278
97	0.9680555771461301
98	0.06030803830703493
99	0.030498699465507456
100	1.0
101	0.009632558682416177
102	0.004951053693111541
103	0.005369661486237395
104	0.008881624169591297
105	0.04288725609875964
106	0.09049436982916054
107	0.0622981156565685
108	0.0019311058764015323
109	0.0006723037820462358
110	0.054711179297212614
111	0.06129500098272592
112	0.176061982325188
113	1.0
114	1.0
115	0.9524680951766462
116	0.9524680951766462
117	0.031505112088108564
118	0.07327797408660716
119	0.1425664978143681
120	0.3370231708678044
121	0.6773349667878948
122	0.9071954723294416
123	0.8640747434825012
124	0.614475215120391
125	0.27737129133826594
126	0.09501039487561763
127	0.0007291465512741477
128	9.584799567368607e-05
129	0.0007907953330514215
130	0.00652446881523681
131	0.5309525138815142
132	1.0
133	0.17043778391330164
134	1.0
135	0.12933568132305998
136	0.13145230613269226
137	0.5139915422627579
138	0.1336035702664378
139	0.2396695274125223
140	0.2396695274125223
141	0.0376642589146651
142	0.004074735137074952
143	0.0023848122377374084
144	0.06129500098272592
145	1.0
146	1.0
147	0.783884695041549
148	1.0
149	1.0
150	0.9838981538483189
151	0.06756537356313774
152	0.0003999173224417049
153	0.0007532073245460797
154	0.0015385376373511577
155	0.034168845156027985
156	0.305745894681384
157	1.0
158	0.9371316004437271
159	0.6884197964379
160	0.6664286233595221
161	0.746625162324361
162	0.9838981538483189
163	0.9838981538483189
164	0.746625162324361
165	0.10644373457266824
166	0.0028976934794106932
167	0.0026717952406333624
168	0.012090370898187255
169	0.7346031188276402
170	0.746625162324361
171	0.9838981538483189
172	0.9838981538483189
173	0.9680555771461301
174	0.9838981538483189
175	0.9680555771461301
176	0.9838981538483189
177	0.2685108255202324
178	0.2641873055176485
179	0.2641873055176485
180	0.305745894681384
181	0.3107495359001502
182	0.37150005830873106
183	0.31583506350196977
184	0.3210038175868511
185	0.3262571601860513
186	0.3655182215245033
187	0.9838981538483189
188	0.746625162324361
189	0.746625162324361
190	0.6451399456130031
191	0.6347520014624477
192	0.6347520014624477
193	0.746625162324361
194	0.37150005830873106
195	0.37150005830873106
196	0.14027091400017713
197	0.013545299253376991
198	0.011147830387442765
199	0.4739218161276131
200	0.9524680951766462
