1	0.46629079995640094
2	0.44412711003287414
3	0.436975843635334
4	0.40950387170123426
5	0.41620554942556054
6	0.836472374499359
7	0.8230036250150506
8	0.836472374499359
9	0.9680555771461439
10	0.6664286233595316
11	0.6245313223904276
12	0.04219669209919026
13	0.07569604040982214
14	0.11733274450692355
15	0.12520412762878458
16	0.08480513362915014
17	0.7227746524257427
18	0.005283200023099543
19	0.006316048424506088
20	0.006419412822152425
21	0.0370577948122046
22	0.03254473486014868
23	0.09814559940423298
24	0.14727098441461417
25	0.04651334071458728
26	1.0
27	0.08760357941344458
28	0.0035784961121798835
29	0.001286944230771775
30	0.00873861362363561
31	0.2037578156903431
32	1.0
33	0.10818572446379393
34	0.003246395470718101
35	0.0010941104954323084
36	0.0043480927706904
37	1.0
38	1.0
39	1.0
40	1.0
41	1.0
42	1.0
43	1.0
44	1.0
45	0.005283200023099543
46	0.0008576564720537133
47	0.00346418311919148
48	0.10818572446379393
49	0.2037578156903431
50	0.007927630713798602
51	0.0014418122384338217
52	0.005369661486237471
53	0.08760357941344458
54	1.0
55	0.07093715149651067
56	0.1293356813230618
57	0.11358461770179093
58	0.04651334071458728
59	0.04804821315291692
60	0.09656527406216286
61	0.11358461770179093
62	0.1448996496809655
63	0.08903724340857931
64	0.09049436982916181
65	0.09501039487561899
66	0.07447719441285175
67	0.08903724340857931
68	0.9524680951766598
69	0.9371316004437404
70	0.0769348332586583
71	0.10995622264422976
72	0.9524680951766598
73	0.1546203858800132
74	0.07819389939674472
75	0.12120455403276079
76	0.18187177108593947
77	0.892587950404504
78	0.8230036250150506
79	0.9838981538483328
80	0.0769348332586583
81	0.010617952774480095
82	0.0010941104954323084
83	2.658548233219483e-05
84	5.7947879923152766e-05
85	0.0001283749872229026
86	0.008459463654885724
87	0.03049869946550789
88	0.07819389939674472
89	0.0593369675525062
90	0.08343961441458082
91	0.025100540218357583
92	0.008459463654885724
93	0.00902697513442092
94	0.37150005830873634
95	0.9838981538483328
96	0.176061982325188
97	0.16499324727370096
98	0.1448996496809655
99	0.10995622264422976
100	0.25993340216897615
101	0.9371316004437404
102	0.9524680951766598
103	0.9680555771461439
104	0.3262571601860559
105	0.16769342093829856
106	0.16233655139003356
107	0.11733274450692355
108	0.13360357026643777
109	0.9371316004437404
110	0.9371316004437404
111	0.9524680951766598
112	0.02812108342598939
113	0.01999793295422595
114	0.019047393108381872
115	0.045764390058400266
116	0.3655182215245085
117	0.45878265723356515
118	0.6451399456130124
119	0.4975723790934108
120	0.42993972582912293
121	0.1402709140001791
122	0.008597905811488844
123	0.0009301706690873714
124	0.0004553748598836632
125	0.0003455584578030348
126	0.00010565307984570667
127	0.006524468815236809
128	0.07569604040982214
129	0.8782156365502463
130	0.836472374499359
131	0.9838981538483328
132	0.9524680951766598
133	0.13360357026643777
134	0.06030803830703664
135	0.08209608258032164
136	0.16769342093829856
137	1.0
138	0.12318811002815042
139	0.07447719441285175
140	0.9071954723294545
141	0.9071954723294545
142	0.023522509426831918
143	0.020325206299054505
144	0.026784434765055674
145	0.07209806342155876
146	0.08760357941344458
147	0.9071954723294545
148	0.5948461590153711
149	0.5665719880005149
150	0.5665719880005149
151	0.6045810297425099
152	0.5139915422627652
153	0.5139915422627652
154	0.41620554942556054
155	0.4230169025093204
156	0.4230169025093204
157	0.4230169025093204
158	0.42993972582912293
159	0.07093715149651067
160	0.4975723790934108
161	0.4975723790934108
162	0.4975723790934108
163	0.062298115656568495
164	0.5057153295259776
165	0.009174704819918332
166	0.0038810552143591303
167	0.004074735137074952
168	0.015676073575284975
169	0.09197534264619907
170	0.7227746524257427
171	1.0
172	0.9524680951766598
173	0.5309525138815142
174	0.31583506350196977
175	0.21048152657828498
176	0.13801229332339257
177	0.0934805521145213
178	0.5665719880005149
179	0.23966952741252912
180	0.2320134226836761
181	0.22460188780169513
182	0.17322705937263028
183	0.17894329980858245
184	0.699686033300596
185	0.6773349667878948
186	0.8640747434825135
187	0.6451399456130124
188	0.6556978921951198
189	0.7227746524257427
190	0.7227746524257427
191	0.9220420515895298
192	0.7967132492073021
193	0.8230036250150506
194	0.8640747434825135
195	0.9680555771461439
196	0.9680555771461439
197	0.9524680951766598
198	0.9524680951766598
199	0.9524680951766598
200	1.0
