1	0.9371316004437271
2	0.5758441417787756
3	0.49757237909340374
4	0.45878265723355866
5	0.45878265723355866
6	0.783884695041549
7	0.783884695041549
8	0.7712627042813326
9	0.7227746524257325
10	0.8364723744993473
11	0.7967132492072908
12	0.42301690250932045
13	0.02766828206704513
14	0.043589121425845555
15	0.07447719441285175
16	0.08077418408895759
17	0.13579004060925667
18	0.5057153295259778
19	0.9071954723294419
20	0.8640747434825014
21	0.9524680951766598
22	0.4299397258291107
23	0.31074953590015025
24	0.2729051014782441
25	0.47392181612761314
26	0.48167771661523806
27	0.9071954723294419
28	0.8501615448994049
29	0.5852680376789788
30	0.6451399456130033
31	0.48167771661523806
32	0.5852680376789788
33	0.9071954723294419
34	0.566571988000515
35	0.17322705937262783
36	0.10304345090533384
37	0.10818572446379085
38	0.18187177108593688
39	0.5574491330158706
40	0.5948461590153626
41	0.9524680951766598
42	0.9524680951766598
43	0.8925879504044915
44	0.4441271100328742
45	0.06647744631284419
46	0.05744148237014259
47	0.07327797408660612
48	0.11733274450692358
49	0.11175569566235918
50	0.1878732744065199
51	0.8640747434825014
52	0.48956054519591585
53	0.40291010336057753
54	0.7111366461700487
55	0.3370231708678045
56	0.4095038717012285
57	0.07947357060372964
58	0.05211065273008481
59	0.5574491330158706
60	0.6245313223904189
61	0.7346031188276402
62	0.9838981538483189
63	0.783884695041549
64	0.5396417421912962
65	0.49757237909340374
66	0.5574491330158706
67	0.4095038717012285
68	0.2037578156903402
69	0.40291010336057753
70	0.38375901867528045
71	0.5309525138815143
72	0.7466251623243505
73	0.0876035794134446
74	0.10644373457266824
75	0.783884695041549
76	0.8364723744993473
77	0.8925879504044915
78	0.8640747434825014
79	0.15462038588001104
80	0.0654070366997572
81	0.05560654736795844
82	0.04502749889045438
83	0.06867110513305615
84	0.0622981156565685
85	0.09656527406216149
86	0.9220420515895167
87	0.05838153282986845
88	0.04883453939311166
89	0.04804821315291624
90	0.9371316004437271
91	0.9371316004437271
92	0.9371316004437271
93	0.9220420515895167
94	0.9071954723294419
95	0.9371316004437271
96	0.9524680951766598
97	0.9524680951766598
98	0.11175569566235918
99	0.08619300005539274
100	0.020657835589543778
101	0.8925879504044915
102	0.07693483325865721
103	0.043589121425845555
104	0.027222771645919863
105	0.01445399904022356
106	0.10138426111191784
107	0.11358461770178932
108	0.14727098441461212
109	0.9220420515895167
110	0.7967132492072908
111	0.783884695041549
112	0.8364723744993473
113	0.8925879504044915
114	0.7346031188276402
115	0.1425664978143681
116	0.3262571601860513
117	0.08343961441458082
118	0.09049436982916054
119	0.5224031981891384
120	0.48956054519591585
121	0.878215636550234
122	0.783884695041549
123	0.6773349667878948
124	0.7712627042813326
125	0.7712627042813326
126	0.2516299796562454
127	0.9220420515895167
128	0.2037578156903402
129	0.3057458946813841
130	0.15972263321475677
131	0.1425664978143681
132	0.7967132492072908
133	0.8097517472627709
134	0.9838981538483189
135	0.9524680951766598
136	0.9838981538483189
137	0.9524680951766598
138	0.02314375359893927
139	0.0019000115066771077
140	0.0016959273764898693
141	0.019675929314445093
142	0.009026975134420794
143	0.8364723744993473
144	0.8640747434825014
145	1.0
146	1.0
147	1.0
148	0.823003625015039
149	0.783884695041549
150	0.10304345090533384
151	0.001186616698822083
152	0.0003291334060758314
153	0.0004198747700494156
154	0.0376642589146651
155	0.9838981538483189
156	0.1878732744065199
157	0.18187177108593688
158	0.043589121425845555
159	0.7967132492072908
160	0.8097517472627709
161	0.8501615448994049
162	0.8640747434825014
163	0.12933568132306
164	0.019997932954225667
165	0.003194122510301038
166	0.005546852487609637
167	0.013992274382953428
168	0.0472745482168648
169	0.9838981538483189
170	0.9838981538483189
171	0.9838981538483189
172	0.9838981538483189
173	0.9524680951766598
174	0.08077418408895759
175	0.05744148237014259
176	0.06030803830703579
177	0.08209608258032049
178	0.11358461770178932
179	0.24757827243666988
180	0.9680555771461302
181	0.9371316004437271
182	0.9524680951766598
183	0.2320134226836728
184	0.2396695274125257
185	0.23581040555488308
186	0.9220420515895167
187	0.878215636550234
188	0.7346031188276402
189	0.7227746524257325
190	0.7111366461700487
191	0.8364723744993473
192	0.1909478879208092
193	0.28652413961186873
194	0.48167771661523806
195	0.8097517472627709
196	0.566571988000515
197	0.035296367236227526
198	0.020995908477665932
199	0.0336186636681455
200	0.48956054519591585
