1	1.0
2	0.9838981538483329
3	0.09501039487561766
4	0.0025447997235481606
5	0.0020274756563298706
6	0.0014654080128054562
7	0.0016959273764898934
8	0.04502749889045502
9	0.12520412762878458
10	0.11544347070632022
11	0.1212045540327608
12	1.0
13	0.09501039487561766
14	0.006316048424506089
15	0.030997821620274812
16	0.2037578156903431
17	0.8925879504045041
18	0.9220420515895298
19	0.9680555771461302
20	0.9680555771461302
21	0.2435918051833991
22	0.1030434509053353
23	0.08480513362914896
24	0.15462038588001323
25	0.8925879504045041
26	0.015423659850313087
27	0.055606547367958434
28	0.059336967552506205
29	0.7111366461700486
30	1.0
31	0.6245313223904277
32	0.5224031981891458
33	0.13579004060925862
34	0.023522509426831584
35	0.005457537922228155
36	0.1314523061326923
37	0.15213071221465968
38	0.0007780620682611712
39	0.0024635075651007273
40	0.005546852487609637
41	0.4369758436353341
42	0.7466251623243612
43	0.9371316004437404
44	0.9680555771461302
45	0.8925879504045041
46	0.677334966787895
47	0.7712627042813546
48	0.7967132492073021
49	0.7346031188276507
50	0.8230036250150508
51	0.6245313223904277
52	0.44412711003287414
53	0.44412711003287414
54	0.49757237909341084
55	0.5948461590153712
56	0.03890712455342853
57	0.0370577948122046
58	0.08209608258032165
59	0.3107495359001591
60	0.9680555771461302
61	0.5574491330158865
62	0.5309525138815143
63	0.6144752151203998
64	0.272905101478248
65	0.07819389939674473
66	0.051271575016962036
67	0.05838153282986929
68	0.9680555771461302
69	0.9071954723294419
70	0.7588439508744758
71	0.24757827243667338
72	0.3715000583087364
73	0.9071954723294419
74	0.8640747434825137
75	0.9071954723294419
76	0.07327797408660718
77	0.04084874312373918
78	0.037664258914665634
79	0.037664258914665634
80	0.06867110513305712
81	0.0769348332586583
82	0.0538302283053934
83	0.06867110513305712
84	0.08343961441458082
85	0.8230036250150508
86	0.8364723744993591
87	0.11925293695084216
88	0.2599334021689762
89	0.3008228213237206
90	1.0
91	0.9680555771461302
92	0.9371316004437404
93	0.9371316004437404
94	0.08760357941344458
95	0.030997821620274812
96	0.048048213152916935
97	0.9524680951766599
98	0.8501615448994049
99	0.051271575016962036
100	0.07093715149650967
101	0.9371316004437404
102	0.12520412762878458
103	0.08480513362914896
104	0.05838153282986929
105	0.03202070454638332
106	0.06435386265758218
107	0.10818572446379394
108	0.1818717710859395
109	0.9524680951766599
110	0.8364723744993591
111	0.8925879504045041
112	0.11733274450692356
113	0.09814559940423298
114	0.46629079995640105
115	0.47392181612761314
116	0.5574491330158865
117	0.5057153295259778
118	0.04963373414423629
119	0.05044600800408454
120	0.17322705937263028
121	0.5484731728386767
122	0.2070923854195534
123	0.1972488898661499
124	0.40291010336058325
125	0.4299397258291168
126	0.809751747262771
127	0.9838981538483329
128	0.9838981538483329
129	0.9838981538483329
130	0.8782156365502464
131	0.42301690250932045
132	0.3837590186752804
133	0.6664286233595317
134	0.2209853827589351
135	0.0006403479026656426
136	0.0008037369822866285
137	0.0018694178137101955
138	0.0025447997235481606
139	0.010617952774480096
140	0.00463978887130851
141	0.0034641831191914805
142	0.27737129133826993
143	0.2516299796562454
144	0.42301690250932045
145	0.3837590186752804
146	0.5852680376789873
147	0.9524680951766599
148	0.9524680951766599
149	0.9524680951766599
150	0.9524680951766599
151	0.6451399456130125
152	0.47392181612761314
153	0.47392181612761314
154	0.9371316004437404
155	0.3107495359001591
156	0.2912132099152615
157	0.9524680951766599
158	0.0008576564720537133
159	0.0003628031842252282
160	0.016458371314135432
161	0.030498699465507893
162	0.010791719379643227
163	0.013112602486345097
164	0.010113261253784787
165	0.04727454821686481
166	0.5574491330158865
167	0.5758441417787838
168	0.9524680951766599
169	0.9220420515895298
170	0.9371316004437404
171	0.9524680951766599
172	0.9838981538483329
173	1.0
174	1.0
175	1.0
176	1.0
177	0.272905101478248
178	0.0019948295552353686
179	0.0006000902548658462
180	0.0018097003405784804
181	0.0019948295552353686
182	0.1030434509053353
183	1.0
184	0.9838981538483329
185	0.9524680951766599
186	0.9524680951766599
187	0.9524680951766599
188	0.9371316004437404
189	0.9371316004437404
190	0.9680555771461302
191	0.9838981538483329
192	1.0
193	1.0
194	0.9838981538483329
195	0.9680555771461302
196	0.9524680951766599
197	0.9371316004437404
198	0.9371316004437404
199	0.9838981538483329
200	1.0
