1	0.8364723744993591
2	0.7588439508744758
3	0.6664286233595221
4	0.4513954094697309
5	0.07093715149651067
6	0.19094788792080922
7	0.04084874312373918
8	0.09975178733729329
9	0.02858129504156406
10	0.513991542262758
11	0.746625162324361
12	0.5758441417787838
13	0.42301690250932045
14	0.8782156365502339
15	0.18187177108593947
16	0.12933568132305998
17	0.34814444420780405
18	0.25162997965624895
19	0.17043778391330164
20	0.16233655139003356
21	0.2819105719970996
22	0.8097517472627824
23	0.9680555771461439
24	0.9220420515895166
25	0.5852680376789872
26	0.26418730551764474
27	0.6451399456130124
28	0.34814444420780405
29	0.2435918051833991
30	0.5948461590153626
31	0.6245313223904277
32	0.5396417421913038
33	0.5309525138815068
34	0.6556978921951105
35	0.48167771661524483
36	0.2435918051833991
37	0.11358461770179093
38	0.5758441417787838
39	0.45878265723355866
40	0.34814444420780405
41	0.6884197964379097
42	0.8364723744993591
43	0.2320134226836728
44	0.22460188780169513
45	0.2435918051833991
46	0.31074953590015464
47	0.39642250686330754
48	0.21048152657828498
49	0.28652413961186873
50	0.3315964756209393
51	0.4299397258291168
52	0.45878265723355866
53	0.27737129133826594
54	0.21392613224755938
55	0.16233655139003356
56	0.35963270335588476
57	0.6451399456130124
58	0.7227746524257427
59	0.5396417421913038
60	0.42301690250932045
61	0.41620554942555466
62	0.5948461590153626
63	0.513991542262758
64	0.01445399904022356
65	0.013766972933527001
66	0.04804821315291625
67	0.26418730551764474
68	0.7588439508744758
69	1.0
70	1.0
71	0.48956054519591574
72	0.26851082552023625
73	0.15715080394779132
74	0.23581040555488308
75	0.022404439747548983
76	0.20709238541955047
77	0.08209608258032164
78	0.08903724340857931
79	0.22098538275893193
80	0.42301690250932045
81	0.40950387170122843
82	0.007927630713798602
83	0.01096832973761928
84	1.0
85	0.9838981538483188
86	1.0
87	0.9838981538483188
88	0.9838981538483188
89	0.9838981538483188
90	1.0
91	0.9071954723294418
92	0.8925879504044913
93	0.8782156365502339
94	0.9680555771461439
95	0.9838981538483188
96	0.9680555771461439
97	0.783884695041549
98	0.7967132492072908
99	0.7967132492072908
100	0.005729890533725346
101	0.0045650797047264175
102	0.014221262971401534
103	0.08077418408895759
104	0.18787327440652254
105	0.17043778391330164
106	0.17894329980857993
107	0.21392613224755938
108	0.9838981538483188
109	0.29121320991526145
110	0.27737129133826594
111	0.18484816784601352
112	0.7712627042813436
113	0.7712627042813436
114	0.2819105719970996
115	0.05383022830539262
116	0.19407281858793526
117	0.2037578156903431
118	0.6664286233595221
119	0.27737129133826594
120	0.47392181612760637
121	0.7588439508744758
122	0.7111366461700386
123	0.22827757824649533
124	0.19724888986614708
125	0.21392613224755938
126	0.45878265723355866
127	0.19407281858793526
128	0.26851082552023625
129	0.8925879504044913
130	0.9838981538483188
131	0.9524680951766598
132	0.7346031188276403
133	0.1380122933233906
134	0.09814559940423298
135	0.40291010336058325
136	0.6884197964379097
137	0.783884695041549
138	0.46629079995640094
139	0.04651334071458661
140	0.06979493239667438
141	0.06129500098272679
142	0.26851082552023625
143	0.25574799451756824
144	0.5852680376789872
145	0.30082282132372057
146	0.5665719880005149
147	0.9524680951766598
148	0.9838981538483188
149	0.9524680951766598
150	0.746625162324361
151	0.3315964756209393
152	0.6884197964379097
153	0.045764390058400266
154	0.045027498890454376
155	0.26851082552023625
156	0.15213071221465965
157	0.19094788792080922
158	0.9838981538483188
159	0.9371316004437403
160	0.8782156365502339
161	0.8782156365502339
162	0.6664286233595221
163	0.7712627042813436
164	0.9838981538483188
165	0.9838981538483188
166	0.9838981538483188
167	0.7588439508744758
168	0.7346031188276403
169	0.783884695041549
170	0.6245313223904277
171	0.5396417421913038
172	0.5852680376789872
173	0.47392181612760637
174	0.21392613224755938
175	0.00947745670446487
176	0.15715080394779132
177	0.5574491330158785
178	0.513991542262758
179	0.5758441417787838
180	0.016727718463300126
181	0.005369661486237472
182	0.22827757824649533
183	0.19094788792080922
184	0.44412711003286787
185	0.4513954094697309
186	0.9220420515895166
187	0.8230036250150389
188	0.7111366461700386
189	0.3837590186752804
190	0.2959790185358471
191	0.9680555771461439
192	0.45878265723355866
193	0.40291010336058325
194	0.39642250686330754
195	0.39642250686330754
196	0.9371316004437403
197	0.9838981538483188
198	0.4513954094697309
199	0.44412711003286787
200	0.45878265723355866
