1	0.9371316004437271
2	0.9071954723294419
3	0.878215636550234
4	0.878215636550234
5	0.11733274450692358
6	0.09049436982916183
7	0.12933568132306
8	0.18484816784601354
9	0.9220420515895166
10	0.9838981538483189
11	0.9838981538483189
12	0.823003625015039
13	0.7967132492072908
14	0.7967132492072908
15	0.7712627042813436
16	0.809751747262771
17	0.31074953590015464
18	0.29121320991525734
19	0.277371291338266
20	0.277371291338266
21	0.44412711003286787
22	0.305745894681384
23	0.23966952741252573
24	0.1252041276287828
25	0.15972263321475677
26	0.4975723790934038
27	0.5057153295259778
28	0.2282775782464954
29	0.10304345090533384
30	0.00652446881523681
31	0.007309608887594823
32	0.03202070454638286
33	0.9371316004437271
34	0.9680555771461302
35	0.9838981538483189
36	0.9680555771461302
37	0.9371316004437271
38	0.9680555771461302
39	0.9371316004437271
40	0.03954385360034535
41	0.012901465378461633
42	0.017849913987938726
43	0.015423659850312866
44	0.12933568132306
45	0.7838846950415491
46	0.7838846950415491
47	0.08480513362914896
48	0.09197534264619778
49	0.11544347070631858
50	0.09348055211451999
51	0.06540703669975813
52	0.17322705937262783
53	0.6347520014624387
54	0.7346031188276402
55	0.6884197964379097
56	0.6556978921951105
57	0.6556978921951105
58	0.6451399456130125
59	0.7346031188276402
60	0.002628774404719928
61	0.0004628272327807066
62	0.012901465378461633
63	0.06435386265758127
64	1.0
65	0.9524680951766464
66	0.03828064801966439
67	0.005032079462438764
68	0.04883453939311236
69	0.013992274382953427
70	0.013545299253376993
71	0.9524680951766464
72	0.9371316004437271
73	0.9371316004437271
74	0.9371316004437271
75	0.9371316004437271
76	0.9371316004437271
77	0.02204368690561934
78	0.08480513362914896
79	0.013112602486345097
80	0.01593261814139069
81	0.11733274450692358
82	1.0
83	1.0
84	0.09501039487561765
85	0.08343961441457963
86	0.08209608258032049
87	0.1081857244637924
88	1.0
89	0.2004769386898946
90	0.04963373414423629
91	0.02032520629905422
92	0.011330268629776648
93	0.005198130749138962
94	0.0036965812672960846
95	0.00335352178878879
96	0.0029933131400917898
97	0.0012458335400746356
98	2.0839952710505042e-05
99	2.2238021533621775e-05
100	0.0011302145468318698
101	0.001839316735680622
102	0.0008302591310470713
103	5.609676834340151e-05
104	0.001641751955245846
105	0.02551131956105536
106	0.9838981538483189
107	1.0
108	0.00742923325854893
109	0.00019263126270860305
110	0.010113261253784644
111	0.9838981538483189
112	1.0
113	1.0
114	1.0
115	0.001441812238433822
116	0.0001073821303886647
117	0.00932485215470036
118	1.0
119	0.013545299253376993
120	0.001641751955245846
121	5.609676834340151e-05
122	0.0008302591310470713
123	0.001839316735680622
124	0.0011302145468318698
125	2.2238021533621775e-05
126	2.1879948332169627e-05
127	0.001225773320081767
128	0.0029933131400917898
129	0.0032995238968794496
130	0.0036965812672960846
131	0.005198130749138962
132	0.00611428590286806
133	0.010791719379643074
134	0.03705779481220408
135	0.17894329980857993
136	0.513991542262758
137	0.4299397258291168
138	0.5224031981891384
139	0.513991542262758
140	0.24359180518339563
141	0.07569604040982107
142	0.3900393726467309
143	0.06756537356313871
144	0.06647744631284419
145	0.10304345090533384
146	0.45139540946972445
147	0.6556978921951105
148	0.6664286233595222
149	0.8640747434825014
150	0.8925879504044915
151	0.9071954723294419
152	0.8640747434825014
153	0.4369758436353279
154	0.14968112689163354
155	0.11925293695084216
156	0.31074953590015464
157	0.3775797899972509
158	0.18484816784601354
159	0.2959790185358472
160	0.5224031981891384
161	0.23966952741252573
162	0.33159647562093936
163	0.2516299796562454
164	0.08343961441457963
165	0.0358740049446916
166	0.1231881100281487
167	0.6245313223904189
168	0.7838846950415491
169	0.7588439508744758
170	0.823003625015039
171	0.9220420515895166
172	0.6245313223904189
173	0.614475215120391
174	0.22098538275893195
175	0.15972263321475677
176	0.1425664978143681
177	0.566571988000515
178	0.3370231708678045
179	0.3008228213237163
180	0.4369758436353279
181	0.8364723744993472
182	0.850161544899405
183	0.9220420515895166
184	0.9071954723294419
185	0.47392181612760637
186	0.2959790185358472
187	0.40950387170122854
188	0.809751747262771
189	0.8364723744993472
190	0.9220420515895166
191	0.5484731728386688
192	0.5309525138815068
193	0.566571988000515
194	0.9371316004437271
195	0.823003625015039
196	0.7346031188276402
197	0.585268037678979
198	0.7712627042813436
199	0.8640747434825014
200	0.9371316004437271
