1	0.4816777166152448
2	0.4029101033605832
3	0.38375901867528583
4	0.9371316004437403
5	0.9220420515895296
6	0.9838981538483327
7	0.4513954094697309
8	0.34814444420780405
9	0.127253138080475
10	0.6245313223904276
11	0.041517247454899826
12	0.2282775782464986
13	0.21742711012398033
14	0.585268037678987
15	0.5665719880005229
16	0.7111366461700587
17	0.7346031188276506
18	0.30574589468138835
19	0.005283200023099542
20	0.007799981223697784
21	0.008189230970777112
22	0.009632558682416177
23	0.014453999040223762
24	0.08077418408895873
25	1.0
26	0.11358461770179094
27	0.017849913987938976
28	0.0547111792972134
29	1.0
30	1.0
31	0.34253867592861226
32	0.35963270335588476
33	0.020325206299054505
34	0.0008576564720537254
35	0.011704150977755772
36	0.015932618141390915
37	0.023907463729683845
38	0.5948461590153795
39	0.5948461590153795
40	0.6884197964379195
41	1.0
42	1.0
43	1.0
44	0.6773349667879044
45	0.5948461590153795
46	0.014221262971401532
47	0.005637628717885405
48	0.0032995238968794955
49	0.0010764932965619178
50	0.0017518905076602735
51	0.010278768401209828
52	0.3775797899972562
53	0.9680555771461438
54	0.055606547367959225
55	0.0231437535989396
56	0.10304345090533529
57	1.0
58	0.07947357060373075
59	0.014690543918280428
60	0.01044698413245975
61	0.008459463654885726
62	0.008738613623635733
63	0.011515692539375736
64	0.310749535900159
65	0.029524436113289032
66	0.043589121425846165
67	0.02904903818527771
68	0.026353155917209003
69	0.028121083425989384
70	0.04727454821686547
71	0.055606547367959225
72	0.07093715149651067
73	0.10818572446379392
74	0.1472709844146142
75	0.041517247454899826
76	0.010113261253784787
77	0.003757077145472479
78	0.002503823749912747
79	0.09656527406216286
80	1.0
81	1.0
82	0.011330268629776806
83	0.004491573493650814
84	0.04804821315291692
85	0.16499324727370096
86	0.9371316004437403
87	0.892587950404504
88	0.0029451152724263097
89	0.0006508274257463041
90	0.03766425891466616
91	0.9838981538483327
92	0.47392181612761974
93	0.6556978921951198
94	1.0
95	0.9838981538483327
96	0.9838981538483327
97	0.5758441417787837
98	0.3538419528953401
99	0.00673976677503499
100	0.022771096439116734
101	0.1293356813230618
102	1.0
103	0.1314523061326923
104	0.015932618141390915
105	0.006962169253653922
106	0.013545299253377182
107	0.09656527406216286
108	0.0032463954707181463
109	0.0032463954707181463
110	0.012489335512977845
111	0.04288725609876024
112	0.15715080394779357
113	0.9220420515895296
114	0.5758441417787837
115	0.7346031188276506
116	0.9371316004437403
117	0.5309525138815219
118	0.6451399456130124
119	0.34814444420780405
120	0.1472709844146142
121	0.1293356813230618
122	0.014690543918280428
123	0.008459463654885726
124	0.0003238337506078241
125	0.010113261253784787
126	0.05127157501696203
127	0.9524680951766733
128	0.9838981538483327
129	0.9524680951766733
130	0.21048152657828798
131	0.14027091400017913
132	0.03705779481220513
133	0.07327797408660716
134	0.2004769386898946
135	0.8230036250150506
136	0.9071954723294546
137	0.746625162324361
138	0.746625162324361
139	0.8230036250150506
140	1.0
141	0.310749535900159
142	0.26418730551765224
143	0.23581040555488642
144	0.06647744631284512
145	0.03254473486014868
146	0.47392181612761974
147	0.5309525138815219
148	0.49757237909341073
149	0.8230036250150506
150	0.7838846950415601
151	0.8782156365502464
152	0.26851082552023625
153	0.11925293695084384
154	0.10304345090533529
155	0.8782156365502464
156	0.31583506350197427
157	0.31583506350197427
158	0.44412711003287414
159	0.892587950404504
160	0.5665719880005229
161	0.6045810297425099
162	0.04019100294647176
163	0.16499324727370096
164	0.2246018878016951
165	0.699686033300596
166	0.699686033300596
167	0.7712627042813434
168	0.8097517472627824
169	0.16769342093829856
170	0.09197534264619907
171	0.00902697513442092
172	0.004491573493650814
173	0.008057369233585077
174	0.4587826572335652
175	0.5574491330158785
176	0.025511319561055717
177	0.018438935128664097
178	0.09049436982916181
179	0.892587950404504
180	0.4230169025093264
181	0.5396417421913038
182	0.9071954723294546
183	0.9071954723294546
184	0.9071954723294546
185	0.9071954723294546
186	0.3900393726467363
187	0.3210038175868602
188	0.9838981538483327
189	0.09049436982916181
190	0.018740694914960384
191	0.043589121425846165
192	0.042196692099190254
193	0.09049436982916181
194	0.0769348332586583
195	0.0744771944128528
196	0.06435386265758217
197	0.14968112689163565
198	0.7712627042813434
199	0.9524680951766733
200	0.9838981538483327
