1	0.9371316004437403
2	0.3837590186752749
3	0.3775797899972509
4	0.37150005830873106
5	0.5224031981891384
6	0.5484731728386688
7	0.23966952741252226
8	0.21048152657828498
9	0.3837590186752749
10	0.1940728185879325
11	0.176061982325188
12	0.2599334021689725
13	0.017849913987938726
14	0.03646109590141791
15	0.03828064801966439
16	0.04651334071458662
17	0.21048152657828498
18	0.7712627042813325
19	0.783884695041549
20	0.7346031188276403
21	0.699686033300586
22	0.746625162324361
23	0.8230036250150273
24	0.809751747262771
25	0.9680555771461301
26	0.9680555771461301
27	0.2599334021689725
28	0.16233655139003125
29	0.16233655139003125
30	0.11733274450692356
31	0.10138426111191784
32	0.07093715149650967
33	0.005457537922228077
34	0.3370231708678044
35	0.35963270335587966
36	0.41620554942555466
37	0.40950387170122843
38	0.8640747434825012
39	0.9680555771461301
40	0.9680555771461301
41	0.9071954723294418
42	0.9071954723294418
43	0.7227746524257325
44	0.2599334021689725
45	0.2729051014782441
46	0.7588439508744758
47	0.783884695041549
48	0.8782156365502338
49	0.9220420515895036
50	0.34814444420779905
51	0.41620554942555466
52	0.9524680951766462
53	1.0
54	1.0
55	0.9524680951766462
56	0.9838981538483049
57	0.9838981538483049
58	0.9838981538483049
59	0.9371316004437403
60	0.9680555771461301
61	0.06331764666180247
62	0.061295000982725924
63	0.06229811565656761
64	0.5852680376789788
65	0.35963270335587966
66	1.0
67	0.06979493239667438
68	0.06540703669975813
69	0.2959790185358471
70	0.07819389939674361
71	0.05127157501696131
72	0.1704377839133016
73	0.37150005830873106
74	0.9524680951766462
75	1.0
76	0.9524680951766462
77	0.9371316004437403
78	0.836472374499359
79	0.746625162324361
80	0.8640747434825012
81	0.8501615448993928
82	0.8640747434825012
83	0.18484816784601352
84	0.09975178733729187
85	0.31583506350196977
86	0.005198130749138962
87	0.005283200023099393
88	0.21742711012397728
89	0.6451399456130033
90	0.6144752151203824
91	0.24359180518339563
92	0.3008228213237163
93	0.29121320991525734
94	0.3900393726467308
95	0.4441271100328678
96	0.8501615448993928
97	0.4029101033605775
98	0.8640747434825012
99	0.9220420515895036
100	0.37150005830873106
101	0.20047693868989172
102	0.24359180518339563
103	0.8640747434825012
104	0.6664286233595221
105	0.6451399456130033
106	0.8925879504044913
107	0.9838981538483049
108	0.9838981538483049
109	0.8501615448993928
110	0.9371316004437403
111	0.7111366461700385
112	0.699686033300586
113	0.40950387170122843
114	0.176061982325188
115	0.0861930000553915
116	0.06331764666180247
117	0.1272531380804732
118	0.4895605451959158
119	0.5484731728386688
120	0.3107495359001502
121	0.3008228213237163
122	0.1521307122146575
123	0.16769342093829617
124	0.2959790185358471
125	0.22098538275893195
126	0.3837590186752749
127	0.06435386265758125
128	0.14027091400017713
129	0.3900393726467308
130	0.22827757824649536
131	0.4369758436353279
132	0.4513954094697244
133	0.8501615448993928
134	0.176061982325188
135	0.17894329980857737
136	0.47392181612760637
137	0.6245313223904277
138	0.5852680376789788
139	0.783884695041549
140	0.6045810297425014
141	0.18187177108593688
142	0.4230169025093204
143	0.4029101033605775
144	0.7588439508744758
145	0.746625162324361
146	0.5852680376789788
147	0.2729051014782441
148	0.41620554942555466
149	0.16769342093829617
150	0.566571988000515
151	0.809751747262771
152	0.836472374499359
153	0.6884197964379
154	0.1909478879208092
155	0.3425386759286026
156	0.4895605451959158
157	0.7588439508744758
158	0.6245313223904277
159	0.6347520014624387
160	0.783884695041549
161	0.6451399456130033
162	0.4513954094697244
163	0.4513954094697244
164	0.5948461590153626
165	0.8501615448993928
166	0.8230036250150273
167	0.809751747262771
168	0.10818572446379085
169	0.09814559940423298
170	0.11358461770178932
171	0.11733274450692356
172	0.13360357026643588
173	0.5224031981891384
174	0.9838981538483049
175	1.0
176	0.9838981538483049
177	0.9838981538483049
178	0.9680555771461301
179	0.9838981538483049
180	0.7346031188276403
181	0.699686033300586
182	1.0
183	0.699686033300586
184	0.7227746524257325
185	0.7346031188276403
186	0.6664286233595221
187	0.5057153295259778
188	0.40950387170122843
189	0.4513954094697244
190	0.4587826572335521
191	0.809751747262771
192	0.9371316004437403
193	0.4029101033605775
194	0.3655182215245033
195	0.3262571601860513
196	0.3210038175868511
197	0.3107495359001502
198	0.21392613224755636
199	0.8925879504044913
200	0.9524680951766462
