1	0.6773349667878948
2	0.3425386759286123
3	0.32100381758686025
4	0.32100381758686025
5	0.310749535900159
6	0.31583506350196977
7	0.9220420515895297
8	0.9220420515895297
9	0.9838981538483329
10	0.6884197964379195
11	0.002993313140091832
12	0.003353521788788837
13	0.015676073575284753
14	0.01469054391828043
15	0.04804821315291692
16	0.6664286233595316
17	0.8782156365502464
18	0.7346031188276507
19	0.29597901853585135
20	0.3370231708678045
21	0.48956054519592274
22	0.42301690250932045
23	0.3538419528953351
24	0.5224031981891458
25	0.27737129133826993
26	0.42993972582912293
27	0.5852680376789872
28	0.5852680376789872
29	0.27737129133826993
30	0.5948461590153711
31	0.6347520014624477
32	0.8230036250150506
33	0.39642250686331315
34	0.39642250686331315
35	0.29597901853585135
36	0.32100381758686025
37	0.8364723744993591
38	0.9371316004437404
39	0.9371316004437404
40	0.9220420515895297
41	0.1357900406092586
42	0.06756537356313966
43	0.07327797408660716
44	0.8782156365502464
45	0.0622981156565685
46	0.01814203423202152
47	0.05127157501696203
48	0.9071954723294418
49	0.0011487109132294637
50	0.018740694914960384
51	0.029524436113288612
52	0.01999793295422595
53	0.0021286546673816424
54	0.011515692539375738
55	0.9371316004437404
56	0.003578496112179884
57	0.0019311058764015325
58	0.04502749889045502
59	0.12318811002815043
60	0.8501615448994049
61	0.7838846950415602
62	0.8097517472627824
63	0.7838846950415602
64	0.7346031188276507
65	0.3900393726467363
66	0.3370231708678045
67	0.3370231708678045
68	0.3775797899972509
69	0.5224031981891458
70	0.7712627042813545
71	0.6773349667878948
72	0.8230036250150506
73	0.8782156365502464
74	0.8640747434825136
75	0.9220420515895297
76	0.9371316004437404
77	0.7588439508744758
78	0.7466251623243717
79	0.7346031188276507
80	0.7466251623243717
81	0.5139915422627653
82	0.5309525138815143
83	0.7838846950415602
84	0.9371316004437404
85	0.5852680376789872
86	0.48167771661524483
87	0.5224031981891458
88	0.4739218161276131
89	0.8364723744993591
90	0.7588439508744758
91	0.7588439508744758
92	0.10138426111191928
93	0.04502749889045502
94	0.050446008004085253
95	0.025511319561055717
96	0.9524680951766598
97	0.009477456704465008
98	0.010446984132459602
99	0.01619336115132821
100	0.0023086307871881067
101	0.012090370898187427
102	0.004715720680195382
103	0.09814559940423298
104	0.02678443476505567
105	0.055606547367958434
106	0.9220420515895297
107	0.12520412762878458
108	0.14727098441461417
109	0.24757827243667338
110	0.9371316004437404
111	0.9371316004437404
112	0.9071954723294418
113	0.7967132492073022
114	0.8501615448994049
115	0.9524680951766598
116	0.9680555771461439
117	0.9680555771461439
118	0.9371316004437404
119	0.6045810297425014
120	0.4975723790934108
121	0.5484731728386766
122	0.8782156365502464
123	0.7712627042813545
124	0.7466251623243717
125	0.8230036250150506
126	0.8925879504045041
127	0.8925879504045041
128	0.6884197964379195
129	0.7346031188276507
130	0.7346031188276507
131	0.7111366461700486
132	0.8640747434825136
133	0.8230036250150506
134	0.08209608258032164
135	0.024298717947761804
136	0.06756537356313966
137	0.043589121425846165
138	0.015676073575284753
139	0.7967132492073022
140	0.05651656845829486
141	0.058381532829869284
142	0.1212045540327608
143	0.06540703669975906
144	0.8925879504045041
145	0.06756537356313966
146	0.050446008004085253
147	0.07209806342155876
148	0.045764390058400266
149	0.7838846950415602
150	0.9071954723294418
151	0.8640747434825136
152	0.8782156365502464
153	0.8782156365502464
154	0.20709238541955338
155	0.09501039487561899
156	0.12318811002815043
157	0.12725313808047503
158	0.9071954723294418
159	0.9371316004437404
160	0.1972488898661499
161	0.14027091400017916
162	0.12725313808047503
163	0.025100540218357583
164	0.8097517472627824
165	0.03202070454638332
166	0.09814559940423298
167	0.0330773411179359
168	0.007927630713798714
169	0.07947357060372963
170	0.1212045540327608
171	0.2396695274125291
172	0.14027091400017916
173	0.32625716018605594
174	0.9680555771461439
175	0.6664286233595316
176	0.5852680376789872
177	0.46629079995640094
178	0.08619300005539396
179	0.021688742850449538
180	0.026353155917209006
181	0.14489964968096553
182	0.1293356813230618
183	0.32100381758686025
184	0.7838846950415602
185	0.6664286233595316
186	0.5852680376789872
187	0.9838981538483329
188	0.5948461590153711
189	0.7111366461700486
190	0.7227746524257427
191	0.1357900406092586
192	0.16233655139003356
193	0.16233655139003356
194	0.06979493239667536
195	0.09814559940423298
196	0.2282775782464986
197	0.7111366461700486
198	0.7712627042813545
199	0.8230036250150506
200	0.9524680951766598
