1	0.7227746524257325
2	0.5665719880005149
3	0.9680555771461301
4	0.9524680951766462
5	0.029524436113288612
6	0.0069621692536538235
7	0.022043686905619336
8	0.07209806342155671
9	0.10138426111191784
10	0.27737129133826194
11	0.8925879504044913
12	0.5574491330158785
13	0.03646109590141739
14	0.0769348332586572
15	0.08619300005539272
16	0.5574491330158785
17	0.12318811002814868
18	0.1909478879208092
19	0.5484731728386688
20	0.6144752151203823
21	0.6664286233595221
22	0.5309525138815068
23	0.09049436982916052
24	0.34253867592860743
25	0.09656527406216012
26	0.08903724340857931
27	0.37757978999725084
28	0.31074953590015014
29	0.08619300005539272
30	0.6347520014624386
31	0.6664286233595221
32	0.7227746524257325
33	0.9680555771461301
34	0.7588439508744756
35	0.746625162324361
36	0.5057153295259778
37	0.6451399456130031
38	0.6245313223904188
39	0.6245313223904188
40	0.10818572446379084
41	0.21392613224755633
42	0.9220420515895035
43	0.08343961441457962
44	0.5139915422627506
45	0.02429871794776111
46	0.45139540946972445
47	0.5057153295259778
48	0.9524680951766462
49	0.9524680951766462
50	0.9838981538483188
51	0.9680555771461301
52	1.0
53	0.9838981538483188
54	0.9680555771461301
55	0.5484731728386688
56	0.48956054519591574
57	0.43697584363532777
58	0.6451399456130031
59	0.1704377839133016
60	0.5057153295259778
61	0.012693727967806401
62	0.032544734860148215
63	0.6556978921951104
64	0.8364723744993591
65	0.9220420515895035
66	0.7227746524257325
67	0.6664286233595221
68	0.6556978921951104
69	0.3481444442077991
70	0.34253867592860743
71	0.045764390058399614
72	0.030498699465507456
73	0.003520875718327124
74	0.013112602486344908
75	0.014453999040223762
76	0.6556978921951104
77	0.8364723744993591
78	0.8925879504044913
79	0.3964225068633075
80	0.3900393726467308
81	0.8097517472627709
82	0.45139540946972445
83	0.4029101033605775
84	0.45139540946972445
85	0.937131600443727
86	0.9071954723294416
87	0.12933568132305812
88	0.09975178733729186
89	0.5948461590153625
90	0.45139540946972445
91	0.09975178733729186
92	0.07093715149650966
93	0.5665719880005149
94	0.05296346225090932
95	0.08077418408895644
96	0.07093715149650966
97	0.17894329980857734
98	0.15972263321475674
99	0.2246018878016919
100	0.14027091400017713
101	0.13579004060925667
102	0.783884695041549
103	0.14727098441461417
104	0.015175310452307265
105	0.00048592413239297353
106	0.0030422997831473205
107	0.04288725609875964
108	0.10472979393476874
109	0.27737129133826194
110	0.9838981538483188
111	0.9838981538483188
112	0.6556978921951104
113	0.045764390058399614
114	0.09348055211451996
115	0.009790198959862087
116	0.14489964968096136
117	0.17322705937262534
118	0.7588439508744756
119	0.8640747434825012
120	0.5484731728386688
121	0.43697584363532777
122	0.746625162324361
123	0.8925879504044913
124	0.8364723744993591
125	0.7967132492072907
126	0.7588439508744756
127	0.9220420515895035
128	0.2599334021689724
129	0.8230036250150272
130	0.6045810297425013
131	0.8501615448993927
132	0.14489964968096136
133	0.21392613224755633
134	0.2070923854195475
135	0.1940728185879325
136	0.23966952741252226
137	0.09049436982916052
138	0.05383022830539186
139	0.08760357941344458
140	0.013992274382953227
141	0.013545299253376797
142	0.0512715750169613
143	0.21048152657828498
144	0.8782156365502338
145	0.7967132492072907
146	0.25162997965624534
147	0.09814559940423297
148	0.18484816784601352
149	0.176061982325188
150	0.18187177108593688
151	0.19724888986614988
152	0.27290510147824404
153	0.22827757824649533
154	0.7712627042813325
155	0.21742711012397725
156	0.10304345090533383
157	0.2599334021689724
158	0.699686033300586
159	0.18187177108593688
160	0.13579004060925667
161	0.9524680951766462
162	0.27737129133826194
163	0.2070923854195475
164	0.18484816784601352
165	0.17322705937262534
166	0.15715080394779135
167	0.10995622264422976
168	0.8925879504044913
169	0.8925879504044913
170	0.5057153295259778
171	0.6773349667878948
172	0.937131600443727
173	0.056516568458294045
174	0.052110652730084805
175	0.07447719441285068
176	0.9680555771461301
177	0.005546852487609636
178	0.0008716923278076608
179	5.08907342534474e-05
180	0.00021233710769518735
181	0.013327194928720632
182	1.0
183	1.0
184	1.0
185	1.0
186	1.0
187	1.0
188	0.014930959938100428
189	0.0006000902548658376
190	0.0005270086451645937
191	0.0016417519552458224
192	0.007927630713798489
193	1.0
194	1.0
195	0.9838981538483188
196	0.11175569566235759
197	0.10304345090533383
198	0.10304345090533383
199	0.9838981538483188
200	1.0
