1	0.9680555771461302
2	0.9680555771461302
3	0.9680555771461302
4	0.9838981538483189
5	0.9680555771461302
6	0.9680555771461302
7	0.2912132099152615
8	0.06331764666180248
9	0.03202070454638332
10	0.022771096439116737
11	0.000518522833039555
12	0.001225773320081767
13	0.0020606560225769105
14	0.0019311058764015325
15	0.0029451152724262264
16	0.8925879504044915
17	0.7588439508744759
18	0.5224031981891459
19	0.5224031981891459
20	0.5484731728386689
21	0.5309525138815069
22	0.9680555771461302
23	0.566571988000515
24	0.481677716615238
25	0.4587826572335587
26	0.3008228213237163
27	0.3481444442078041
28	0.3425386759286075
29	0.4029101033605776
30	0.14027091400017716
31	0.042887256098760256
32	0.19724888986614994
33	0.2912132099152615
34	0.809751747262771
35	0.7967132492072909
36	0.481677716615238
37	0.5309525138815069
38	0.07569604040982107
39	0.06979493239667438
40	0.12120455403276081
41	0.18787327440651988
42	0.809751747262771
43	0.8782156365502465
44	0.9220420515895167
45	0.6884197964379098
46	0.513991542262758
47	0.4299397258291107
48	0.4587826572335587
49	0.8640747434825014
50	0.6884197964379098
51	0.2641873055176486
52	0.2396695274125223
53	0.4895605451959228
54	0.38375901867527495
55	0.4230169025093205
56	0.4095038717012285
57	0.809751747262771
58	0.7967132492072909
59	0.4513954094697245
60	0.3964225068633076
61	0.3900393726467364
62	0.32100381758685115
63	0.7838846950415602
64	0.21392613224755636
65	0.2599334021689762
66	0.2641873055176486
67	0.2685108255202325
68	0.8640747434825014
69	0.8364723744993591
70	0.7466251623243612
71	0.7588439508744759
72	0.11358461770178933
73	0.12725313808047323
74	0.2174271101239804
75	0.17322705937262786
76	0.809751747262771
77	0.8501615448993929
78	0.8364723744993591
79	0.7838846950415602
80	0.8640747434825014
81	0.07327797408660718
82	0.06540703669975813
83	0.9838981538483189
84	0.9838981538483189
85	0.03361866366814501
86	0.00932485215470036
87	0.003944570074838709
88	0.06331764666180248
89	0.9680555771461302
90	0.9680555771461302
91	0.9838981538483189
92	0.9680555771461302
93	0.9524680951766463
94	0.9371316004437406
95	0.06435386265758127
96	0.03472803056127655
97	0.0376642589146651
98	0.04151724745489924
99	1.0
100	0.9838981538483189
101	0.04804821315291625
102	0.049633734144236295
103	0.6664286233595222
104	0.5852680376789872
105	0.3107495359001547
106	0.210481526578285
107	0.8640747434825014
108	0.6451399456130033
109	0.566571988000515
110	0.4975723790934038
111	0.7838846950415602
112	0.4369758436353341
113	0.19724888986614994
114	0.20047693868989178
115	0.513991542262758
116	0.15462038588001104
117	0.15213071221465968
118	0.008881624169591424
119	0.0035208757183271744
120	0.7111366461700386
121	0.006114285902868061
122	0.1597226332147568
123	0.019675929314445093
124	0.024298717947761457
125	0.277371291338266
126	0.277371291338266
127	0.2819105719970956
128	0.025928821455018475
129	0.7227746524257325
130	0.7227746524257325
131	0.7227746524257325
132	0.7111366461700386
133	0.7111366461700386
134	0.07569604040982107
135	0.0035784961121798843
136	0.0019000115066771077
137	0.019997932954225955
138	0.2358104055548831
139	0.277371291338266
140	0.9524680951766463
141	0.38375901867527495
142	0.020657835589543778
143	0.7588439508744759
144	0.05933696755250621
145	0.04151724745489924
146	0.046513340714586626
147	0.04883453939311236
148	0.7712627042813436
149	0.9524680951766463
150	0.9071954723294419
151	0.9680555771461302
152	0.9680555771461302
153	0.9838981538483189
154	1.0
155	0.002671795240633401
156	0.0004198747700494216
157	0.0023464123579847477
158	0.0014893899404870398
159	0.002271457569431737
160	0.015932618141390915
161	0.024696375181437157
162	0.046513340714586626
163	0.2641873055176486
164	0.9371316004437406
165	0.04727454821686481
166	0.0076743871260476935
167	5.794787992315195e-05
168	1.6603466437312995e-05
169	0.0007058543855178156
170	0.0013080055346563408
171	0.0018097003405784804
172	0.0008576564720537012
173	0.02032520629905422
174	1.0
175	0.0010764932965619028
176	0.0019000115066771077
177	1.0
178	1.0
179	0.2641873055176486
180	0.4162055494255547
181	0.8640747434825014
182	1.0
183	1.0
184	1.0
185	0.5396417421912962
186	0.24757827243666988
187	0.8364723744993591
188	0.9220420515895167
189	0.002628774404719928
190	0.0013080055346563408
191	1.0
192	0.020657835589543778
193	0.000816890426252923
194	0.0016417519552458229
195	0.001206036106664975
196	0.0006944888267967183
197	2.1527640770318606e-05
198	6.492119896632246e-05
199	0.007927630713798602
200	0.07693483325865721
