1	0.9371316004437272
2	0.8364723744993472
3	0.9524680951766463
4	0.2959790185358471
5	0.09814559940423298
6	0.019047393108381605
7	0.014221262971401333
8	0.02766828206704513
9	0.12725313808047323
10	0.15972263321475677
11	0.27290510147824404
12	0.9371316004437272
13	0.23201342268366953
14	0.008597905811488844
15	0.008881624169591297
16	0.15972263321475677
17	0.1732270593726254
18	0.09656527406216013
19	0.1972488898661499
20	0.9838981538483189
21	1.0
22	0.9680555771461301
23	1.0
24	0.8230036250150273
25	0.8230036250150273
26	0.1117556956623576
27	0.016458371314135432
28	0.005637628717885325
29	0.0006198923584892937
30	0.0016153167178432556
31	0.0009004569039077774
32	0.1676934209382962
33	0.8097517472627709
34	0.6664286233595221
35	0.7227746524257325
36	0.9680555771461301
37	0.7588439508744758
38	0.7111366461700385
39	0.6556978921951105
40	0.3262571601860513
41	0.27290510147824404
42	0.5309525138815068
43	0.277371291338262
44	0.29121320991525734
45	0.305745894681384
46	0.3425386759286075
47	0.4662907999563944
48	0.7346031188276403
49	0.6451399456130033
50	0.6347520014624478
51	0.4299397258291108
52	0.4662907999563944
53	0.6664286233595221
54	0.5574491330158706
55	0.7967132492072909
56	0.5396417421912961
57	0.32100381758685115
58	0.48167771661523795
59	0.7227746524257325
60	0.7712627042813326
61	0.6451399456130033
62	0.35963270335587966
63	0.566571988000515
64	0.7227746524257325
65	0.5057153295259778
66	0.6144752151203912
67	0.6045810297425014
68	0.1676934209382962
69	0.09501039487561765
70	0.010278768401209682
71	0.07819389939674361
72	0.06435386265758125
73	0.07209806342155672
74	0.06331764666180248
75	0.210481526578285
76	0.6245313223904189
77	0.6451399456130033
78	0.6347520014624478
79	0.566571988000515
80	0.4095038717012285
81	0.35963270335587966
82	0.3370231708678045
83	0.699686033300586
84	0.9371316004437272
85	0.9680555771461301
86	0.9071954723294418
87	0.9680555771461301
88	0.8925879504044915
89	0.2435918051833956
90	0.699686033300586
91	0.783884695041549
92	0.23581040555488308
93	0.277371291338262
94	0.12933568132305817
95	0.08903724340857933
96	0.12120455403275908
97	0.18787327440651988
98	0.3158350635019698
99	0.8501615448993928
100	0.6556978921951105
101	0.5139915422627507
102	0.36551822152450336
103	0.7111366461700385
104	0.783884695041549
105	0.5309525138815068
106	0.49757237909340374
107	0.7712627042813326
108	0.7967132492072909
109	0.8097517472627709
110	0.33159647562093936
111	0.1231881100281487
112	0.35963270335587966
113	0.8097517472627709
114	0.29121320991525734
115	0.20709238541954753
116	0.1231881100281487
117	0.014221262971401333
118	0.028121083425988593
119	0.2435918051833956
120	0.9838981538483189
121	1.0
122	1.0
123	0.8925879504044915
124	0.24757827243666988
125	0.05211065273008481
126	0.009026975134420792
127	0.017562497419084194
128	0.04151724745489924
129	0.2037578156903402
130	0.5574491330158706
131	0.22460188780169194
132	0.10304345090533384
133	0.5758441417787756
134	0.8097517472627709
135	0.1314523061326923
136	0.04804821315291625
137	0.045027498890453745
138	0.02510054021835687
139	0.018438935128663837
140	0.020995908477665633
141	0.12520412762878277
142	0.02722277164591986
143	0.02204368690561934
144	0.176061982325188
145	0.4369758436353279
146	0.783884695041549
147	0.8230036250150273
148	0.7227746524257325
149	0.566571988000515
150	0.35963270335587966
151	0.2685108255202324
152	0.9680555771461301
153	0.41620554942554877
154	0.2435918051833956
155	0.23581040555488308
156	0.8230036250150273
157	0.8640747434825014
158	0.8925879504044915
159	0.8640747434825014
160	0.7967132492072909
161	0.1425664978143681
162	0.2209853827589351
163	0.2516299796562454
164	0.14027091400017713
165	0.1676934209382962
166	0.07819389939674361
167	0.0370577948122046
168	0.020995908477665633
169	0.01493095993810043
170	0.12520412762878277
171	0.004209195456615611
172	0.003696581267296032
173	0.016727718463300126
174	0.20709238541954753
175	0.11733274450692356
176	0.2959790185358471
177	0.8782156365502339
178	0.8364723744993472
179	0.31074953590015025
180	0.38375901867527495
181	0.0370577948122046
182	0.07947357060372963
183	0.0370577948122046
184	0.038907124553427985
185	0.22460188780169194
186	0.06756537356313774
187	0.07093715149650967
188	0.6144752151203912
189	0.6245313223904189
190	0.36551822152450336
191	0.7111366461700385
192	0.783884695041549
193	0.7346031188276403
194	0.8364723744993472
195	0.9220420515895036
196	0.8097517472627709
197	0.5758441417787756
198	0.5948461590153626
199	0.6884197964379
200	0.8925879504044915
