1	0.8782156365502215
2	0.9524680951766464
3	0.9371316004437272
4	0.9524680951766464
5	0.04358912142584555
6	0.03954385360034535
7	0.026353155917208635
8	0.0364610959014174
9	0.029524436113288612
10	0.44412711003286787
11	0.23581040555487975
12	0.3481444442077991
13	0.3315964756209393
14	0.02133951404984792
15	0.05211065273008481
16	0.7227746524257325
17	0.9680555771461302
18	0.01672771846329989
19	0.009026975134420663
20	0.0003399943286790709
21	0.0007174059456835026
22	0.002671795240633363
23	0.9838981538483049
24	0.9680555771461302
25	1.0
26	1.0
27	1.0
28	1.0
29	0.9524680951766464
30	1.0
31	0.005114431247540004
32	0.004951053693111541
33	0.005032079462438693
34	0.0053696614862373945
35	0.01170415097775544
36	0.9838981538483049
37	0.23581040555487975
38	0.20047693868989175
39	0.2729051014782402
40	0.758843950874465
41	0.12933568132305814
42	0.1252041276287828
43	0.47392181612760637
44	0.5139915422627508
45	0.4513954094697245
46	0.3596327033558797
47	0.8230036250150273
48	0.7967132492072908
49	0.8230036250150273
50	0.8640747434825014
51	0.9220420515895036
52	0.5396417421912961
53	0.36551822152449814
54	0.44412711003286787
55	0.9838981538483049
56	0.2912132099152574
57	0.0408487431237386
58	0.028121083425988593
59	0.9071954723294289
60	0.1878732744065199
61	0.2641873055176448
62	1.0
63	0.48956054519590886
64	0.41620554942554877
65	0.36551822152449814
66	0.4299397258291107
67	0.5948461590153626
68	0.9838981538483049
69	0.9524680951766464
70	0.8925879504044915
71	0.6556978921951012
72	0.6884197964379
73	0.8782156365502215
74	0.2959790185358471
75	0.44412711003286787
76	0.481677716615238
77	0.2865241396118647
78	0.2599334021689725
79	0.5057153295259705
80	0.8364723744993472
81	0.9524680951766464
82	0.9371316004437272
83	0.8501615448993928
84	0.10138426111191784
85	0.04151724745489865
86	0.1848481678460109
87	0.20709238541954753
88	0.8501615448993928
89	0.809751747262771
90	0.8925879504044915
91	0.9220420515895036
92	0.42301690250931445
93	0.38375901867527495
94	0.6996860333005861
95	0.5057153295259705
96	0.28191057199709163
97	0.2729051014782402
98	0.2516299796562454
99	0.2865241396118647
100	0.746625162324361
101	0.9838981538483049
102	0.9838981538483049
103	0.8230036250150273
104	0.7967132492072908
105	0.6664286233595221
106	0.6347520014624387
107	0.42301690250931445
108	0.5574491330158706
109	0.6664286233595221
110	0.9524680951766464
111	0.9524680951766464
112	0.9680555771461302
113	0.8782156365502215
114	0.9371316004437272
115	0.9524680951766464
116	0.7838846950415379
117	0.5948461590153626
118	0.5665719880005069
119	0.746625162324361
120	0.6884197964379
121	0.7838846950415379
122	0.8640747434825014
123	0.36551822152449814
124	0.24359180518339563
125	0.37757978999724556
126	0.4299397258291107
127	0.45878265723355216
128	0.5057153295259705
129	0.809751747262771
130	0.8640747434825014
131	0.9680555771461302
132	0.9680555771461302
133	0.6664286233595221
134	0.1972488898661471
135	0.07209806342155671
136	0.06229811565656762
137	0.06331764666180247
138	0.08903724340857806
139	0.7712627042813326
140	0.8501615448993928
141	0.23201342268366953
142	0.3008228213237163
143	0.746625162324361
144	0.0300076140988875
145	0.04963373414423558
146	0.2516299796562454
147	0.9524680951766464
148	0.05933696755250536
149	0.026353155917208635
150	0.002715520127955496
151	0.0024238405452939554
152	0.010617952774479945
153	0.9371316004437272
154	1.0
155	0.8925879504044915
156	0.9680555771461302
157	1.0
158	0.9071954723294289
159	0.8925879504044915
160	0.8640747434825014
161	0.49757237909340374
162	0.6245313223904189
163	0.6245313223904189
164	0.8640747434825014
165	0.8782156365502215
166	0.8501615448993928
167	0.18187177108593688
168	0.0861930000553915
169	0.13145230613269043
170	0.8640747434825014
171	0.015423659850312865
172	0.05651656845829405
173	0.07209806342155671
174	0.1252041276287828
175	0.13801229332338863
176	0.10644373457266672
177	0.14027091400017716
178	0.481677716615238
179	0.9680555771461302
180	1.0
181	0.9680555771461302
182	0.8925879504044915
183	0.40950387170122265
184	0.06435386265758035
185	0.3425386759286026
186	0.3262571601860513
187	0.2865241396118647
188	0.008323250672588782
189	0.02032520629905393
190	0.02277109643911641
191	0.15715080394779135
192	0.8782156365502215
193	0.08209608258032047
194	0.09197534264619647
195	0.23201342268366953
196	1.0
197	1.0
198	0.6144752151203824
199	0.6045810297425014
200	0.6556978921951012
