1	0.9680555771461302
2	0.9371316004437404
3	0.566571988000515
4	0.6144752151203912
5	0.21742711012398036
6	0.21392613224755938
7	0.2773712913382699
8	0.18787327440651988
9	0.1472709844146142
10	0.1030434509053353
11	0.06867110513305712
12	0.06540703669975813
13	0.513991542262758
14	0.012288234154010976
15	0.016727718463300126
16	0.10138426111191928
17	0.08903724340857933
18	0.061295000982726805
19	0.09501039487561765
20	0.3596327033558848
21	0.45878265723355866
22	0.45139540946972445
23	0.6347520014624477
24	0.47392181612761314
25	0.6664286233595317
26	0.6996860333005961
27	0.2282775782464954
28	0.466290799956401
29	0.4369758436353341
30	0.05383022830539263
31	0.05651656845829486
32	0.0807741840889576
33	0.15213071221465752
34	0.1425664978143681
35	0.3775797899972509
36	0.7967132492073022
37	0.7712627042813435
38	0.7111366461700486
39	0.5852680376789872
40	0.466290799956401
41	0.5574491330158786
42	0.4816777166152449
43	0.7466251623243612
44	0.2912132099152615
45	0.21392613224755938
46	0.07947357060372964
47	0.042887256098760256
48	0.23581040555488308
49	0.513991542262758
50	0.38375901867528034
51	0.6664286233595317
52	0.23966952741252573
53	0.2641873055176486
54	0.7346031188276507
55	0.823003625015039
56	0.9680555771461302
57	0.01493095993810043
58	0.0036965812672960837
59	0.01133026862977681
60	0.004009124378788922
61	0.001869417813710169
62	0.001206036106664975
63	0.0035208757183271744
64	0.014690543918280431
65	1.0
66	0.9838981538483329
67	0.9838981538483329
68	0.9838981538483329
69	0.02551131956105572
70	0.0067397667750349905
71	0.00463978887130851
72	0.0050320794624388356
73	0.007927630713798603
74	0.004209195456615611
75	0.009632558682416179
76	0.01619336115132821
77	0.6045810297425014
78	0.21392613224755938
79	0.3107495359001591
80	0.005114431247540077
81	0.0020943793974173754
82	0.006316048424505998
83	0.061295000982726805
84	0.5758441417787838
85	0.3964225068633132
86	0.4299397258291169
87	0.5948461590153711
88	0.45139540946972445
89	0.2729051014782441
90	0.20375781569034024
91	0.15972263321475677
92	0.3596327033558848
93	0.6144752151203912
94	0.566571988000515
95	0.5574491330158786
96	0.6884197964379098
97	0.9371316004437404
98	0.4299397258291169
99	0.3370231708678045
100	0.6045810297425014
101	0.21392613224755938
102	0.15213071221465752
103	0.5309525138815143
104	0.5852680376789872
105	0.8782156365502464
106	0.8640747434825137
107	0.4230169025093205
108	0.48956054519592274
109	0.40291010336058325
110	0.3596327033558848
111	0.5758441417787838
112	0.15213071221465752
113	0.2773712913382699
114	0.9524680951766599
115	0.45878265723355866
116	0.4299397258291169
117	0.38375901867528034
118	0.2641873055176486
119	0.28652413961186873
120	0.4299397258291169
121	0.1732270593726303
122	0.4162055494255606
123	0.04430247303072529
124	0.04151724745489924
125	0.23581040555488308
126	0.6144752151203912
127	0.10644373457266823
128	0.0330773411179359
129	0.008189230970777114
130	0.014690543918280431
131	0.9524680951766599
132	0.8640747434825137
133	0.5224031981891458
134	0.5224031981891458
135	0.48956054519592274
136	0.9220420515895166
137	0.6556978921951199
138	0.48956054519592274
139	0.40291010336058325
140	0.030007614098887928
141	0.1972488898661499
142	0.4162055494255606
143	0.5057153295259778
144	0.8782156365502464
145	0.40291010336058325
146	0.45139540946972445
147	0.45878265723355866
148	0.4816777166152449
149	0.5484731728386688
150	0.47392181612761314
151	0.7838846950415602
152	0.30082282132372057
153	0.009632558682416179
154	0.01593261814139069
155	0.20375781569034024
156	0.466290799956401
157	0.3370231708678045
158	0.04576439005840027
159	0.027222771645920636
160	0.466290799956401
161	0.4369758436353341
162	0.02314375359893927
163	0.1789432998085799
164	0.04651334071458728
165	0.3596327033558848
166	0.11925293695084216
167	0.3900393726467363
168	0.40950387170122843
169	0.11733274450692356
170	0.20375781569034024
171	0.2435918051833956
172	0.5224031981891458
173	0.9071954723294419
174	0.14968112689163354
175	0.11925293695084216
176	0.14027091400017716
177	0.1546203858800132
178	0.2819105719970956
179	0.23966952741252573
180	0.2435918051833956
181	0.05933696755250621
182	0.10818572446379239
183	0.5574491330158786
184	0.4369758436353341
185	0.45139540946972445
186	0.4816777166152449
187	0.29597901853585135
188	0.6664286233595317
189	0.6773349667878948
190	0.4975723790934108
191	0.45139540946972445
192	0.466290799956401
193	0.5484731728386688
194	0.9220420515895166
195	0.3715000583087364
196	0.4441271100328742
197	0.809751747262771
198	0.9371316004437404
199	0.9371316004437404
200	1.0
