1	0.6045810297425014
2	0.5665719880005069
3	0.5574491330158785
4	0.5665719880005069
5	0.5574491330158785
6	0.9838981538483189
7	0.014453999040223557
8	0.006739766775034895
9	0.0032995238968794487
10	0.0020943793974173754
11	0.0005185228330395549
12	0.02390746372968351
13	0.9838981538483189
14	0.9838981538483189
15	0.022771096439116734
16	0.016727718463300126
17	0.010791719379643072
18	0.0019000115066771077
19	0.001206036106664975
20	0.0005904276939048647
21	0.03254473486014822
22	0.9524680951766462
23	0.15715080394779135
24	0.20375781569034018
25	0.9524680951766462
26	0.20709238541955044
27	0.18484816784601352
28	0.05383022830539263
29	0.03705779481220407
30	0.07947357060372963
31	0.07819389939674361
32	0.034728030561276546
33	0.03416884515602848
34	0.04219669209919026
35	0.8501615448993928
36	0.9680555771461439
37	0.9838981538483189
38	0.16233655139003356
39	0.11175569566235759
40	0.04727454821686548
41	0.9220420515895167
42	0.9071954723294418
43	0.02812108342598899
44	0.10304345090533384
45	0.08619300005539272
46	0.08480513362915015
47	0.8501615448993928
48	0.3538419528953301
49	0.14027091400017716
50	0.8501615448993928
51	0.8501615448993928
52	0.9680555771461439
53	0.9838981538483189
54	0.9838981538483189
55	0.9680555771461439
56	0.16769342093829617
57	0.35963270335588476
58	0.8501615448993928
59	0.06435386265758125
60	0.010278768401209684
61	0.02352250942683158
62	0.035296367236228025
63	0.9071954723294418
64	0.9524680951766462
65	0.05383022830539263
66	0.0965652740621615
67	0.16233655139003356
68	0.9220420515895167
69	0.9071954723294418
70	0.823003625015039
71	0.8925879504044913
72	0.11358461770179093
73	0.04651334071458662
74	0.04883453939311235
75	0.0547111792972134
76	0.0965652740621615
77	0.4029101033605832
78	0.4029101033605832
79	0.20047693868989458
80	0.1496811268916314
81	0.11175569566235759
82	0.13145230613269226
83	0.15715080394779135
84	0.8501615448993928
85	0.9680555771461439
86	1.0
87	0.0290490381852773
88	0.0014893899404870396
89	0.0023464123579847473
90	0.00388105521435913
91	0.004951053693111611
92	0.011330268629776648
93	0.025100540218357226
94	1.0
95	0.9838981538483189
96	0.030997821620274372
97	0.005283200023099468
98	0.007309608887594823
99	0.008057369233584964
100	0.010791719379643072
101	0.015676073575284756
102	0.9371316004437404
103	0.5139915422627579
104	0.04084874312373918
105	0.0395438536003459
106	0.04963373414423558
107	0.03705779481220407
108	0.38375901867528034
109	0.38375901867528034
110	0.13360357026643777
111	0.03828064801966439
112	0.04151724745489865
113	0.004141419638950891
114	0.052963462250909324
115	0.04502749889045438
116	0.9524680951766462
117	0.9371316004437404
118	0.9371316004437404
119	0.9371316004437404
120	0.9524680951766462
121	0.9838981538483189
122	0.07819389939674361
123	0.05211065273008481
124	0.045764390058400266
125	0.005283200023099468
126	0.004009124378788922
127	0.16233655139003356
128	0.783884695041549
129	0.8782156365502339
130	0.5758441417787838
131	0.47392181612760637
132	0.4441271100328678
133	0.4230169025093144
134	0.3538419528953301
135	0.47392181612760637
136	0.21392613224755938
137	0.1252041276287828
138	0.11925293695084216
139	0.3158350635019653
140	0.699686033300596
141	0.21048152657828498
142	0.1425664978143681
143	0.07947357060372963
144	0.12933568132305998
145	0.28191057199709557
146	0.4162055494255546
147	0.3900393726467364
148	0.25993340216897615
149	0.746625162324361
150	0.7712627042813435
151	0.7111366461700386
152	0.758843950874465
153	0.7346031188276403
154	0.7111366461700386
155	0.6556978921951104
156	0.8782156365502339
157	0.34814444420780405
158	0.3775797899972509
159	0.40950387170122843
160	0.45139540946973084
161	0.4299397258291168
162	0.34814444420780405
163	0.3900393726467364
164	0.13360357026643777
165	0.5309525138815068
166	0.5057153295259778
167	0.7967132492072908
168	0.7712627042813435
169	0.9071954723294418
170	0.8501615448993928
171	0.6347520014624387
172	0.5309525138815068
173	0.614475215120391
174	0.9071954723294418
175	0.3262571601860559
176	0.154620385880011
177	0.13145230613269226
178	0.18187177108593947
179	0.8501615448993928
180	0.8925879504044913
181	0.37150005830873106
182	0.23581040555488308
183	0.19407281858793526
184	0.20047693868989458
185	0.1521307122146575
186	0.2641873055176448
187	0.47392181612760637
188	0.37150005830873106
189	0.3775797899972509
190	0.3900393726467364
191	0.06129500098272679
192	0.04084874312373918
193	0.5057153295259778
194	0.5057153295259778
195	0.6045810297425014
196	0.6556978921951104
197	0.9220420515895167
198	0.9220420515895167
199	0.8925879504044913
200	0.9838981538483189
