1	1.0
2	0.9680555771461302
3	0.9680555771461302
4	0.809751747262771
5	0.8501615448993928
6	0.9071954723294419
7	0.8230036250150272
8	0.8230036250150272
9	0.7346031188276403
10	0.8364723744993592
11	0.8230036250150272
12	0.07569604040982107
13	0.042196692099189664
14	0.0744771944128507
15	0.176061982325188
16	0.2396695274125223
17	0.7967132492072908
18	0.8230036250150272
19	0.7967132492072908
20	0.8782156365502338
21	0.41620554942555466
22	0.2396695274125223
23	0.176061982325188
24	0.06756537356313774
25	0.040191002946470614
26	0.03529636723622752
27	0.0290490381852773
28	0.010617952774479945
29	0.006631244087325071
30	0.007191910689857912
31	0.011330268629776648
32	0.8640747434825012
33	0.44412711003286787
34	0.41620554942555466
35	0.3538419528953301
36	0.5309525138815068
37	0.5665719880005069
38	1.0
39	0.9838981538483189
40	0.5309525138815068
41	0.3210038175868511
42	0.8501615448993928
43	0.3370231708678045
44	0.176061982325188
45	0.2685108255202325
46	0.5224031981891458
47	0.699686033300596
48	0.746625162324361
49	0.45139540946972445
50	0.2959790185358472
51	0.6664286233595222
52	0.22827757824649533
53	0.154620385880011
54	0.210481526578285
55	0.4299397258291107
56	0.8230036250150272
57	0.9220420515895035
58	0.9220420515895035
59	0.9071954723294419
60	0.31583506350196533
61	0.08480513362914895
62	0.04576439005840027
63	0.03705779481220407
64	0.5948461590153626
65	0.10644373457266673
66	0.06647744631284325
67	0.6664286233595222
68	0.5309525138815068
69	0.9838981538483189
70	0.746625162324361
71	0.19724888986614708
72	0.210481526578285
73	0.746625162324361
74	0.4895605451959158
75	0.1380122933233906
76	0.15213071221465752
77	0.14027091400017713
78	0.2865241396118647
79	0.746625162324361
80	0.0290490381852773
81	0.022404439747548664
82	0.021688742850449232
83	0.009026975134420792
84	0.0028051283336034973
85	0.9680555771461302
86	0.9371316004437406
87	0.9838981538483189
88	1.0
89	1.0
90	0.9838981538483189
91	0.9838981538483189
92	0.9680555771461302
93	0.9838981538483189
94	0.005198130749138962
95	0.004565079704726418
96	0.005729890533725346
97	0.0044192508682770176
98	0.013545299253376991
99	1.0
100	0.9524680951766463
101	0.9524680951766463
102	0.8782156365502338
103	0.1597226332147545
104	0.10818572446379086
105	0.09501039487561763
106	0.08619300005539272
107	0.09197534264619778
108	0.1818717710859369
109	0.14256649781436606
110	0.1818717710859369
111	0.21392613224755633
112	0.2685108255202325
113	0.4369758436353278
114	0.9680555771461302
115	0.9371316004437406
116	0.9071954723294419
117	0.14489964968096344
118	0.043589121425845555
119	0.02635315591720863
120	0.10644373457266673
121	0.19724888986614708
122	0.18484816784601352
123	0.21742711012398036
124	0.8782156365502338
125	0.9220420515895035
126	0.9371316004437406
127	0.11733274450692358
128	0.098145599404233
129	0.9220420515895035
130	0.9220420515895035
131	0.060308038307034934
132	0.05744148237014259
133	0.07569604040982107
134	0.2819105719970956
135	0.9071954723294419
136	0.9220420515895035
137	0.9371316004437406
138	0.09975178733729187
139	0.06979493239667436
140	0.05651656845829405
141	0.00611428590286806
142	0.05744148237014259
143	0.7967132492072908
144	0.176061982325188
145	0.01700147357515921
146	0.007076107650393089
147	0.06867110513305613
148	0.006631244087325071
149	0.004491573493650752
150	0.005032079462438764
151	0.00611428590286806
152	0.2516299796562454
153	1.0
154	0.9680555771461302
155	0.9680555771461302
156	0.25993340216897615
157	0.007191910689857912
158	0.008057369233584964
159	0.009950419076984445
160	0.006015834611932685
161	0.9680555771461302
162	0.9680555771461302
163	0.9680555771461302
164	0.9680555771461302
165	0.9680555771461302
166	0.03587400494469108
167	0.0290490381852773
168	0.012489335512977493
169	0.024696375181437153
170	0.0965652740621615
171	0.01619336115132798
172	0.019047393108381876
173	0.010791719379643074
174	0.053830228305391865
175	0.27290510147824404
176	0.10304345090533384
177	0.034728030561276546
178	0.09348055211451999
179	0.9680555771461302
180	0.9838981538483189
181	0.0769348332586572
182	0.08903724340857805
183	0.9680555771461302
184	0.13579004060925667
185	0.07209806342155671
186	0.06867110513305613
187	0.08343961441457963
188	0.12120455403275907
189	0.10644373457266673
190	0.14489964968096344
191	0.2516299796562454
192	0.17322705937262783
193	0.13579004060925667
194	0.16233655139003125
195	0.10304345090533384
196	0.9220420515895035
197	0.758843950874465
198	0.809751747262771
199	0.8364723744993592
200	1.0
