1	0.9680555771461302
2	1.0
3	0.9838981538483189
4	0.8097517472627709
5	0.8097517472627709
6	0.9838981538483189
7	0.3538419528953351
8	0.2641873055176485
9	0.44412711003286787
10	0.44412711003286787
11	0.22827757824649536
12	0.009174704819918202
13	0.012489335512977668
14	0.009632558682416179
15	0.028581295041563655
16	0.23201342268367284
17	0.481677716615238
18	0.6045810297425014
19	0.5224031981891458
20	0.566571988000515
21	0.9524680951766463
22	0.9524680951766463
23	0.12318811002815044
24	0.007191910689857912
25	0.0025864462836876507
26	0.4299397258291107
27	0.5484731728386689
28	0.1272531380804732
29	0.019359110527732544
30	0.027222771645920248
31	0.052963462250909324
32	0.8782156365502338
33	0.6664286233595222
34	0.9371316004437404
35	0.9371316004437404
36	0.9680555771461302
37	0.9220420515895035
38	0.47392181612761314
39	0.27737129133826594
40	0.20709238541955047
41	0.1597226332147545
42	0.3370231708678045
43	0.43697584363533404
44	0.8925879504044913
45	0.7838846950415602
46	0.7838846950415602
47	0.8501615448993928
48	0.7712627042813325
49	0.746625162324361
50	0.7712627042813325
51	0.5758441417787756
52	0.699686033300596
53	0.24757827243666988
54	0.38375901867527495
55	0.3775797899972509
56	0.4029101033605775
57	0.44412711003286787
58	0.42301690250932045
59	0.8230036250150272
60	0.6884197964379
61	0.6245313223904277
62	0.7227746524257325
63	0.9220420515895035
64	0.9220420515895035
65	0.8925879504044913
66	0.03954385360034534
67	0.05744148237014259
68	0.06540703669975811
69	0.39642250686330754
70	0.3775797899972509
71	0.05044600800408382
72	0.07819389939674361
73	0.07947357060372963
74	0.45139540946972445
75	0.5758441417787756
76	0.8230036250150272
77	0.8364723744993591
78	0.6347520014624387
79	0.5396417421912961
80	0.5948461590153626
81	0.9071954723294418
82	0.9371316004437404
83	0.9220420515895035
84	0.9371316004437404
85	0.9371316004437404
86	0.9838981538483189
87	0.8782156365502338
88	0.9524680951766463
89	0.9524680951766463
90	0.02314375359893927
91	0.034728030561276546
92	0.04727454821686481
93	0.10304345090533383
94	0.9071954723294418
95	0.9220420515895035
96	0.9371316004437404
97	0.06647744631284419
98	0.07569604040982107
99	0.06979493239667438
100	0.07693483325865721
101	0.9371316004437404
102	0.9838981538483189
103	0.481677716615238
104	0.19407281858793526
105	0.2516299796562454
106	0.6664286233595222
107	0.746625162324361
108	0.12933568132305998
109	0.31583506350196977
110	0.1272531380804732
111	0.4095038717012285
112	0.15213071221465752
113	0.6451399456130033
114	0.6347520014624387
115	0.07569604040982107
116	0.1272531380804732
117	0.07569604040982107
118	0.20709238541955047
119	0.43697584363533404
120	0.6451399456130033
121	0.9524680951766463
122	0.7712627042813325
123	0.1818717710859369
124	0.22827757824649536
125	0.9371316004437404
126	0.9524680951766463
127	0.9371316004437404
128	0.8782156365502338
129	0.6884197964379
130	0.23581040555488308
131	0.39642250686330754
132	0.7588439508744758
133	0.1597226332147545
134	0.09348055211451997
135	0.0744771944128507
136	0.176061982325188
137	0.1272531380804732
138	0.8640747434825012
139	0.8782156365502338
140	0.9838981538483189
141	0.9838981538483189
142	0.9838981538483189
143	0.5139915422627507
144	0.5057153295259778
145	0.5139915422627507
146	0.1732270593726278
147	0.20709238541955047
148	0.6773349667878948
149	0.6884197964379
150	0.7346031188276403
151	0.5396417421912961
152	0.03954385360034534
153	0.22827757824649536
154	0.37150005830873106
155	0.9524680951766463
156	0.20047693868989175
157	0.028581295041563655
158	0.03890712455342798
159	0.9220420515895035
160	0.9220420515895035
161	0.9371316004437404
162	0.9838981538483189
163	0.013545299253376991
164	0.011895693606067882
165	0.062298115656567614
166	0.3315964756209393
167	0.3210038175868511
168	0.3538419528953351
169	0.9071954723294418
170	0.4895605451959158
171	0.7838846950415602
172	0.12120455403275907
173	0.014690543918280221
174	0.028581295041563655
175	0.060308038307034934
176	0.013766972933527001
177	0.0612950009827268
178	0.09975178733729188
179	0.15213071221465752
180	0.9071954723294418
181	0.31074953590015464
182	0.210481526578285
183	0.22827757824649536
184	0.017849913987938722
185	0.02168874285044923
186	0.008459463654885485
187	0.034728030561276546
188	0.22827757824649536
189	0.09049436982916054
190	0.03416884515602848
191	0.09814559940423298
192	0.3538419528953351
193	0.9838981538483189
194	0.8097517472627709
195	0.8097517472627709
196	0.8230036250150272
197	0.8230036250150272
198	0.7967132492072908
199	0.8230036250150272
200	0.9680555771461302
