1	0.9680555771461439
2	0.9071954723294547
3	0.566571988000523
4	0.5758441417787838
5	0.7227746524257428
6	0.8640747434825137
7	0.43697584363533415
8	0.08209608258032165
9	0.02032520629905422
10	0.08480513362915017
11	0.5396417421913039
12	0.6556978921951199
13	0.9524680951766599
14	0.9524680951766599
15	0.9680555771461439
16	0.9838981538483189
17	0.7588439508744866
18	0.6245313223904277
19	0.5948461590153712
20	0.60458102974251
21	0.6451399456130125
22	0.9838981538483189
23	0.2070923854195505
24	0.15462038588001104
25	0.009026975134420922
26	0.01027876840120983
27	0.04883453939311235
28	0.061295000982726805
29	0.04651334071458728
30	0.12318811002815044
31	0.11544347070631858
32	0.12318811002815044
33	0.23581040555488644
34	0.7227746524257428
35	0.3425386759286075
36	0.7838846950415603
37	0.850161544899405
38	0.850161544899405
39	0.8925879504045042
40	0.8925879504045042
41	0.8925879504045042
42	0.8364723744993591
43	0.3596327033558848
44	0.08209608258032165
45	0.12520412762878458
46	0.6347520014624478
47	0.11358461770179094
48	0.061295000982726805
49	0.6451399456130125
50	0.8230036250150391
51	0.8925879504045042
52	0.850161544899405
53	0.9071954723294547
54	0.9220420515895167
55	0.8925879504045042
56	0.3837590186752804
57	0.22098538275893512
58	0.8782156365502465
59	0.9220420515895167
60	0.32625716018605594
61	0.19094788792081194
62	0.1676934209382986
63	0.746625162324361
64	0.7111366461700487
65	0.850161544899405
66	0.850161544899405
67	0.9220420515895167
68	0.9220420515895167
69	0.9220420515895167
70	0.9524680951766599
71	0.7588439508744866
72	0.8230036250150391
73	0.14489964968096347
74	0.07947357060373077
75	0.10644373457266977
76	0.13801229332339257
77	0.5396417421913039
78	0.513991542262758
79	0.09501039487561899
80	0.1336035702664378
81	0.9220420515895167
82	0.17894329980857993
83	0.1818717710859395
84	0.14489964968096347
85	0.0807741840889576
86	0.8640747434825137
87	0.8925879504045042
88	0.9524680951766599
89	0.9680555771461439
90	0.9371316004437406
91	0.9524680951766599
92	0.20375781569034312
93	0.09348055211452132
94	0.056516568458294864
95	0.01672771846330013
96	0.07947357060373077
97	0.07209806342155775
98	0.6664286233595221
99	0.8782156365502465
100	0.60458102974251
101	0.6884197964379097
102	0.9220420515895167
103	0.850161544899405
104	0.9838981538483189
105	0.9071954723294547
106	0.8640747434825137
107	0.8782156365502465
108	0.4299397258291168
109	0.8925879504045042
110	0.5309525138815143
111	0.7588439508744866
112	0.9071954723294547
113	0.3158350635019743
114	0.12933568132306
115	0.11733274450692524
116	0.09501039487561899
117	0.06647744631284419
118	0.07947357060373077
119	0.8925879504045042
120	0.9220420515895167
121	0.9524680951766599
122	0.6245313223904277
123	0.3158350635019743
124	0.11358461770179094
125	0.0003455584578030324
126	9.278618677019064e-05
127	0.00036874058845033853
128	0.00153853763735118
129	0.022404439747548986
130	0.8925879504045042
131	0.9220420515895167
132	0.8782156365502465
133	0.8782156365502465
134	1.0
135	1.0
136	1.0
137	1.0
138	0.9371316004437406
139	1.0
140	0.3425386759286075
141	0.4513954094697309
142	0.9220420515895167
143	0.9524680951766599
144	0.9838981538483189
145	0.7111366461700487
146	0.6245313223904277
147	0.8640747434825137
148	0.8782156365502465
149	0.9838981538483189
150	0.9838981538483189
151	1.0
152	1.0
153	1.0
154	1.0
155	0.9680555771461439
156	0.05933696755250705
157	0.015676073575284756
158	0.0034641831191915295
159	0.003696581267296084
160	0.004565079704726483
161	0.04151724745489924
162	0.09197534264619908
163	0.27737129133826594
164	0.6451399456130125
165	0.9371316004437406
166	0.9838981538483189
167	0.098145599404233
168	0.0013294115143323943
169	0.0005356333306484146
170	0.00148938994048704
171	0.0012869442307717753
172	0.010791719379643228
173	0.03416884515602848
174	0.272905101478248
175	1.0
176	0.9838981538483189
177	0.9838981538483189
178	0.9838981538483189
179	0.9838981538483189
180	1.0
181	1.0
182	1.0
183	0.9838981538483189
184	0.2685108255202363
185	0.037664258914665634
186	0.01727970878760305
187	0.006214348384488123
188	0.006214348384488123
189	0.0007410792960859247
190	0.0006099109471023095
191	0.09348055211452132
192	0.9371316004437406
193	0.9371316004437406
194	0.9838981538483189
195	0.5574491330158786
196	0.4895605451959228
197	0.45878265723355877
198	0.3715000583087311
199	0.8782156365502465
200	0.9838981538483189
