1	0.4441271100328742
2	0.4587826572335587
3	0.4587826572335587
4	0.4816777166152449
5	0.4816777166152449
6	0.9220420515895167
7	0.9220420515895167
8	0.6556978921951199
9	0.5758441417787838
10	0.5224031981891458
11	0.0032995238968794257
12	0.003757077145472426
13	0.07447719441285175
14	0.08343961441458082
15	0.036461095901418175
16	0.3107495359001591
17	0.40291010336058325
18	0.7712627042813435
19	0.17606198232518802
20	0.0622981156565685
21	0.2209853827589351
22	0.2729051014782441
23	0.9524680951766599
24	0.17894329980857993
25	0.164993247273701
26	0.8501615448994049
27	0.07819389939674416
28	0.164993247273701
29	0.8782156365502464
30	0.9071954723294419
31	0.9524680951766599
32	0.9071954723294419
33	0.9220420515895167
34	0.9524680951766599
35	0.16233655139003356
36	0.049633734144236295
37	0.07569604040982161
38	0.1030434509053353
39	1.0
40	0.9524680951766599
41	0.9220420515895167
42	0.018438935128663972
43	0.010113261253784787
44	0.05211065273008518
45	0.1732270593726303
46	0.809751747262771
47	0.7588439508744759
48	0.020325206299054363
49	0.04651334071458728
50	0.021688742850449538
51	0.29597901853585135
52	0.7712627042813435
53	0.04019100294647119
54	0.0654070366997586
55	0.17894329980857993
56	0.24359180518339563
57	0.614475215120391
58	0.4441271100328742
59	0.20047693868989463
60	0.21742711012398036
61	0.40291010336058325
62	0.6664286233595317
63	0.6556978921951199
64	0.6884197964379097
65	0.7346031188276403
66	0.9071954723294419
67	0.5574491330158785
68	0.3107495359001591
69	0.5396417421912961
70	0.08760357941344522
71	0.011330268629776728
72	0.029049038185277716
73	0.1336035702664378
74	0.18484816784601618
75	0.3775797899972509
76	0.9071954723294419
77	1.0
78	1.0
79	0.9680555771461302
80	0.9524680951766599
81	0.9371316004437404
82	0.9524680951766599
83	0.3964225068633132
84	0.30082282132372057
85	0.2819105719970956
86	0.2819105719970956
87	0.3655182215245033
88	0.2516299796562454
89	0.6884197964379097
90	0.8782156365502464
91	0.9371316004437404
92	0.8640747434825137
93	0.5309525138815143
94	0.6245313223904277
95	0.6245313223904277
96	0.9524680951766599
97	0.7346031188276403
98	0.27737129133826993
99	0.5396417421912961
100	0.7466251623243612
101	0.7712627042813435
102	0.7466251623243612
103	0.7111366461700487
104	0.9220420515895167
105	0.9838981538483328
106	0.677334966787895
107	0.5852680376789872
108	0.6556978921951199
109	0.699686033300596
110	0.9071954723294419
111	0.8925879504045041
112	0.809751747262771
113	0.8925879504045041
114	0.6451399456130124
115	0.14968112689163354
116	0.4895605451959158
117	0.1425664978143681
118	0.09814559940423369
119	0.0997517873372933
120	0.1546203858800132
121	1.0
122	1.0
123	0.006214348384488079
124	0.00591896856853743
125	0.007429233258548984
126	0.005283200023099469
127	0.0025447997235481606
128	0.0008859578853748478
129	0.002945115272426268
130	0.011704150977755607
131	1.0
132	1.0
133	1.0
134	1.0
135	1.0
136	1.0
137	0.01061795277448002
138	0.0009004569039077839
139	0.00037477516042497305
140	0.004639788871308543
141	0.0068500654754495745
142	0.008057369233585078
143	0.0027155201279555345
144	0.005823662247270245
145	1.0
146	1.0
147	0.15715080394779135
148	0.10644373457266824
149	0.11175569566235918
150	0.14968112689163354
151	0.7111366461700487
152	0.28652413961186873
153	0.5224031981891458
154	0.7838846950415602
155	0.9071954723294419
156	0.9371316004437404
157	1.0
158	1.0
159	0.9838981538483328
160	1.0
161	0.9838981538483328
162	0.9524680951766599
163	0.2139261322475594
164	0.051271575016962036
165	0.10995622264422977
166	0.1013842611119193
167	0.06979493239667488
168	0.13579004060925667
169	0.9071954723294419
170	1.0
171	1.0
172	1.0
173	0.1732270593726303
174	0.0443024730307253
175	0.036461095901418175
176	0.056516568458294454
177	0.09197534264619908
178	0.11175569566235918
179	0.5309525138815143
180	0.614475215120391
181	0.6045810297425014
182	0.566571988000515
183	0.6245313223904277
184	0.7967132492073021
185	0.8782156365502464
186	0.8640747434825137
187	0.8501615448994049
188	0.9371316004437404
189	1.0
190	0.9680555771461302
191	0.9680555771461302
192	0.9838981538483328
193	0.9838981538483328
194	1.0
195	0.9680555771461302
196	0.9680555771461302
197	0.9680555771461302
198	0.9838981538483328
199	0.9838981538483328
200	1.0
