1	0.983898153848319
2	0.9680555771461301
3	0.9680555771461301
4	0.9680555771461301
5	0.31074953590015464
6	0.2819105719970956
7	0.04963373414423629
8	0.026784434765055293
9	0.1380122933233906
10	0.2209853827589351
11	0.05560654736795844
12	0.013766972933527003
13	0.2819105719970956
14	0.5758441417787838
15	0.983898153848319
16	0.983898153848319
17	0.983898153848319
18	0.5948461590153711
19	0.3262571601860513
20	0.24757827243667338
21	0.2729051014782441
22	0.4162055494255547
23	0.9371316004437406
24	0.9071954723294419
25	0.4975723790934038
26	0.10304345090533384
27	0.6664286233595221
28	0.6664286233595221
29	0.004278080449843506
30	0.2641873055176485
31	0.05933696755250621
32	0.983898153848319
33	0.07447719441285175
34	0.09049436982916054
35	0.3057458946813841
36	0.3008228213237163
37	0.3057458946813841
38	0.04358912142584555
39	0.04151724745489924
40	0.9524680951766598
41	0.7588439508744758
42	0.699686033300586
43	0.6664286233595221
44	0.5396417421912961
45	0.5758441417787838
46	0.7466251623243612
47	0.210481526578285
48	0.2557479945175683
49	0.17894329980857993
50	0.15972263321475677
51	0.07569604040982107
52	0.19094788792080922
53	0.11358461770178932
54	0.809751747262771
55	0.8925879504044915
56	0.9524680951766598
57	0.9680555771461301
58	0.983898153848319
59	0.023907463729683512
60	0.024298717947761457
61	0.014453999040223766
62	0.010113261253784644
63	0.009632558682416177
64	0.9680555771461301
65	0.983898153848319
66	0.983898153848319
67	0.983898153848319
68	0.013327194928720634
69	0.007191910689857913
70	0.006419412822152426
71	0.0003871421943870425
72	0.001723681836231313
73	0.210481526578285
74	0.15213071221465752
75	0.15715080394779135
76	0.2516299796562454
77	0.2557479945175683
78	0.2685108255202325
79	0.31583506350196977
80	0.004278080449843506
81	0.03529636723622752
82	0.011147830387442765
83	0.0011675099792966342
84	0.003299523896879449
85	0.017001473575158972
86	0.2004769386898946
87	0.983898153848319
88	1.0
89	1.0
90	1.0
91	0.983898153848319
92	0.983898153848319
93	0.19407281858793252
94	0.012693727967806583
95	0.00463978887130851
96	0.003408403375565057
97	0.012090370898187257
98	0.034728030561277046
99	0.17043778391330164
100	0.9524680951766598
101	0.983898153848319
102	0.8782156365502339
103	0.8501615448994049
104	0.22460188780169194
105	0.12120455403275908
106	0.24757827243667338
107	0.19094788792080922
108	0.2139261322475594
109	0.28652413961186873
110	0.019675929314445093
111	0.677334966787895
112	0.1878732744065199
113	0.03202070454638286
114	0.23201342268367287
115	0.8925879504044915
116	0.9680555771461301
117	0.3964225068633132
118	0.4739218161276131
119	0.9524680951766598
120	0.9371316004437406
121	0.9524680951766598
122	0.9680555771461301
123	1.0
124	0.983898153848319
125	0.983898153848319
126	0.7967132492073022
127	0.1380122933233906
128	0.042887256098759645
129	0.04804821315291625
130	0.2516299796562454
131	0.1818717710859369
132	0.8925879504044915
133	0.8501615448994049
134	0.011147830387442765
135	0.002759960588740092
136	0.008459463654885606
137	0.016458371314135432
138	0.00932485215470036
139	0.006631244087325071
140	0.005637628717885326
141	0.01619336115132821
142	0.9680555771461301
143	0.12725313808047323
144	0.9680555771461301
145	0.9680555771461301
146	1.0
147	0.19407281858793252
148	0.06331764666180248
149	0.04502749889045438
150	0.04804821315291625
151	0.0622981156565685
152	0.14489964968096344
153	0.9680555771461301
154	0.9680555771461301
155	0.9680555771461301
156	1.0
157	0.983898153848319
158	0.9220420515895167
159	0.2358104055548831
160	0.054711179297213405
161	0.037664258914665634
162	0.04430247303072529
163	0.052110652730085555
164	0.1878732744065199
165	0.983898153848319
166	1.0
167	0.1425664978143681
168	0.983898153848319
169	0.008881624169591297
170	0.008057369233584964
171	0.008459463654885606
172	0.008881624169591297
173	0.01619336115132821
174	0.07819389939674361
175	0.10644373457266824
176	0.11925293695084216
177	0.9220420515895167
178	0.9071954723294419
179	0.8640747434825014
180	0.9371316004437406
181	0.9220420515895167
182	0.8501615448994049
183	0.8782156365502339
184	0.8501615448994049
185	0.677334966787895
186	0.6556978921951105
187	0.6451399456130033
188	0.8925879504044915
189	0.9220420515895167
190	0.9071954723294419
191	0.9220420515895167
192	0.9371316004437406
193	0.9220420515895167
194	0.9680555771461301
195	0.7466251623243612
196	0.42301690250932045
197	0.39003937264673083
198	0.3481444442077991
199	0.4299397258291168
200	0.6664286233595221
