1	1.0
2	0.8925879504044913
3	0.9680555771461301
4	0.1496811268916314
5	0.14027091400017713
6	0.12120455403276079
7	0.11175569566235759
8	0.09348055211451997
9	0.10818572446379239
10	0.1314523061326904
11	0.07209806342155774
12	0.08209608258032047
13	0.9524680951766462
14	0.14027091400017713
15	0.09814559940423158
16	0.08760357941344458
17	0.015932618141390686
18	0.05383022830539263
19	0.08760357941344458
20	0.9680555771461301
21	0.012288234154010974
22	0.03890712455342798
23	0.8640747434825012
24	0.09348055211451997
25	0.06979493239667438
26	0.18787327440651988
27	0.21392613224755633
28	0.4230169025093144
29	0.2959790185358471
30	0.3837590186752749
31	0.6556978921951104
32	0.6773349667878853
33	0.6884197964379097
34	0.7227746524257324
35	0.6884197964379097
36	0.07693483325865721
37	0.07327797408660716
38	0.10818572446379239
39	0.5396417421912961
40	0.5309525138815067
41	0.04804821315291624
42	0.4230169025093144
43	0.2396695274125223
44	0.3538419528953301
45	0.9838981538483188
46	0.9680555771461301
47	0.937131600443727
48	0.9220420515895166
49	0.9524680951766462
50	0.937131600443727
51	0.7111366461700385
52	0.7111366461700385
53	0.9680555771461301
54	0.614475215120391
55	0.2685108255202324
56	0.49757237909340374
57	0.05383022830539263
58	0.12318811002814867
59	0.5574491330158785
60	0.8640747434825012
61	0.8782156365502338
62	0.5665719880005069
63	0.4299397258291107
64	0.45878265723355866
65	0.3262571601860512
66	0.34253867592860743
67	0.10138426111191928
68	0.5224031981891383
69	0.49757237909340374
70	0.5224031981891383
71	0.5574491330158785
72	0.7346031188276403
73	0.47392181612760637
74	0.614475215120391
75	0.5057153295259705
76	0.48956054519591574
77	0.04288725609875964
78	0.1099562226442282
79	0.09197534264619776
80	0.23581040555487973
81	0.2557479945175646
82	0.3837590186752749
83	0.6773349667878853
84	0.9524680951766462
85	0.9680555771461301
86	0.8640747434825012
87	0.5224031981891383
88	0.3837590186752749
89	0.02635315591720863
90	0.3370231708678044
91	0.35963270335587966
92	0.6347520014624387
93	0.8640747434825012
94	0.8501615448993927
95	0.8640747434825012
96	0.4441271100328678
97	0.04358912142584555
98	0.019997932954225667
99	0.0019627091166381136
100	0.024298717947761457
101	0.5309525138815067
102	0.5057153295259705
103	0.5484731728386688
104	0.6556978921951104
105	0.5396417421912961
106	0.3370231708678044
107	0.2959790185358471
108	0.45878265723355866
109	0.2959790185358471
110	0.6664286233595221
111	0.48956054519591574
112	0.40950387170122843
113	0.5396417421912961
114	0.614475215120391
115	0.7346031188276403
116	0.6773349667878853
117	0.5665719880005069
118	0.4029101033605775
119	0.35963270335587966
120	0.2959790185358471
121	0.7227746524257324
122	0.6884197964379097
123	0.7466251623243609
124	0.5396417421912961
125	0.3262571601860512
126	0.31074953590015464
127	0.2819105719970916
128	0.49757237909340374
129	0.9071954723294288
130	0.7227746524257324
131	0.614475215120391
132	0.35963270335587966
133	0.09348055211451997
134	0.12120455403276079
135	0.614475215120391
136	0.4299397258291107
137	0.030997821620274372
138	0.011147830387442607
139	0.08760357941344458
140	1.0
141	0.00495105369311154
142	0.004491573493650751
143	0.836472374499359
144	0.0015137643410159584
145	0.00028905010372683285
146	0.018438935128663837
147	0.11925293695084047
148	0.044302473030724654
149	0.10304345090533383
150	0.8782156365502338
151	0.028581295041563655
152	0.03361866366814501
153	0.07819389939674361
154	0.10304345090533383
155	0.481677716615238
156	0.481677716615238
157	0.10818572446379239
158	0.05296346225090932
159	0.03049869946550789
160	0.030007614098887924
161	0.3837590186752749
162	0.3900393726467308
163	0.5224031981891383
164	0.937131600443727
165	0.699686033300586
166	0.45878265723355866
167	0.4441271100328678
168	0.5396417421912961
169	0.23581040555487973
170	0.22098538275893193
171	0.1972488898661471
172	0.06435386265758125
173	0.06030803830703578
174	0.9680555771461301
175	0.937131600443727
176	0.27737129133826594
177	0.2685108255202324
178	0.08619300005539272
179	0.836472374499359
180	1.0
181	1.0
182	0.9680555771461301
183	0.8097517472627593
184	0.7712627042813434
185	0.7712627042813434
186	0.08209608258032047
187	0.24757827243666988
188	0.22827757824649533
189	0.8640747434825012
190	0.10138426111191928
191	0.16769342093829617
192	0.1597226332147545
193	0.1597226332147545
194	0.25162997965624534
195	0.9524680951766462
196	0.937131600443727
197	0.8640747434825012
198	0.27290510147824404
199	0.25162997965624534
200	0.2865241396118646
