1	0.006739766775034895
2	0.00029378051233887553
3	4.469303857690075e-05
4	5.8896217760446576e-05
5	0.030997821620274375
6	1.0
7	0.4299397258291169
8	0.3596327033558848
9	1.0
10	1.0
11	0.026784434765055293
12	0.0004408281728025179
13	0.000650827425746295
14	0.00036280318422523335
15	0.012489335512977671
16	1.0
17	1.0
18	0.7111366461700386
19	0.9838981538483189
20	0.003578496112179884
21	0.000816890426252923
22	0.00611428590286806
23	1.0
24	1.0
25	1.0
26	0.9838981538483189
27	1.0
28	1.0
29	1.0
30	1.0
31	1.0
32	1.0
33	1.0
34	1.0
35	0.9838981538483189
36	0.001994829555235368
37	0.00042674617124462144
38	0.006419412822152427
39	0.9838981538483189
40	0.7346031188276403
41	1.0
42	0.9838981538483189
43	0.013766972933527003
44	0.00018952954375246509
45	0.0005019589204015528
46	0.0002538483208393753
47	0.026784434765055293
48	1.0
49	1.0
50	0.3596327033558848
51	0.4369758436353279
52	0.9838981538483189
53	0.030997821620274375
54	0.00022293356467315998
55	0.00010227805318730174
56	0.00030347484098480504
57	0.007309608887594927
58	0.06647744631284419
59	0.03646109590141792
60	0.03202070454638287
61	0.04219669209919026
62	0.03705779481220461
63	0.15213071221465752
64	0.9680555771461302
65	0.9680555771461302
66	0.9838981538483189
67	0.12933568132306
68	0.028121083425988992
69	0.0014185963995909494
70	0.0005270086451645937
71	0.00611428590286806
72	0.07819389939674361
73	0.5574491330158786
74	0.010617952774480096
75	0.4162055494255547
76	0.037664258914665634
77	0.038280648019664396
78	0.08209608258032049
79	0.22098538275893198
80	0.9680555771461302
81	0.8925879504044916
82	0.9680555771461302
83	0.5309525138815068
84	0.4739218161276064
85	0.8364723744993592
86	0.38375901867528045
87	0.0039445700748387096
88	0.001994829555235368
89	0.007927630713798603
90	0.20709238541955047
91	0.9371316004437271
92	0.6664286233595222
93	0.22827757824649536
94	0.04288725609875964
95	0.07569604040982215
96	0.823003625015039
97	0.8782156365502339
98	0.9680555771461302
99	0.9680555771461302
100	0.9524680951766599
101	0.06435386265758127
102	0.08209608258032049
103	0.38375901867528045
104	0.9371316004437271
105	0.7967132492072909
106	0.6556978921951105
107	0.9524680951766599
108	0.1940728185879353
109	0.04288725609875964
110	0.03646109590141792
111	0.16233655139003358
112	0.00932485215470036
113	0.3775797899972509
114	0.013992274382953428
115	0.6556978921951105
116	0.9838981538483189
117	0.9220420515895166
118	0.8925879504044916
119	0.9071954723294419
120	0.9680555771461302
121	0.9071954723294419
122	0.2139261322475594
123	0.12725313808047323
124	0.17043778391330167
125	0.07093715149650967
126	0.06435386265758127
127	0.06331764666180248
128	0.06331764666180248
129	0.12520412762878458
130	0.9524680951766599
131	0.2557479945175683
132	0.17043778391330167
133	0.16233655139003358
134	0.23201342268367284
135	0.8501615448994049
136	0.04651334071458662
137	0.012489335512977671
138	0.02952443611328862
139	0.8782156365502339
140	0.7588439508744759
141	0.9071954723294419
142	0.9071954723294419
143	0.8640747434825138
144	0.9071954723294419
145	0.9220420515895166
146	0.6884197964379097
147	0.2037578156903402
148	0.08619300005539272
149	0.09814559940423298
150	0.8640747434825138
151	0.9838981538483189
152	0.027222771645920248
153	0.020995908477665932
154	0.04804821315291625
155	0.07327797408660718
156	0.06979493239667438
157	0.16233655139003358
158	0.14489964968096347
159	0.05560654736795845
160	0.05838153282986846
161	0.15715080394779135
162	0.16769342093829856
163	0.2599334021689762
164	0.9838981538483189
165	0.8782156365502339
166	0.8782156365502339
167	0.9371316004437271
168	0.7712627042813436
169	0.6884197964379097
170	0.8364723744993592
171	0.23581040555487975
172	0.23201342268367284
173	0.18787327440652257
174	0.7111366461700386
175	0.6996860333005861
176	0.6347520014624478
177	0.12520412762878458
178	0.07819389939674361
179	0.037664258914665634
180	0.04288725609875964
181	0.9838981538483189
182	0.002897693479410694
183	0.0038810552143591307
184	0.9680555771461302
185	0.03705779481220461
186	0.000816890426252923
187	0.0031941225103010837
188	0.028121083425988992
189	0.023907463729683512
190	0.10138426111191928
191	0.9680555771461302
192	0.9838981538483189
193	0.9838981538483189
194	0.7227746524257326
195	0.31583506350196533
196	0.1818717710859369
197	0.04219669209919026
198	0.0330773411179359
199	0.037664258914665634
200	0.06756537356313871
