1	0.823003625015039
2	0.8364723744993591
3	0.8925879504044915
4	0.8925879504044915
5	0.9838981538483189
6	0.9680555771461302
7	0.3370231708678045
8	0.3370231708678045
9	0.5574491330158785
10	0.8640747434825014
11	0.9220420515895036
12	0.8782156365502339
13	0.45878265723355216
14	0.2435918051833991
15	0.1425664978143681
16	0.6347520014624387
17	0.2599334021689762
18	0.22460188780169196
19	0.7712627042813326
20	0.16769342093829617
21	0.6884197964379
22	0.9220420515895036
23	0.9838981538483189
24	0.8640747434825014
25	0.1472709844146142
26	0.5309525138815068
27	0.06867110513305712
28	0.24757827243666988
29	0.08209608258032164
30	0.012489335512977668
31	0.17894329980857737
32	0.012901465378461815
33	0.012693727967806583
34	0.22460188780169196
35	0.08343961441457964
36	0.060308038307034934
37	0.20047693868989178
38	0.17606198232518802
39	0.20709238541955047
40	0.3900393726467364
41	0.9220420515895036
42	0.9524680951766463
43	0.9524680951766463
44	0.9680555771461302
45	0.6884197964379
46	0.6556978921951105
47	0.38375901867527495
48	0.17322705937262783
49	0.06756537356313776
50	0.6045810297425014
51	0.045027498890453745
52	0.028121083425988593
53	0.7967132492072909
54	0.02766828206704513
55	0.019047393108381876
56	0.20709238541955047
57	0.2282775782464954
58	0.8501615448993929
59	0.7466251623243612
60	0.6045810297425014
61	0.8925879504044915
62	0.3481444442078041
63	0.2599334021689762
64	0.1380122933233906
65	0.1252041276287828
66	0.32100381758685115
67	0.15715080394779138
68	0.20047693868989178
69	0.42301690250932045
70	0.9371316004437406
71	0.3107495359001547
72	0.2641873055176485
73	0.1972488898661499
74	0.17894329980857737
75	0.19094788792080922
76	0.9220420515895036
77	0.9071954723294419
78	0.8640747434825014
79	0.8782156365502339
80	0.9220420515895036
81	0.8501615448993929
82	0.9071954723294419
83	0.9220420515895036
84	0.9524680951766463
85	0.9838981538483189
86	0.9680555771461302
87	0.1425664978143681
88	0.15462038588001104
89	0.24757827243666988
90	0.25574799451756824
91	0.31583506350196977
92	0.9838981538483189
93	0.41620554942555466
94	0.7712627042813326
95	0.7466251623243612
96	0.6245313223904277
97	0.5758441417787756
98	0.004565079704726418
99	0.004074735137074894
100	0.010617952774479945
101	0.01493095993810043
102	0.1940728185879353
103	0.37757978999725095
104	0.4441271100328679
105	0.9220420515895036
106	0.7111366461700386
107	0.3107495359001547
108	0.3315964756209393
109	0.06540703669975813
110	0.04084874312373918
111	0.6664286233595221
112	0.09814559940423298
113	0.11733274450692356
114	0.7588439508744759
115	0.04963373414423629
116	0.029524436113288616
117	0.10304345090533384
118	0.566571988000515
119	0.5224031981891458
120	0.6556978921951105
121	0.677334966787895
122	0.8640747434825014
123	0.6144752151203824
124	0.41620554942555466
125	0.22460188780169196
126	0.43697584363533404
127	0.4895605451959228
128	0.3008228213237163
129	0.2599334021689762
130	0.2599334021689762
131	0.16233655139003356
132	0.05933696755250621
133	0.022771096439116737
134	0.14027091400017716
135	0.4739218161276064
136	0.5224031981891458
137	0.5574491330158785
138	0.566571988000515
139	0.7346031188276403
140	0.9371316004437406
141	0.18787327440651988
142	0.005637628717885326
143	0.005198130749138963
144	0.18787327440651988
145	0.20375781569034024
146	0.31583506350196977
147	0.9838981538483189
148	1.0
149	1.0
150	0.809751747262771
151	0.809751747262771
152	1.0
153	1.0
154	0.12933568132306
155	0.010278768401209682
156	0.00014382334778855537
157	0.00013922899395054053
158	0.000535633330648407
159	0.002851035264810493
160	0.9071954723294419
161	0.6245313223904277
162	0.566571988000515
163	0.6045810297425014
164	0.3715000583087311
165	0.14489964968096344
166	0.05044600800408382
167	0.03150511208810857
168	0.22460188780169196
169	0.45139540946972445
170	0.2819105719970956
171	0.7346031188276403
172	0.7838846950415602
173	0.6556978921951105
174	0.677334966787895
175	0.9524680951766463
176	0.9524680951766463
177	0.9838981538483189
178	0.9220420515895036
179	0.7466251623243612
180	0.7346031188276403
181	0.7346031188276403
182	0.6664286233595221
183	0.5309525138815068
184	0.6245313223904277
185	0.5574491330158785
186	0.823003625015039
187	0.6556978921951105
188	0.1117556956623576
189	0.006850065475449526
190	0.08480513362914896
191	0.08343961441457964
192	0.08619300005539274
193	0.01967592931444509
194	0.004951053693111541
195	0.0007655338325415601
196	0.0012869442307717569
197	0.09656527406216149
198	0.16499324727369863
199	0.31583506350196977
200	0.9838981538483189
