1	0.9838981538483189
2	0.1472709844146163
3	0.038280648019664396
4	0.008597905811488966
5	0.0011675099792966507
6	0.0009925720876842986
7	0.00019898781356798582
8	0.006524468815236903
9	0.9838981538483189
10	0.026353155917209006
11	0.06331764666180247
12	1.0
13	0.016727718463300362
14	0.010791719379643074
15	0.016458371314135432
16	0.0076743871260476935
17	0.006631244087325071
18	0.008597905811488966
19	0.9524680951766599
20	0.04883453939311235
21	0.1252041276287828
22	0.04430247303072529
23	0.05296346225090933
24	0.17043778391330164
25	0.9838981538483189
26	1.0
27	0.9680555771461439
28	0.9680555771461439
29	0.9838981538483189
30	0.9838981538483189
31	0.9838981538483189
32	0.9524680951766599
33	0.1314523061326923
34	0.16769342093829856
35	0.42301690250932045
36	0.4975723790934108
37	0.1425664978143681
38	0.9838981538483189
39	0.019675929314445093
40	0.9680555771461439
41	0.01469054391828043
42	0.019047393108381876
43	0.015676073575284756
44	0.014221262971401333
45	0.007076107650393189
46	0.00719191068985781
47	0.9838981538483189
48	0.10995622264422979
49	0.004009124378788865
50	0.007927630713798489
51	0.007799981223697785
52	0.0184389351286641
53	0.028581295041564064
54	0.18484816784601354
55	0.9838981538483189
56	0.9838981538483189
57	0.7588439508744758
58	0.24359180518339563
59	0.000960864945202363
60	0.004951053693111611
61	0.0184389351286641
62	0.015932618141390915
63	0.016727718463300362
64	0.023907463729683852
65	0.9838981538483189
66	0.9838981538483189
67	0.9220420515895167
68	0.9680555771461439
69	0.9838981538483189
70	0.9838981538483189
71	0.9524680951766599
72	0.9680555771461439
73	0.9524680951766599
74	0.025511319561055356
75	0.030997821620274812
76	0.031505112088109015
77	0.027222771645920248
78	0.9838981538483189
79	0.9838981538483189
80	0.9838981538483189
81	0.7466251623243718
82	0.013992274382953626
83	0.25574799451756824
84	0.022404439747548983
85	0.9838981538483189
86	0.15972263321475905
87	0.0076743871260476935
88	8.148628007745244e-05
89	0.00024976089423136064
90	0.004348092770690462
91	0.005114431247540004
92	0.09656527406216288
93	0.9838981538483189
94	0.9838981538483189
95	0.07327797408660718
96	0.03000761409888835
97	0.9838981538483189
98	0.007309608887594927
99	0.0008168904262529346
100	0.0023086307871881067
101	0.002759960588740131
102	0.002163490864431252
103	0.042196692099189664
104	0.1425664978143681
105	0.009790198959862228
106	0.005114431247540004
107	0.007550815325235631
108	0.007550815325235631
109	1.0
110	0.007927630713798489
111	0.005283200023099469
112	0.03254473486014868
113	1.0
114	1.0
115	0.04151724745489983
116	0.004951053693111611
117	0.003299523896879449
118	0.00012837498722290263
119	0.00026222494537734203
120	0.007799981223697785
121	0.009790198959862228
122	0.020657835589543778
123	0.13360357026643968
124	0.9524680951766599
125	1.0
126	1.0
127	1.0
128	0.8364723744993591
129	0.5224031981891384
130	0.004871332588256416
131	0.0038185630603913942
132	0.004715720680195383
133	0.007927630713798489
134	0.0022714575694317693
135	0.0007780620682611711
136	0.011515692539375738
137	0.009026975134420792
138	0.011515692539375738
139	0.007076107650393189
140	0.03954385360034591
141	0.009632558682416179
142	0.00049387645509079
143	0.0010421053394971728
144	0.05383022830539339
145	1.0
146	1.0
147	1.0
148	1.0
149	1.0
150	0.9838981538483189
151	0.05471117929721263
152	0.0038810552143591303
153	0.0038810552143591303
154	0.01469054391828043
155	0.051271575016962036
156	0.8782156365502465
157	0.9838981538483189
158	1.0
159	0.9838981538483189
160	0.11925293695084216
161	0.009950419076984445
162	0.006850065475449623
163	1.0
164	0.009174704819918202
165	0.000661478449980534
166	0.0029933131400918323
167	0.0036370594844429478
168	0.007429233258549037
169	0.0069621692536538235
170	0.24757827243667338
171	0.7466251623243718
172	0.5139915422627653
173	0.9838981538483189
174	0.8364723744993591
175	0.9838981538483189
176	0.9524680951766599
177	1.0
178	1.0
179	0.13360357026643968
180	0.019997932954225955
181	0.004009124378788865
182	0.07819389939674472
183	0.3057458946813841
184	0.3057458946813841
185	0.3057458946813841
186	0.003299523896879449
187	0.009477456704464872
188	0.051271575016962036
189	1.0
190	1.0
191	0.030997821620274812
192	0.0069621692536538235
193	0.00193110587640156
194	0.0009925720876842986
195	0.001076493296561918
196	0.0006300371192533597
197	0.012901465378461999
198	1.0
199	1.0
200	1.0
