1	0.9680555771461439
2	0.9524680951766463
3	0.5484731728386766
4	0.28652413961186873
5	0.6045810297425014
6	0.3210038175868511
7	0.35384195289533515
8	0.3210038175868511
9	0.2320134226836728
10	0.21742711012398036
11	0.48956054519592274
12	0.7588439508744758
13	0.7466251623243612
14	0.49757237909340374
15	0.1940728185879353
16	0.3900393726467364
17	0.40291010336057753
18	0.6451399456130124
19	0.6556978921951199
20	0.48956054519592274
21	0.481677716615238
22	0.09975178733729329
23	0.11733274450692356
24	0.7967132492072908
25	0.5484731728386766
26	0.04502749889045438
27	0.12933568132306
28	0.16233655139003358
29	0.16769342093829617
30	0.1940728185879353
31	0.35963270335587966
32	0.7111366461700386
33	0.9371316004437406
34	0.9371316004437406
35	0.9371316004437406
36	0.6045810297425014
37	0.5224031981891458
38	0.513991542262758
39	0.49757237909340374
40	0.05744148237014341
41	0.07327797408660716
42	0.49757237909340374
43	0.49757237909340374
44	0.513991542262758
45	0.9071954723294419
46	0.9220420515895166
47	0.04288725609876025
48	0.02168874285044923
49	0.04219669209918966
50	0.5224031981891458
51	0.7588439508744758
52	0.7967132492072908
53	0.31074953590015464
54	0.13801229332339257
55	0.5948461590153626
56	0.7111366461700386
57	0.5057153295259778
58	0.2685108255202325
59	0.20709238541955047
60	0.2516299796562454
61	0.7838846950415602
62	0.4299397258291168
63	0.29597901853585135
64	0.4587826572335587
65	0.2912132099152615
66	0.6245313223904276
67	0.6884197964379097
68	0.8640747434825137
69	0.7712627042813435
70	0.31583506350196977
71	0.024696375181437157
72	0.10304345090533532
73	0.07569604040982215
74	0.5852680376789872
75	0.481677716615238
76	0.6996860333005961
77	0.9071954723294419
78	0.9838981538483189
79	0.5396417421912962
80	0.49757237909340374
81	0.6451399456130124
82	0.019997932954225955
83	0.005114431247540004
84	0.008738613623635611
85	1.0
86	0.0025447997235481246
87	0.00021581208061492
88	0.0014654080128054768
89	0.6245313223904276
90	1.0
91	1.0
92	1.0
93	0.6245313223904276
94	0.0009301706690873715
95	0.00013698715011009754
96	0.002851035264810493
97	1.0
98	0.0083232506725889
99	0.008057369233585078
100	0.006015834611932771
101	0.1472709844146142
102	0.5484731728386766
103	0.9838981538483189
104	0.9838981538483189
105	0.9838981538483189
106	0.3210038175868511
107	0.006419412822152426
108	0.0016686198147892288
109	0.009790198959862089
110	0.25574799451756824
111	0.210481526578285
112	0.0009453932456821846
113	0.00041311401109911334
114	0.0007410792960859194
115	0.0003399943286790733
116	0.0009151932040789203
117	0.006962169253653824
118	1.0
119	1.0
120	1.0
121	1.0
122	1.0
123	0.00932485215470036
124	0.0008037369822866172
125	5.257005429737361e-05
126	0.0005270086451646012
127	0.00039991732244170497
128	0.3837590186752804
129	0.614475215120391
130	0.22460188780169196
131	0.23966952741252232
132	0.5396417421912962
133	0.2819105719970956
134	0.012090370898187429
135	0.1940728185879353
136	0.2819105719970956
137	0.9371316004437406
138	0.8925879504044915
139	0.7111366461700386
140	0.677334966787895
141	0.809751747262771
142	0.7346031188276403
143	0.8364723744993591
144	0.28652413961186873
145	0.1472709844146142
146	0.16233655139003358
147	0.8640747434825137
148	0.8925879504044915
149	0.9838981538483189
150	0.8364723744993591
151	0.7838846950415602
152	0.4299397258291168
153	0.4369758436353341
154	0.5057153295259778
155	0.15715080394779138
156	0.1472709844146142
157	0.3210038175868511
158	0.8501615448994048
159	0.8364723744993591
160	0.277371291338266
161	0.15213071221465968
162	0.2729051014782479
163	0.054711179297213405
164	0.04219669209918966
165	0.05127157501696203
166	0.06229811565656762
167	0.08760357941344458
168	0.7111366461700386
169	0.809751747262771
170	0.8364723744993591
171	0.8782156365502464
172	0.29597901853585135
173	0.29597901853585135
174	0.34814444420780405
175	0.5224031981891458
176	0.7967132492072908
177	0.7712627042813435
178	0.5484731728386766
179	0.1472709844146142
180	0.1425664978143681
181	0.3008228213237163
182	0.34814444420780405
183	0.8364723744993591
184	0.7838846950415602
185	0.5574491330158785
186	0.3370231708678045
187	0.513991542262758
188	0.6556978921951199
189	0.7838846950415602
190	0.7466251623243612
191	0.7712627042813435
192	0.7967132492072908
193	0.4095038717012343
194	0.3715000583087311
195	0.7466251623243612
196	0.5852680376789872
197	0.7712627042813435
198	0.809751747262771
199	0.9371316004437406
200	1.0
