1	0.4895605451959158
2	0.466290799956401
3	0.6144752151203912
4	0.6144752151203912
5	0.9838981538483328
6	0.7712627042813436
7	0.40291010336057753
8	0.823003625015039
9	0.9838981538483328
10	0.6245313223904277
11	0.6245313223904277
12	0.27290510147824404
13	0.27290510147824404
14	0.6245313223904277
15	1.0
16	0.5224031981891458
17	0.41620554942555466
18	0.13579004060925667
19	0.13579004060925667
20	0.6664286233595221
21	0.6664286233595221
22	0.6884197964379098
23	0.809751747262771
24	0.7346031188276403
25	0.3964225068633132
26	0.14489964968096347
27	0.027222771645920442
28	0.06331764666180292
29	0.5484731728386689
30	0.3370231708678045
31	0.513991542262758
32	0.466290799956401
33	0.4299397258291169
34	0.164993247273701
35	0.41620554942555466
36	0.9220420515895166
37	0.9680555771461302
38	0.5057153295259778
39	0.305745894681384
40	0.2641873055176485
41	0.823003625015039
42	0.7712627042813436
43	0.9220420515895166
44	0.1818717710859369
45	0.1676934209382962
46	0.09049436982916054
47	0.8925879504044915
48	0.5758441417787838
49	0.9220420515895166
50	0.8501615448994049
51	0.9071954723294419
52	0.08619300005539396
53	0.01493095993810043
54	0.017001473575159333
55	0.12120455403275908
56	0.3425386759286075
57	0.9071954723294419
58	0.6045810297425014
59	0.051271575016962036
60	0.03254473486014845
61	0.04084874312373918
62	0.026784434765055296
63	0.030007614098887928
64	0.8501615448994049
65	0.9220420515895166
66	0.8640747434825015
67	0.9220420515895166
68	0.32100381758685564
69	0.08077418408895759
70	0.0443024730307253
71	0.17322705937262783
72	0.9220420515895166
73	0.9220420515895166
74	0.9524680951766599
75	0.9371316004437404
76	0.9838981538483328
77	0.9838981538483328
78	0.9838981538483328
79	0.7346031188276403
80	0.809751747262771
81	0.051271575016962036
82	0.062298115656568065
83	0.020657835589543778
84	0.0876035794134446
85	0.6245313223904277
86	0.5852680376789872
87	0.9220420515895166
88	0.677334966787895
89	0.7227746524257326
90	0.7712627042813436
91	0.9680555771461302
92	0.7838846950415602
93	0.7838846950415602
94	0.29597901853585135
95	0.21742711012397728
96	0.2435918051833956
97	0.5309525138815143
98	0.9371316004437404
99	0.8640747434825015
100	0.809751747262771
101	0.7838846950415602
102	0.26851082552023625
103	0.06331764666180292
104	0.14968112689163354
105	0.31074953590015464
106	0.7111366461700487
107	0.9524680951766599
108	0.9524680951766599
109	0.809751747262771
110	0.3964225068633132
111	0.3964225068633132
112	0.9371316004437404
113	0.9838981538483328
114	0.9680555771461302
115	0.6451399456130033
116	0.6045810297425014
117	0.1940728185879353
118	0.19094788792080922
119	0.7838846950415602
120	0.7712627042813436
121	0.7227746524257326
122	0.17043778391330164
123	0.2475782724366734
124	0.3964225068633132
125	0.4095038717012285
126	0.9071954723294419
127	0.9071954723294419
128	0.9220420515895166
129	0.8782156365502465
130	0.9524680951766599
131	0.9371316004437404
132	0.9371316004437404
133	0.15213071221465752
134	0.1272531380804732
135	0.029524436113288616
136	0.04151724745489924
137	0.06435386265758127
138	0.9220420515895166
139	0.513991542262758
140	0.9371316004437404
141	0.2819105719970956
142	0.05744148237014341
143	0.0547111792972134
144	0.04804821315291625
145	0.12933568132305998
146	0.8782156365502465
147	0.8640747434825015
148	0.9220420515895166
149	0.6144752151203912
150	0.08480513362914896
151	0.05296346225090933
152	0.062298115656568065
153	0.8501615448994049
154	0.35963270335587966
155	0.37150005830873106
156	0.36551822152450336
157	0.8640747434825015
158	0.2475782724366734
159	0.2209853827589351
160	0.1940728185879353
161	0.2320134226836728
162	0.7111366461700487
163	0.9680555771461302
164	0.9838981538483328
165	0.32625716018605133
166	0.677334966787895
167	0.2320134226836728
168	0.01645837131413555
169	0.008057369233585077
170	0.06979493239667536
171	0.164993247273701
172	0.9680555771461302
173	0.9371316004437404
174	0.7967132492073022
175	0.7712627042813436
176	0.7838846950415602
177	0.9838981538483328
178	0.3775797899972509
179	0.305745894681384
180	0.05044600800408418
181	0.0488345393931127
182	0.03828064801966494
183	0.9371316004437404
184	0.566571988000515
185	0.823003625015039
186	0.7838846950415602
187	0.08343961441458082
188	0.4441271100328742
189	0.1030434509053353
190	0.3425386759286075
191	0.5057153295259778
192	0.8782156365502465
193	0.5948461590153711
194	0.677334966787895
195	0.3837590186752804
196	0.6347520014624477
197	0.41620554942555466
198	0.34814444420780405
199	0.3837590186752804
200	0.6996860333005961
