1	0.6996860333005961
2	0.31583506350196977
3	0.10995622264422977
4	0.2209853827589351
5	0.4095038717012285
6	0.21392613224755935
7	0.0965652740621615
8	0.18187177108593947
9	0.13145230613269226
10	0.8230036250150389
11	0.5309525138815067
12	0.45139540946973084
13	0.39642250686330754
14	0.5224031981891457
15	0.14968112689163354
16	0.20047693868989458
17	0.3775797899972562
18	0.4095038717012285
19	0.48167771661524483
20	0.20709238541955047
21	0.10818572446379238
22	0.27737129133826594
23	0.8230036250150389
24	0.7967132492072908
25	0.7466251623243612
26	0.10818572446379238
27	0.18787327440652254
28	0.18484816784601354
29	0.18787327440652254
30	0.21048152657828498
31	0.31583506350196977
32	0.6045810297425099
33	0.7346031188276403
34	0.6045810297425099
35	0.6556978921951198
36	0.39642250686330754
37	0.5948461590153626
38	0.6245313223904277
39	0.7838846950415602
40	0.6884197964379097
41	0.6664286233595221
42	0.7838846950415602
43	0.6884197964379097
44	0.614475215120391
45	0.7588439508744758
46	0.6451399456130124
47	0.8640747434825136
48	0.6773349667879045
49	0.5224031981891457
50	0.23581040555488306
51	0.28652413961186873
52	0.24757827243666986
53	0.9680555771461439
54	0.466290799956401
55	0.34253867592860743
56	0.10304345090533384
57	0.07327797408660716
58	0.8925879504044915
59	0.3596327033558848
60	0.35384195289533515
61	0.17043778391330405
62	0.06979493239667436
63	0.7967132492072908
64	0.8501615448994049
65	0.8501615448994049
66	0.7588439508744758
67	0.8097517472627824
68	0.7838846950415602
69	0.7838846950415602
70	0.8364723744993591
71	0.9220420515895167
72	0.8782156365502465
73	0.8925879504044915
74	0.8230036250150389
75	0.2641873055176485
76	0.2209853827589351
77	0.18187177108593947
78	0.15715080394779135
79	0.8925879504044915
80	0.08077418408895759
81	0.17043778391330405
82	0.28652413961186873
83	0.3775797899972562
84	0.4739218161276131
85	0.2209853827589351
86	0.1789432998085799
87	0.12318811002815043
88	0.09814559940423298
89	0.10644373457266824
90	0.10138426111191928
91	0.2209853827589351
92	0.9371316004437404
93	0.9220420515895167
94	0.8364723744993591
95	0.8230036250150389
96	0.5396417421913038
97	0.013112602486345095
98	0.028121083425988992
99	0.006214348384488123
100	0.05744148237014341
101	0.505715329525985
102	0.5574491330158785
103	0.9680555771461439
104	0.5224031981891457
105	0.5484731728386688
106	0.9680555771461439
107	0.10472979393476876
108	0.027222771645920244
109	0.0024635075651007273
110	0.004009124378788922
111	0.0043480927706904
112	0.08760357941344458
113	0.585268037678987
114	0.5484731728386688
115	0.6556978921951198
116	0.27737129133826594
117	0.48956054519592274
118	0.513991542262758
119	1.0
120	0.6884197964379097
121	0.6773349667879045
122	0.6664286233595221
123	0.5396417421913038
124	0.505715329525985
125	0.3775797899972562
126	0.4739218161276131
127	0.1336035702664378
128	0.08343961441458081
129	0.11925293695084214
130	0.041517247454899237
131	0.020657835589543774
132	0.07447719441285175
133	0.9680555771461439
134	0.5574491330158785
135	0.5396417421913038
136	0.48956054519592274
137	0.4299397258291169
138	0.614475215120391
139	0.15213071221465965
140	0.154620385880011
141	0.0018694178137101955
142	0.004074735137074894
143	0.8640747434825136
144	0.6773349667879045
145	0.9371316004437404
146	0.9371316004437404
147	0.8640747434825136
148	0.8782156365502465
149	0.154620385880011
150	0.0612950009827268
151	0.14027091400017713
152	0.15972263321475677
153	0.08077418408895759
154	0.10138426111191928
155	0.16233655139003356
156	0.1472709844146142
157	0.32625716018605594
158	0.23201342268367284
159	0.1909478879208092
160	0.16769342093829856
161	0.11544347070631858
162	0.06979493239667436
163	0.7712627042813435
164	0.7967132492072908
165	0.12318811002815043
166	0.2396695274125257
167	0.25162997965624895
168	0.9071954723294546
169	0.585268037678987
170	0.5758441417787837
171	0.7346031188276403
172	0.9524680951766598
173	0.33702317086780925
174	0.2641873055176485
175	0.2819105719970996
176	0.31074953590015464
177	0.16233655139003356
178	0.20047693868989458
179	0.21742711012398036
180	0.6045810297425099
181	0.8782156365502465
182	0.7712627042813435
183	0.7967132492072908
184	0.8640747434825136
185	0.11733274450692356
186	0.154620385880011
187	0.1425664978143681
188	0.14968112689163354
189	0.6773349667879045
190	0.31583506350196977
191	0.30574589468138835
192	0.7712627042813435
193	0.513991542262758
194	0.17043778391330405
195	0.5665719880005149
196	0.7588439508744758
197	0.8640747434825136
198	0.8364723744993591
199	0.8501615448994049
200	0.9524680951766598
