1	0.9838981538483329
2	0.9838981538483329
3	0.9524680951766599
4	0.9524680951766599
5	0.9524680951766599
6	0.9838981538483329
7	0.9524680951766599
8	0.9524680951766599
9	0.9838981538483329
10	0.968055577146144
11	0.968055577146144
12	0.9838981538483329
13	0.9838981538483329
14	0.9838981538483329
15	0.9838981538483329
16	0.9838981538483329
17	0.9371316004437406
18	0.8925879504045041
19	0.968055577146144
20	0.968055577146144
21	0.9071954723294547
22	0.1336035702664397
23	0.09656527406216286
24	0.09501039487561899
25	0.017001473575159215
26	0.030997821620274816
27	0.02390746372968385
28	0.019997932954225955
29	0.012489335512977847
30	0.025100540218357583
31	0.18484816784601615
32	0.8097517472627825
33	0.0016959273764898934
34	0.0018097003405784802
35	0.1878732744065199
36	0.007927630713798603
37	0.006631244087325165
38	0.01784991398793898
39	0.02204368690561934
40	0.5309525138815143
41	0.15462038588001323
42	0.2729051014782479
43	0.9220420515895298
44	0.8925879504045041
45	0.968055577146144
46	0.699686033300596
47	0.850161544899405
48	0.20375781569034312
49	0.08480513362915017
50	9.129215786581652e-05
51	2.4914095606538534e-05
52	0.0011120160060804068
53	0.0011302145468318858
54	4.1883258770264824e-05
55	0.0005356333306484146
56	0.0012458335400746532
57	0.0031941225103010837
58	1.0
59	0.9071954723294547
60	0.9220420515895298
61	0.9220420515895298
62	1.0
63	0.9838981538483329
64	0.9838981538483329
65	0.9838981538483329
66	0.9838981538483329
67	0.9838981538483329
68	1.0
69	1.0
70	1.0
71	0.15972263321475905
72	0.07819389939674472
73	0.06331764666180337
74	0.057441482370143404
75	0.03254473486014869
76	0.03416884515602848
77	0.0370577948122046
78	0.0934805521145213
79	0.968055577146144
80	0.968055577146144
81	0.968055577146144
82	1.0
83	1.0
84	0.9838981538483329
85	0.08077418408895874
86	0.02168874285044954
87	0.022404439747549302
88	0.4895605451959228
89	0.5396417421913038
90	0.06979493239667538
91	0.014221262971401534
92	0.015676073575284978
93	0.06979493239667538
94	0.004209195456615671
95	0.0012662220527620944
96	0.0005443991622033164
97	5.08907342534485e-05
98	0.0011302145468318858
99	0.0011302145468318858
100	2.3729881185409115e-05
101	9.901083980761738e-05
102	0.011704150977755774
103	0.12933568132306184
104	0.7588439508744865
105	0.4513954094697309
106	0.5852680376789872
107	0.10138426111191928
108	0.2819105719970956
109	0.2641873055176486
110	0.18484816784601615
111	0.12318811002815044
112	0.176061982325188
113	0.8925879504045041
114	0.60458102974251
115	0.6451399456130125
116	0.850161544899405
117	0.8925879504045041
118	0.3964225068633132
119	0.35384195289533515
120	0.3837590186752859
121	0.8925879504045041
122	0.9071954723294547
123	0.9071954723294547
124	0.9071954723294547
125	0.9371316004437406
126	0.968055577146144
127	0.4816777166152449
128	0.45878265723356526
129	0.2209853827589351
130	0.7346031188276507
131	0.9071954723294547
132	0.17894329980858248
133	0.08209608258032164
134	0.07327797408660716
135	0.8640747434825137
136	0.18484816784601615
137	0.13579004060925862
138	0.1336035702664397
139	0.13801229332339257
140	0.08343961441458082
141	0.026784434765055674
142	0.010113261253784788
143	0.022404439747549302
144	0.13801229332339257
145	0.1472709844146142
146	0.9838981538483329
147	0.7111366461700487
148	0.60458102974251
149	0.8640747434825137
150	0.5948461590153712
151	0.5309525138815143
152	0.6884197964379196
153	0.9838981538483329
154	1.0
155	0.9838981538483329
156	0.7967132492073022
157	0.7227746524257428
158	0.7346031188276507
159	0.7967132492073022
160	0.7967132492073022
161	0.968055577146144
162	0.968055577146144
163	0.968055577146144
164	0.9838981538483329
165	0.9838981538483329
166	0.968055577146144
167	0.968055577146144
168	0.9838981538483329
169	0.9838981538483329
170	0.9838981538483329
171	0.9838981538483329
172	0.968055577146144
173	0.9524680951766599
174	0.9371316004437406
175	0.07819389939674472
176	0.04019100294647176
177	0.07947357060373077
178	0.5224031981891458
179	0.505715329525985
180	0.057441482370143404
181	0.012288234154010976
182	0.01727970878760305
183	0.0029451152724263097
184	0.0028510352648105338
185	0.9838981538483329
186	0.49757237909341084
187	1.0
188	1.0
189	1.0
190	0.9220420515895298
191	0.5758441417787838
192	0.006962169253653923
193	0.002503823749912748
194	0.0012257733200817845
195	0.003944570074838765
196	0.05560654736795844
197	0.03202070454638332
198	0.06229811565656851
199	0.02390746372968385
200	0.0612950009827268
