1	0.5396417421912961
2	0.5139915422627507
3	0.5852680376789788
4	0.6347520014624387
5	0.42301690250931445
6	0.746625162324361
7	0.7346031188276402
8	0.9371316004437271
9	0.699686033300586
10	0.7111366461700386
11	0.3538419528953301
12	0.1760619823251855
13	0.2729051014782441
14	0.47392181612760637
15	0.5758441417787755
16	0.6451399456130033
17	0.17894329980857737
18	0.043589121425845555
19	0.00016376769190026678
20	0.0005270086451645937
21	0.0008168904262529112
22	2.573622444280112e-05
23	2.4914095606538178e-05
24	0.0006099109471022964
25	0.0004704015664329126
26	0.004565079704726418
27	0.0034641831191914805
28	0.0022714575694317367
29	0.0009151932040789073
30	0.0005101736581558108
31	0.001962709116638114
32	0.0026287744047198904
33	0.1732270593726278
34	0.03705779481220408
35	0.0061142859028680595
36	0.009174704819918203
37	0.0057298905337253465
38	0.006015834611932686
39	0.02429871794776146
40	0.14968112689163143
41	0.1732270593726278
42	0.8501615448993928
43	0.8364723744993591
44	0.21392613224755636
45	0.2729051014782441
46	0.3596327033558797
47	0.8782156365502339
48	0.9371316004437271
49	0.9220420515895166
50	0.9371316004437271
51	0.9071954723294289
52	0.9220420515895166
53	0.0051981307491388885
54	0.0023848122377374418
55	0.002463507565100692
56	0.028121083425988593
57	1.0
58	1.0
59	1.0
60	1.0
61	1.0
62	0.9838981538483189
63	0.9838981538483189
64	0.9838981538483189
65	0.023143753598938943
66	0.007550815325235631
67	0.008189230970776996
68	0.010968329737619126
69	0.9371316004437271
70	0.8640747434825012
71	0.8782156365502339
72	0.8925879504044913
73	0.8501615448993928
74	0.9220420515895166
75	0.9680555771461302
76	0.9838981538483189
77	0.08343961441457963
78	0.04288725609875964
79	0.02551131956105572
80	0.01170415097775544
81	0.006850065475449526
82	0.008597905811488844
83	1.0
84	1.0
85	0.9838981538483189
86	1.0
87	0.9680555771461302
88	0.07209806342155774
89	0.0020943793974173754
90	0.002759960588740092
91	0.09656527406216149
92	0.9071954723294289
93	0.10644373457266672
94	0.02429871794776146
95	0.04288725609875964
96	1.0
97	0.9524680951766463
98	1.0
99	1.0
100	1.0
101	0.9524680951766463
102	0.9680555771461302
103	0.09656527406216149
104	0.01567607357528453
105	0.043589121425845555
106	1.0
107	0.06229811565656762
108	0.003042299783147321
109	0.0010421053394971728
110	0.06867110513305615
111	1.0
112	0.9524680951766463
113	1.0
114	1.0
115	1.0
116	0.9680555771461302
117	0.018142034232021265
118	0.017562497419084194
119	0.02133951404984792
120	0.03202070454638286
121	0.025928821455018475
122	0.02678443476505491
123	0.7967132492072909
124	0.30082282132371624
125	0.2959790185358471
126	0.3715000583087311
127	0.9680555771461302
128	0.9838981538483189
129	0.14256649781436606
130	0.05838153282986845
131	0.04651334071458662
132	0.04502749889045374
133	0.14256649781436606
134	0.1252041276287828
135	0.12120455403276079
136	0.1472709844146121
137	0.04963373414423559
138	0.7111366461700386
139	0.823003625015039
140	0.8364723744993591
141	0.8364723744993591
142	0.8640747434825012
143	0.9524680951766463
144	0.11358461770178932
145	0.02678443476505491
146	0.016458371314135432
147	0.0290490381852773
148	0.042196692099189664
149	0.04963373414423559
150	0.03954385360034535
151	0.0044192508682770176
152	0.0006403479026656335
153	3.178285756072535e-05
154	5.9860075486558315e-05
155	0.000976589844633939
156	0.0009151932040789073
157	0.0006000902548658376
158	0.02168874285044923
159	0.10472979393476875
160	0.9071954723294289
161	0.783884695041549
162	0.9071954723294289
163	0.4369758436353279
164	0.2959790185358471
165	0.1732270593726278
166	0.10304345090533384
167	0.10644373457266672
168	0.12120455403276079
169	0.4029101033605775
170	0.6045810297425014
171	0.9680555771461302
172	0.9220420515895166
173	0.809751747262771
174	0.6347520014624387
175	0.8364723744993591
176	0.5484731728386688
177	0.42301690250931445
178	0.466290799956401
179	0.7712627042813326
180	0.8640747434825012
181	0.9371316004437271
182	0.9071954723294289
183	0.8925879504044913
184	0.5758441417787755
185	0.5139915422627507
186	0.758843950874465
187	0.9680555771461302
188	0.9524680951766463
189	0.746625162324361
190	0.8501615448993928
191	0.9071954723294289
192	0.9838981538483189
193	0.5758441417787755
194	0.5948461590153626
195	0.30082282132371624
196	0.27737129133826594
197	0.31583506350196533
198	0.5057153295259705
199	0.5057153295259705
200	0.6045810297425014
