1	0.6884197964379098
2	0.6144752151203998
3	0.5758441417787838
4	0.6664286233595222
5	0.3655182215245086
6	0.1972488898661499
7	0.3596327033558848
8	0.06756537356313871
9	0.23201342268367284
10	0.8364723744993592
11	0.17606198232518802
12	0.08619300005539396
13	0.0807741840889576
14	0.14968112689163354
15	0.4029101033605833
16	0.8230036250150508
17	0.5758441417787838
18	0.3964225068633132
19	0.6245313223904279
20	0.7346031188276508
21	0.7111366461700487
22	0.8230036250150508
23	0.7588439508744865
24	0.60458102974251
25	0.3008228213237206
26	0.2557479945175719
27	0.2004769386898946
28	0.21048152657828803
29	0.4441271100328742
30	0.95246809517666
31	0.466290799956401
32	0.17043778391330405
33	0.17043778391330405
34	0.3481444442078041
35	0.4739218161276199
36	0.6996860333005961
37	0.6996860333005961
38	0.7466251623243612
39	0.7227746524257428
40	0.5484731728386767
41	0.5224031981891458
42	0.7466251623243612
43	0.8501615448994171
44	0.7111366461700487
45	0.7227746524257428
46	0.8230036250150508
47	0.6347520014624568
48	0.6773349667879046
49	0.5224031981891458
50	0.21392613224756246
51	0.19094788792081194
52	0.4299397258291169
53	0.2685108255202363
54	0.34253867592861237
55	0.6773349667879046
56	0.3964225068633132
57	0.2282775782464986
58	0.2599334021689762
59	0.3655182215245086
60	0.4162055494255547
61	0.3481444442078041
62	0.18484816784601618
63	0.022404439747549302
64	0.0001957837424078547
65	0.00027981656498743195
66	4.542445618186492e-05
67	0.0005019589204015528
68	0.0010941104954323086
69	0.0023086307871881067
70	0.0011675099792966509
71	3.4470073795370876e-05
72	0.0005904276939048733
73	0.19094788792081194
74	1.0
75	1.0
76	1.0
77	0.18787327440652257
78	0.003353521788788838
79	3.391504197028072e-05
80	0.0011675099792966509
81	0.0023086307871881067
82	0.0010941104954323086
83	0.0005019589204015528
84	4.769131523869093e-05
85	0.000289050103726837
86	0.00023029004732391602
87	0.022771096439116737
88	0.049633734144236996
89	0.098145599404233
90	0.20709238541955344
91	0.3655182215245086
92	0.2475782724366734
93	0.25162997965624895
94	0.23581040555488644
95	0.8364723744993592
96	0.16769342093829856
97	0.15972263321475905
98	0.17894329980857993
99	0.19094788792081194
100	0.7712627042813436
101	0.7712627042813436
102	0.8364723744993592
103	0.04883453939311236
104	0.00902697513442092
105	0.0028976934794107353
106	0.0037570771454724797
107	0.005114431247540004
108	0.1252041276287846
109	0.9838981538483329
110	0.2685108255202363
111	0.4230169025093265
112	0.8782156365502465
113	0.8640747434825137
114	0.8230036250150508
115	0.21048152657828803
116	0.164993247273701
117	0.1013842611119193
118	0.7712627042813436
119	0.7838846950415602
120	0.8097517472627825
121	0.7712627042813436
122	0.22460188780169515
123	0.25162997965624895
124	0.8640747434825137
125	0.8501615448994171
126	0.1818717710859395
127	0.1818717710859395
128	0.3158350635019743
129	0.2959790185358514
130	0.23966952741252573
131	0.3538419528953402
132	0.09656527406216288
133	0.1013842611119193
134	0.13579004060925862
135	0.13801229332339257
136	0.2475782724366734
137	0.7838846950415602
138	0.5948461590153712
139	0.8501615448994171
140	0.8782156365502465
141	0.8782156365502465
142	0.8782156365502465
143	0.5309525138815219
144	0.7466251623243612
145	0.7712627042813436
146	0.23966952741252573
147	0.1314523061326923
148	0.12933568132305998
149	0.11544347070632023
150	0.23581040555488644
151	0.1472709844146142
152	0.14027091400017913
153	0.13801229332339257
154	0.16769342093829856
155	0.15213071221465968
156	0.7588439508744865
157	0.7588439508744865
158	0.06435386265758218
159	0.3008228213237206
160	0.13360357026643968
161	0.11358461770179094
162	0.25162997965624895
163	0.8501615448994171
164	0.9220420515895167
165	0.4029101033605833
166	0.164993247273701
167	0.8925879504044915
168	0.07093715149651068
169	0.04151724745489983
170	0.034728030561277046
171	0.04151724745489983
172	0.08209608258032165
173	0.11175569566235918
174	0.3596327033558848
175	0.11544347070632023
176	0.06331764666180337
177	0.12318811002815044
178	0.7227746524257428
179	0.3008228213237206
180	0.3210038175868557
181	0.3210038175868557
182	0.3655182215245086
183	0.3900393726467364
184	0.5396417421913039
185	0.7111366461700487
186	0.3158350635019743
187	0.11925293695084385
188	0.06979493239667536
189	0.10995622264422979
190	0.16233655139003358
191	0.49757237909340374
192	0.031505112088109015
193	0.03202070454638332
194	0.6451399456130124
195	0.466290799956401
196	0.32625716018605594
197	0.5758441417787838
198	0.5758441417787838
199	0.6773349667879046
200	1.0
