1	0.9071954723294416
2	0.3538419528953326
3	0.3315964756209417
4	0.42301690250931745
5	0.6884197964379049
6	0.9071954723294416
7	0.8501615448993988
8	0.7967132492072965
9	0.9524680951766529
10	0.9524680951766529
11	0.8640747434825014
12	0.8501615448993988
13	0.9371316004437403
14	0.9838981538483118
15	0.9680555771461301
16	0.9371316004437403
17	0.8501615448993988
18	0.8097517472627709
19	0.92204205158951
20	0.9680555771461301
21	0.9838981538483118
22	0.9838981538483118
23	0.5396417421912961
24	0.20709238541955194
25	0.22827757824649536
26	0.9071954723294416
27	0.9371316004437403
28	0.8097517472627709
29	0.2685108255202325
30	0.3262571601860512
31	0.1546203858800099
32	0.771262704281338
33	0.9524680951766529
34	0.9680555771461301
35	0.9838981538483118
36	0.9524680951766529
37	0.9680555771461301
38	0.9371316004437403
39	0.9071954723294416
40	0.9524680951766529
41	0.9524680951766529
42	0.9371316004437403
43	0.9680555771461301
44	0.9680555771461301
45	0.9680555771461301
46	0.9524680951766529
47	0.9680555771461301
48	0.9071954723294416
49	0.8925879504044912
50	0.7967132492072965
51	0.46629079995640094
52	0.5057153295259776
53	0.5224031981891383
54	0.6884197964379049
55	0.8782156365502275
56	0.9071954723294416
57	0.8925879504044912
58	0.9071954723294416
59	0.8925879504044912
60	0.9071954723294416
61	0.8501615448993988
62	0.746625162324361
63	0.7588439508744703
64	0.8364723744993591
65	0.8640747434825014
66	0.783884695041549
67	0.7111366461700436
68	0.17894329980857862
69	0.03202070454638286
70	0.014930959938100428
71	0.00021581208061492152
72	0.0004131140110991133
73	0.048834539393112344
74	0.8925879504044912
75	0.4299397258291138
76	0.9838981538483118
77	0.9838981538483118
78	1.0
79	0.9838981538483118
80	0.1314523061326923
81	0.06229811565656805
82	0.08480513362914895
83	0.9838981538483118
84	0.08760357941344458
85	0.0032463954707180774
86	0.0005185228330395475
87	0.00010227805318730173
88	0.001695927376489869
89	0.01061795277448002
90	0.0025447997235481246
91	0.3655182215245033
92	0.7227746524257325
93	0.47392181612760975
94	0.3210038175868533
95	0.03766425891466536
96	0.028581295041563655
97	0.024298717947761627
98	0.19094788792080783
99	0.9680555771461301
100	0.7111366461700436
101	0.6556978921951104
102	0.4895605451959158
103	0.8097517472627709
104	0.9838981538483118
105	0.025511319561055356
106	0.0001805208435176092
107	5.172357937089178e-05
108	0.0012060361066649748
109	0.0008438466194897047
110	0.001025325519646751
111	0.18187177108593688
112	0.1704377839133016
113	0.7346031188276351
114	0.6347520014624431
115	1.0
116	1.0
117	1.0
118	0.9838981538483118
119	0.6451399456130031
120	0.07209806342155722
121	0.024696375181437153
122	0.0010764932965619024
123	0.0009151932040789136
124	0.0012458335400746443
125	5.5193506809929945e-05
126	0.0001415075263694463
127	0.02635315591720863
128	0.6245313223904276
129	0.6245313223904276
130	0.5948461590153669
131	0.04084874312373918
132	0.0017236818362313128
133	0.00528320002309943
134	0.03766425891466536
135	0.3210038175868533
136	0.6884197964379049
137	0.7967132492072965
138	0.07947357060372906
139	0.6556978921951104
140	0.3210038175868533
141	0.01027876840120961
142	0.00209437939741739
143	8.148628007745184e-05
144	0.000493876455090783
145	0.0033535217887888137
146	0.07947357060372906
147	0.9838981538483118
148	0.09197534264619842
149	0.08209608258032164
150	0.1272531380804732
151	1.0
152	1.0
153	1.0
154	0.9680555771461301
155	0.28191057199709557
156	0.8925879504044912
157	0.13801229332339154
158	0.06331764666180247
159	0.05744148237014259
160	0.06030803830703535
161	0.11175569566235838
162	0.2516299796562454
163	0.47392181612760975
164	0.4162055494255546
165	0.4299397258291138
166	0.9838981538483118
167	0.9680555771461301
168	0.9838981538483118
169	0.9838981538483118
170	0.9838981538483118
171	0.5758441417787796
172	0.444127110032871
173	0.4029101033605775
174	0.4162055494255546
175	0.9838981538483118
176	0.9838981538483118
177	0.9838981538483118
178	0.9838981538483118
179	0.9838981538483118
180	0.47392181612760975
181	0.42301690250931745
182	0.9680555771461301
183	0.9680555771461301
184	0.9680555771461301
185	0.9680555771461301
186	0.9524680951766529
187	0.771262704281338
188	0.2475782724366716
189	0.27290510147824404
190	0.9838981538483118
191	1.0
192	0.9838981538483118
193	0.9838981538483118
194	0.17894329980857862
195	0.11733274450692356
196	0.1649932472736998
197	0.5224031981891383
198	0.9680555771461301
199	0.9680555771461301
200	0.9524680951766529
