1	0.04804821315291624
2	0.04804821315291624
3	0.25574799451756824
4	1.0
5	1.0
6	1.0
7	1.0
8	0.25162997965624895
9	0.0512715750169613
10	0.04883453939311235
11	0.9680555771461439
12	0.6347520014624477
13	0.5484731728386688
14	0.5309525138815143
15	0.49757237909340374
16	0.5057153295259778
17	0.9680555771461439
18	0.9838981538483189
19	0.8501615448994049
20	0.9524680951766599
21	0.6556978921951105
22	0.7227746524257427
23	0.9524680951766599
24	0.19407281858793526
25	0.013327194928720634
26	0.020995908477665932
27	0.014221262971401534
28	0.05651656845829486
29	0.9524680951766599
30	0.30082282132372057
31	0.17043778391330164
32	0.10472979393477025
33	0.10818572446379239
34	0.210481526578285
35	0.9071954723294418
36	0.08619300005539272
37	0.10138426111191928
38	0.09348055211452132
39	0.09348055211452132
40	0.154620385880011
41	0.1789432998085799
42	0.9220420515895166
43	0.15715080394779135
44	0.1272531380804732
45	0.15715080394779135
46	0.2037578156903402
47	0.9071954723294418
48	0.9220420515895166
49	0.9680555771461439
50	0.9524680951766599
51	0.9680555771461439
52	0.9371316004437271
53	0.3655182215245033
54	0.25162997965624895
55	0.6451399456130124
56	0.7346031188276403
57	0.1336035702664378
58	0.2037578156903402
59	0.7712627042813435
60	0.7838846950415491
61	0.7588439508744758
62	0.6451399456130124
63	0.6045810297425014
64	0.7346031188276403
65	0.08760357941344458
66	0.038907124553427985
67	0.03099782162027481
68	0.04963373414423629
69	0.06129500098272679
70	0.10644373457266824
71	0.823003625015039
72	0.46629079995640094
73	0.14489964968096344
74	0.1472709844146121
75	0.5665719880005149
76	0.5309525138815143
77	0.3900393726467363
78	0.35963270335588476
79	0.7588439508744758
80	0.48167771661524483
81	0.5484731728386688
82	0.699686033300596
83	0.45878265723355866
84	0.42301690250932045
85	0.42301690250932045
86	0.41620554942555466
87	0.176061982325188
88	0.09814559940423298
89	0.19724888986614708
90	0.9071954723294418
91	0.9071954723294418
92	0.9524680951766599
93	0.9680555771461439
94	0.8782156365502339
95	0.4739218161276131
96	0.4369758436353279
97	0.8364723744993591
98	0.9680555771461439
99	0.3425386759286075
100	0.29121320991526145
101	0.22098538275893193
102	0.03150511208810901
103	0.019997932954225667
104	0.21742711012398036
105	0.6451399456130124
106	0.6451399456130124
107	0.48956054519591574
108	0.45878265723355866
109	0.04651334071458728
110	0.44412711003286787
111	0.6347520014624477
112	0.6347520014624477
113	0.055606547367958434
114	0.07327797408660716
115	0.7227746524257427
116	0.9220420515895166
117	0.7712627042813435
118	0.7346031188276403
119	0.6884197964379097
120	0.6664286233595221
121	0.05211065273008555
122	0.14027091400017913
123	0.20047693868989458
124	0.22098538275893193
125	0.2396695274125257
126	0.19407281858793526
127	0.2037578156903402
128	0.19724888986614708
129	0.1336035702664378
130	0.22827757824649536
131	0.7712627042813435
132	0.7227746524257427
133	0.7588439508744758
134	0.7227746524257427
135	0.8364723744993591
136	0.06979493239667536
137	0.0005904276939048647
138	0.00010063118771018776
139	0.0004780998567717995
140	0.0020274756563298706
141	0.002128654667381612
142	0.00020555412133940458
143	0.0009608649452023766
144	1.0
145	1.0
146	1.0
147	1.0
148	0.0008716923278076609
149	3.9250125323177046e-05
150	0.002993313140091832
151	0.001962709116638142
152	0.0004553748598836633
153	0.0001263079129289154
154	0.00022293356467315996
155	0.01700147357515921
156	0.5574491330158785
157	0.49757237909340374
158	0.9838981538483189
159	0.9524680951766599
160	1.0
161	0.9680555771461439
162	0.9838981538483189
163	0.9524680951766599
164	0.9524680951766599
165	0.892587950404504
166	0.9071954723294418
167	0.3262571601860513
168	0.37757978999725084
169	0.7588439508744758
170	0.7227746524257427
171	0.011330268629776647
172	0.005918968568537472
173	0.032544734860148215
174	0.1314523061326923
175	0.16499324727369863
176	0.823003625015039
177	0.9524680951766599
178	0.823003625015039
179	0.1314523061326923
180	0.045027498890454376
181	0.06647744631284419
182	0.05044600800408453
183	0.210481526578285
184	0.9838981538483189
185	0.7227746524257427
186	0.6884197964379097
187	0.9524680951766599
188	0.5224031981891457
189	0.6664286233595221
190	0.48167771661524483
191	0.32100381758685564
192	0.41620554942555466
193	0.4513954094697244
194	0.5758441417787838
195	0.9524680951766599
196	0.6556978921951105
197	0.7346031188276403
198	0.5758441417787838
199	0.6045810297425014
200	0.8640747434825136
