1	0.6996860333005961
2	0.6451399456130124
3	0.513991542262758
4	0.4587826572335587
5	0.7712627042813436
6	0.35384195289533515
7	0.03954385360034591
8	0.009950419076984587
9	0.01228823415401115
10	0.18187177108593947
11	0.34814444420780405
12	0.17606198232518802
13	0.34814444420780405
14	0.3596327033558848
15	0.32625716018605594
16	0.17606198232518802
17	0.16769342093829856
18	0.15213071221465968
19	0.4975723790934037
20	0.5852680376789872
21	0.47392181612761314
22	0.024696375181437507
23	0.0997517873372933
24	0.1357900406092586
25	0.3210038175868557
26	0.1972488898661499
27	0.2912132099152615
28	0.31074953590015464
29	0.24757827243666988
30	0.011147830387442922
31	0.15462038588001104
32	0.6773349667879045
33	0.8230036250150391
34	0.9838981538483189
35	0.8097517472627824
36	0.7588439508744865
37	0.6996860333005961
38	0.8501615448994049
39	0.8501615448994049
40	0.9220420515895166
41	0.8364723744993591
42	0.7588439508744865
43	0.7967132492073021
44	0.7588439508744865
45	0.6996860333005961
46	0.8640747434825136
47	0.2282775782464986
48	0.30082282132372057
49	0.17043778391330408
50	0.030498699465507893
51	0.17322705937262783
52	0.8097517472627824
53	0.8230036250150391
54	0.7967132492073021
55	0.8364723744993591
56	0.8640747434825136
57	0.2557479945175719
58	0.5758441417787838
59	0.004715720680195316
60	0.012489335512977847
61	0.14968112689163354
62	0.6996860333005961
63	0.8097517472627824
64	0.8501615448994049
65	0.8501615448994049
66	0.21048152657828798
67	0.03361866366814549
68	0.03472803056127704
69	0.7466251623243612
70	0.7466251623243612
71	0.7466251623243612
72	0.3837590186752804
73	0.5484731728386766
74	0.44412711003286787
75	0.7346031188276507
76	0.1972488898661499
77	0.3837590186752804
78	0.40291010336058325
79	0.4230169025093265
80	0.6347520014624477
81	0.6664286233595221
82	0.7838846950415602
83	0.43697584363533404
84	0.19407281858793526
85	0.2557479945175719
86	0.34814444420780405
87	0.8782156365502464
88	0.8782156365502464
89	0.7712627042813436
90	0.8230036250150391
91	0.8501615448994049
92	0.41620554942555466
93	0.3837590186752804
94	0.34814444420780405
95	0.8925879504044913
96	0.6773349667879045
97	0.7588439508744865
98	0.04358912142584555
99	0.0997517873372933
100	0.4230169025093265
101	0.4975723790934037
102	0.9220420515895166
103	0.8640747434825136
104	0.9371316004437404
105	0.3210038175868557
106	0.037664258914665634
107	0.12318811002815044
108	0.09197534264619908
109	0.251629979656249
110	0.8097517472627824
111	0.8230036250150391
112	0.8925879504044913
113	0.7712627042813436
114	0.8501615448994049
115	0.8230036250150391
116	0.8364723744993591
117	0.8501615448994049
118	0.7838846950415602
119	0.7588439508744865
120	0.8097517472627824
121	0.34814444420780405
122	0.35384195289533515
123	0.3655182215245085
124	0.513991542262758
125	0.5484731728386766
126	0.4587826572335587
127	0.41620554942555466
128	0.3596327033558848
129	0.23966952741252567
130	0.019047393108381876
131	0.011330268629776648
132	0.5396417421913039
133	0.17894329980857993
134	0.2209853827589351
135	0.09197534264619908
136	0.10472979393477025
137	0.08209608258032165
138	0.04727454821686548
139	0.10472979393477025
140	0.40291010336058325
141	0.08903724340858059
142	0.5574491330158785
143	0.5574491330158785
144	0.27737129133826594
145	0.4975723790934037
146	0.47392181612761314
147	0.45139540946973084
148	0.45139540946973084
149	0.6347520014624477
150	0.19407281858793526
151	0.4299397258291168
152	0.513991542262758
153	0.9371316004437404
154	0.614475215120391
155	0.41620554942555466
156	0.2557479945175719
157	0.18484816784601618
158	0.16769342093829856
159	0.11175569566235918
160	0.11544347070631857
161	0.33702317086780925
162	0.3655182215245085
163	0.19094788792081194
164	0.6451399456130124
165	0.6347520014624477
166	0.5396417421913039
167	0.5309525138815143
168	0.5484731728386766
169	0.12120455403276079
170	0.1336035702664378
171	0.0997517873372933
172	0.1357900406092586
173	0.2912132099152615
174	0.25993340216897615
175	0.20709238541955047
176	0.164993247273701
177	0.31074953590015464
178	0.6451399456130124
179	0.48956054519592274
180	0.2557479945175719
181	0.3425386759286075
182	0.8097517472627824
183	0.6664286233595221
184	0.7466251623243612
185	0.7466251623243612
186	0.7712627042813436
187	0.8501615448994049
188	0.29597901853585135
189	0.251629979656249
190	0.23581040555488642
191	0.6556978921951198
192	0.5852680376789872
193	0.6045810297425099
194	0.6884197964379098
195	0.7712627042813436
196	0.40291010336058325
197	0.4816777166152449
198	0.6556978921951198
199	0.6996860333005961
200	1.0
