1	0.8782156365502339
2	0.8640747434825014
3	0.8925879504044915
4	0.9220420515895035
5	0.783884695041549
6	0.758843950874465
7	0.758843950874465
8	0.7967132492072908
9	0.809751747262771
10	1.0
11	0.5948461590153626
12	0.5224031981891384
13	0.4975723790934038
14	0.548473172838661
15	0.6556978921951011
16	0.6347520014624387
17	0.6144752151203824
18	0.6144752151203824
19	0.6451399456130033
20	0.1252041276287828
21	0.16233655139003125
22	1.0
23	0.9680555771461301
24	0.9838981538483049
25	0.06867110513305615
26	0.00611428590286806
27	0.006015834611932729
28	0.030498699465507893
29	0.03472803056127655
30	0.9680555771461301
31	0.9680555771461301
32	0.9220420515895035
33	0.9680555771461301
34	1.0
35	1.0
36	0.9838981538483049
37	0.9524680951766464
38	0.9680555771461301
39	0.0006833062745535662
40	0.00027981656498742995
41	0.03472803056127655
42	0.019047393108381605
43	0.06647744631284325
44	1.0
45	1.0
46	0.9838981538483049
47	0.9220420515895035
48	0.10818572446379085
49	0.10138426111191784
50	0.9071954723294289
51	0.8364723744993591
52	0.8230036250150273
53	0.809751747262771
54	0.809751747262771
55	0.4587826572335522
56	0.5224031981891384
57	0.3210038175868511
58	0.1760619823251855
59	0.39642250686330754
60	0.4230169025093144
61	0.5396417421912961
62	0.5309525138815068
63	0.5948461590153626
64	0.9220420515895035
65	0.7967132492072908
66	0.17894329980857737
67	0.08209608258032047
68	0.8230036250150273
69	0.8364723744993591
70	0.2037578156903402
71	0.22460188780169194
72	0.9371316004437271
73	0.9371316004437271
74	0.8782156365502339
75	0.9680555771461301
76	0.34814444420780405
77	0.3008228213237163
78	0.9371316004437271
79	0.9071954723294289
80	0.25574799451756464
81	0.18484816784601354
82	0.9524680951766464
83	0.8925879504044915
84	0.8230036250150273
85	0.8364723744993591
86	0.9220420515895035
87	0.9838981538483049
88	0.7712627042813326
89	0.1472709844146121
90	0.1252041276287828
91	0.3057458946813797
92	0.3158350635019653
93	0.8501615448993928
94	0.9220420515895035
95	0.8364723744993591
96	0.8364723744993591
97	0.8364723744993591
98	0.7967132492072908
99	0.19407281858793252
100	0.05211065273008481
101	0.10644373457266673
102	0.2729051014782402
103	0.7712627042813326
104	0.6773349667878853
105	0.6245313223904277
106	0.5396417421912961
107	0.5224031981891384
108	0.6773349667878853
109	0.6347520014624387
110	0.6996860333005861
111	0.6996860333005861
112	0.1597226332147545
113	0.053830228305391865
114	0.04804821315291556
115	0.19407281858793252
116	0.3008228213237163
117	0.26418730551764474
118	0.4739218161276064
119	0.37150005830873106
120	0.9838981538483049
121	0.1336035702664359
122	0.0744771944128507
123	0.0300076140988875
124	0.040191002946470614
125	0.04651334071458662
126	0.0876035794134446
127	0.9838981538483049
128	0.5057153295259705
129	0.4975723790934038
130	0.7227746524257325
131	0.9838981538483049
132	1.0
133	0.9838981538483049
134	0.9838981538483049
135	0.5758441417787756
136	0.48956054519590886
137	0.6347520014624387
138	0.08209608258032047
139	0.041517247454898654
140	0.01619336115132798
141	0.011330268629776487
142	0.05651656845829405
143	0.1099562226442282
144	0.9071954723294289
145	0.40291010336057753
146	0.1380122933233906
147	0.07093715149650967
148	0.1472709844146121
149	0.37150005830873106
150	0.4369758436353278
151	0.6245313223904277
152	0.9071954723294289
153	0.9680555771461301
154	0.27737129133826594
155	0.05838153282986845
156	0.007927630713798489
157	5.889621776044615e-05
158	1.506258957690398e-05
159	0.0002985883357843618
160	2.0174232448866013e-05
161	0.00023405882653928977
162	0.05127157501696131
163	1.0
164	1.0
165	1.0
166	1.0
167	0.05127157501696131
168	0.00022293356467315998
169	2.0174232448866013e-05
170	0.0002985883357843618
171	3.9250125323177046e-05
172	9.58479956736854e-05
173	0.009790198959862089
174	0.062298115656567614
175	0.2865241396118646
176	0.8501615448993928
177	0.7346031188276299
178	0.783884695041549
179	0.6996860333005861
180	0.3370231708678045
181	0.10138426111191784
182	0.059336967552505365
183	0.019359110527732544
184	0.05211065273008481
185	0.40291010336057753
186	0.9680555771461301
187	0.9524680951766464
188	0.9371316004437271
189	0.5139915422627507
190	0.154620385880011
191	0.14256649781436606
192	0.21392613224755636
193	0.23966952741252232
194	0.014453999040223557
195	0.08209608258032047
196	0.20709238541955047
197	0.23201342268367284
198	0.3262571601860513
199	0.6664286233595221
200	0.8640747434825014
