1	0.39642250686331043
2	0.14727098441461367
3	0.14727098441461367
4	0.15213071221465804
5	0.9524680951766531
6	0.16769342093829678
7	0.12520412762878325
8	0.11544347070631857
9	0.11544347070631857
10	0.11925293695084216
11	0.14727098441461367
12	0.27290510147824604
13	0.9838981538483224
14	0.8230036250150391
15	0.878215636550237
16	0.9524680951766531
17	0.8925879504044946
18	0.9071954723294419
19	0.9220420515895166
20	0.9220420515895166
21	0.9371316004437371
22	0.9680555771461336
23	1.0
24	1.0
25	0.9838981538483224
26	0.9220420515895166
27	0.9220420515895166
28	0.9371316004437371
29	0.9371316004437371
30	0.9371316004437371
31	0.8364723744993562
32	0.771262704281338
33	0.7466251623243612
34	0.7588439508744731
35	0.8230036250150391
36	0.9071954723294419
37	0.9220420515895166
38	0.9680555771461336
39	0.9220420515895166
40	0.8925879504044946
41	0.35963270335588227
42	0.3775797899972509
43	0.6996860333005935
44	0.7466251623243612
45	0.734603118827643
46	0.8097517472627739
47	0.8230036250150391
48	0.6773349667878974
49	0.6664286233595221
50	0.9220420515895166
51	0.8501615448994019
52	0.878215636550237
53	0.8097517472627739
54	0.8230036250150391
55	0.8364723744993562
56	0.771262704281338
57	0.5574491330158785
58	0.25993340216897526
59	0.5758441417787817
60	0.4975723790934055
61	0.22827757824649536
62	0.1425664978143681
63	0.12120455403276036
64	0.12318811002814958
65	0.46629079995640105
66	0.566571988000513
67	0.9838981538483224
68	1.0
69	1.0
70	1.0
71	0.6884197964379097
72	0.6884197964379097
73	0.6996860333005935
74	0.7588439508744731
75	0.9838981538483224
76	1.0
77	0.9838981538483224
78	0.9071954723294419
79	0.8925879504044946
80	0.8925879504044946
81	0.9838981538483224
82	0.9524680951766531
83	0.9524680951766531
84	0.9524680951766531
85	0.9838981538483224
86	0.9371316004437371
87	0.9371316004437371
88	0.9838981538483224
89	0.9371316004437371
90	0.9220420515895166
91	0.30574589468138513
92	0.09814559940423263
93	0.13145230613269182
94	0.24359180518339738
95	0.4513954094697261
96	0.35384195289533393
97	0.4095038717012299
98	0.6773349667878974
99	0.436975843635331
100	0.22827757824649536
101	0.4162055494255547
102	0.585268037678983
103	0.25574799451756824
104	0.6347520014624455
105	0.6884197964379097
106	0.5758441417787817
107	0.5574491330158785
108	0.6347520014624455
109	0.6664286233595221
110	1.0
111	1.0
112	0.9838981538483224
113	0.9371316004437371
114	0.9071954723294419
115	0.771262704281338
116	0.8230036250150391
117	0.8501615448994019
118	0.9524680951766531
119	0.9524680951766531
120	0.9680555771461336
121	0.9071954723294419
122	0.9680555771461336
123	0.771262704281338
124	0.5139915422627562
125	0.06647744631284395
126	0.28652413961186773
127	0.20047693868989389
128	0.5948461590153669
129	0.8230036250150391
130	0.4513954094697261
131	0.36551822152450597
132	0.5484731728386708
133	0.6773349667878974
134	0.7838846950415547
135	0.5948461590153669
136	0.6556978921951129
137	0.7466251623243612
138	0.9371316004437371
139	1.0
140	0.9838981538483224
141	0.8640747434825076
142	0.8640747434825076
143	0.2819105719970956
144	0.162336551390033
145	0.02314375359893919
146	0.026353155917208822
147	0.0330773411179359
148	0.06540703669975813
149	0.17606198232518802
150	0.8925879504044946
151	0.8640747434825076
152	0.018438935128663837
153	0.11544347070631857
154	0.12725313808047367
155	0.32100381758685453
156	0.8925879504044946
157	0.7967132492072965
158	0.7838846950415547
159	0.771262704281338
160	0.6773349667878974
161	0.6556978921951129
162	0.6884197964379097
163	0.8640747434825076
164	0.585268037678983
165	0.4162055494255547
166	0.48167771661524145
167	0.8501615448994019
168	0.878215636550237
169	0.4513954094697261
170	0.4162055494255547
171	0.36551822152450597
172	0.33702317086780564
173	0.38375901867527906
174	0.7967132492072965
175	0.585268037678983
176	0.5139915422627562
177	0.5484731728386708
178	0.8925879504044946
179	0.878215636550237
180	0.9220420515895166
181	0.7227746524257351
182	0.7466251623243612
183	0.6884197964379097
184	0.19407281858793457
185	0.28652413961186773
186	0.33702317086780564
187	0.8501615448994019
188	0.39003937264673355
189	0.3715000583087324
190	0.14727098441461367
191	0.33702317086780564
192	0.4095038717012299
193	0.6664286233595221
194	0.8230036250150391
195	0.7967132492072965
196	0.22460188780169274
197	0.20709238541955122
198	0.35384195289533393
199	0.9220420515895166
200	0.9524680951766531
