1	0.6556978921951105
2	0.6347520014624477
3	0.9524680951766463
4	0.9524680951766463
5	0.9371316004437404
6	0.9680555771461301
7	0.9838981538483189
8	0.9838981538483189
9	0.9524680951766463
10	0.8501615448994049
11	0.783884695041549
12	0.6556978921951105
13	0.5139915422627507
14	0.32625716018605133
15	0.7111366461700386
16	0.783884695041549
17	0.746625162324361
18	0.7111366461700386
19	0.7346031188276403
20	0.8925879504044915
21	0.6556978921951105
22	0.7346031188276403
23	0.9071954723294419
24	0.7588439508744758
25	0.45878265723355866
26	0.3538419528953351
27	0.699686033300586
28	0.7712627042813326
29	0.8501615448994049
30	0.32625716018605133
31	0.3370231708678044
32	0.836472374499359
33	0.8925879504044915
34	0.2516299796562454
35	0.5484731728386688
36	0.1448996496809614
37	0.03361866366814549
38	0.0781938993967436
39	1.0
40	1.0
41	1.0
42	1.0
43	1.0
44	1.0
45	0.8782156365502339
46	1.0
47	1.0
48	0.9524680951766463
49	0.025100540218357226
50	0.019359110527732818
51	0.08903724340857931
52	0.09348055211451997
53	0.09348055211451997
54	0.09348055211451997
55	0.09197534264619776
56	0.059336967552506205
57	0.07693483325865721
58	0.9680555771461301
59	0.8640747434825012
60	0.8230036250150389
61	0.9220420515895036
62	0.9071954723294419
63	0.8925879504044915
64	0.9071954723294419
65	0.6664286233595221
66	0.19094788792080922
67	0.03646109590141791
68	0.014221262971401331
69	0.09197534264619776
70	0.09656527406216149
71	0.09975178733729329
72	0.09049436982916054
73	0.1272531380804732
74	1.0
75	0.41620554942555466
76	0.9680555771461301
77	0.9371316004437404
78	0.010791719379643225
79	0.01354529925337699
80	0.016458371314135432
81	0.07693483325865721
82	0.21048152657828498
83	0.9680555771461301
84	0.09049436982916054
85	0.030997821620274812
86	0.03954385360034535
87	0.04651334071458662
88	0.005546852487609637
89	0.01619336115132798
90	0.032544734860148215
91	0.024696375181437153
92	0.21048152657828498
93	0.9838981538483189
94	1.0
95	1.0
96	1.0
97	0.9071954723294419
98	0.27737129133826594
99	0.0017518905076602488
100	0.003520875718327174
101	0.00873861362363561
102	0.030498699465507456
103	1.0
104	1.0
105	1.0
106	1.0
107	1.0
108	1.0
109	1.0
110	1.0
111	1.0
112	1.0
113	0.9838981538483189
114	0.06756537356313774
115	0.07327797408660716
116	0.1425664978143681
117	0.031505112088108564
118	0.8230036250150389
119	0.9524680951766463
120	0.16499324727370096
121	0.06979493239667438
122	0.05044600800408382
123	0.03954385360034535
124	0.04019100294647119
125	0.9680555771461301
126	0.9680555771461301
127	0.42993972582911066
128	0.9680555771461301
129	0.9371316004437404
130	0.08619300005539272
131	0.05127157501696131
132	0.06979493239667438
133	0.06647744631284418
134	0.07327797408660716
135	0.03202070454638286
136	0.04651334071458662
137	0.1425664978143681
138	0.9371316004437404
139	0.7967132492072908
140	0.03646109590141791
141	0.014930959938100428
142	0.010446984132459602
143	0.006962169253653824
144	0.6884197964379
145	0.7111366461700386
146	0.47392181612761314
147	0.9680555771461301
148	0.011330268629776487
149	0.028121083425988593
150	0.003637059484442896
151	0.0013294115143323755
152	0.0003186194293768128
153	0.1117556956623576
154	1.0
155	1.0
156	1.0
157	1.0
158	1.0
159	1.0
160	0.10644373457266823
161	0.001206036106664975
162	0.02635315591720863
163	0.011147830387442765
164	0.002503823749912712
165	0.011330268629776487
166	1.0
167	0.2396695274125223
168	0.6884197964379
169	0.8501615448994049
170	0.1496811268916314
171	0.0018694178137101689
172	0.006015834611932686
173	0.03646109590141791
174	0.9838981538483189
175	1.0
176	0.9838981538483189
177	0.08209608258032164
178	0.07447719441285175
179	0.05044600800408382
180	0.043589121425845555
181	0.04019100294647119
182	0.012693727967806401
183	0.0061142859028680595
184	0.0035784961121798327
185	0.002851035264810493
186	0.8230036250150389
187	0.8782156365502339
188	1.0
189	0.8925879504044915
190	0.6664286233595221
191	0.7111366461700386
192	0.9220420515895036
193	0.35963270335587966
194	0.29121320991525734
195	0.2641873055176485
196	0.2685108255202325
197	0.28652413961186873
198	0.7712627042813326
199	0.7588439508744758
200	0.9838981538483189
