1	1.0
2	1.0
3	0.9838981538483329
4	0.9838981538483329
5	1.0
6	0.8925879504044915
7	0.37150005830873106
8	0.0997517873372933
9	0.2282775782464986
10	0.011147830387442924
11	0.005198130749139037
12	0.005823662247270328
13	0.008189230970777114
14	1.0
15	0.9680555771461439
16	0.8364723744993591
17	0.9071954723294547
18	1.0
19	0.9838981538483329
20	1.0
21	0.013327194928720823
22	0.008881624169591424
23	1.0
24	0.06030803830703579
25	0.0686711051330571
26	0.9220420515895167
27	0.9220420515895167
28	0.010968329737619282
29	0.07447719441285175
30	0.03705779481220513
31	0.13145230613269226
32	0.10818572446379239
33	0.1013842611119193
34	0.006850065475449526
35	0.0037570771454724793
36	0.003578496112179884
37	0.0026287744047199654
38	0.0015385376373511798
39	0.03472803056127704
40	0.9680555771461439
41	0.8640747434825136
42	0.9071954723294547
43	0.8925879504044915
44	0.45139540946973084
45	0.15715080394779138
46	0.164993247273701
47	0.7466251623243612
48	0.9220420515895167
49	0.8640747434825136
50	0.7346031188276507
51	0.6773349667879045
52	0.6996860333005961
53	0.7111366461700487
54	0.13579004060925862
55	0.3837590186752804
56	0.4369758436353341
57	0.04358912142584555
58	0.0026287744047199654
59	0.01999793295422595
60	0.19407281858793526
61	1.0
62	1.0
63	1.0
64	0.9838981538483329
65	0.15462038588001104
66	0.023143753598939273
67	0.025928821455018843
68	0.08209608258032165
69	0.01874069491496012
70	0.32100381758685564
71	0.6884197964379097
72	0.6664286233595221
73	0.7111366461700487
74	0.9071954723294547
75	0.6664286233595221
76	0.15972263321475677
77	0.14489964968096344
78	0.002759960588740131
79	0.01935911052773282
80	0.21048152657828798
81	0.35384195289533515
82	0.08619300005539396
83	0.06979493239667438
84	0.35384195289533515
85	0.9524680951766599
86	0.06435386265758217
87	0.01999793295422595
88	0.0997517873372933
89	0.2004769386898946
90	1.0
91	0.9371316004437404
92	0.9838981538483329
93	0.9071954723294547
94	0.823003625015039
95	0.823003625015039
96	0.9220420515895167
97	1.0
98	0.01967592931444537
99	0.013545299253376991
100	0.016727718463300366
101	0.08760357941344458
102	0.7466251623243612
103	0.5948461590153628
104	0.5758441417787837
105	0.9220420515895167
106	0.9524680951766599
107	0.9680555771461439
108	0.9220420515895167
109	0.9071954723294547
110	0.49757237909340374
111	0.5665719880005231
112	0.3596327033558848
113	0.14968112689163354
114	0.14027091400017913
115	0.176061982325188
116	0.05383022830539263
117	0.5224031981891458
118	0.0934805521145213
119	0.1030434509053353
120	0.5396417421913039
121	0.9524680951766599
122	0.8501615448994049
123	0.5224031981891458
124	0.6347520014624477
125	0.6884197964379097
126	0.7712627042813435
127	0.049633734144236996
128	0.0016686198147892288
129	0.002805128333603537
130	0.004639788871308575
131	0.004348092770690462
132	0.01151569253937574
133	0.10472979393476875
134	0.5224031981891458
135	1.0
136	0.5396417421913039
137	0.13579004060925862
138	0.07569604040982214
139	0.00036280318422523335
140	0.0009765898446339669
141	0.9071954723294547
142	1.0
143	0.06979493239667438
144	0.049633734144236996
145	0.018142034232021265
146	0.026784434765055674
147	1.0
148	1.0
149	0.3837590186752804
150	0.2209853827589351
151	0.013112602486345095
152	0.013112602486345095
153	0.033077341117936365
154	0.8501615448994049
155	0.8782156365502464
156	0.8640747434825136
157	0.8925879504044915
158	1.0
159	0.9838981538483329
160	0.9680555771461439
161	1.0
162	0.8782156365502464
163	0.12933568132306
164	0.0358740049446921
165	0.029049038185277303
166	0.17043778391330405
167	0.3107495359001547
168	0.9680555771461439
169	0.9838981538483329
170	0.9838981538483329
171	0.020325206299054217
172	0.024298717947761457
173	0.025928821455018843
174	0.7346031188276507
175	0.6451399456130125
176	0.7346031188276507
177	0.9838981538483329
178	1.0
179	1.0
180	0.9838981538483329
181	0.9838981538483329
182	0.6773349667879045
183	0.6556978921951199
184	0.9680555771461439
185	0.08760357941344458
186	0.08343961441458082
187	0.07819389939674361
188	0.9680555771461439
189	0.8925879504044915
190	0.8925879504044915
191	0.8364723744993591
192	0.8640747434825136
193	0.05211065273008481
194	0.05651656845829485
195	0.14027091400017913
196	0.1425664978143701
197	1.0
198	0.2139261322475594
199	0.2139261322475594
200	0.48956054519592274
