1	1.0
2	0.30574589468138835
3	0.2557479945175719
4	0.29121320991526567
5	0.9838981538483328
6	0.9838981538483328
7	1.0
8	0.9838981538483328
9	0.30082282132372057
10	0.25162997965624895
11	0.025928821455018843
12	0.12318811002815043
13	0.057441482370143404
14	0.7466251623243717
15	0.043589121425846165
16	0.049633734144236996
17	0.1336035702664378
18	0.24757827243666986
19	0.7466251623243717
20	0.7712627042813435
21	0.9838981538483328
22	0.968055577146144
23	0.3900393726467364
24	0.348144444207809
25	0.44412711003286787
26	0.4975723790934108
27	0.44412711003286787
28	0.6556978921951199
29	0.6884197964379195
30	0.6245313223904365
31	0.5057153295259778
32	0.6347520014624477
33	0.28652413961186873
34	0.2641873055176485
35	0.2320134226836761
36	0.12725313808047503
37	0.19094788792080922
38	0.0004628272327807065
39	0.00040646211284929725
40	0.0005270086451646011
41	0.12933568132306184
42	0.23966952741252567
43	0.5057153295259778
44	0.6347520014624477
45	0.3837590186752858
46	0.29597901853585135
47	0.42301690250932045
48	0.5057153295259778
49	0.8230036250150506
50	0.5574491330158785
51	0.45878265723356515
52	0.1314523061326923
53	0.08343961441457963
54	0.4513954094697309
55	0.42301690250932045
56	0.24757827243666986
57	0.1760619823251905
58	0.15972263321475674
59	0.1760619823251905
60	0.030997821620274812
61	0.03361866366814597
62	0.11733274450692523
63	0.25162997965624895
64	0.07093715149651067
65	0.0612950009827268
66	0.15213071221465968
67	0.07569604040982322
68	0.15972263321475674
69	0.7466251623243717
70	0.6884197964379195
71	0.7111366461700486
72	0.8097517472627824
73	0.07447719441285175
74	0.07093715149651067
75	0.7227746524257326
76	0.8640747434825259
77	0.8782156365502465
78	0.8501615448994048
79	0.836472374499359
80	0.8501615448994048
81	0.9371316004437538
82	0.9371316004437538
83	0.3655182215245085
84	0.40950387170123426
85	0.9220420515895167
86	0.5852680376789872
87	0.5396417421913038
88	0.46629079995640094
89	0.5574491330158785
90	0.8097517472627824
91	0.16769342093829856
92	0.055606547367958434
93	0.030997821620274812
94	0.02390746372968385
95	0.01967592931444509
96	3.4470073795370876e-05
97	2.532182371629836e-05
98	0.0008037369822866284
99	0.0005019589204015598
100	6.183537071603809e-05
101	0.00012630791292891542
102	0.0032463954707181468
103	0.049633734144236996
104	0.28191057199709557
105	1.0
106	1.0
107	1.0
108	1.0
109	0.28191057199709557
110	0.05044600800408525
111	0.003881055214359186
112	0.00012630791292891542
113	6.284732873436292e-05
114	0.0005019589204015598
115	0.0008168904262529344
116	2.702056328514399e-05
117	3.6190266078127803e-05
118	0.0021634908644312823
119	0.006316048424505998
120	0.012489335512977845
121	0.0370577948122046
122	0.1212045540327608
123	0.3964225068633132
124	0.348144444207809
125	0.46629079995640094
126	0.47392181612761314
127	0.9220420515895167
128	0.8782156365502465
129	0.9071954723294418
130	0.043589121425846165
131	0.001962709116638142
132	0.00025800263964974307
133	7.636336806318987e-05
134	4.188325877026483e-05
135	0.0016959273764898931
136	0.033077341117936365
137	1.0
138	1.0
139	1.0
140	1.0
141	1.0
142	1.0
143	0.0358740049446921
144	0.0028051283336035368
145	0.0001304758899290419
146	2.118100601062627e-05
147	0.00018052084351761178
148	0.04883453939311235
149	0.09501039487561765
150	0.9838981538483328
151	0.8782156365502465
152	0.7838846950415713
153	0.2557479945175719
154	0.08077418408895759
155	0.10472979393476875
156	0.210481526578288
157	0.6451399456130125
158	0.6347520014624477
159	0.007076107650393189
160	0.28191057199709557
161	0.05044600800408525
162	0.009632558682416177
163	0.013545299253376991
164	0.031505112088109015
165	0.6556978921951199
166	0.6884197964379195
167	0.6884197964379195
168	0.6884197964379195
169	0.2320134226836761
170	0.05471117929721418
171	0.0820960825803228
172	0.7838846950415713
173	0.9371316004437538
174	0.9220420515895167
175	0.2139261322475594
176	0.2320134226836761
177	0.203757815690346
178	0.968055577146144
179	0.968055577146144
180	1.0
181	0.9524680951766462
182	0.17043778391330408
183	0.14727098441461628
184	0.1425664978143681
185	0.024298717947761804
186	0.005369661486237472
187	0.022043686905619655
188	0.5948461590153711
189	0.6045810297425014
190	0.11358461770179255
191	0.04727454821686548
192	0.07693483325865831
193	0.1425664978143681
194	0.04084874312373918
195	0.03828064801966548
196	0.42301690250932045
197	0.7227746524257326
198	0.7346031188276402
199	0.9371316004437538
200	0.9220420515895167
