1	0.983898153848319
2	0.9524680951766531
3	0.878215636550234
4	0.8230036250150332
5	0.9071954723294418
6	0.006962169253653824
7	0.0019311058764015327
8	0.0015893071365663165
9	0.005457537922228116
10	0.015423659850313087
11	0.060308038307035364
12	0.983898153848319
13	0.9680555771461302
14	0.9680555771461302
15	0.983898153848319
16	0.983898153848319
17	0.983898153848319
18	0.9680555771461302
19	0.05560654736795805
20	0.026353155917208822
21	0.016458371314135432
22	0.007550815325235632
23	0.008597905811488846
24	0.03254473486014845
25	0.8364723744993591
26	0.9071954723294418
27	0.983898153848319
28	0.9071954723294418
29	0.983898153848319
30	0.9680555771461302
31	0.9524680951766531
32	0.3900393726467309
33	0.3425386759286075
34	0.4230169025093205
35	0.41620554942555765
36	0.44412711003287103
37	0.8364723744993591
38	0.8364723744993591
39	0.8640747434825076
40	0.036461095901418175
41	0.016458371314135432
42	0.01151569253937574
43	0.9524680951766531
44	0.008738613623635547
45	0.017001473575159094
46	0.014221262971401435
47	0.9371316004437404
48	0.9524680951766531
49	0.983898153848319
50	0.10138426111191856
51	0.04651334071458695
52	0.0358740049446916
53	0.9524680951766531
54	0.08209608258032165
55	0.08343961441458024
56	0.10995622264422979
57	0.10818572446379164
58	0.15462038588000993
59	0.14027091400017816
60	0.14027091400017816
61	0.06979493239667486
62	0.9371316004437404
63	0.1047297939347695
64	0.005198130749138963
65	0.00979019895986216
66	0.01756249741908432
67	0.08209608258032165
68	0.983898153848319
69	0.983898153848319
70	0.983898153848319
71	1.0
72	0.983898153848319
73	0.08209608258032165
74	0.017001473575159094
75	0.008738613623635547
76	0.010446984132459602
77	0.06647744631284419
78	0.9071954723294418
79	0.9371316004437404
80	0.09049436982916119
81	0.05560654736795805
82	0.0574414823701426
83	0.09049436982916119
84	0.46629079995640105
85	0.878215636550234
86	0.878215636550234
87	0.8925879504044979
88	0.9524680951766531
89	0.9680555771461302
90	0.9680555771461302
91	0.9680555771461302
92	0.45878265723355544
93	0.030997821620274812
94	0.01672771846330013
95	0.045027498890454064
96	0.983898153848319
97	0.02592882145501866
98	0.030498699465507678
99	0.07327797408660718
100	0.9071954723294418
101	0.9220420515895101
102	0.04358912142584586
103	0.003696581267296058
104	0.005823662247270245
105	0.9524680951766531
106	0.045764390058399614
107	0.04358912142584586
108	0.04727454821686481
109	0.983898153848319
110	0.8925879504044979
111	0.9071954723294418
112	0.8230036250150332
113	0.8640747434825076
114	0.9524680951766531
115	0.9680555771461302
116	0.983898153848319
117	0.8640747434825076
118	0.8501615448993989
119	0.4895605451959158
120	0.41620554942555765
121	0.08903724340857934
122	0.15213071221465752
123	0.2004769386898932
124	0.31074953590015686
125	0.9371316004437404
126	0.7967132492072966
127	0.7967132492072966
128	0.809751747262771
129	0.44412711003287103
130	0.2320134226836712
131	0.1878732744065199
132	0.305745894681384
133	0.8364723744993591
134	0.8230036250150332
135	0.7967132492072966
136	0.809751747262771
137	0.006214348384488035
138	0.012693727967806495
139	0.10995622264422979
140	0.10818572446379164
141	0.983898153848319
142	0.11175569566235839
143	0.13360357026643685
144	0.983898153848319
145	1.0
146	1.0
147	0.9371316004437404
148	0.9220420515895101
149	0.9371316004437404
150	0.10138426111191856
151	0.04963373414423629
152	0.9371316004437404
153	0.05211065273008519
154	0.06435386265758127
155	0.08760357941344458
156	0.09814559940423298
157	0.9371316004437404
158	0.878215636550234
159	0.8364723744993591
160	0.7111366461700436
161	0.8501615448993989
162	0.8925879504044979
163	0.39642250686331043
164	0.38375901867527773
165	0.18484816784601488
166	0.13579004060925667
167	0.27737129133826793
168	0.9680555771461302
169	0.9071954723294418
170	0.8925879504044979
171	0.9524680951766531
172	0.878215636550234
173	0.8501615448993989
174	0.878215636550234
175	0.878215636550234
176	0.8925879504044979
177	0.783884695041549
178	0.7967132492072966
179	0.594846159015367
180	0.6451399456130079
181	0.9680555771461302
182	0.9524680951766531
183	0.1940728185879339
184	0.06435386265758127
185	0.0021286546673816276
186	0.0018097003405784804
187	0.006316048424505953
188	0.9371316004437404
189	0.983898153848319
190	0.9680555771461302
191	0.9524680951766531
192	0.05560654736795805
193	0.05383022830539225
194	0.01672771846330013
195	0.008738613623635547
196	0.11175569566235839
197	0.8230036250150332
198	0.4975723790934073
199	0.4895605451959158
200	0.9524680951766531
