1	0.9680555771461439
2	0.022771096439116734
3	0.020657835589544073
4	0.031505112088109015
5	0.9680555771461439
6	0.9680555771461439
7	1.0
8	0.9838981538483329
9	0.02766828206704552
10	0.013992274382953626
11	0.013992274382953626
12	0.9371316004437404
13	0.006214348384488123
14	0.0005809207180139251
15	0.005457537922228155
16	0.008057369233585078
17	0.015175310452307482
18	0.03254473486014869
19	0.03890712455342853
20	0.098145599404233
21	0.7346031188276507
22	0.07569604040982214
23	0.016458371314135665
24	0.2557479945175719
25	0.2004769386898946
26	0.9838981538483329
27	0.9838981538483329
28	0.9680555771461439
29	0.9680555771461439
30	0.9071954723294546
31	0.2865241396118728
32	0.0011302145468318856
33	0.006850065475449525
34	0.1013842611119193
35	0.8782156365502465
36	0.210481526578288
37	0.025928821455018843
38	0.017562497419084444
39	0.012693727967806583
40	0.007927630713798602
41	0.0035784961121798835
42	0.007191910689857912
43	0.005637628717885406
44	1.0
45	0.746625162324361
46	0.466290799956401
47	0.37150005830873634
48	0.3655182215245085
49	0.3655182215245085
50	0.7227746524257428
51	0.2685108255202363
52	0.2729051014782479
53	0.2912132099152615
54	0.2912132099152615
55	0.9680555771461439
56	0.2396695274125257
57	0.127253138080475
58	0.12318811002815044
59	0.9371316004437404
60	0.7967132492073021
61	0.7838846950415602
62	0.9524680951766599
63	0.14968112689163354
64	0.052110652730085555
65	0.04151724745489983
66	0.0622981156565694
67	0.05933696755250705
68	0.22460188780169515
69	0.20375781569034312
70	0.1940728185879353
71	0.20375781569034312
72	0.9524680951766599
73	0.25162997965624895
74	0.33702317086780925
75	0.9220420515895166
76	0.746625162324361
77	0.21742711012398036
78	0.005918968568537472
79	0.006850065475449525
80	0.015932618141390915
81	0.014930959938100641
82	0.018740694914960384
83	0.022043686905619655
84	0.009632558682416177
85	0.02032520629905422
86	0.12933568132306184
87	0.9838981538483329
88	0.01935911052773282
89	0.03646109590141792
90	0.32625716018605594
91	0.9838981538483329
92	0.9838981538483329
93	0.9838981538483329
94	1.0
95	0.3425386759286123
96	0.03307734111793637
97	0.02032520629905422
98	0.9838981538483329
99	0.1314523061326923
100	0.025928821455018843
101	0.024696375181437507
102	0.029049038185277716
103	0.030007614098888354
104	0.030498699465507893
105	0.013766972933527197
106	0.015423659850313085
107	0.018740694914960384
108	0.2475782724366734
109	0.8501615448994169
110	0.7712627042813436
111	0.7588439508744866
112	0.7712627042813436
113	0.746625162324361
114	0.7712627042813436
115	0.7838846950415602
116	0.699686033300596
117	0.9220420515895166
118	0.2070923854195534
119	0.11733274450692356
120	0.7588439508744866
121	0.09197534264619908
122	0.164993247273701
123	0.10818572446379239
124	0.15462038588001323
125	0.9680555771461439
126	0.12933568132306184
127	0.10995622264422977
128	0.10644373457266974
129	0.10995622264422977
130	0.1571508039477936
131	0.7838846950415602
132	0.7712627042813436
133	0.9680555771461439
134	0.06979493239667536
135	0.03890712455342853
136	0.16233655139003356
137	0.8782156365502465
138	0.9371316004437404
139	0.7111366461700588
140	0.6245313223904277
141	0.6245313223904277
142	0.6245313223904277
143	0.6045810297425099
144	0.6347520014624567
145	0.8925879504044916
146	0.8782156365502465
147	0.18484816784601615
148	0.044302473030725924
149	0.0358740049446921
150	1.0
151	0.14968112689163354
152	0.49757237909340374
153	0.45139540946973095
154	0.0017518905076602737
155	0.0011487109132294637
156	0.002805128333603537
157	0.001286944230771775
158	3.678253276172629e-05
159	0.00029858833578436605
160	2.2971843826550153e-05
161	8.534041321022445e-06
162	1.9849390061746685e-05
163	0.0004859241323929805
164	4.542445618186491e-05
165	0.0019627091166381696
166	0.011515692539375738
167	0.9838981538483329
168	0.9838981538483329
169	1.0
170	1.0
171	1.0
172	0.9838981538483329
173	0.9838981538483329
174	0.013766972933527197
175	0.001839316735680622
176	4.542445618186491e-05
177	0.0004859241323929805
178	1.9849390061746685e-05
179	8.534041321022445e-06
180	2.2971843826550153e-05
181	0.00029858833578436605
182	3.678253276172629e-05
183	0.0012060361066649921
184	0.002715520127955573
185	0.0010764932965619178
186	0.0017518905076602737
187	0.035296367236228025
188	0.04288725609876025
189	0.9524680951766599
190	0.06979493239667536
191	0.04084874312373918
192	0.17894329980858245
193	0.2557479945175719
194	0.2912132099152615
195	0.21742711012398036
196	0.2070923854195534
197	0.5484731728386767
198	0.5948461590153711
199	0.6451399456130125
200	0.7346031188276507
