1	0.3315964756209393
2	0.32100381758685115
3	0.3425386759286075
4	0.9838981538483189
5	0.43697584363533404
6	0.3837590186752804
7	0.3775797899972509
8	0.8782156365502464
9	0.4895605451959228
10	0.21048152657828498
11	0.176061982325188
12	0.21048152657828498
13	0.513991542262758
14	0.5396417421912961
15	0.9680555771461302
16	0.9371316004437404
17	0.6884197964379098
18	0.6556978921951198
19	0.3655182215245085
20	0.2912132099152615
21	0.3775797899972509
22	0.41620554942555466
23	0.2912132099152615
24	0.481677716615238
25	0.5758441417787838
26	0.9838981538483189
27	0.9838981538483189
28	0.9524680951766463
29	0.7111366461700385
30	0.5948461590153628
31	0.49757237909340374
32	0.07947357060372963
33	0.18187177108593947
34	0.3715000583087311
35	0.5396417421912961
36	0.7588439508744759
37	0.7967132492072908
38	0.9371316004437404
39	0.5574491330158785
40	0.3900393726467364
41	0.28652413961186873
42	0.27737129133826594
43	0.04502749889045438
44	0.04883453939311235
45	0.052963462250909324
46	0.02314375359893927
47	0.02314375359893927
48	0.06331764666180247
49	0.21392613224755938
50	0.9071954723294419
51	0.7967132492072908
52	0.7838846950415601
53	0.7588439508744759
54	0.809751747262771
55	0.8640747434825137
56	0.8364723744993592
57	0.8501615448994049
58	0.6245313223904277
59	0.4299397258291107
60	0.2396695274125223
61	0.051271575016962036
62	0.04576439005840027
63	0.06331764666180247
64	0.15462038588001104
65	0.15972263321475677
66	0.17894329980857737
67	0.1472709844146142
68	0.43697584363533404
69	0.3837590186752804
70	0.21742711012398036
71	0.04883453939311235
72	0.059336967552506205
73	0.11175569566235759
74	0.164993247273701
75	0.1425664978143681
76	0.9524680951766463
77	0.9680555771461302
78	0.9524680951766463
79	0.9220420515895166
80	0.9371316004437404
81	0.9220420515895166
82	0.08619300005539272
83	0.09656527406216149
84	0.09348055211451999
85	0.1676934209382962
86	0.2396695274125223
87	0.2037578156903431
88	0.44412711003286787
89	0.41620554942555466
90	0.6451399456130031
91	0.8925879504044915
92	0.8640747434825137
93	0.9220420515895166
94	0.9071954723294419
95	0.7588439508744759
96	0.6451399456130031
97	0.7838846950415601
98	0.3655182215245085
99	0.08619300005539272
100	0.016727718463300126
101	0.0035784961121798835
102	0.013545299253376991
103	0.1732270593726278
104	0.19094788792080922
105	0.25993340216897615
106	0.22460188780169194
107	0.01248933551297767
108	0.3900393726467364
109	0.3837590186752804
110	0.8501615448994049
111	0.31074953590015464
112	0.22460188780169194
113	0.2282775782464986
114	0.31074953590015464
115	0.809751747262771
116	0.614475215120391
117	0.823003625015039
118	0.8501615448994049
119	0.9071954723294419
120	0.5309525138815143
121	0.4895605451959228
122	0.14489964968096344
123	0.4299397258291107
124	0.3315964756209393
125	0.35963270335587966
126	0.6664286233595221
127	0.07093715149650967
128	0.07947357060372963
129	0.3425386759286075
130	0.6556978921951198
131	0.8782156365502464
132	0.7967132492072908
133	0.08619300005539272
134	0.0007532073245460797
135	0.0005356333306484069
136	0.0005715668219861406
137	0.0034084033755650083
138	0.004565079704726418
139	0.02592882145501884
140	0.2641873055176485
141	1.0
142	1.0
143	1.0
144	1.0
145	0.2641873055176485
146	0.023522509426831248
147	0.0034084033755650083
148	0.0018694178137101955
149	0.0005533084497353728
150	0.0003628031842252282
151	0.0014893899404870398
152	0.1496811268916314
153	0.9838981538483189
154	0.9071954723294419
155	0.9838981538483189
156	0.9838981538483189
157	0.3158350635019698
158	0.11544347070631858
159	0.15213071221465968
160	0.17894329980857737
161	0.15972263321475677
162	0.27737129133826594
163	0.31074953590015464
164	0.7346031188276507
165	0.7967132492072908
166	0.9524680951766463
167	0.9680555771461302
168	0.9371316004437404
169	0.823003625015039
170	0.7466251623243612
171	0.2685108255202325
172	0.14489964968096344
173	0.12318811002815044
174	0.10472979393476875
175	0.11358461770179093
176	0.23201342268367284
177	0.272905101478248
178	0.9071954723294419
179	0.8925879504044915
180	0.9680555771461302
181	0.23201342268367284
182	0.11358461770179093
183	0.04288725609876025
184	0.01727970878760305
185	0.01874069491496012
186	0.04804821315291693
187	0.020995908477665633
188	0.809751747262771
189	0.16233655139003356
190	0.1732270593726278
191	0.6664286233595221
192	0.1676934209382962
193	0.19094788792080922
194	0.5224031981891458
195	0.7588439508744759
196	0.2209853827589351
197	0.15715080394779138
198	0.14489964968096344
199	0.7588439508744759
200	0.9838981538483189
