1	0.01096832973761928
2	0.013327194928720634
3	0.02551131956105572
4	0.027222771645920633
5	0.02858129504156406
6	0.006114285902868147
7	0.9680555771461301
8	0.9680555771461301
9	0.9680555771461301
10	1.0
11	1.0
12	0.041517247454899237
13	0.04019100294647176
14	0.0011302145468318856
15	0.0007291465512741477
16	0.0005356333306484145
17	0.0024635075651007273
18	0.5224031981891458
19	0.5484731728386766
20	0.5948461590153711
21	0.6451399456130124
22	0.5484731728386766
23	0.4975723790934108
24	0.48956054519592274
25	0.7227746524257427
26	0.38375901867528034
27	0.3715000583087364
28	0.3775797899972509
29	0.9524680951766598
30	0.9524680951766598
31	0.9220420515895297
32	0.4162055494255606
33	0.062298115656568495
34	0.057441482370143404
35	0.19407281858793804
36	0.2396695274125257
37	0.699686033300596
38	0.8364723744993591
39	0.8501615448994049
40	0.9524680951766598
41	0.03202070454638332
42	0.02314375359893927
43	0.000351213645895612
44	0.00029378051233887965
45	0.0050320794624388356
46	0.09814559940423298
47	0.002945115272426268
48	0.8925879504045041
49	0.8925879504045041
50	0.8782156365502464
51	0.8782156365502464
52	0.9838981538483328
53	0.9838981538483328
54	1.0
55	1.0
56	0.9680555771461301
57	0.9524680951766598
58	0.9838981538483328
59	1.0
60	0.9071954723294418
61	0.0017236818362313373
62	0.001286944230771775
63	0.0015385376373511798
64	0.0006403479026656425
65	0.09656527406216286
66	0.004009124378788921
67	0.007927630713798714
68	0.8640747434825136
69	0.08480513362914895
70	0.04288725609876025
71	0.210481526578285
72	0.7466251623243717
73	0.809751747262771
74	0.809751747262771
75	0.029524436113288612
76	0.09197534264619907
77	0.10818572446379392
78	0.16499324727370096
79	0.1789432998085799
80	0.809751747262771
81	0.3775797899972509
82	0.9680555771461301
83	0.9524680951766598
84	0.9220420515895297
85	0.9680555771461301
86	0.9838981538483328
87	0.03361866366814549
88	0.03000761409888792
89	0.019359110527732818
90	0.008323250672588899
91	0.0045650797047264826
92	0.0017518905076602488
93	0.06979493239667536
94	0.22827757824649533
95	0.03254473486014868
96	0.020657835589543774
97	0.009632558682416177
98	0.021688742850449538
99	0.09814559940423298
100	0.38375901867528034
101	0.8230036250150506
102	0.007191910689857911
103	0.008459463654885726
104	0.012090370898187427
105	0.011895693606068052
106	0.016727718463300126
107	0.9524680951766598
108	0.9680555771461301
109	0.9838981538483328
110	0.9838981538483328
111	1.0
112	1.0
113	0.9524680951766598
114	0.9680555771461301
115	0.9838981538483328
116	0.04019100294647176
117	0.000976589844633953
118	0.0008302591310470831
119	0.012901465378461815
120	0.012901465378461815
121	0.9680555771461301
122	0.40950387170123426
123	0.5484731728386766
124	0.6773349667878948
125	0.9838981538483328
126	0.9838981538483328
127	0.8925879504045041
128	0.8501615448994049
129	0.9524680951766598
130	0.7967132492073021
131	0.699686033300596
132	0.7466251623243717
133	0.3057458946813884
134	0.09656527406216286
135	0.024696375181437157
136	0.004951053693111611
137	0.016458371314135665
138	0.027222771645920633
139	0.22460188780169513
140	1.0
141	1.0
142	0.07093715149650967
143	0.0058236622472702445
144	0.006419412822152425
145	0.01096832973761928
146	0.004074735137074952
147	0.005918968568537472
148	0.010278768401209682
149	0.8230036250150506
150	0.8364723744993591
151	0.8640747434825136
152	0.9071954723294418
153	0.9838981538483328
154	0.40950387170123426
155	0.809751747262771
156	0.005369661486237471
157	0.0047928951403666395
158	0.018740694914960117
159	0.015676073575284753
160	0.010617952774480096
161	0.48167771661524483
162	0.4739218161276131
163	0.4299397258291168
164	0.9220420515895297
165	0.40950387170123426
166	0.1546203858800132
167	0.9680555771461301
168	0.1272531380804732
169	0.11175569566235917
170	0.1154434707063202
171	0.9680555771461301
172	0.9680555771461301
173	0.9838981538483328
174	0.9680555771461301
175	0.9220420515895297
176	0.9220420515895297
177	0.03361866366814549
178	0.07327797408660716
179	0.029049038185277713
180	0.8364723744993591
181	0.2729051014782479
182	0.4162055494255606
183	0.9524680951766598
184	0.8782156365502464
185	0.8782156365502464
186	0.8230036250150506
187	0.9071954723294418
188	0.8925879504045041
189	0.8925879504045041
190	0.9071954723294418
191	0.9524680951766598
192	0.5396417421913038
193	0.14968112689163351
194	0.15972263321475677
195	0.2641873055176485
196	0.4739218161276131
197	0.699686033300596
198	0.7111366461700486
199	0.7588439508744756
200	0.8640747434825136
