1	0.9680555771461301
2	0.7967132492072908
3	0.7111366461700385
4	0.6347520014624477
5	0.5139915422627507
6	0.48167771661523795
7	0.17043778391330164
8	0.01619336115132798
9	0.305745894681384
10	0.1099562226442282
11	0.2959790185358471
12	0.45878265723355866
13	0.6773349667878948
14	0.37150005830872573
15	0.3900393726467308
16	0.277371291338262
17	0.24757827243666986
18	0.017562497419084194
19	0.015423659850313085
20	0.004715720680195249
21	0.005729890533725345
22	0.1972488898661499
23	0.1425664978143681
24	0.7838846950415491
25	0.07093715149650966
26	0.10472979393476874
27	0.7346031188276402
28	0.7838846950415491
29	0.8782156365502338
30	0.8364723744993472
31	0.8925879504044913
32	0.04963373414423628
33	0.034168845156027985
34	0.1099562226442282
35	0.15213071221465752
36	0.31583506350196977
37	0.6347520014624477
38	0.5758441417787756
39	0.10472979393476874
40	0.2320134226836695
41	0.11925293695084216
42	0.9838981538483188
43	0.9071954723294418
44	0.9371316004437271
45	0.9524680951766463
46	0.809751747262771
47	0.9838981538483188
48	0.1940728185879325
49	0.09197534264619776
50	0.18187177108593688
51	0.8364723744993472
52	0.31583506350196977
53	0.2599334021689725
54	0.25574799451756824
55	0.11175569566235759
56	0.09975178733729187
57	0.7967132492072908
58	0.5574491330158706
59	0.699686033300586
60	0.18187177108593688
61	0.2320134226836695
62	0.7712627042813326
63	0.11358461770178933
64	0.10818572446379085
65	0.21048152657828498
66	0.17606198232518802
67	0.16233655139003125
68	0.18484816784601352
69	0.9371316004437271
70	0.6884197964379
71	0.2209853827589351
72	0.2320134226836695
73	0.33159647562093936
74	0.40950387170122843
75	0.7712627042813326
76	0.809751747262771
77	0.2685108255202324
78	0.09656527406216012
79	0.017562497419084194
80	0.07093715149650966
81	0.8230036250150273
82	0.061295000982725924
83	0.024696375181437153
84	0.6245313223904189
85	0.8364723744993472
86	0.0876035794134446
87	0.1272531380804732
88	0.10818572446379085
89	0.030997821620274812
90	0.02722277164591986
91	0.05744148237014259
92	0.8364723744993472
93	0.8364723744993472
94	0.8782156365502338
95	0.9071954723294418
96	0.9371316004437271
97	0.15462038588000881
98	0.1380122933233906
99	0.15972263321475674
100	0.10818572446379085
101	0.045027498890453745
102	0.0472745482168648
103	0.9524680951766463
104	0.9680555771461301
105	0.37150005830872573
106	0.1972488898661499
107	0.7588439508744758
108	0.7838846950415491
109	0.9524680951766463
110	0.06331764666180247
111	0.0876035794134446
112	0.11544347070631855
113	0.2865241396118647
114	0.8364723744993472
115	0.8925879504044913
116	0.8925879504044913
117	0.8230036250150273
118	0.8782156365502338
119	0.15715080394779135
120	0.2320134226836695
121	0.15715080394779135
122	0.08343961441457963
123	0.746625162324361
124	0.09197534264619776
125	0.09049436982916052
126	0.15213071221465752
127	0.42301690250932045
128	0.8925879504044913
129	0.9371316004437271
130	0.8640747434825014
131	0.305745894681384
132	0.1472709844146142
133	0.06540703669975813
134	0.10818572446379085
135	0.041517247454899237
136	0.05044600800408381
137	0.13579004060925667
138	0.062298115656567614
139	0.4895605451959158
140	0.277371291338262
141	0.4895605451959158
142	0.25574799451756824
143	0.21742711012397722
144	0.0744771944128507
145	0.5852680376789788
146	0.1940728185879325
147	0.13360357026643588
148	0.7227746524257324
149	0.4895605451959158
150	0.5484731728386688
151	0.6451399456130033
152	0.5852680376789788
153	0.0593369675525062
154	0.12318811002814868
155	0.5758441417787756
156	0.48167771661523795
157	0.6245313223904189
158	0.5948461590153626
159	0.5758441417787756
160	0.5758441417787756
161	0.6664286233595221
162	0.8782156365502338
163	0.6556978921951104
164	0.699686033300586
165	0.7227746524257324
166	0.6664286233595221
167	0.18484816784601352
168	0.030997821620274812
169	0.2435918051833956
170	0.2599334021689725
171	0.2396695274125223
172	0.9371316004437271
173	0.7588439508744758
174	0.7838846950415491
175	0.7712627042813326
176	0.7588439508744758
177	0.5396417421912961
178	0.5309525138815068
179	0.5574491330158706
180	0.15972263321475674
181	0.42301690250932045
182	0.4739218161276131
183	0.4895605451959158
184	0.4739218161276131
185	0.8501615448993927
186	0.7227746524257324
187	0.39642250686330754
188	0.08209608258032047
189	0.3210038175868511
190	0.48167771661523795
191	0.4975723790934037
192	0.45878265723355866
193	0.1380122933233906
194	0.15972263321475674
195	0.4029101033605775
196	0.15972263321475674
197	0.2516299796562454
198	0.46629079995639433
199	0.5758441417787756
200	0.9071954723294418
