1	0.37150005830873634
2	0.1293356813230618
3	0.12520412762878458
4	0.13145230613269226
5	0.13801229332339254
6	0.1357900406092586
7	0.16499324727370096
8	0.6045810297425013
9	0.1472709844146142
10	0.07327797408660716
11	0.07093715149651067
12	0.16769342093829856
13	0.6451399456130124
14	0.6144752151203998
15	0.6451399456130124
16	0.7588439508744758
17	0.9524680951766599
18	0.968055577146144
19	0.9524680951766599
20	0.968055577146144
21	0.2282775782464986
22	0.11175569566235917
23	0.13145230613269226
24	0.2037578156903431
25	0.29121320991526145
26	0.9220420515895297
27	0.9838981538483329
28	0.6664286233595316
29	0.020657835589543774
30	0.04084874312373918
31	0.03646109590141843
32	0.9524680951766599
33	0.09656527406216286
34	0.8782156365502465
35	0.13801229332339254
36	0.11175569566235917
37	0.003042299783147364
38	0.0004859241323929839
39	0.01999793295422595
40	0.007429233258549089
41	0.9838981538483329
42	0.0593369675525062
43	0.03416884515602847
44	0.035296367236228025
45	1.0
46	0.5224031981891458
47	0.968055577146144
48	0.06435386265758217
49	0.0025447997235481606
50	0.004871332588256415
51	0.009174704819918268
52	0.02352250942683158
53	0.0137669729335271
54	0.01814203423202152
55	0.029049038185277716
56	0.035874004944692096
57	0.9838981538483329
58	0.194072818587938
59	0.16769342093829856
60	0.1909478879208119
61	0.02390746372968385
62	0.011704150977755607
63	0.02032520629905451
64	0.18187177108593947
65	0.019359110527732818
66	0.012090370898187429
67	0.8230036250150506
68	0.8230036250150506
69	0.8097517472627824
70	0.4162055494255606
71	0.3107495359001591
72	0.30574589468138835
73	0.3370231708678045
74	0.8230036250150506
75	0.12120455403276079
76	0.1789432998085799
77	0.7967132492073021
78	0.8097517472627824
79	0.7967132492073021
80	0.8097517472627824
81	0.968055577146144
82	0.9071954723294419
83	0.8782156365502465
84	0.7967132492073021
85	0.8230036250150506
86	0.8501615448994048
87	0.8640747434825136
88	0.968055577146144
89	0.968055577146144
90	0.9838981538483329
91	0.9838981538483329
92	0.5139915422627653
93	0.5057153295259776
94	0.5057153295259776
95	0.48956054519592274
96	0.6045810297425013
97	0.9838981538483329
98	0.9838981538483329
99	0.9838981538483329
100	0.48956054519592274
101	0.39642250686331315
102	0.29597901853585135
103	0.26851082552023625
104	0.4162055494255606
105	0.968055577146144
106	0.9838981538483329
107	0.5139915422627653
108	0.5224031981891458
109	0.6664286233595316
110	0.2773712913382699
111	0.2070923854195534
112	0.2209853827589351
113	0.40950387170123426
114	0.8097517472627824
115	0.968055577146144
116	0.9838981538483329
117	0.2037578156903431
118	0.1789432998085799
119	0.17322705937263028
120	0.019359110527732818
121	0.8230036250150506
122	0.016727718463300362
123	0.035296367236228025
124	0.194072818587938
125	0.194072818587938
126	0.21742711012398033
127	0.7838846950415602
128	0.2209853827589351
129	0.42301690250932045
130	0.836472374499359
131	0.7838846950415602
132	0.7712627042813545
133	0.7111366461700487
134	0.6556978921951198
135	0.6556978921951198
136	0.8097517472627824
137	0.6773349667878948
138	0.5484731728386766
139	0.7111366461700487
140	0.7227746524257427
141	0.6451399456130124
142	0.699686033300596
143	0.8640747434825136
144	0.7967132492073021
145	0.7838846950415602
146	0.699686033300596
147	0.6773349667878948
148	0.6451399456130124
149	0.002945115272426289
150	0.021339514049848223
151	0.014930959938100641
152	0.004871332588256415
153	0.0015637163575655676
154	0.0032463954707181004
155	0.057441482370143404
156	0.9838981538483329
157	0.575844141778792
158	1.0
159	0.9838981538483329
160	0.012901465378461815
161	0.011330268629776728
162	1.0
163	0.055606547367958434
164	1.0
165	0.01727970878760305
166	0.007550815325235738
167	0.003142691241050638
168	0.8501615448994048
169	0.1546203858800132
170	0.12120455403276079
171	0.016193361151328214
172	0.12520412762878458
173	0.017849913987938976
174	0.019359110527732818
175	0.06331764666180337
176	0.331596475620944
177	0.575844141778792
178	0.46629079995640094
179	0.836472374499359
180	0.0023464123579847807
181	0.0004267461712446214
182	0.013992274382953624
183	0.0037570771454724793
184	0.0013732801563434583
185	0.0018694178137102088
186	0.2865241396118728
187	1.0
188	1.0
189	1.0
190	0.8925879504045041
191	0.8097517472627824
192	0.8230036250150506
193	0.836472374499359
194	0.8501615448994048
195	0.9838981538483329
196	0.836472374499359
197	0.8501615448994048
198	0.836472374499359
199	0.8640747434825136
200	1.0
