1	0.8364723744993591
2	0.8364723744993591
3	0.9371316004437404
4	0.9371316004437404
5	0.9838981538483259
6	0.8364723744993591
7	0.8097517472627767
8	0.8230036250150449
9	0.8097517472627767
10	0.850161544899411
11	0.9838981538483259
12	0.9838981538483259
13	0.9220420515895167
14	0.6144752151203955
15	0.4975723790934038
16	0.7346031188276455
17	0.6773349667878997
18	0.699686033300596
19	0.2865241396118708
20	0.1081857244637924
21	0.01645837131413555
22	0.09814559940423369
23	0.9220420515895167
24	0.11733274450692441
25	0.005637628717885367
26	0.0001283749872229017
27	0.0016417519552458576
28	0.028581295041564064
29	0.9371316004437404
30	0.9371316004437404
31	0.013992274382953527
32	0.008189230970777055
33	0.007429233258549037
34	0.007191910689857912
35	0.00832325067258896
36	0.008459463654885665
37	0.01209037089818743
38	0.9524680951766599
39	0.9371316004437404
40	0.968055577146144
41	0.9220420515895167
42	0.4975723790934038
43	0.4299397258291168
44	0.41620554942555466
45	0.45139540946973095
46	0.40950387170123137
47	0.9220420515895167
48	0.9371316004437404
49	0.8925879504045041
50	0.9371316004437404
51	0.9371316004437404
52	0.9524680951766599
53	0.5574491330158786
54	0.5484731728386727
55	0.46629079995640094
56	0.5484731728386727
57	0.44412711003287103
58	0.04084874312373948
59	0.16769342093829856
60	0.23201342268367284
61	0.5574491330158786
62	0.5484731728386727
63	0.5484731728386727
64	0.7588439508744812
65	0.8364723744993591
66	0.5852680376789829
67	0.5057153295259813
68	0.228277578246497
69	0.35384195289533765
70	0.6144752151203955
71	0.5852680376789829
72	0.6045810297425057
73	0.6664286233595222
74	0.699686033300596
75	0.7712627042813435
76	0.968055577146144
77	0.746625162324361
78	0.746625162324361
79	0.18187177108593947
80	0.31074953590015464
81	0.38375901867528317
82	0.33702317086780925
83	0.07693483325865776
84	0.4739218161276165
85	0.41620554942555466
86	0.42301690250932344
87	0.5057153295259813
88	0.5574491330158786
89	0.8097517472627767
90	0.9524680951766599
91	0.9524680951766599
92	0.8097517472627767
93	0.8097517472627767
94	0.6245313223904277
95	0.6045810297425057
96	0.699686033300596
97	0.7838846950415547
98	0.8925879504045041
99	0.9220420515895167
100	0.4299397258291168
101	0.030498699465508112
102	0.006524468815236811
103	0.25162997965624895
104	0.015676073575284753
105	0.30574589468138624
106	0.4975723790934038
107	0.5224031981891458
108	0.3715000583087338
109	0.2959790185358493
110	0.03416884515602848
111	0.009324852154700426
112	0.054711179297213794
113	0.40950387170123137
114	0.9371316004437404
115	0.9524680951766599
116	0.9838981538483259
117	0.850161544899411
118	0.9071954723294483
119	0.7227746524257428
120	0.40950387170123137
121	0.1047297939347695
122	0.35384195289533765
123	0.699686033300596
124	0.7111366461700486
125	0.7712627042813435
126	0.9524680951766599
127	0.7967132492073021
128	0.7838846950415547
129	0.968055577146144
130	0.968055577146144
131	0.968055577146144
132	0.699686033300596
133	0.1521307122146586
134	0.09501039487561833
135	0.3481444442078041
136	0.2865241396118708
137	0.31583506350197205
138	0.9371316004437404
139	0.6347520014624523
140	0.6144752151203955
141	0.6245313223904277
142	0.6664286233595222
143	0.6664286233595222
144	0.6773349667878997
145	0.25162997965624895
146	0.513991542262758
147	0.9838981538483259
148	1.0
149	0.6884197964379098
150	0.6144752151203955
151	0.6347520014624523
152	0.6664286233595222
153	0.7712627042813435
154	0.7588439508744812
155	0.8230036250150449
156	0.8230036250150449
157	0.011330268629776647
158	0.0023086307871881067
159	0.0022348829091087073
160	0.0009453932456821844
161	9.278618677019129e-05
162	4.926505911911242e-05
163	0.006114285902868104
164	1.0
165	1.0
166	0.09348055211452065
167	0.06979493239667488
168	0.06756537356313871
169	0.07209806342155825
170	0.17894329980857993
171	0.9838981538483259
172	0.1521307122146586
173	0.08903724340857995
174	0.1252041276287837
175	0.30574589468138624
176	0.7838846950415547
177	0.7712627042813435
178	0.9071954723294483
179	0.7588439508744812
180	0.4975723790934038
181	0.48167771661524483
182	0.8782156365502402
183	0.8640747434825137
184	0.746625162324361
185	0.7588439508744812
186	0.7967132492073021
187	0.9220420515895167
188	0.7967132492073021
189	0.746625162324361
190	0.5057153295259813
191	0.3900393726467363
192	0.48956054519591924
193	0.9371316004437404
194	0.968055577146144
195	0.9220420515895167
196	0.8782156365502402
197	0.8640747434825137
198	0.7838846950415547
199	0.7967132492073021
200	1.0
