1	0.9220420515895297
2	0.3370231708678045
3	0.15715080394779135
4	0.164993247273701
5	0.24757827243667338
6	0.28191057199709557
7	0.1878732744065199
8	0.22098538275893506
9	0.3596327033558848
10	0.34814444420780405
11	0.26851082552023625
12	0.272905101478248
13	1.0
14	0.16233655139003356
15	0.1154434707063202
16	0.9680555771461439
17	0.9680555771461439
18	0.05838153282986929
19	0.04883453939311236
20	0.05044600800408453
21	0.04019100294647176
22	0.0007291465512741581
23	0.0009765898446339669
24	0.1212045540327608
25	0.9524680951766598
26	0.9524680951766598
27	0.9680555771461439
28	0.9838981538483328
29	0.13360357026643777
30	0.009324852154700492
31	0.0045650797047264826
32	0.052110652730085555
33	0.014221262971401536
34	0.017562497419084444
35	0.0330773411179359
36	0.9371316004437403
37	0.9838981538483328
38	0.052963462250909324
39	0.05044600800408453
40	0.8501615448994048
41	0.9524680951766598
42	0.7712627042813436
43	0.6996860333005961
44	0.6245313223904277
45	0.6884197964379195
46	0.7346031188276507
47	0.7111366461700486
48	0.6245313223904277
49	0.5948461590153711
50	0.47392181612761314
51	0.5574491330158785
52	0.34814444420780405
53	0.08480513362915015
54	0.21048152657828498
55	0.746625162324361
56	0.015932618141390915
57	0.014453999040223764
58	0.6884197964379195
59	0.2912132099152615
60	0.4513954094697245
61	1.0
62	1.0
63	1.0
64	1.0
65	0.8230036250150506
66	0.6664286233595317
67	0.009324852154700492
68	0.019359110527732818
69	0.07447719441285175
70	0.4095038717012343
71	0.9680555771461439
72	0.4299397258291168
73	0.3715000583087364
74	0.6556978921951198
75	1.0
76	0.9220420515895297
77	0.012901465378461815
78	0.008459463654885726
79	0.0011302145468318856
80	0.0010421053394971875
81	0.24359180518339907
82	1.0
83	1.0
84	1.0
85	0.24359180518339907
86	0.0012662220527620944
87	0.0004628272327807132
88	0.0003999173224417106
89	0.0050320794624388356
90	0.8640747434825137
91	0.8501615448994048
92	0.4975723790934108
93	0.5396417421913039
94	0.7588439508744758
95	0.746625162324361
96	0.38375901867528583
97	0.4587826572335652
98	0.5758441417787838
99	0.5057153295259778
100	0.5758441417787838
101	0.6451399456130124
102	0.043589121425846165
103	0.019359110527732818
104	0.0358740049446921
105	0.055606547367958434
106	0.13360357026643777
107	0.04084874312373918
108	0.11358461770179094
109	0.007191910689857912
110	0.0020606560225769396
111	0.0024238405452939728
112	0.0020943793974174054
113	0.796713249207302
114	0.9838981538483328
115	0.8230036250150506
116	0.7838846950415602
117	0.796713249207302
118	0.01189569360606805
119	0.01967592931444509
120	0.007927630713798602
121	0.016458371314135432
122	0.21742711012398033
123	0.2641873055176486
124	0.8782156365502464
125	0.7838846950415602
126	0.8501615448994048
127	0.836472374499359
128	0.8501615448994048
129	0.9071954723294418
130	0.8782156365502464
131	0.9371316004437403
132	0.796713249207302
133	0.2516299796562454
134	0.2070923854195534
135	0.18484816784601615
136	0.17322705937263028
137	0.011147830387442924
138	0.03646109590141792
139	0.009324852154700492
140	0.7838846950415602
141	0.6347520014624477
142	0.9680555771461439
143	0.9838981538483328
144	0.6996860333005961
145	0.47392181612761314
146	0.4029101033605775
147	0.6451399456130124
148	0.6347520014624477
149	0.836472374499359
150	0.15213071221465968
151	0.13360357026643777
152	0.0358740049446921
153	0.030498699465507893
154	0.6556978921951198
155	0.6144752151203998
156	0.8640747434825137
157	0.9220420515895297
158	0.9220420515895297
159	1.0
160	0.9071954723294418
161	0.3900393726467364
162	0.7838846950415602
163	0.796713249207302
164	0.22460188780169194
165	0.09049436982916181
166	0.17894329980857993
167	0.176061982325188
168	0.8097517472627824
169	0.746625162324361
170	0.6996860333005961
171	0.7227746524257427
172	0.9524680951766598
173	0.7346031188276507
174	0.08619300005539395
175	0.13145230613269226
176	0.016727718463300366
177	0.00873861362363561
178	0.024298717947761804
179	0.01700147357515921
180	0.15972263321475905
181	0.04651334071458727
182	0.23581040555488308
183	0.17322705937263028
184	0.14489964968096344
185	0.13145230613269226
186	0.7838846950415602
187	0.8640747434825137
188	0.8097517472627824
189	0.796713249207302
190	0.7111366461700486
191	0.6996860333005961
192	0.796713249207302
193	0.2865241396118728
194	0.41620554942555466
195	0.41620554942555466
196	0.4029101033605775
197	0.3964225068633132
198	0.9371316004437403
199	0.8925879504044913
200	0.9371316004437403
