1	1.0
2	0.8782156365502339
3	0.8640747434825136
4	0.8640747434825136
5	0.8782156365502339
6	0.9838981538483188
7	0.27290510147824404
8	0.14256649781436806
9	0.14727098441461212
10	0.14027091400017713
11	0.06540703669975813
12	0.8782156365502339
13	0.8097517472627709
14	0.8501615448993928
15	1.0
16	0.9838981538483188
17	1.0
18	0.9680555771461439
19	0.9680555771461439
20	0.176061982325188
21	0.14489964968096344
22	0.14256649781436806
23	0.14727098441461212
24	0.11733274450692356
25	0.009790198959862089
26	0.0020606560225769396
27	0.0009151932040789201
28	0.00032383375060782415
29	0.0063160484245059975
30	0.04219669209919026
31	0.2246018878016951
32	1.0
33	1.0
34	1.0
35	1.0
36	0.2246018878016951
37	0.04219669209919026
38	0.00707610765039319
39	0.0013294115143323941
40	0.0013294115143323941
41	0.004951053693111611
42	0.010617952774480096
43	0.8097517472627709
44	0.012901465378461631
45	0.014221262971401534
46	0.001395754378613427
47	0.010968329737619124
48	1.0
49	1.0
50	1.0
51	1.0
52	1.0
53	0.04288725609875964
54	0.006419412822152426
55	0.006631244087325164
56	0.050446008004084525
57	0.305745894681384
58	1.0
59	0.9371316004437271
60	0.4095038717012285
61	0.0547111792972134
62	0.05383022830539262
63	0.16499324727369863
64	1.0
65	0.18484816784601352
66	0.03766425891466563
67	0.012288234154010976
68	0.00611428590286806
69	0.003637059484442844
70	0.004419250868277081
71	0.018142034232021265
72	1.0
73	0.05651656845829486
74	0.04804821315291624
75	0.05838153282986845
76	0.07947357060372963
77	0.08077418408895759
78	0.08903724340857933
79	0.6045810297425014
80	0.9071954723294418
81	0.9838981538483188
82	1.0
83	0.9838981538483188
84	0.6664286233595221
85	0.6347520014624387
86	0.7588439508744758
87	0.8782156365502339
88	0.8925879504044915
89	0.8640747434825136
90	0.6664286233595221
91	0.7588439508744758
92	0.7967132492072908
93	0.7967132492072908
94	0.9071954723294418
95	0.9524680951766463
96	0.9071954723294418
97	0.8782156365502339
98	0.24359180518339907
99	0.3262571601860513
100	0.12725313808047323
101	0.836472374499359
102	0.9524680951766463
103	0.32100381758685564
104	0.09197534264619776
105	0.14727098441461212
106	0.7712627042813435
107	0.9371316004437271
108	0.9680555771461439
109	0.7227746524257427
110	0.01700147357515921
111	0.026784434765055293
112	0.017562497419084444
113	0.6451399456130124
114	0.6451399456130124
115	0.06435386265758125
116	0.08343961441457963
117	0.2004769386898946
118	0.9524680951766463
119	1.0
120	0.9524680951766463
121	0.9838981538483188
122	0.005729890533725345
123	0.0020943793974173754
124	0.005637628717885326
125	0.9838981538483188
126	0.9838981538483188
127	1.0
128	1.0
129	1.0
130	1.0
131	0.9680555771461439
132	0.9838981538483188
133	0.0014893899404870398
134	0.002234882909108707
135	0.03254473486014822
136	0.9838981538483188
137	0.33702317086780925
138	0.37150005830873106
139	0.9838981538483188
140	0.5484731728386688
141	0.21742711012398033
142	0.6556978921951104
143	0.006419412822152426
144	0.006015834611932686
145	0.0512715750169613
146	0.6556978921951104
147	0.34814444420780405
148	0.009632558682416041
149	0.011704150977755607
150	0.7346031188276403
151	1.0
152	1.0
153	0.9071954723294418
154	0.022771096439116734
155	0.02204368690561934
156	0.2396695274125257
157	0.9371316004437271
158	0.33702317086780925
159	0.3107495359001546
160	0.3425386759286075
161	0.9524680951766463
162	0.47392181612760637
163	0.45139540946972445
164	0.7712627042813435
165	0.1135846177017893
166	0.1336035702664378
167	0.4975723790934037
168	0.24757827243666986
169	0.08760357941344458
170	0.05560654736795764
171	0.04288725609875964
172	0.03646109590141791
173	0.9838981538483188
174	0.9838981538483188
175	0.025928821455018472
176	0.0018393167356806216
177	0.001186616698822083
178	0.0008302591310470712
179	0.00707610765039319
180	0.031505112088109015
181	0.12120455403276079
182	0.5139915422627579
183	0.08480513362915015
184	0.08760357941344458
185	0.2912132099152615
186	0.12120455403276079
187	0.001395754378613427
188	0.001094110495432293
189	0.0048713325882563455
190	0.04430247303072529
191	1.0
192	1.0
193	1.0
194	0.9838981538483188
195	1.0
196	0.010617952774480096
197	0.007927630713798602
198	0.009174704819918202
199	0.015175310452307484
200	1.0
