1	0.9371316004437406
2	0.9220420515895166
3	0.9838981538483329
4	0.9838981538483329
5	0.20375781569034024
6	0.052110652730085555
7	0.028121083425988996
8	0.8230036250150508
9	0.0076743871260476935
10	0.1272531380804732
11	0.9838981538483329
12	0.7967132492073022
13	0.3837590186752804
14	0.48167771661524483
15	0.17894329980857993
16	0.14968112689163354
17	0.614475215120391
18	0.5948461590153711
19	0.9371316004437406
20	0.9524680951766599
21	0.9838981538483329
22	0.07819389939674472
23	0.004074735137074952
24	0.00047040156643291924
25	0.004715720680195316
26	0.0022714575694317693
27	0.002128654667381643
28	0.00479289514036664
29	0.9838981538483329
30	0.006214348384488036
31	0.006524468815236811
32	0.017562497419084444
33	0.013327194928720634
34	0.004951053693111611
35	0.023143753598939276
36	0.06867110513305712
37	0.6045810297425014
38	0.5852680376789872
39	0.513991542262758
40	0.3370231708678045
41	0.1425664978143681
42	0.22827757824649536
43	0.7111366461700487
44	0.6451399456130125
45	0.7227746524257326
46	0.6556978921951199
47	0.3837590186752804
48	0.3538419528953352
49	0.3655182215245085
50	0.9371316004437406
51	0.6245313223904277
52	0.6451399456130125
53	0.6451399456130125
54	0.5758441417787838
55	0.466290799956401
56	0.02766828206704513
57	0.005546852487609638
58	0.07209806342155876
59	0.2599334021689762
60	0.7111366461700487
61	0.6347520014624478
62	0.7466251623243612
63	0.5224031981891458
64	0.6884197964379097
65	0.2475782724366734
66	0.25574799451756824
67	0.01700147357515921
68	0.009950419076984445
69	0.4299397258291168
70	0.6347520014624478
71	0.4895605451959228
72	0.09197534264619908
73	0.23966952741252573
74	0.20709238541955344
75	0.2139261322475594
76	0.052963462250909324
77	0.07569604040982215
78	0.14968112689163354
79	0.677334966787895
80	0.7227746524257326
81	0.9071954723294419
82	0.8640747434825137
83	0.9680555771461302
84	0.39642250686331315
85	0.2139261322475594
86	0.1940728185879353
87	0.19094788792080922
88	0.14968112689163354
89	0.19724888986614994
90	0.2729051014782441
91	0.17043778391330167
92	0.6884197964379097
93	0.19724888986614994
94	0.23966952741252573
95	0.23201342268367614
96	0.13579004060925667
97	0.5948461590153711
98	0.7466251623243612
99	0.7466251623243612
100	0.7466251623243612
101	0.7466251623243612
102	0.6045810297425014
103	0.059336967552506205
104	0.007191910689857913
105	0.04502749889045438
106	0.04219669209919026
107	0.14968112689163354
108	0.03202070454638332
109	0.02551131956105572
110	0.0330773411179359
111	0.0472745482168648
112	0.06647744631284419
113	0.2729051014782441
114	0.3900393726467364
115	0.9071954723294419
116	0.8230036250150508
117	0.8501615448994049
118	0.5396417421912962
119	0.5948461590153711
120	0.614475215120391
121	0.566571988000515
122	0.5224031981891458
123	0.5396417421912962
124	0.4975723790934108
125	0.06435386265758218
126	0.06756537356313871
127	0.10138426111191785
128	0.9371316004437406
129	0.18484816784601618
130	0.05044600800408453
131	0.09049436982916183
132	0.08760357941344458
133	0.017562497419084444
134	0.809751747262771
135	0.04219669209919026
136	0.09501039487561765
137	0.2729051014782441
138	0.9680555771461302
139	0.8501615448994049
140	0.9838981538483329
141	0.513991542262758
142	0.1314523061326923
143	0.14027091400017716
144	0.5484731728386767
145	0.9838981538483329
146	0.9838981538483329
147	0.9680555771461302
148	0.6347520014624478
149	0.5948461590153711
150	0.15213071221465752
151	0.14968112689163354
152	0.8925879504045041
153	0.566571988000515
154	0.6045810297425014
155	0.9220420515895166
156	0.3775797899972509
157	0.4739218161276131
158	0.26851082552023625
159	0.19094788792080922
160	0.15213071221465752
161	0.9524680951766599
162	0.09656527406216288
163	0.031505112088109015
164	0.007191910689857913
165	0.015423659850313087
166	0.164993247273701
167	0.0807741840889576
168	0.006214348384488036
169	0.006214348384488036
170	0.017849913987938726
171	0.010791719379643228
172	0.0028510352648105338
173	0.004009124378788922
174	0.9838981538483329
175	0.0015893071365663278
176	0.0003569613831694986
177	0.006962169253653824
178	0.003042299783147364
179	0.00025800263964974307
180	0.0010941104954322932
181	0.07209806342155876
182	0.9838981538483329
183	0.9680555771461302
184	0.677334966787895
185	0.164993247273701
186	0.09348055211452132
187	0.10138426111191785
188	0.4587826572335587
189	1.0
190	0.9838981538483329
191	0.8925879504045041
192	0.22098538275893512
193	0.04084874312373918
194	0.8782156365502465
195	0.14027091400017716
196	0.1732270593726303
197	0.052963462250909324
198	0.7712627042813436
199	0.7967132492073022
200	0.8782156365502465
