1	0.9838981538483329
2	0.9680555771461439
3	0.6451399456130125
4	0.6347520014624477
5	0.5665719880005149
6	0.5852680376789872
7	0.6556978921951199
8	0.9838981538483329
9	1.0
10	1.0
11	0.699686033300596
12	0.6245313223904277
13	0.09814559940423298
14	0.11544347070632022
15	0.6773349667879045
16	0.0622981156565685
17	0.008189230970777114
18	0.007550815325235737
19	0.0058236622472702445
20	0.004951053693111611
21	0.002715520127955534
22	0.003042299783147364
23	0.05651656845829486
24	0.09049436982916181
25	0.15972263321475902
26	0.20047693868989747
27	0.7346031188276506
28	0.34814444420780405
29	0.12120455403276079
30	0.04430247303072529
31	0.02678443476505567
32	0.057441482370143404
33	0.40291010336058325
34	0.40291010336058325
35	0.9680555771461439
36	0.8364723744993591
37	0.1293356813230618
38	0.019997932954225955
39	0.011895693606068052
40	0.11925293695084385
41	0.03890712455342853
42	0.2729051014782479
43	0.8782156365502464
44	1.0
45	1.0
46	1.0
47	0.3775797899972509
48	0.1472709844146142
49	0.12318811002815044
50	0.12120455403276079
51	0.18787327440651988
52	0.2865241396118728
53	0.892587950404504
54	0.3057458946813884
55	0.4513954094697309
56	0.8501615448994048
57	0.07209806342155876
58	0.09656527406216286
59	0.1030434509053353
60	0.20047693868989747
61	0.3057458946813884
62	0.9680555771461439
63	0.9680555771461439
64	0.8501615448994048
65	0.7838846950415601
66	0.7712627042813545
67	0.892587950404504
68	0.892587950404504
69	0.8782156365502464
70	1.0
71	0.9680555771461439
72	1.0
73	0.16769342093829856
74	0.007309608887594927
75	0.013545299253377184
76	1.0
77	0.0011302145468318856
78	9.901083980761737e-05
79	0.0010421053394971877
80	0.005546852487609715
81	0.06979493239667536
82	0.06540703669975813
83	0.061295000982726805
84	0.0013732801563434778
85	0.00049387645509079
86	5.089073425344813e-05
87	0.0011302145468318856
88	0.005457537922228155
89	0.045027498890455014
90	0.6347520014624477
91	1.0
92	1.0
93	1.0
94	1.0
95	0.6347520014624477
96	0.045027498890455014
97	0.005114431247540076
98	0.0009925720876843127
99	8.555276600875523e-05
100	0.0004480424839484796
101	0.0013294115143324132
102	0.16769342093829856
103	0.7227746524257428
104	0.892587950404504
105	0.35384195289533515
106	0.06756537356313967
107	0.0038810552143591303
108	0.0028051283336035368
109	0.0002843958634265
110	0.001286944230771775
111	0.02314375359893927
112	0.017001473575159454
113	0.176061982325188
114	0.9838981538483329
115	0.9371316004437404
116	0.9524680951766599
117	0.7967132492073021
118	0.7967132492073021
119	0.9371316004437404
120	0.210481526578285
121	0.08903724340858059
122	0.04151724745489924
123	0.04430247303072529
124	0.9838981538483329
125	0.0016686198147892288
126	0.0016686198147892288
127	0.006850065475449622
128	0.007309608887594927
129	0.00873861362363561
130	0.007927630713798602
131	0.057441482370143404
132	1.0
133	0.4975723790934108
134	0.3900393726467363
135	0.010278768401209684
136	0.03361866366814597
137	0.12120455403276079
138	0.11925293695084385
139	0.12318811002815044
140	0.0012662220527620944
141	0.020995908477666227
142	0.028581295041564064
143	0.0370577948122046
144	0.005369661486237471
145	0.001395754378613427
146	0.01133026862977681
147	0.030498699465507893
148	0.8782156365502464
149	0.8782156365502464
150	1.0
151	0.9838981538483329
152	0.9838981538483329
153	0.8640747434825136
154	0.8782156365502464
155	0.9680555771461439
156	0.0019627091166381696
157	0.0009765898446339669
158	0.029049038185277716
159	0.04651334071458728
160	0.027668282067045125
161	0.010791719379643227
162	0.002271457569431769
163	0.210481526578285
164	0.9838981538483329
165	0.9220420515895297
166	0.892587950404504
167	0.6884197964379195
168	0.11733274450692356
169	0.11544347070632022
170	0.10995622264422977
171	0.08480513362915015
172	0.08760357941344458
173	0.9524680951766599
174	0.9371316004437404
175	0.9371316004437404
176	0.9680555771461439
177	0.9838981538483329
178	1.0
179	1.0
180	1.0
181	1.0
182	0.4816777166152449
183	0.04883453939311305
184	0.0004337300253847311
185	0.0009151932040789332
186	0.00041987477004942157
187	0.0028510352648105333
188	0.028581295041564064
189	1.0
190	1.0
191	1.0
192	1.0
193	1.0
194	0.03254473486014868
195	0.004871332588256416
196	0.00029858833578436605
197	0.0008168904262529344
198	0.001286944230771775
199	0.04804821315291693
200	0.48956054519592274
