1	0.9838981538483119
2	0.9838981538483119
3	0.9838981538483119
4	0.4895605451959123
5	0.3715000583087311
6	0.31074953590015464
7	0.35384195289533266
8	0.44412711003286787
9	0.9838981538483119
10	0.9680555771461302
11	0.6556978921951059
12	0.7466251623243612
13	0.49757237909340374
14	0.31074953590015464
15	0.9071954723294353
16	0.1252041276287828
17	0.11544347070631776
18	0.16499324727369982
19	0.14027091400017716
20	0.17894329980857865
21	0.8782156365502277
22	0.8230036250150331
23	0.8501615448993988
24	0.9220420515895036
25	0.9220420515895036
26	0.9371316004437338
27	0.16499324727369982
28	0.10472979393476875
29	0.07693483325865666
30	0.20047693868989178
31	0.12933568132305906
32	0.17894329980857865
33	0.7346031188276351
34	0.7588439508744703
35	0.7466251623243612
36	0.7712627042813326
37	0.20047693868989178
38	0.1448996496809614
39	0.13801229332339157
40	0.1972488898661485
41	0.15462038588000993
42	0.16233655139003128
43	0.11925293695084131
44	0.109956222644229
45	0.03646109590141792
46	0.03828064801966439
47	0.7967132492072909
48	0.8501615448993988
49	0.8364723744993532
50	0.8640747434825014
51	0.9371316004437338
52	0.20047693868989178
53	0.11358461770178933
54	0.07093715149650917
55	0.02390746372968334
56	0.003578496112179884
57	0.043589121425845555
58	0.0981455994042323
59	0.9371316004437338
60	0.9524680951766463
61	0.9680555771461302
62	0.9220420515895036
63	0.8782156365502277
64	0.8782156365502277
65	0.8925879504044915
66	0.9071954723294353
67	0.9220420515895036
68	0.11175569566235759
69	0.04430247303072498
70	0.030007614098887712
71	0.10644373457266748
72	0.053830228305392254
73	0.060308038307034934
74	0.1272531380804723
75	0.9838981538483119
76	0.10138426111191785
77	0.09975178733729259
78	0.20709238541955047
79	0.2685108255202324
80	0.9680555771461302
81	0.9680555771461302
82	0.8925879504044915
83	0.8782156365502277
84	0.1972488898661485
85	0.10138426111191785
86	0.109956222644229
87	0.17894329980857865
88	0.15462038588000993
89	0.109956222644229
90	0.109956222644229
91	0.027222771645920248
92	0.009790198959862089
93	0.00434809277069037
94	0.002346412357984731
95	0.01727970878760293
96	0.24757827243666988
97	0.3158350635019676
98	0.4895605451959123
99	0.4299397258291107
100	0.7588439508744703
101	0.7466251623243612
102	0.7227746524257325
103	0.7346031188276351
104	0.3008228213237163
105	0.36551822152450075
106	0.8097517472627652
107	0.23966952741252232
108	0.013992274382953328
109	0.010278768401209684
110	0.006214348384487991
111	0.022404439747548823
112	0.9838981538483119
113	0.9680555771461302
114	0.06331764666180247
115	0.004209195456615581
116	0.018740694914959985
117	0.03646109590141792
118	0.13579004060925667
119	0.1878732744065199
120	0.3775797899972482
121	0.17606198232518674
122	0.6556978921951059
123	0.04804821315291591
124	0.09049436982916054
125	0.6996860333005911
126	0.7712627042813326
127	0.8925879504044915
128	0.9371316004437338
129	0.9371316004437338
130	0.9524680951766463
131	0.9524680951766463
132	0.9680555771461302
133	0.36551822152450075
134	0.36551822152450075
135	0.7227746524257325
136	0.32100381758685115
137	0.14727098441461314
138	0.3370231708678044
139	0.7227746524257325
140	0.7111366461700436
141	0.25574799451756647
142	0.2641873055176467
143	0.33159647562093936
144	0.9524680951766463
145	0.9524680951766463
146	0.9838981538483119
147	0.8230036250150331
148	0.16499324727369982
149	0.11544347070631776
150	0.44412711003286787
151	0.9371316004437338
152	0.9371316004437338
153	0.9220420515895036
154	0.7838846950415435
155	0.8097517472627652
156	0.8640747434825014
157	0.9524680951766463
158	0.5396417421912961
159	0.12318811002814957
160	0.025928821455018656
161	0.019675929314445093
162	0.012901465378461725
163	0.08480513362914895
164	0.9838981538483119
165	0.02352250942683125
166	0.0046397888713085094
167	0.0026287744047199095
168	0.00434809277069037
169	0.054711179297213405
170	0.1732270593726254
171	0.12318811002814957
172	0.23581040555488142
173	0.062298115656568065
174	0.08903724340857869
175	0.15462038588000993
176	0.9680555771461302
177	0.9838981538483119
178	0.9680555771461302
179	0.8782156365502277
180	0.9838981538483119
181	0.20375781569033877
182	0.210481526578285
183	0.22098538275893354
184	0.13360357026643685
185	0.01079171937964315
186	0.1676934209382962
187	0.31074953590015464
188	0.5139915422627543
189	0.9220420515895036
190	0.9838981538483119
191	0.9838981538483119
192	1.0
193	0.8501615448993988
194	0.22098538275893354
195	0.1425664978143671
196	0.1252041276287828
197	0.18484816784601485
198	0.28652413961186673
199	0.7712627042813326
200	0.8640747434825014
