1	0.809751747262771
2	0.8501615448994049
3	0.9524680951766599
4	0.9524680951766599
5	0.2557479945175683
6	0.06979493239667486
7	0.04084874312373889
8	0.011704150977755524
9	0.02510054021835705
10	0.056516568458294454
11	0.9071954723294419
12	0.036461095901418175
13	0.022404439747548983
14	0.9371316004437406
15	0.210481526578285
16	0.9838981538483189
17	0.9838981538483189
18	0.0358740049446916
19	0.01700147357515909
20	0.01935911052773282
21	0.07569604040982161
22	0.9838981538483189
23	0.9838981538483189
24	0.9838981538483189
25	0.9838981538483189
26	0.08077418408895702
27	0.020657835589543778
28	0.013327194928720636
29	0.022771096439116574
30	0.9838981538483189
31	0.9838981538483189
32	0.154620385880011
33	0.9371316004437406
34	0.04358912142584587
35	0.06435386265758127
36	0.9838981538483189
37	0.9838981538483189
38	0.09348055211452065
39	0.048834539393112705
40	0.01999793295422567
41	0.01645837131413555
42	0.08343961441458024
43	0.2819105719970956
44	0.9371316004437406
45	0.6996860333005861
46	0.7712627042813326
47	0.9371316004437406
48	0.9071954723294419
49	0.9371316004437406
50	0.9371316004437406
51	0.9371316004437406
52	0.9838981538483189
53	0.9838981538483189
54	0.9838981538483189
55	1.0
56	0.9838981538483189
57	0.9680555771461302
58	0.0024238405452939728
59	0.00035121364589560703
60	0.0007058543855178055
61	0.09501039487561766
62	0.9838981538483189
63	0.9838981538483189
64	1.0
65	1.0
66	0.1047297939347695
67	0.006631244087325119
68	0.0037570771454724255
69	0.00528320002309943
70	1.0
71	1.0
72	0.9838981538483189
73	1.0
74	0.9680555771461302
75	0.9680555771461302
76	0.05127157501696131
77	0.028581295041563655
78	0.0443024730307253
79	0.03307734111793591
80	0.04219669209918996
81	0.07209806342155724
82	1.0
83	0.9680555771461302
84	0.011330268629776569
85	0.003944570074838681
86	0.0008576564720537073
87	0.001668619814789217
88	0.008738613623635549
89	0.013545299253376896
90	0.15715080394779135
91	0.4369758436353279
92	0.7111366461700487
93	0.5057153295259778
94	1.0
95	0.9838981538483189
96	1.0
97	0.9680555771461302
98	0.8925879504044915
99	0.08209608258032165
100	0.04727454821686514
101	0.10644373457266824
102	0.9371316004437406
103	0.9220420515895167
104	0.4369758436353279
105	0.09656527406216081
106	0.036461095901418175
107	0.04576439005839962
108	0.06129500098272594
109	0.8782156365502339
110	0.8640747434825014
111	0.8640747434825014
112	0.8925879504044915
113	0.10644373457266824
114	0.1047297939347695
115	0.08903724340857933
116	0.09656527406216081
117	0.9680555771461302
118	0.42301690250932045
119	0.9071954723294419
120	0.9071954723294419
121	0.06129500098272594
122	0.023143753598939273
123	0.06435386265758127
124	0.8782156365502339
125	0.8640747434825014
126	0.8501615448994049
127	0.9838981538483189
128	1.0
129	1.0
130	0.9680555771461302
131	0.9838981538483189
132	0.5396417421912962
133	0.513991542262758
134	0.9838981538483189
135	0.2557479945175683
136	0.22827757824649536
137	0.32100381758685564
138	0.030007614098887928
139	0.023522509426831414
140	0.09975178733729259
141	0.09049436982916119
142	0.1878732744065199
143	0.4895605451959158
144	0.823003625015039
145	0.6144752151203912
146	0.6996860333005861
147	0.5484731728386688
148	0.8640747434825014
149	0.746625162324361
150	1.0
151	1.0
152	0.9838981538483189
153	0.8364723744993591
154	0.809751747262771
155	0.8364723744993591
156	0.9524680951766599
157	0.9071954723294419
158	0.6556978921951105
159	0.8640747434825014
160	0.9220420515895167
161	0.9680555771461302
162	0.9838981538483189
163	0.5396417421912962
164	0.29121320991525734
165	0.3107495359001547
166	0.3964225068633132
167	0.07819389939674416
168	0.11925293695084216
169	0.11925293695084216
170	0.08343961441458024
171	0.566571988000515
172	0.10995622264422977
173	0.4441271100328742
174	0.8364723744993591
175	0.7712627042813326
176	0.9371316004437406
177	0.9680555771461302
178	0.9680555771461302
179	0.9524680951766599
180	0.9524680951766599
181	0.9220420515895167
182	0.9524680951766599
183	0.9838981538483189
184	0.4975723790934037
185	0.1047297939347695
186	0.17894329980857993
187	0.045027498890454064
188	0.0370577948122046
189	0.03766425891466536
190	0.007191910689857913
191	0.0005356333306484108
192	0.03828064801966439
193	0.9524680951766599
194	0.9524680951766599
195	0.03150511208810879
196	0.007191910689857913
197	0.010791719379643228
198	0.014690543918280327
199	0.018142034232021136
200	0.05211065273008519
