1	0.9838981538483329
2	0.9838981538483329
3	0.4816777166152449
4	0.30082282132372057
5	0.2773712913382699
6	0.2773712913382699
7	0.7712627042813435
8	0.9371316004437404
9	0.9524680951766598
10	0.8501615448994049
11	0.8640747434825136
12	0.8925879504045041
13	0.5396417421912961
14	0.3900393726467363
15	0.4230169025093205
16	0.6144752151203998
17	0.5057153295259778
18	0.5057153295259778
19	0.5309525138815143
20	0.9680555771461302
21	0.9220420515895298
22	0.8097517472627709
23	0.7967132492073021
24	0.8230036250150508
25	0.8230036250150508
26	0.5224031981891458
27	0.5396417421912961
28	0.4975723790934108
29	0.45139540946972445
30	0.3425386759286123
31	0.9220420515895298
32	0.07093715149650967
33	0.003578496112179884
34	0.012288234154010974
35	0.02390746372968385
36	0.02678443476505567
37	0.08343961441458081
38	0.6556978921951199
39	0.6884197964379196
40	0.6556978921951199
41	0.9838981538483329
42	0.39642250686331315
43	0.9838981538483329
44	0.9838981538483329
45	0.011515692539375738
46	0.005637628717885406
47	0.0014185963995909695
48	0.014453999040223764
49	0.9838981538483329
50	0.8640747434825136
51	0.9524680951766598
52	0.8782156365502464
53	0.8640747434825136
54	0.003578496112179884
55	0.001780560824113866
56	0.004871332588256416
57	0.002897693479410694
58	0.002759960588740131
59	0.006015834611932771
60	0.002715520127955534
61	0.9371316004437404
62	0.9371316004437404
63	0.677334966787895
64	0.8097517472627709
65	0.05744148237014341
66	0.04151724745489924
67	0.052963462250909324
68	0.9838981538483329
69	0.9220420515895298
70	0.12933568132306184
71	0.12318811002815044
72	0.006850065475449623
73	0.004871332588256416
74	0.008189230970777112
75	0.010791719379643227
76	0.023522509426831584
77	0.12725313808047323
78	0.12933568132306184
79	0.10644373457266824
80	0.07569604040982214
81	0.8501615448994049
82	0.8097517472627709
83	0.8640747434825136
84	0.9524680951766598
85	0.8782156365502464
86	0.9220420515895298
87	0.9524680951766598
88	0.8501615448994049
89	0.9524680951766598
90	0.15972263321475674
91	0.14027091400017716
92	0.12933568132306184
93	0.016727718463300126
94	0.013112602486345095
95	0.013327194928720825
96	0.01248933551297767
97	0.1314523061326923
98	0.9838981538483329
99	0.12520412762878458
100	0.1336035702664378
101	0.006631244087325165
102	0.8640747434825136
103	0.8230036250150508
104	0.8364723744993591
105	0.9838981538483329
106	0.9524680951766598
107	0.9680555771461302
108	0.9838981538483329
109	0.9838981538483329
110	0.9838981538483329
111	0.9680555771461302
112	0.9838981538483329
113	0.5396417421912961
114	0.3107495359001591
115	0.39642250686331315
116	0.5665719880005149
117	0.48956054519592274
118	0.5309525138815143
119	0.9071954723294419
120	0.9220420515895298
121	0.8501615448994049
122	0.7588439508744758
123	0.8501615448994049
124	0.035296367236227526
125	0.031505112088109015
126	0.15715080394779138
127	0.8230036250150508
128	0.6045810297425014
129	0.9838981538483329
130	0.4230169025093205
131	0.4162055494255606
132	0.4739218161276131
133	0.9838981538483329
134	0.9838981538483329
135	0.9838981538483329
136	0.9838981538483329
137	0.8097517472627709
138	0.3057458946813884
139	0.3655182215245085
140	0.4230169025093205
141	0.9371316004437404
142	0.9680555771461302
143	0.9838981538483329
144	0.0358740049446921
145	0.028121083425988992
146	0.05651656845829485
147	0.9371316004437404
148	0.9371316004437404
149	0.7838846950415602
150	0.7967132492073021
151	0.9524680951766598
152	0.9838981538483329
153	0.0032995238968794496
154	0.0010088158858740138
155	0.00022658195241163974
156	0.00048592413239297353
157	0.0006944888267967183
158	6.183537071603809e-05
159	0.0023464123579847807
160	0.006524468815236811
161	0.011895693606068052
162	0.013992274382953428
163	0.9838981538483329
164	0.9680555771461302
165	0.9838981538483329
166	0.9680555771461302
167	0.014453999040223764
168	0.010278768401209684
169	0.024298717947761804
170	0.8640747434825136
171	0.9071954723294419
172	0.9838981538483329
173	0.9524680951766598
174	0.9524680951766598
175	0.8640747434825136
176	0.7967132492073021
177	0.9220420515895298
178	0.9524680951766598
179	0.9220420515895298
180	0.9524680951766598
181	0.016727718463300126
182	0.002628774404719965
183	0.00902697513442092
184	0.021339514049848227
185	0.9680555771461302
186	0.9838981538483329
187	0.40291010336057753
188	0.9680555771461302
189	0.677334966787895
190	0.3596327033558848
191	0.07447719441285175
192	0.011704150977755607
193	0.009632558682416179
194	0.009950419076984587
195	0.01727970878760305
196	0.06867110513305712
197	0.44412711003287414
198	0.3715000583087364
199	0.7712627042813435
200	0.9071954723294419
