1	1.0
2	0.9838981538483329
3	1.0
4	1.0
5	1.0
6	0.9680555771461301
7	0.9071954723294418
8	0.9524680951766598
9	0.9680555771461301
10	0.6347520014624477
11	0.35963270335588476
12	0.9371316004437404
13	0.0069621692536538235
14	0.0023086307871880737
15	0.0020943793974174054
16	0.00023788928317815987
17	0.0005904276939048732
18	0.0046397888713085094
19	0.030498699465507893
20	0.029524436113288612
21	0.16499324727370096
22	0.06540703669975813
23	0.8230036250150506
24	0.01756249741908444
25	0.012489335512977668
26	0.007550815325235737
27	0.00742923325854893
28	0.013545299253377182
29	0.11925293695084216
30	1.0
31	1.0
32	0.9371316004437404
33	0.9371316004437404
34	1.0
35	1.0
36	0.9680555771461301
37	0.0675653735631387
38	0.027668282067045125
39	0.0330773411179359
40	0.01784991398793898
41	0.030498699465507893
42	0.9680555771461301
43	0.2819105719970956
44	0.4029101033605775
45	0.7111366461700487
46	0.746625162324361
47	0.7111366461700487
48	0.7227746524257325
49	0.08480513362914895
50	0.03254473486014869
51	0.03254473486014869
52	0.030997821620274812
53	0.21048152657828498
54	1.0
55	1.0
56	1.0
57	0.9838981538483329
58	0.1909478879208092
59	0.0083232506725889
60	0.008881624169591297
61	0.029049038185277713
62	0.09656527406216288
63	0.9838981538483329
64	0.9680555771461301
65	0.9680555771461301
66	0.8640747434825012
67	0.5758441417787837
68	0.6556978921951198
69	0.7346031188276507
70	0.2209853827589351
71	0.35384195289533515
72	0.02204368690561934
73	0.022771096439116734
74	0.0330773411179359
75	0.035296367236227526
76	0.08209608258032164
77	0.9838981538483329
78	0.04651334071458728
79	0.026784434765055674
80	0.029049038185277713
81	0.025928821455018843
82	0.0242987179477618
83	0.02032520629905451
84	0.9220420515895298
85	0.0934805521145213
86	0.07569604040982106
87	0.11733274450692356
88	0.21742711012398036
89	0.9371316004437404
90	0.9371316004437404
91	0.9371316004437404
92	0.9371316004437404
93	0.2004769386898946
94	0.059336967552506205
95	0.03472803056127704
96	0.06435386265758217
97	0.8925879504044915
98	0.004278080449843506
99	0.021688742850449538
100	0.0034084033755650564
101	0.018438935128663837
102	0.008189230970777114
103	0.05044600800408453
104	0.00873861362363561
105	0.058381532829869284
106	0.0769348332586583
107	0.07209806342155876
108	0.06979493239667536
109	0.062298115656568495
110	0.8501615448994048
111	0.08209608258032164
112	0.8640747434825012
113	0.9524680951766598
114	0.9680555771461301
115	0.2320134226836761
116	0.06867110513305712
117	0.03254473486014869
118	0.052110652730085555
119	0.9838981538483329
120	0.10138426111191785
121	0.057441482370143404
122	0.06647744631284418
123	0.08209608258032164
124	0.1972488898661499
125	0.9838981538483329
126	0.7588439508744758
127	0.6451399456130031
128	0.6884197964379195
129	0.47392181612761314
130	0.4299397258291168
131	0.03361866366814549
132	0.29597901853585135
133	0.28652413961186873
134	0.9220420515895298
135	0.9371316004437404
136	0.9220420515895298
137	0.9680555771461301
138	0.20375781569034312
139	0.21742711012398036
140	0.2599334021689762
141	0.7712627042813435
142	0.7712627042813435
143	0.809751747262771
144	0.9371316004437404
145	0.9838981538483329
146	0.8925879504044915
147	0.9220420515895298
148	0.9220420515895298
149	0.9371316004437404
150	0.12120455403276079
151	0.07447719441285175
152	0.1293356813230618
153	0.3315964756209441
154	0.30574589468138835
155	0.43697584363533404
156	0.6144752151203998
157	0.16499324727370096
158	0.2004769386898946
159	0.6664286233595316
160	0.9838981538483329
161	0.9838981538483329
162	0.176061982325188
163	0.06867110513305712
164	0.05651656845829405
165	0.0769348332586583
166	0.11175569566235918
167	0.030007614098887924
168	0.02812108342598899
169	0.07819389939674361
170	0.1878732744065199
171	0.7712627042813435
172	0.1154434707063202
173	0.0020606560225769396
174	0.04288725609876025
175	0.02032520629905451
176	0.003696581267296084
177	0.0003186194293768151
178	0.0020606560225769396
179	0.0003871421943870452
180	0.004209195456615671
181	0.9371316004437404
182	0.4029101033605775
183	0.14027091400017713
184	0.1314523061326923
185	0.12520412762878458
186	0.1030434509053353
187	0.2641873055176485
188	0.9371316004437404
189	0.9371316004437404
190	0.9524680951766598
191	0.9371316004437404
192	0.8782156365502464
193	0.8640747434825012
194	0.1972488898661499
195	0.1154434707063202
196	0.045764390058400266
197	0.04288725609876025
198	0.3900393726467363
199	1.0
200	1.0
