1	1.0
2	0.9680555771461439
3	0.9524680951766462
4	0.9071954723294419
5	0.9371316004437271
6	1.0
7	0.9838981538483189
8	0.9680555771461439
9	0.9838981538483189
10	0.823003625015039
11	0.699686033300596
12	0.7838846950415491
13	0.7712627042813435
14	0.823003625015039
15	0.7712627042813435
16	0.6556978921951105
17	0.7466251623243612
18	0.4816777166152449
19	0.6245313223904277
20	0.23581040555487975
21	0.5758441417787837
22	0.8364723744993591
23	0.34814444420780405
24	0.18484816784601352
25	0.2912132099152615
26	0.39642250686330754
27	0.9524680951766462
28	0.9220420515895167
29	0.7588439508744758
30	0.809751747262771
31	0.614475215120391
32	0.6045810297425014
33	0.6045810297425014
34	0.1789432998085799
35	0.23201342268367284
36	0.2435918051833991
37	0.23581040555487975
38	0.20047693868989458
39	0.11175569566235759
40	0.7588439508744758
41	0.809751747262771
42	0.9524680951766462
43	0.9371316004437271
44	0.9220420515895167
45	0.7712627042813435
46	0.028121083425988992
47	0.7227746524257428
48	0.04288725609875964
49	0.13579004060925862
50	0.03954385360034535
51	0.030997821620274372
52	0.13579004060925862
53	0.6664286233595222
54	0.5758441417787837
55	0.1972488898661471
56	0.04804821315291624
57	0.1789432998085799
58	0.02390746372968351
59	0.0020274756563298415
60	0.01619336115132798
61	0.11544347070631857
62	0.6245313223904277
63	0.9220420515895167
64	1.0
65	0.04963373414423558
66	0.043589121425845555
67	0.030997821620274372
68	0.9524680951766462
69	1.0
70	1.0
71	1.0
72	0.9680555771461439
73	0.18787327440651988
74	0.1818717710859395
75	0.21048152657828498
76	0.9680555771461439
77	0.9220420515895167
78	0.8501615448993927
79	0.8501615448993927
80	0.8364723744993591
81	0.9371316004437271
82	0.3370231708678045
83	0.31074953590015464
84	0.3425386759286075
85	0.06229811565656762
86	0.14727098441461212
87	0.614475215120391
88	0.6245313223904277
89	0.8925879504044915
90	0.8782156365502338
91	0.8925879504044915
92	0.7712627042813435
93	0.7588439508744758
94	0.8364723744993591
95	0.809751747262771
96	0.513991542262758
97	0.5665719880005069
98	0.2037578156903402
99	0.25574799451756824
100	0.5852680376789788
101	0.15715080394779135
102	0.09049436982916181
103	0.03254473486014822
104	0.013112602486345095
105	0.14968112689163354
106	0.9220420515895167
107	0.6245313223904277
108	0.5948461590153626
109	0.9220420515895167
110	0.9680555771461439
111	0.9838981538483189
112	0.9838981538483189
113	0.9071954723294419
114	0.5224031981891458
115	0.5852680376789788
116	0.9524680951766462
117	0.9371316004437271
118	0.9371316004437271
119	0.9371316004437271
120	0.7967132492072908
121	0.39642250686330754
122	0.49757237909340374
123	0.08343961441457963
124	0.04727454821686548
125	0.00932485215470036
126	0.14027091400017716
127	0.5574491330158786
128	0.9071954723294419
129	0.8925879504044915
130	0.9220420515895167
131	0.8501615448993927
132	0.9220420515895167
133	0.17606198232518802
134	0.20709238541955047
135	0.2729051014782441
136	0.9524680951766462
137	0.9524680951766462
138	0.9838981538483189
139	0.9524680951766462
140	0.9371316004437271
141	0.9838981538483189
142	0.9838981538483189
143	0.7346031188276403
144	0.7111366461700386
145	0.006316048424505999
146	0.0026717952406334006
147	0.02168874285044923
148	0.9838981538483189
149	0.9220420515895167
150	0.4029101033605833
151	0.3900393726467363
152	0.3057458946813841
153	0.39642250686330754
154	0.14489964968096347
155	0.04963373414423558
156	0.04502749889045438
157	0.0744771944128507
158	0.05933696755250621
159	0.3837590186752804
160	0.7712627042813435
161	0.6664286233595222
162	0.6556978921951105
163	0.5758441417787837
164	0.09501039487561766
165	0.28652413961186873
166	0.08077418408895759
167	0.6045810297425014
168	0.823003625015039
169	0.809751747262771
170	0.1818717710859395
171	0.022771096439116737
172	0.04963373414423558
173	0.1099562226442282
174	0.6884197964379098
175	0.7838846950415491
176	0.699686033300596
177	0.699686033300596
178	0.9680555771461439
179	0.9524680951766462
180	0.7346031188276403
181	0.6884197964379098
182	0.07947357060372963
183	0.15972263321475677
184	0.3715000583087311
185	0.3900393726467363
186	0.9838981538483189
187	0.6451399456130124
188	0.2729051014782441
189	0.18484816784601352
190	0.22460188780169513
191	0.3655182215245033
192	0.6245313223904277
193	0.614475215120391
194	0.5309525138815068
195	0.5852680376789788
196	0.614475215120391
197	0.7346031188276403
198	0.7838846950415491
199	0.9838981538483189
200	0.9524680951766462
