1	0.9371316004437271
2	0.9071954723294289
3	0.5057153295259706
4	0.4739218161276064
5	0.5484731728386688
6	0.6245313223904189
7	0.9071954723294289
8	0.758843950874465
9	0.746625162324361
10	0.9071954723294289
11	0.3900393726467336
12	0.2865241396118647
13	0.2641873055176448
14	0.03202070454638286
15	0.03361866366814549
16	0.21392613224755636
17	0.7346031188276403
18	1.0
19	0.9680555771461302
20	0.436975843635331
21	0.32100381758685115
22	0.28191057199709363
23	0.02510054021835687
24	0.05838153282986804
25	0.14256649781436606
26	0.6884197964379097
27	0.7712627042813436
28	0.758843950874465
29	0.9371316004437271
30	0.9220420515895167
31	0.8925879504044915
32	0.481677716615238
33	0.40291010336057465
34	0.12120455403275994
35	0.09197534264619778
36	0.2396695274125223
37	0.5484731728386688
38	0.9524680951766463
39	0.436975843635331
40	0.16233655139003242
41	0.045027498890454376
42	0.1252041276287828
43	0.2282775782464954
44	0.614475215120391
45	0.6664286233595221
46	0.5057153295259706
47	0.305745894681384
48	0.3008228213237142
49	0.05127157501696167
50	0.03828064801966466
51	0.1940728185879339
52	0.3315964756209393
53	0.9524680951766463
54	0.9838981538483188
55	0.9838981538483188
56	0.9371316004437271
57	0.9371316004437271
58	0.7111366461700385
59	0.7227746524257325
60	0.2959790185358472
61	0.27737129133826594
62	0.2729051014782441
63	0.14027091400017613
64	0.20375781569034165
65	0.7712627042813436
66	0.8230036250150391
67	0.8640747434825014
68	0.8364723744993473
69	0.878215636550234
70	0.32100381758685115
71	0.09975178733729188
72	0.14256649781436606
73	0.6884197964379097
74	0.7838846950415491
75	0.32100381758685115
76	0.3315964756209393
77	0.48956054519591574
78	0.9371316004437271
79	0.8640747434825014
80	0.9071954723294289
81	0.9680555771461302
82	0.9838981538483188
83	0.8925879504044915
84	0.8925879504044915
85	0.3837590186752804
86	0.3538419528953301
87	0.14489964968096242
88	0.7227746524257325
89	0.7346031188276403
90	0.3538419528953301
91	0.3655182215245033
92	0.4587826572335587
93	0.9680555771461302
94	0.9220420515895167
95	0.758843950874465
96	0.06331764666180202
97	0.17894329980857737
98	0.24757827243666988
99	0.17606198232518674
100	0.030498699465507678
101	0.42301690250931745
102	0.8230036250150391
103	0.7967132492072909
104	0.8364723744993473
105	0.045027498890454376
106	0.06867110513305613
107	0.23581040555488142
108	0.1732270593726278
109	0.09049436982916118
110	0.1940728185879339
111	0.4162055494255517
112	0.8925879504044915
113	0.09656527406216149
114	0.06331764666180202
115	0.11358461770179014
116	0.9071954723294289
117	0.9220420515895167
118	0.9220420515895167
119	0.878215636550234
120	0.13145230613269135
121	0.14968112689163143
122	0.14727098441461314
123	0.9071954723294289
124	0.8364723744993473
125	0.8230036250150391
126	0.8364723744993473
127	0.8640747434825014
128	0.8364723744993473
129	0.8640747434825014
130	0.06756537356313823
131	0.07327797408660665
132	0.07819389939674305
133	0.9524680951766463
134	0.016458371314135314
135	0.05838153282986804
136	0.21392613224755636
137	0.0376642589146651
138	0.07947357060372906
139	0.8230036250150391
140	0.9371316004437271
141	1.0
142	1.0
143	0.8640747434825014
144	0.7227746524257325
145	0.7712627042813436
146	0.03529636723622727
147	0.010791719379643074
148	0.0034641831191914558
149	0.012901465378461725
150	0.028121083425988593
151	0.7838846950415491
152	0.746625162324361
153	0.758843950874465
154	0.154620385880011
155	0.11925293695084047
156	0.02390746372968351
157	0.6451399456130033
158	0.6451399456130033
159	0.9680555771461302
160	0.5484731728386688
161	0.5484731728386688
162	0.31583506350196755
163	0.7346031188276403
164	0.3775797899972482
165	0.2282775782464954
166	0.6996860333005861
167	0.1732270593726278
168	0.2959790185358472
169	0.07569604040982161
170	0.03529636723622727
171	0.2865241396118647
172	0.018740694914959853
173	0.007076107650393139
174	0.0028510352648104934
175	0.0006403479026656335
176	0.000960864945202363
177	0.1117556956623576
178	1.0
179	1.0
180	1.0
181	1.0
182	1.0
183	1.0
184	0.10818572446379163
185	0.0010764932965618948
186	0.001186616698822083
187	0.0031941225103010607
188	0.00832325067258884
189	0.011330268629776647
190	0.7838846950415491
191	0.6556978921951105
192	0.7712627042813436
193	0.7712627042813436
194	0.8925879504044915
195	0.8364723744993473
196	0.7712627042813436
197	0.6556978921951105
198	0.5396417421912961
199	0.6045810297424927
200	0.6884197964379097
