1	0.9838981538483189
2	0.9524680951766598
3	0.9524680951766598
4	0.8925879504044915
5	0.8782156365502464
6	0.9680555771461302
7	1.0
8	0.14027091400017713
9	0.0025447997235481246
10	0.002945115272426268
11	0.018142034232021265
12	0.9680555771461302
13	0.018438935128663837
14	0.02032520629905422
15	0.006316048424505998
16	0.00335352178878879
17	0.0997517873372933
18	0.9680555771461302
19	0.9680555771461302
20	0.9524680951766598
21	0.9680555771461302
22	0.7967132492072908
23	0.7588439508744758
24	0.7227746524257326
25	0.6664286233595222
26	0.10995622264422979
27	0.07093715149650967
28	0.5665719880005149
29	0.5309525138815143
30	0.4587826572335587
31	0.8640747434825014
32	0.7588439508744758
33	0.7466251623243612
34	0.809751747262771
35	0.8782156365502464
36	0.6884197964379097
37	0.6347520014624478
38	0.7466251623243612
39	0.4587826572335587
40	0.42301690250932045
41	0.6773349667878948
42	0.6045810297425014
43	0.5948461590153628
44	0.7466251623243612
45	0.7346031188276403
46	0.7588439508744758
47	0.9838981538483189
48	0.8925879504044915
49	0.023907463729683512
50	0.009632558682416179
51	0.010446984132459602
52	0.00027531100170731244
53	0.00043373002538472504
54	0.0009925720876842986
55	0.0028051283336034973
56	0.014221262971401333
57	0.1448996496809614
58	0.9524680951766598
59	0.9371316004437404
60	0.7838846950415602
61	0.7967132492072908
62	0.8501615448994049
63	0.8782156365502464
64	0.9524680951766598
65	0.9680555771461302
66	0.210481526578285
67	0.21392613224755938
68	0.277371291338266
69	0.3900393726467364
70	0.9220420515895036
71	0.9371316004437404
72	0.9220420515895036
73	0.42301690250932045
74	0.10644373457266824
75	0.12120455403275908
76	0.08480513362914895
77	0.0769348332586583
78	0.04727454821686481
79	0.9220420515895036
80	0.9220420515895036
81	0.9371316004437404
82	0.9838981538483189
83	0.6347520014624478
84	0.6347520014624478
85	0.6347520014624478
86	0.6451399456130033
87	0.5758441417787756
88	0.9838981538483189
89	0.9838981538483189
90	0.9838981538483189
91	0.10995622264422979
92	0.0016153167178432556
93	0.0015637163575655457
94	0.0034641831191914805
95	1.0
96	1.0
97	1.0
98	0.0009925720876842986
99	0.00014617706845573332
100	0.000661478449980534
101	0.00018952954375246506
102	0.00023788928317815987
103	0.0019311058764015327
104	0.7346031188276403
105	0.6144752151203912
106	0.823003625015039
107	0.7967132492072908
108	0.7967132492072908
109	0.9071954723294419
110	0.8782156365502464
111	0.19407281858793252
112	0.1818717710859369
113	0.04883453939311236
114	0.06756537356313776
115	0.9680555771461302
116	1.0
117	1.0
118	0.038907124553427985
119	0.0007907953330514327
120	0.0005715668219861407
121	0.0013957543786134073
122	0.003944570074838709
123	0.008738613623635611
124	0.9680555771461302
125	0.9524680951766598
126	1.0
127	1.0
128	1.0
129	0.9680555771461302
130	0.9524680951766598
131	0.009477456704464737
132	0.0023848122377374426
133	0.0007907953330514327
134	0.00019578374240785193
135	0.001094110495432293
136	0.03954385360034535
137	0.8501615448994049
138	0.8640747434825014
139	0.9838981538483189
140	0.9838981538483189
141	0.10818572446379086
142	0.10818572446379086
143	0.1818717710859369
144	0.024696375181437157
145	0.7838846950415602
146	0.7838846950415602
147	0.9838981538483189
148	0.9838981538483189
149	1.0
150	0.7227746524257326
151	0.6144752151203912
152	1.0
153	0.0018097003405784804
154	6.492119896632246e-05
155	2.8833264476781604e-05
156	0.0005019589204015528
157	8.281983227505338e-05
158	0.0017236818362313133
159	1.0
160	0.0015137643410159801
161	0.0005623635409531145
162	0.0016959273764898934
163	0.10995622264422979
164	0.9524680951766598
165	0.9838981538483189
166	0.9680555771461302
167	0.8782156365502464
168	0.4095038717012285
169	0.5224031981891458
170	0.46629079995640105
171	0.6664286233595222
172	0.9220420515895036
173	0.6556978921951105
174	0.2358104055548831
175	0.3008228213237163
176	0.9680555771461302
177	0.9680555771461302
178	0.9680555771461302
179	0.4299397258291107
180	0.40291010336057753
181	0.3837590186752804
182	0.3837590186752804
183	0.1252041276287828
184	0.1117556956623576
185	0.1117556956623576
186	0.05044600800408382
187	0.9371316004437404
188	0.9524680951766598
189	0.9524680951766598
190	0.9838981538483189
191	0.9524680951766598
192	0.10138426111191785
193	0.10644373457266824
194	0.10818572446379086
195	0.10644373457266824
196	0.9680555771461302
197	0.8925879504044915
198	0.8782156365502464
199	0.9071954723294419
200	1.0
