1	0.2819105719970956
2	0.17894329980857862
3	0.1293356813230609
4	0.1272531380804732
5	0.12318811002815043
6	0.15715080394779135
7	0.9838981538483328
8	0.10304345090533457
9	0.08619300005539333
10	0.007550815325235684
11	0.0038810552143591303
12	0.00511443124754004
13	0.9220420515895166
14	0.9220420515895166
15	1.0
16	0.9838981538483328
17	0.9838981538483328
18	0.9371316004437403
19	0.03202070454638331
20	0.002128654667381627
21	0.0006944888267967132
22	0.019047393108381872
23	0.11175569566235838
24	0.9838981538483328
25	1.0
26	0.96805557714613
27	0.05560654736795804
28	0.008738613623635547
29	0.0017518905076602488
30	0.01517531045230759
31	0.08077418408895702
32	0.18187177108593688
33	0.9220420515895166
34	0.9071954723294418
35	0.9071954723294418
36	0.8640747434825012
37	0.8501615448994049
38	0.9371316004437403
39	0.348144444207804
40	0.17894329980857862
41	0.08903724340857933
42	0.1272531380804732
43	0.2516299796562454
44	0.2912132099152615
45	0.8640747434825012
46	0.5484731728386766
47	0.5852680376789872
48	0.5309525138815143
49	0.4739218161276131
50	0.5396417421912961
51	0.4739218161276131
52	0.4441271100328741
53	0.5948461590153626
54	0.481677716615238
55	0.45878265723355866
56	0.03049869946550789
57	0.01061795277448002
58	0.09975178733729258
59	0.4162055494255576
60	0.34253867592860743
61	0.3775797899972509
62	0.46629079995640094
63	0.5665719880005149
64	0.7227746524257325
65	0.6347520014624477
66	0.6347520014624477
67	0.746625162324361
68	0.46629079995640094
69	0.5948461590153626
70	0.5948461590153626
71	0.8640747434825012
72	0.4895605451959227
73	0.5057153295259776
74	0.25993340216897615
75	0.23581040555488308
76	0.1909478879208092
77	0.5484731728386766
78	0.5484731728386766
79	0.8640747434825012
80	0.8925879504044913
81	0.7712627042813325
82	0.7967132492072908
83	0.8640747434825012
84	0.5948461590153626
85	0.3837590186752776
86	0.348144444207804
87	0.4299397258291168
88	0.9220420515895166
89	0.8364723744993591
90	0.7838846950415602
91	0.8925879504044913
92	0.8640747434825012
93	0.9071954723294418
94	0.9220420515895166
95	0.7227746524257325
96	0.6884197964379097
97	0.45139540946972445
98	0.7838846950415602
99	0.7111366461700486
100	0.8097517472627709
101	0.96805557714613
102	0.9838981538483328
103	0.7227746524257325
104	0.6245313223904277
105	0.481677716615238
106	0.4895605451959227
107	0.25993340216897615
108	0.3008228213237184
109	0.19407281858793662
110	0.04804821315291658
111	0.05651656845829445
112	0.7111366461700486
113	0.31583506350196977
114	0.3900393726467363
115	0.09656527406216217
116	0.17894329980857862
117	0.15213071221465752
118	0.2865241396118667
119	0.6664286233595221
120	0.12120455403275993
121	0.03472803056127679
122	0.01567607357528464
123	0.036461095901418175
124	0.42301690250932045
125	0.00528320002309943
126	0.5574491330158785
127	0.5574491330158785
128	0.09197534264619907
129	0.012489335512977668
130	0.03202070454638331
131	0.036461095901418175
132	0.05127157501696202
133	0.06540703669975811
134	0.006850065475449574
135	0.03828064801966493
136	0.23581040555488308
137	0.22827757824649533
138	0.2516299796562454
139	0.96805557714613
140	0.9838981538483328
141	0.9838981538483328
142	0.4975723790934037
143	0.5396417421912961
144	0.9838981538483328
145	0.96805557714613
146	0.96805557714613
147	0.9838981538483328
148	0.9838981538483328
149	0.9838981538483328
150	1.0
151	0.5396417421912961
152	0.4299397258291168
153	0.9371316004437403
154	0.9524680951766598
155	0.9371316004437403
156	0.23201342268367445
157	0.18787327440651988
158	0.2209853827589335
159	1.0
160	0.09348055211452064
161	0.07447719441285122
162	0.01700147357515921
163	0.019359110527732683
164	0.15462038588001212
165	0.46629079995640094
166	0.6347520014624477
167	0.7838846950415602
168	0.9524680951766598
169	0.9071954723294418
170	0.9071954723294418
171	0.8925879504044913
172	0.8230036250150389
173	0.8501615448994049
174	0.7967132492072908
175	0.746625162324361
176	0.8782156365502464
177	0.96805557714613
178	0.43697584363533404
179	0.3715000583087337
180	0.3715000583087337
181	0.29597901853584924
182	0.3775797899972509
183	0.4162055494255576
184	0.96805557714613
185	0.3775797899972509
186	0.3538419528953351
187	0.2912132099152615
188	0.36551822152450847
189	0.34253867592860743
190	0.13579004060925665
191	0.4739218161276131
192	0.1314523061326923
193	0.08903724340857933
194	0.09814559940423298
195	0.15213071221465752
196	0.18484816784601485
197	0.32100381758685337
198	0.9838981538483328
199	0.9071954723294418
200	0.9220420515895166
