1	0.48956054519591585
2	0.22827757824649536
3	0.19094788792080922
4	0.17322705937262783
5	0.17322705937262783
6	0.17322705937262783
7	0.17894329980857993
8	0.07569604040982215
9	0.8782156365502339
10	1.0
11	0.12120455403276079
12	0.07947357060372964
13	0.10818572446379239
14	0.04804821315291625
15	0.04288725609875964
16	0.677334966787895
17	0.8501615448994049
18	0.7712627042813436
19	0.5309525138815068
20	0.5224031981891458
21	0.22827757824649536
22	0.08619300005539272
23	0.7346031188276403
24	0.677334966787895
25	0.8782156365502339
26	0.823003625015039
27	0.39642250686330754
28	0.3315964756209393
29	0.5574491330158785
30	0.3158350635019698
31	0.4587826572335587
32	0.9524680951766463
33	0.7712627042813436
34	0.6884197964379098
35	0.6664286233595222
36	0.3900393726467364
37	0.12725313808047503
38	0.23201342268367284
39	0.10818572446379239
40	0.7466251623243612
41	0.566571988000515
42	0.6664286233595222
43	0.5396417421913038
44	0.566571988000515
45	0.48167771661524483
46	0.34814444420780405
47	0.12933568132305998
48	0.10472979393476875
49	0.022043686905619655
50	0.07819389939674362
51	0.04651334071458662
52	0.04430247303072529
53	0.07209806342155775
54	0.9524680951766463
55	0.9071954723294419
56	0.12933568132305998
57	0.11358461770179094
58	0.1357900406092586
59	0.2037578156903431
60	0.3370231708678093
61	0.7588439508744758
62	0.8501615448994049
63	0.9838981538483189
64	1.0
65	0.9371316004437404
66	0.8640747434825137
67	0.8097517472627824
68	0.2037578156903431
69	0.051271575016962036
70	0.053830228305392636
71	0.16499324727369863
72	0.04883453939311235
73	0.7346031188276403
74	0.7712627042813436
75	0.07447719441285175
76	0.016727718463300126
77	0.009632558682416179
78	0.008738613623635611
79	0.015932618141390915
80	0.019359110527732547
81	0.4587826572335587
82	0.3655182215245086
83	0.49757237909340374
84	0.8640747434825137
85	0.9371316004437404
86	0.9524680951766463
87	0.9680555771461439
88	0.9680555771461439
89	0.9371316004437404
90	0.6347520014624387
91	0.6996860333005961
92	0.5484731728386688
93	0.8640747434825137
94	0.2599334021689762
95	0.14027091400017713
96	0.22827757824649536
97	0.48167771661524483
98	0.031505112088109015
99	0.030498699465507893
100	0.021339514049848227
101	0.14027091400017713
102	0.19094788792080922
103	0.8364723744993591
104	0.7712627042813436
105	0.9071954723294419
106	0.9220420515895167
107	0.00932485215470036
108	0.05296346225091008
109	0.015932618141390915
110	0.007674387126047693
111	0.010791719379643074
112	0.035296367236228025
113	0.23201342268367284
114	0.48956054519591585
115	1.0
116	1.0
117	1.0
118	0.9838981538483189
119	0.9838981538483189
120	0.8640747434825137
121	0.19094788792080922
122	0.11358461770179094
123	0.04019100294647119
124	0.9220420515895167
125	0.8925879504044915
126	0.025928821455018472
127	0.03416884515602848
128	0.14027091400017713
129	0.8925879504044915
130	0.9220420515895167
131	0.37150005830873106
132	0.26851082552023625
133	0.39642250686330754
134	0.6347520014624387
135	0.004715720680195316
136	0.004278080449843506
137	0.00346418311919153
138	0.002671795240633401
139	0.48167771661524483
140	0.513991542262758
141	0.011147830387442765
142	0.003696581267296084
143	0.9680555771461439
144	0.04019100294647119
145	0.05211065273008481
146	0.0807741840889576
147	0.9838981538483189
148	0.9838981538483189
149	1.0
150	1.0
151	1.0
152	0.9220420515895167
153	0.9838981538483189
154	0.1878732744065199
155	0.012288234154010976
156	0.034728030561276546
157	0.02635315591720901
158	0.05211065273008481
159	0.04804821315291625
160	0.2004769386898946
161	0.9838981538483189
162	0.9838981538483189
163	0.9838981538483189
164	0.9838981538483189
165	0.1972488898661499
166	0.04219669209919026
167	0.008597905811488844
168	0.0011120160060804065
169	0.0027155201279554955
170	0.04019100294647119
171	0.2139261322475594
172	0.9071954723294419
173	0.9680555771461439
174	0.9680555771461439
175	0.9071954723294419
176	0.017001473575159215
177	0.004565079704726418
178	0.006962169253653824
179	0.9680555771461439
180	0.10995622264422979
181	0.010113261253784643
182	0.019675929314445374
183	0.010278768401209684
184	0.0024635075651007273
185	0.0038810552143591307
186	0.018740694914960117
187	0.8640747434825137
188	0.4513954094697309
189	0.31074953590015464
190	0.3655182215245086
191	0.7967132492072908
192	0.12933568132305998
193	0.028581295041564064
194	0.01843893512866384
195	0.7466251623243612
196	0.7466251623243612
197	0.1013842611119193
198	0.04151724745489865
199	0.1336035702664378
200	0.9838981538483189
