1	0.9838981538483189
2	0.9524680951766463
3	0.3837590186752804
4	0.3425386759286075
5	0.40291010336058325
6	0.8782156365502339
7	0.31583506350196533
8	0.24757827243666988
9	0.2685108255202363
10	0.33702317086780453
11	0.19407281858793526
12	0.5852680376789788
13	0.6556978921951105
14	0.6996860333005861
15	0.6556978921951105
16	0.6996860333005861
17	0.6884197964379098
18	0.8925879504044915
19	0.3837590186752804
20	0.4816777166152449
21	0.9071954723294419
22	0.22460188780169513
23	0.21742711012398036
24	0.010278768401209611
25	0.010446984132459602
26	0.08903724340857933
27	0.10818572446379239
28	0.21392613224755938
29	0.7967132492072909
30	0.8230036250150391
31	0.6245313223904277
32	0.677334966787895
33	0.566571988000515
34	0.6884197964379098
35	0.3262571601860513
36	0.4095038717012285
37	0.4816777166152449
38	0.24359180518339563
39	0.23581040555487975
40	0.5057153295259778
41	0.1212045540327608
42	0.11358461770178932
43	0.2037578156903402
44	0.45139540946972445
45	0.5574491330158785
46	0.40291010336058325
47	0.3900393726467364
48	0.1878732744065199
49	0.5396417421913039
50	0.4369758436353279
51	0.4095038717012285
52	0.39642250686330754
53	0.24757827243666988
54	0.2037578156903402
55	0.4095038717012285
56	0.6347520014624388
57	0.5484731728386689
58	0.5758441417787838
59	0.07327797408660718
60	0.22460188780169513
61	0.4230169025093144
62	0.9680555771461302
63	0.9680555771461302
64	0.9524680951766463
65	0.9524680951766463
66	0.054711179297213405
67	0.031505112088109015
68	0.018142034232021265
69	0.01493095993810043
70	0.013766972933527001
71	0.026784434765055296
72	0.9524680951766463
73	0.9838981538483189
74	0.9838981538483189
75	0.9838981538483189
76	0.9838981538483189
77	0.9838981538483189
78	0.9838981538483189
79	0.9524680951766463
80	0.9680555771461302
81	0.007309608887594824
82	0.006850065475449525
83	0.015423659850312866
84	0.026784434765055296
85	0.020657835589543483
86	0.026784434765055296
87	0.6884197964379098
88	0.5758441417787838
89	0.01619336115132798
90	0.017849913987938726
91	0.01874069491496012
92	0.5396417421913039
93	0.3837590186752804
94	0.5396417421913039
95	0.2685108255202363
96	0.2819105719970956
97	0.2641873055176448
98	0.5309525138815068
99	0.7346031188276403
100	0.8925879504044915
101	0.8501615448994049
102	0.4975723790934038
103	0.7967132492072909
104	0.6556978921951105
105	0.7588439508744758
106	0.5484731728386689
107	0.4369758436353279
108	0.07569604040982214
109	0.07209806342155774
110	0.09656527406216149
111	0.4816777166152449
112	0.34814444420780405
113	0.5574491330158785
114	0.5396417421913039
115	0.3715000583087311
116	0.2516299796562454
117	0.5758441417787838
118	0.5852680376789788
119	0.6245313223904277
120	0.15972263321475677
121	0.2729051014782441
122	0.25574799451756824
123	0.14727098441461212
124	0.23581040555487975
125	0.31074953590015464
126	0.33159647562093936
127	0.9071954723294419
128	0.11175569566235918
129	0.06979493239667438
130	0.6245313223904277
131	0.6245313223904277
132	0.5758441417787838
133	0.3057458946813841
134	0.2685108255202363
135	0.3837590186752804
136	0.6045810297425014
137	0.28652413961186873
138	0.5852680376789788
139	0.33159647562093936
140	0.31583506350196533
141	0.2070923854195505
142	0.14727098441461212
143	0.23581040555487975
144	0.9371316004437271
145	0.2037578156903402
146	0.052963462250909324
147	0.05383022830539263
148	0.6884197964379098
149	0.7227746524257325
150	0.3057458946813841
151	0.40291010336058325
152	0.40291010336058325
153	0.2641873055176448
154	0.27737129133826594
155	0.9838981538483189
156	0.9838981538483189
157	0.466290799956401
158	0.13579004060925862
159	0.05838153282986846
160	0.07447719441285176
161	0.30082282132372057
162	0.9371316004437271
163	0.8925879504044915
164	0.9220420515895167
165	0.9524680951766463
166	0.6996860333005861
167	0.31074953590015464
168	0.24757827243666988
169	0.30082282132372057
170	0.566571988000515
171	0.4299397258291168
172	0.566571988000515
173	0.677334966787895
174	0.1972488898661471
175	0.5574491330158785
176	0.5948461590153626
177	0.677334966787895
178	0.513991542262758
179	0.9071954723294419
180	0.5224031981891458
181	0.3425386759286075
182	0.40291010336058325
183	0.0876035794134446
184	0.11544347070631858
185	0.3900393726467364
186	0.45139540946972445
187	0.5309525138815068
188	0.09348055211451999
189	0.04019100294647118
190	0.1336035702664378
191	0.07947357060372963
192	0.07447719441285176
193	0.6664286233595222
194	0.5852680376789788
195	0.6556978921951105
196	0.7346031188276403
197	0.5309525138815068
198	0.4816777166152449
199	0.6144752151203912
200	0.7111366461700386
