1	0.9680555771461301
2	0.9524680951766463
3	0.9524680951766463
4	0.9071954723294418
5	0.8925879504044913
6	0.8782156365502339
7	0.8640747434825012
8	0.8925879504044913
9	0.9071954723294418
10	0.20047693868989175
11	0.1940728185879325
12	0.2209853827589335
13	0.37150005830873106
14	0.29597901853584924
15	0.31074953590015464
16	0.29121320991525734
17	0.35963270335587966
18	0.37150005830873106
19	0.18187177108593688
20	0.22460188780169194
21	0.7967132492072909
22	0.8925879504044913
23	0.9680555771461301
24	0.7466251623243612
25	0.7346031188276299
26	0.7346031188276299
27	0.9524680951766463
28	0.5574491330158785
29	0.5309525138815068
30	0.9680555771461301
31	0.8640747434825012
32	0.783884695041549
33	0.5139915422627507
34	0.12725313808047228
35	0.20375781569033874
36	0.9371316004437404
37	0.9071954723294418
38	0.9680555771461301
39	0.7967132492072909
40	0.7466251623243612
41	0.758843950874465
42	0.783884695041549
43	0.3775797899972482
44	0.4369758436353278
45	0.3837590186752777
46	0.6347520014624387
47	0.6664286233595221
48	0.18484816784601485
49	0.3315964756209393
50	0.29121320991525734
51	0.24757827243666986
52	0.29597901853584924
53	0.6773349667878948
54	0.31583506350196755
55	0.09975178733729258
56	0.17043778391330042
57	0.9838981538483048
58	0.9071954723294418
59	0.9071954723294418
60	0.9220420515895035
61	0.9680555771461301
62	0.12933568132305814
63	0.03202070454638263
64	0.02314375359893911
65	0.015175310452307265
66	0.022771096439116408
67	0.025511319561055356
68	0.9838981538483048
69	1.0
70	1.0
71	1.0
72	1.0
73	1.0
74	0.007550815325235576
75	0.002805128333603477
76	0.0013511678105428495
77	0.00030844131559534116
78	0.0010253255196467513
79	0.0015893071365663048
80	0.031505112088108564
81	0.9680555771461301
82	0.3655182215245007
83	1.0
84	0.29597901853584924
85	0.9838981538483048
86	0.010617952774479944
87	0.008881624169591297
88	0.01700147357515897
89	0.109956222644229
90	1.0
91	0.2396695274125223
92	0.9371316004437404
93	0.07327797408660665
94	0.017279708787602925
95	0.010968329737619126
96	0.024298717947761457
97	0.12725313808047228
98	1.0
99	0.9838981538483048
100	0.1496811268916314
101	0.03202070454638263
102	0.0290490381852773
103	0.046513340714586945
104	1.0
105	1.0
106	1.0
107	0.9838981538483048
108	0.9838981538483048
109	0.9838981538483048
110	0.0472745482168648
111	0.026353155917208628
112	0.03890712455342798
113	0.1597226332147556
114	1.0
115	1.0
116	0.12933568132305814
117	0.02314375359893911
118	0.011515692539375656
119	0.018740694914959985
120	0.109956222644229
121	0.9680555771461301
122	0.17322705937262536
123	0.9838981538483048
124	0.09348055211451999
125	0.012090370898187344
126	0.012693727967806403
127	0.01619336115132798
128	0.3210038175868511
129	0.9680555771461301
130	0.35963270335587966
131	0.002851035264810493
132	0.0017236818362313128
133	0.0008438466194897047
134	0.00012837498722289987
135	0.0011302145468318776
136	0.0023086307871880737
137	0.006015834611932728
138	0.08077418408895644
139	0.019047393108381605
140	0.005032079462438728
141	0.003408403375565008
142	0.0021634908644312363
143	0.0011675099792966257
144	0.0011120160060803907
145	0.001225773320081758
146	0.0022714575694317528
147	0.013545299253376991
148	1.0
149	1.0
150	0.0011487109132294472
151	0.0011866166988220828
152	0.21742711012397722
153	1.0
154	1.0
155	1.0
156	1.0
157	0.21742711012397722
158	0.0017236818362313128
159	0.0012458335400746354
160	1.0
161	1.0
162	0.013766972933527001
163	0.0022348829091086756
164	0.0011487109132294472
165	0.0010591597671173543
166	0.0011120160060803907
167	0.0021634908644312363
168	0.0031426912410505714
169	0.004074735137074923
170	0.01935911052773268
171	0.07447719441285122
172	0.012693727967806403
173	0.0056376287178852855
174	0.013992274382953326
175	0.02133951404984792
176	0.04502749889045374
177	0.1496811268916314
178	0.9838981538483048
179	0.6773349667878948
180	0.6245313223904276
181	0.11733274450692355
182	0.02204368690561934
183	0.014930959938100322
184	0.3315964756209393
185	0.154620385880011
186	1.0
187	0.8364723744993591
188	1.0
189	0.9680555771461301
190	0.9680555771461301
191	0.9680555771461301
192	0.8640747434825012
193	0.7712627042813325
194	0.3370231708678044
195	0.011895693606067882
196	0.04430247303072497
197	0.04430247303072497
198	0.154620385880011
199	0.6451399456130031
200	0.9220420515895035
