1	1.0
2	0.9838981538483327
3	0.9680555771461438
4	0.9680555771461438
5	0.8230036250150506
6	0.7838846950415601
7	0.8364723744993591
8	0.5309525138815143
9	0.6664286233595316
10	0.5665719880005229
11	0.892587950404504
12	0.7712627042813543
13	0.5484731728386766
14	0.575844141778792
15	0.8097517472627824
16	0.8501615448994169
17	0.5948461590153711
18	0.24757827243667335
19	0.18484816784601615
20	0.6144752151203998
21	0.5948461590153711
22	0.4739218161276131
23	0.2819105719970996
24	0.019047393108382007
25	0.020657835589543774
26	0.015423659850313194
27	0.014221262971401635
28	0.26851082552024
29	0.2865241396118728
30	0.45878265723356515
31	0.2037578156903431
32	0.15972263321475902
33	0.9680555771461438
34	0.8501615448994169
35	0.9371316004437404
36	0.9838981538483327
37	0.9838981538483327
38	0.9838981538483327
39	1.0
40	0.0769348332586583
41	0.021339514049848376
42	0.024696375181437503
43	0.1357900406092586
44	0.6144752151203998
45	0.5057153295259849
46	0.5224031981891457
47	0.17894329980858245
48	0.3370231708678092
49	0.2865241396118728
50	0.3210038175868602
51	0.29597901853585135
52	0.11175569566236077
53	0.18787327440652254
54	0.7838846950415601
55	0.7346031188276506
56	0.7227746524257427
57	0.892587950404504
58	0.8230036250150506
59	0.8364723744993591
60	0.7838846950415601
61	0.6556978921951198
62	0.8230036250150506
63	0.8640747434825135
64	0.18187177108593947
65	0.11925293695084385
66	0.11544347070632022
67	0.0358740049446921
68	0.019047393108382007
69	0.2209853827589351
70	0.29121320991526145
71	0.5309525138815143
72	0.26851082552024
73	0.36551822152450847
74	0.310749535900159
75	0.7111366461700486
76	0.7838846950415601
77	0.31583506350196977
78	0.48167771661524483
79	0.14727098441461417
80	0.08480513362915015
81	0.0781938993967447
82	0.8782156365502464
83	0.1448996496809655
84	0.12725313808047503
85	0.5948461590153711
86	0.6045810297425099
87	0.5852680376789872
88	1.0
89	0.43697584363533404
90	0.42301690250932644
91	0.01517531045230759
92	0.08480513362915015
93	0.5948461590153711
94	0.42993972582912293
95	0.6245313223904276
96	0.5057153295259849
97	0.3210038175868602
98	1.0
99	0.6045810297425099
100	0.6144752151203998
101	0.6144752151203998
102	0.6144752151203998
103	0.17894329980858245
104	0.2139261322475624
105	0.7466251623243717
106	0.6245313223904276
107	0.7227746524257427
108	0.1293356813230618
109	0.08903724340858057
110	0.09197534264619907
111	0.07093715149651067
112	0.09814559940423298
113	0.08760357941344458
114	0.0744771944128528
115	0.2773712913382699
116	0.8501615448994169
117	0.42301690250932644
118	0.3900393726467363
119	0.3775797899972562
120	0.38375901867528583
121	0.3775797899972562
122	0.8364723744993591
123	0.892587950404504
124	0.7588439508744865
125	0.892587950404504
126	0.6045810297425099
127	0.5484731728386766
128	0.5057153295259849
129	0.42993972582912293
130	0.310749535900159
131	0.24359180518339907
132	0.4739218161276131
133	0.6664286233595316
134	0.9371316004437404
135	0.9838981538483327
136	0.7588439508744865
137	0.5396417421913038
138	0.5139915422627652
139	0.5665719880005229
140	0.7838846950415601
141	0.9220420515895297
142	0.25993340216897987
143	0.09656527406216286
144	0.08903724340858057
145	0.0769348332586583
146	0.9838981538483327
147	0.9680555771461438
148	0.9524680951766732
149	0.9071954723294546
150	0.9524680951766732
151	0.9220420515895297
152	0.9371316004437404
153	0.16499324727370096
154	0.1972488898661499
155	0.08209608258032164
156	0.038907124553428526
157	0.01170415097775569
158	0.03472803056127703
159	0.05296346225091007
160	0.059336967552507044
161	0.07327797408660716
162	0.08480513362915015
163	0.17894329980858245
164	0.3210038175868602
165	0.4441271100328741
166	0.9524680951766732
167	0.6144752151203998
168	0.03529636723622827
169	0.03828064801966493
170	0.0769348332586583
171	0.348144444207804
172	0.9680555771461438
173	0.9680555771461438
174	0.9680555771461438
175	0.7346031188276506
176	0.6556978921951198
177	0.6773349667879045
178	0.05744148237014341
179	0.37150005830873634
180	0.11175569566236077
181	0.12318811002815042
182	0.6773349667879045
183	0.9524680951766732
184	0.37150005830873634
185	0.29121320991526145
186	0.35963270335588476
187	0.5057153295259849
188	0.8501615448994169
189	0.8364723744993591
190	0.6347520014624567
191	0.6451399456130124
192	0.699686033300596
193	0.9220420515895297
194	0.9680555771461438
195	0.8782156365502464
196	0.7967132492073021
197	0.7838846950415601
198	0.7712627042813543
199	0.8364723744993591
200	0.9371316004437404
