1	0.4029101033605775
2	0.25993340216897615
3	0.013992274382953326
4	0.009174704819918202
5	0.44412711003286787
6	0.746625162324361
7	0.746625162324361
8	0.7588439508744756
9	0.7712627042813325
10	0.4029101033605775
11	0.41620554942555466
12	0.2209853827589335
13	0.4299397258291107
14	0.17322705937262903
15	0.2729051014782479
16	0.42301690250932045
17	0.39642250686331315
18	0.37757978999725084
19	0.2729051014782479
20	0.15715080394779135
21	0.25574799451756824
22	0.8782156365502464
23	0.7111366461700486
24	0.7712627042813325
25	0.7712627042813325
26	0.9524680951766598
27	0.8097517472627709
28	0.8230036250150389
29	0.7838846950415601
30	0.07819389939674416
31	0.09197534264619905
32	0.5852680376789872
33	0.9071954723294416
34	0.466290799956401
35	0.4369758436353341
36	0.45878265723355866
37	0.5309525138815142
38	0.7588439508744756
39	0.7588439508744756
40	0.7967132492072908
41	0.9838981538483327
42	0.45878265723355866
43	0.39642250686331315
44	0.5224031981891457
45	0.37150005830873106
46	0.7712627042813325
47	0.7838846950415601
48	0.5665719880005149
49	0.5665719880005149
50	0.96805557714613
51	0.9071954723294416
52	0.7967132492072908
53	0.6245313223904276
54	0.7227746524257325
55	0.20375781569034307
56	0.22827757824649533
57	0.2516299796562454
58	0.34253867592860743
59	0.34253867592860743
60	0.5309525138815142
61	0.5852680376789872
62	0.7588439508744756
63	0.6773349667878948
64	0.20047693868989316
65	0.2516299796562454
66	0.24757827243667335
67	0.2912132099152615
68	0.41620554942555466
69	0.6347520014624477
70	0.6045810297425013
71	0.6556978921951198
72	0.5758441417787755
73	0.5758441417787755
74	0.4513954094697244
75	0.45878265723355866
76	0.7588439508744756
77	0.8097517472627709
78	0.9524680951766598
79	0.8501615448994048
80	0.8501615448994048
81	0.8501615448994048
82	0.5948461590153626
83	0.4975723790934037
84	0.37150005830873106
85	0.7588439508744756
86	0.614475215120391
87	0.6245313223904276
88	0.6245313223904276
89	0.6245313223904276
90	0.5852680376789872
91	0.9220420515895166
92	0.9220420515895166
93	0.9220420515895166
94	0.513991542262758
95	0.14027091400017713
96	0.09501039487561765
97	0.17894329980857862
98	0.9838981538483327
99	0.1909478879208092
100	0.07093715149650967
101	0.04963373414423629
102	0.05044600800408417
103	0.052963462250909324
104	0.04883453939311235
105	0.052963462250909324
106	0.5057153295259778
107	0.5396417421912961
108	0.06756537356313821
109	0.9220420515895166
110	0.044302473030725285
111	0.07327797408660716
112	0.15715080394779135
113	0.96805557714613
114	0.9524680951766598
115	0.08760357941344458
116	0.1192529369508413
117	0.27737129133826594
118	0.9371316004437403
119	0.9524680951766598
120	0.9524680951766598
121	0.9524680951766598
122	0.9838981538483327
123	0.2912132099152615
124	0.15715080394779135
125	0.13801229332339157
126	0.9524680951766598
127	0.9220420515895166
128	0.9220420515895166
129	0.8782156365502464
130	0.9220420515895166
131	0.9838981538483327
132	0.18187177108593947
133	0.07693483325865776
134	0.07327797408660716
135	0.8925879504044913
136	0.03529636723622752
137	0.012288234154010974
138	0.0035208757183271986
139	0.05044600800408417
140	0.007076107650393239
141	0.00363705948444287
142	0.0547111792972134
143	0.0686711051330571
144	0.18787327440651988
145	0.9371316004437403
146	0.1521307122146575
147	0.008459463654885665
148	0.05127157501696202
149	0.31583506350196977
150	0.9071954723294416
151	0.1357900406092586
152	0.027668282067045125
153	0.025100540218357045
154	0.024696375181437153
155	0.5852680376789872
156	0.03646109590141791
157	0.4369758436353341
158	0.08077418408895816
159	0.3370231708678044
160	0.96805557714613
161	0.9838981538483327
162	1.0
163	1.0
164	1.0
165	0.27737129133826594
166	0.42301690250932045
167	0.5396417421912961
168	0.0024238405452939723
169	0.004074735137074923
170	0.9220420515895166
171	0.041517247454898945
172	0.018740694914959985
173	0.03529636723622752
174	0.176061982325188
175	0.5224031981891457
176	0.39642250686331315
177	0.015423659850313083
178	0.004074735137074923
179	0.40950387170123426
180	0.40950387170123426
181	0.41620554942555466
182	1.0
183	0.9838981538483327
184	1.0
185	0.5852680376789872
186	0.5852680376789872
187	0.00947745670446487
188	0.05211065273008518
189	0.4029101033605775
190	0.5852680376789872
191	0.37757978999725084
192	0.6996860333005959
193	0.9524680951766598
194	0.9220420515895166
195	0.9071954723294416
196	0.7111366461700486
197	0.7712627042813325
198	0.7967132492072908
199	0.9371316004437403
200	0.9838981538483327
