1	0.9838981538483188
2	0.746625162324361
3	0.6664286233595221
4	0.6451399456130033
5	0.699686033300591
6	0.9071954723294419
7	0.9680555771461301
8	0.05744148237014301
9	0.07327797408660665
10	0.14489964968096344
11	0.8364723744993532
12	0.07569604040982107
13	0.01399227438295333
14	0.1380122933233906
15	0.04019100294647119
16	0.07819389939674361
17	0.006739766775034942
18	0.006316048424505998
19	0.002128654667381612
20	0.007550815325235631
21	0.06030803830703579
22	0.40291010336057753
23	0.10304345090533458
24	0.06979493239667436
25	0.19407281858793526
26	0.9838981538483188
27	0.020995908477665633
28	0.0025038237499127296
29	0.04576439005839994
30	1.0
31	0.11175569566235759
32	0.007429233258548878
33	0.002384812237737442
34	0.0016959273764898814
35	0.0053696614862374335
36	0.9680555771461301
37	1.0
38	1.0
39	1.0
40	0.8640747434825014
41	1.0
42	1.0
43	1.0
44	1.0
45	0.9838981538483188
46	0.9524680951766463
47	0.9524680951766463
48	1.0
49	0.9838981538483188
50	1.0
51	0.0036965812672960317
52	0.0018393167356805958
53	0.0025447997235481246
54	0.005918968568537472
55	0.109956222644229
56	1.0
57	0.04502749889045438
58	0.0034641831191914558
59	0.022771096439116734
60	1.0
61	0.2070923854195505
62	0.07819389939674361
63	0.11733274450692273
64	0.3964225068633076
65	1.0
66	1.0
67	0.05296346225090895
68	0.00611428590286806
69	0.008057369233585021
70	0.017279708787602925
71	0.0077999812236976196
72	0.033077341117935664
73	0.8364723744993532
74	0.01248933551297758
75	0.00707610765039319
76	0.17606198232518674
77	0.2516299796562454
78	0.823003625015039
79	0.11175569566235759
80	0.1732270593726278
81	0.20047693868989178
82	0.823003625015039
83	0.25993340216897615
84	0.2174271101239788
85	0.20375781569034165
86	0.4587826572335587
87	0.45139540946972123
88	0.5574491330158785
89	0.9524680951766463
90	0.09656527406216149
91	0.004871332588256381
92	0.023143753598939106
93	0.05838153282986845
94	0.003042299783147321
95	0.005198130749138926
96	0.010446984132459527
97	0.02858129504156386
98	0.021339514049848074
99	0.019359110527732683
100	0.023143753598939106
101	0.06540703669975813
102	0.15972263321475563
103	1.0
104	0.8925879504044915
105	0.8925879504044915
106	0.9371316004437404
107	0.4587826572335587
108	0.46629079995639766
109	0.46629079995639766
110	0.48956054519591924
111	0.8782156365502402
112	0.9524680951766463
113	0.9371316004437404
114	0.9220420515895167
115	0.9071954723294419
116	1.0
117	0.47392181612760975
118	0.33702317086780204
119	0.3655182215245059
120	0.44412711003286787
121	0.04651334071458662
122	0.05296346225090895
123	0.26418730551764663
124	0.23581040555488142
125	0.23581040555488142
126	0.23581040555488142
127	0.228277578246497
128	0.2174271101239788
129	0.07209806342155774
130	0.07447719441285122
131	0.06756537356313871
132	0.06756537356313871
133	0.06540703669975813
134	0.1818717710859382
135	0.9524680951766463
136	0.9838981538483188
137	0.9680555771461301
138	0.9838981538483188
139	0.9220420515895167
140	0.9838981538483188
141	0.9838981538483188
142	0.8925879504044915
143	0.9371316004437404
144	0.9071954723294419
145	0.7967132492072909
146	0.6773349667878901
147	0.8501615448993989
148	0.8364723744993532
149	0.699686033300591
150	0.8097517472627652
151	0.1380122933233906
152	0.08619300005539272
153	0.3008228213237163
154	0.3596327033558797
155	0.3655182215245059
156	0.3262571601860536
157	0.3315964756209393
158	0.7111366461700386
159	0.25574799451756647
160	0.2320134226836728
161	0.17894329980857734
162	0.17606198232518674
163	0.2104815265782835
164	0.7838846950415547
165	0.7712627042813435
166	0.9680555771461301
167	0.7588439508744704
168	0.2320134226836728
169	0.19407281858793526
170	0.3538419528953326
171	0.37150005830873106
172	0.3900393726467336
173	0.8925879504044915
174	0.24359180518339738
175	0.17606198232518674
176	0.14256649781436706
177	0.9220420515895167
178	0.6664286233595221
179	0.14027091400017713
180	0.21392613224755785
181	0.24757827243666988
182	0.31583506350196755
183	0.7111366461700386
184	0.6245313223904233
185	0.746625162324361
186	0.6773349667878901
187	0.823003625015039
188	0.40291010336057753
189	0.26418730551764663
190	0.14256649781436706
191	0.09197534264619843
192	0.24757827243666988
193	0.27290510147824604
194	0.8782156365502402
195	0.9524680951766463
196	1.0
197	0.9524680951766463
198	0.9371316004437404
199	0.9371316004437404
200	1.0
