1	0.272905101478248
2	0.04151724745489924
3	0.0014654080128054768
4	0.0010421053394971875
5	0.004491573493650815
6	0.02551131956105572
7	0.14027091400017713
8	1.0
9	1.0
10	1.0
11	0.968055577146144
12	1.0
13	0.9838981538483328
14	0.9838981538483328
15	0.9838981538483328
16	0.968055577146144
17	0.14968112689163354
18	0.029524436113288612
19	0.005918968568537472
20	0.0021988971683392484
21	0.0023086307871881062
22	0.04288725609876024
23	0.272905101478248
24	0.9838981538483328
25	0.9838981538483328
26	0.8640747434825136
27	0.01999793295422595
28	0.01619336115132821
29	0.015676073575284753
30	0.0035208757183272242
31	0.0547111792972134
32	0.13579004060925862
33	0.8782156365502464
34	0.9838981538483328
35	0.9838981538483328
36	0.9838981538483328
37	0.9838981538483328
38	0.9838981538483328
39	0.08480513362915015
40	0.019359110527732818
41	0.012090370898187429
42	0.014221262971401532
43	0.01727970878760305
44	0.018740694914960384
45	0.10995622264422977
46	0.008189230970776996
47	0.012901465378461815
48	0.007550815325235738
49	0.0019000115066771346
50	0.0045650797047264826
51	0.015676073575284753
52	0.03890712455342853
53	0.0675653735631387
54	0.11175569566235918
55	0.057441482370143404
56	0.08343961441458082
57	0.027222771645920248
58	0.08209608258032164
59	0.1212045540327608
60	0.8640747434825136
61	0.7227746524257428
62	0.31074953590015464
63	0.3008228213237205
64	0.31074953590015464
65	0.39642250686331315
66	0.5224031981891458
67	0.6347520014624477
68	0.8782156365502464
69	0.8782156365502464
70	0.7838846950415602
71	0.6556978921951198
72	0.44412711003287414
73	0.3425386759286123
74	0.2773712913382699
75	0.3655182215245085
76	0.7588439508744758
77	0.6347520014624477
78	0.6664286233595221
79	0.6884197964379097
80	0.48167771661524483
81	0.49757237909340374
82	0.466290799956401
83	0.4587826572335652
84	0.4299397258291168
85	0.47392181612761314
86	0.2599334021689762
87	0.1818717710859395
88	0.17322705937262783
89	0.20709238541955338
90	0.6884197964379097
91	0.6773349667879045
92	0.6884197964379097
93	0.8097517472627825
94	0.8501615448994048
95	0.32100381758685564
96	0.272905101478248
97	0.17322705937262783
98	0.31583506350196977
99	0.44412711003287414
100	0.5948461590153711
101	0.6556978921951198
102	0.6884197964379097
103	0.6884197964379097
104	0.746625162324361
105	0.7588439508744758
106	0.9371316004437404
107	0.6045810297425099
108	0.42301690250932045
109	0.40950387170123426
110	0.3655182215245085
111	0.21048152657828498
112	0.17322705937262783
113	0.2004769386898946
114	0.32100381758685564
115	0.3370231708678044
116	0.30574589468138835
117	0.25162997965624534
118	0.34814444420780405
119	0.2773712913382699
120	0.32100381758685564
121	0.48956054519592274
122	0.5057153295259778
123	0.47392181612761314
124	0.466290799956401
125	0.48956054519592274
126	0.9524680951766598
127	0.9524680951766598
128	0.566571988000515
129	0.5057153295259778
130	0.057441482370143404
131	0.027222771645920248
132	0.032544734860148215
133	0.47392181612761314
134	0.9220420515895166
135	0.8364723744993591
136	0.6347520014624477
137	0.03472803056127704
138	0.04804821315291693
139	0.5309525138815143
140	0.7967132492073021
141	0.031505112088109015
142	0.031505112088109015
143	0.17322705937262783
144	0.19724888986614988
145	0.7838846950415602
146	0.019047393108381872
147	0.03529636723622802
148	0.04883453939311235
149	0.2396695274125257
150	0.968055577146144
151	0.9524680951766598
152	0.9524680951766598
153	0.9838981538483328
154	0.8230036250150505
155	0.7838846950415602
156	0.7712627042813435
157	0.7712627042813435
158	0.05651656845829486
159	0.07447719441285175
160	0.21742711012398033
161	0.22827757824649858
162	0.24359180518339907
163	0.09501039487561899
164	0.010278768401209682
165	0.005918968568537472
166	0.746625162324361
167	0.47392181612761314
168	0.057441482370143404
169	0.2004769386898946
170	0.10995622264422977
171	0.09501039487561899
172	0.08619300005539395
173	0.11544347070632022
174	0.9838981538483328
175	1.0
176	1.0
177	0.8782156365502464
178	0.8640747434825136
179	0.003757077145472479
180	0.0016417519552458693
181	0.012489335512977847
182	0.3370231708678044
183	0.9838981538483328
184	0.22827757824649858
185	0.1789432998085799
186	0.006850065475449525
187	0.0016686198147892286
188	0.0008438466194897108
189	0.03890712455342853
190	0.8782156365502464
191	1.0
192	0.07093715149651068
193	0.013112602486345095
194	0.017562497419084444
195	0.0006614784499805435
196	0.00016376769190026906
197	0.00441925086827708
198	0.011515692539375738
199	0.020325206299054217
200	0.2557479945175719
