1	0.9524680951766463
2	0.47392181612761314
3	0.47392181612761314
4	0.513991542262758
5	1.0
6	1.0
7	1.0
8	1.0
9	0.9524680951766463
10	0.9838981538483189
11	0.48167771661524483
12	0.42301690250932045
13	0.3900393726467363
14	0.9371316004437404
15	1.0
16	1.0
17	0.9220420515895167
18	0.9838981538483189
19	0.9371316004437404
20	0.7838846950415602
21	0.02168874285044923
22	0.000580920718013925
23	0.0010764932965619026
24	0.003042299783147321
25	0.8501615448993927
26	0.2320134226836728
27	0.9838981538483189
28	0.12933568132305998
29	0.02390746372968385
30	0.022771096439116734
31	0.007191910689857913
32	0.1425664978143681
33	0.14027091400017713
34	0.2004769386898946
35	0.4587826572335587
36	0.4513954094697309
37	0.5057153295259778
38	0.746625162324361
39	0.7967132492072909
40	0.746625162324361
41	0.9838981538483189
42	0.10995622264422977
43	0.011515692539375738
44	0.0007174059456835026
45	8.555276600875524e-05
46	0.00011836713659178144
47	0.007309608887594823
48	0.07209806342155775
49	0.9838981538483189
50	0.16233655139003356
51	0.014690543918280221
52	0.003637059484442896
53	0.0038185630603913396
54	0.04019100294647119
55	0.017001473575159215
56	0.005198130749139036
57	0.08480513362915015
58	0.32625716018605594
59	0.3715000583087311
60	0.1496811268916314
61	0.04019100294647119
62	0.0025447997235481246
63	0.001695927376489869
64	0.020657835589543774
65	1.0
66	0.9838981538483189
67	0.968055577146144
68	0.008881624169591424
69	0.008189230970776997
70	1.0
71	1.0
72	1.0
73	1.0
74	1.0
75	0.019359110527732544
76	0.01784991398793898
77	0.9838981538483189
78	0.9371316004437404
79	1.0
80	1.0
81	0.019675929314445093
82	0.004715720680195316
83	0.00611428590286806
84	0.22098538275893193
85	0.5574491330158785
86	0.5057153295259778
87	0.31074953590015464
88	0.272905101478248
89	0.3900393726467363
90	0.8230036250150389
91	0.06647744631284418
92	0.08343961441457963
93	0.05296346225091008
94	0.07327797408660716
95	0.22460188780169194
96	1.0
97	0.9838981538483189
98	0.9838981538483189
99	0.9838981538483189
100	0.20709238541955047
101	0.07093715149651067
102	0.023143753598939273
103	0.010278768401209684
104	0.019047393108381876
105	0.7838846950415602
106	0.49757237909340374
107	0.2959790185358471
108	0.4095038717012285
109	0.5396417421913038
110	0.8501615448993927
111	0.9524680951766463
112	0.8097517472627824
113	0.5852680376789872
114	0.38375901867528034
115	0.2819105719970956
116	0.3900393726467363
117	0.5484731728386688
118	0.272905101478248
119	0.4441271100328678
120	0.34253867592860743
121	0.2819105719970956
122	0.5665719880005149
123	0.034728030561276546
124	0.18484816784601354
125	0.021339514049848227
126	0.17043778391330405
127	1.0
128	0.06979493239667438
129	0.003578496112179884
130	0.005918968568537472
131	0.001695927376489869
132	0.0012662220527620944
133	0.007309608887594823
134	0.11358461770179093
135	0.9371316004437404
136	0.7111366461700386
137	0.6996860333005961
138	0.9524680951766463
139	0.9838981538483189
140	0.2819105719970956
141	0.3715000583087311
142	0.32625716018605594
143	0.34814444420780405
144	0.7227746524257428
145	0.8097517472627824
146	0.9371316004437404
147	0.968055577146144
148	0.8501615448993927
149	0.4162055494255547
150	0.045764390058400266
151	0.04804821315291624
152	0.02168874285044923
153	0.38375901867528034
154	0.9071954723294547
155	0.9838981538483189
156	1.0
157	1.0
158	0.2282775782464986
159	0.1789432998085799
160	0.024696375181437157
161	0.00022658195241163974
162	0.00022658195241163974
163	0.000683306274553576
164	0.003578496112179884
165	0.09197534264619907
166	1.0
167	0.15213071221465968
168	0.04288725609876024
169	0.007799981223697675
170	0.1314523061326923
171	0.8782156365502339
172	0.7967132492072909
173	0.9220420515895167
174	0.9838981538483189
175	0.9071954723294547
176	0.15972263321475677
177	0.272905101478248
178	0.17043778391330405
179	0.16499324727370096
180	0.1472709844146142
181	0.32100381758685564
182	0.176061982325188
183	1.0
184	1.0
185	1.0
186	1.0
187	1.0
188	1.0
189	0.176061982325188
190	0.0004267461712446154
191	0.00036280318422523335
192	0.013992274382953428
193	0.05933696755250705
194	0.1732270593726278
195	1.0
196	0.9220420515895167
197	0.7712627042813436
198	0.8782156365502339
199	0.8640747434825137
200	0.9071954723294547
