1	0.9071954723294547
2	0.4095038717012343
3	0.07209806342155876
4	0.4975723790934108
5	0.5948461590153711
6	0.10472979393477024
7	0.11175569566236077
8	0.1293356813230618
9	0.30082282132372057
10	0.22460188780169513
11	0.9220420515895297
12	0.8925879504045041
13	0.9371316004437406
14	0.9371316004437406
15	0.2819105719970996
16	0.17043778391330405
17	0.1448996496809655
18	0.0744771944128528
19	0.48167771661524483
20	0.04804821315291693
21	0.02352250942683158
22	0.566571988000523
23	0.8097517472627825
24	0.3107495359001591
25	0.12120455403276079
26	0.16769342093829856
27	0.07819389939674472
28	0.024298717947761804
29	0.5309525138815219
30	0.5574491330158785
31	0.6773349667879046
32	0.7227746524257428
33	0.2320134226836761
34	0.3315964756209441
35	0.48956054519592274
36	0.5224031981891458
37	0.4441271100328742
38	0.8782156365502464
39	0.850161544899417
40	0.6664286233595317
41	0.746625162324361
42	0.575844141778792
43	0.6144752151203998
44	0.48956054519592274
45	0.4095038717012343
46	0.04288725609876025
47	0.010791719379643227
48	0.3425386759286123
49	0.3425386759286123
50	0.34814444420780405
51	0.3775797899972562
52	0.5948461590153711
53	0.2729051014782479
54	0.07327797408660716
55	0.04084874312373918
56	0.08903724340858057
57	0.2729051014782479
58	0.8640747434825136
59	0.7712627042813435
60	0.850161544899417
61	0.9524680951766734
62	0.4441271100328742
63	0.22460188780169513
64	0.005369661486237472
65	0.007550815325235738
66	0.575844141778792
67	0.5139915422627653
68	0.7838846950415601
69	0.9838981538483328
70	0.9524680951766734
71	0.9680555771461439
72	0.7967132492073135
73	0.6664286233595317
74	0.10138426111191928
75	0.34814444420780405
76	0.18484816784601615
77	0.41620554942556054
78	0.8230036250150506
79	0.48167771661524483
80	0.013112602486345281
81	0.0675653735631387
82	0.07569604040982214
83	0.12120455403276079
84	0.1472709844146142
85	0.025100540218357583
86	0.03705779481220513
87	0.36551822152450847
88	0.3715000583087364
89	0.429939725829123
90	0.9071954723294547
91	0.7346031188276507
92	0.6664286233595317
93	0.699686033300596
94	0.9071954723294547
95	0.35963270335588476
96	0.031505112088109015
97	0.013766972933527197
98	0.013327194928720823
99	0.03416884515602848
100	0.10644373457266974
101	0.6347520014624568
102	0.6144752151203998
103	0.6556978921951199
104	0.9838981538483328
105	0.9680555771461439
106	0.7227746524257428
107	0.8782156365502464
108	0.6451399456130124
109	0.09197534264619907
110	0.07819389939674472
111	0.33702317086780925
112	0.3715000583087364
113	0.35963270335588476
114	0.3775797899972562
115	0.746625162324361
116	0.6664286233595317
117	0.06030803830703664
118	0.06647744631284512
119	0.3262571601860559
120	0.35384195289534015
121	0.429939725829123
122	0.47392181612761985
123	0.48956054519592274
124	0.3964225068633132
125	0.41620554942556054
126	0.38375901867528583
127	0.3900393726467364
128	0.6245313223904277
129	0.9371316004437406
130	0.7111366461700588
131	0.6884197964379195
132	0.5396417421913039
133	0.429939725829123
134	0.0184389351286641
135	0.09814559940423298
136	0.3964225068633132
137	0.429939725829123
138	0.5574491330158785
139	0.5139915422627653
140	0.21048152657828798
141	0.06867110513305712
142	0.07947357060373077
143	0.2396695274125291
144	0.8640747434825136
145	0.5139915422627653
146	0.2729051014782479
147	0.2865241396118728
148	0.9524680951766734
149	0.6556978921951199
150	0.836472374499359
151	0.13360357026643968
152	0.031505112088109015
153	0.06229811565656939
154	0.43697584363533404
155	0.48956054519592274
156	0.029524436113289036
157	0.0547111792972134
158	0.1546203858800132
159	0.505715329525985
160	0.48167771661524483
161	0.9371316004437406
162	0.9524680951766734
163	0.38375901867528583
164	0.2773712913382699
165	0.5224031981891458
166	0.21742711012398033
167	0.02551131956105572
168	0.06867110513305712
169	0.08480513362915015
170	0.15972263321475905
171	0.41620554942556054
172	0.3964225068633132
173	0.850161544899417
174	0.836472374499359
175	0.6144752151203998
176	0.5309525138815219
177	0.6347520014624568
178	0.6451399456130124
179	0.8782156365502464
180	0.8782156365502464
181	0.850161544899417
182	0.8782156365502464
183	0.8640747434825136
184	0.9524680951766734
185	0.9371316004437406
186	0.9680555771461439
187	0.9524680951766734
188	0.9524680951766734
189	0.836472374499359
190	0.3425386759286123
191	0.32100381758686025
192	0.3775797899972562
193	0.38375901867528583
194	0.3964225068633132
195	0.4029101033605832
196	0.5574491330158785
197	0.9838981538483328
198	0.9838981538483328
199	0.9838981538483328
200	0.9838981538483328
