1	0.9838981538483257
2	0.9838981538483257
3	0.45878265723356193
4	0.23201342268367448
5	0.17322705937262903
6	0.15213071221465965
7	0.1357900406092586
8	0.49757237909340724
9	0.4513954094697309
10	0.48956054519592274
11	0.3107495359001568
12	0.03529636723622802
13	0.036461095901418175
14	0.30574589468138624
15	0.26851082552023625
16	0.31583506350196977
17	0.8501615448993988
18	0.42993972582911993
19	0.6144752151203955
20	0.8097517472627824
21	0.8230036250150448
22	0.7967132492072965
23	0.6347520014624433
24	0.8364723744993591
25	0.49757237909340724
26	0.6451399456130124
27	0.746625162324361
28	0.7712627042813489
29	0.8364723744993591
30	0.699686033300596
31	0.6245313223904277
32	0.1972488898661499
33	0.5309525138815105
34	0.34253867592860987
35	0.8230036250150448
36	0.9071954723294483
37	0.9524680951766531
38	0.9371316004437404
39	0.7227746524257427
40	0.43697584363533404
41	0.09656527406216218
42	0.050446008004084886
43	0.02204368690561934
44	0.10304345090533458
45	0.031505112088109015
46	0.021688742850449385
47	0.42301690250932045
48	0.8925879504044978
49	0.7838846950415602
50	0.7346031188276455
51	0.0023086307871881062
52	0.00026222494537734203
53	0.011147830387442922
54	0.9071954723294483
55	0.9071954723294483
56	0.11544347070631938
57	0.1293356813230609
58	0.08343961441458023
59	0.008323250672589018
60	0.7111366461700436
61	0.5396417421913038
62	0.20047693868989602
63	0.6245313223904277
64	0.25162997965624534
65	0.5139915422627617
66	0.5224031981891458
67	0.4029101033605832
68	0.17894329980858117
69	0.6451399456130124
70	0.699686033300596
71	0.9071954723294483
72	0.8925879504044978
73	0.9220420515895231
74	0.3210038175868579
75	0.2729051014782479
76	0.27737129133826793
77	0.26851082552023625
78	0.2557479945175701
79	0.2599334021689762
80	0.2865241396118708
81	0.9838981538483257
82	0.9838981538483257
83	0.9680555771461439
84	0.9838981538483257
85	1.0
86	0.9680555771461439
87	0.9838981538483257
88	0.9838981538483257
89	0.09501039487561899
90	0.0013080055346563592
91	0.006015834611932771
92	0.006631244087325165
93	0.17043778391330405
94	1.0
95	1.0
96	1.0
97	0.9838981538483257
98	0.16499324727370096
99	0.0014185963995909593
100	0.006962169253653874
101	0.007799981223697729
102	0.1047297939347695
103	0.8925879504044978
104	0.8782156365502402
105	0.8501615448993988
106	0.8782156365502402
107	0.9838981538483257
108	0.9680555771461439
109	0.9838981538483257
110	0.9680555771461439
111	0.9680555771461439
112	0.04084874312373918
113	0.015676073575284867
114	0.01645837131413543
115	0.033618663668145726
116	0.13801229332339157
117	0.1496811268916346
118	0.31583506350196977
119	0.8364723744993591
120	0.9838981538483257
121	0.9220420515895231
122	0.3262571601860559
123	0.24359180518339907
124	0.7967132492072965
125	0.7111366461700436
126	0.2282775782464986
127	0.17894329980858117
128	0.41620554942555765
129	0.566571988000515
130	0.585268037678987
131	0.08480513362915015
132	0.020325206299054363
133	0.07819389939674416
134	0.07693483325865774
135	0.8501615448993988
136	0.9838981538483257
137	0.2729051014782479
138	0.26851082552023625
139	0.27737129133826793
140	0.8230036250150448
141	0.6884197964379147
142	0.03416884515602847
143	0.0395438536003459
144	0.2475782724366716
145	0.9838981538483257
146	0.9680555771461439
147	0.8501615448993988
148	0.8364723744993591
149	0.8501615448993988
150	0.013545299253377089
151	0.01727970878760305
152	0.1472709844146142
153	0.7838846950415602
154	0.7111366461700436
155	0.7227746524257427
156	0.9838981538483257
157	0.5139915422627617
158	0.20047693868989602
159	0.3315964756209417
160	0.18484816784601482
161	0.38375901867528306
162	0.4095038717012313
163	0.699686033300596
164	0.8640747434825136
165	0.8782156365502402
166	0.7838846950415602
167	0.7227746524257427
168	0.6884197964379147
169	0.6664286233595269
170	0.5396417421913038
171	0.585268037678987
172	0.09814559940423298
173	0.13801229332339157
174	0.444127110032871
175	0.6144752151203955
176	0.5224031981891458
177	0.6045810297425099
178	0.9680555771461439
179	0.585268037678987
180	0.5758441417787878
181	0.566571988000515
182	0.585268037678987
183	0.6773349667879045
184	0.9838981538483257
185	0.9680555771461439
186	0.9680555771461439
187	0.9524680951766531
188	0.9524680951766531
189	0.9524680951766531
190	0.9680555771461439
191	1.0
192	1.0
193	0.9220420515895231
194	0.9220420515895231
195	0.9524680951766531
196	0.9838981538483257
197	0.9838981538483257
198	1.0
199	1.0
200	1.0
