1	0.823003625015039
2	0.7346031188276402
3	0.7227746524257427
4	0.7346031188276402
5	0.746625162324361
6	0.7967132492072908
7	0.6773349667878948
8	0.7588439508744758
9	0.746625162324361
10	0.6245313223904276
11	0.5758441417787837
12	0.5948461590153626
13	0.6773349667878948
14	0.783884695041549
15	0.34253867592860743
16	0.22460188780169513
17	0.23581040555487973
18	0.2819105719970956
19	0.2959790185358471
20	0.3837590186752804
21	0.746625162324361
22	0.8501615448994049
23	0.48167771661524483
24	0.699686033300586
25	0.614475215120391
26	0.5484731728386688
27	0.45878265723355866
28	0.46629079995640094
29	0.8925879504044913
30	0.823003625015039
31	0.8364723744993591
32	0.08903724340857931
33	0.00873861362363561
34	0.0038185630603913396
35	0.0034084033755650083
36	0.006631244087325165
37	0.04651334071458662
38	0.6451399456130124
39	0.783884695041549
40	0.937131600443727
41	0.04502749889045438
42	0.006850065475449525
43	0.0022714575694317367
44	0.006962169253653824
45	0.006739766775034894
46	0.006631244087325165
47	0.004278080449843506
48	0.017562497419084444
49	0.9680555771461301
50	0.9838981538483188
51	0.9838981538483188
52	0.9838981538483188
53	0.9838981538483188
54	1.0
55	0.022043686905619336
56	0.017279708787602804
57	0.01700147357515921
58	0.00024178242661367335
59	0.0020274756563298415
60	0.004209195456615611
61	0.02766828206704473
62	0.04963373414423628
63	0.9680555771461301
64	0.9680555771461301
65	0.5948461590153626
66	0.7346031188276402
67	0.9838981538483188
68	0.937131600443727
69	0.08903724340857931
70	0.027222771645920244
71	0.06540703669975813
72	0.03529636723622802
73	0.09656527406216149
74	0.22460188780169513
75	0.8925879504044913
76	0.8501615448994049
77	0.9838981538483188
78	0.9071954723294416
79	0.8782156365502338
80	0.937131600443727
81	0.5758441417787837
82	0.35963270335588476
83	0.3107495359001546
84	0.3315964756209393
85	0.48167771661524483
86	0.30574589468138397
87	0.6884197964379097
88	0.6451399456130124
89	0.937131600443727
90	0.809751747262771
91	0.7967132492072908
92	0.9220420515895166
93	0.5948461590153626
94	0.47392181612760637
95	0.45878265723355866
96	0.5224031981891457
97	0.5852680376789788
98	0.8364723744993591
99	0.8782156365502338
100	0.47392181612760637
101	0.49757237909340374
102	0.5309525138815068
103	0.8925879504044913
104	0.8782156365502338
105	0.746625162324361
106	0.40950387170122843
107	0.3655182215245033
108	0.26851082552023625
109	0.4895605451959158
110	0.11733274450692356
111	0.0547111792972134
112	0.05383022830539263
113	0.21392613224755935
114	0.9680555771461301
115	0.7967132492072908
116	0.7588439508744758
117	0.9071954723294416
118	0.46629079995640094
119	0.8501615448994049
120	0.8501615448994049
121	0.3158350635019653
122	0.27737129133826594
123	0.2819105719970956
124	0.24757827243666986
125	0.22460188780169513
126	0.25162997965624534
127	0.25993340216897615
128	0.9071954723294416
129	0.9220420515895166
130	0.9524680951766462
131	0.9071954723294416
132	0.8782156365502338
133	0.5758441417787837
134	0.7346031188276402
135	0.15972263321475674
136	0.1789432998085799
137	0.783884695041549
138	0.1252041276287828
139	0.05044600800408453
140	0.09348055211451997
141	0.24757827243666986
142	0.4029101033605832
143	0.8782156365502338
144	0.8640747434825136
145	0.7967132492072908
146	0.4895605451959158
147	0.27737129133826594
148	0.3315964756209393
149	0.3837590186752804
150	0.7588439508744758
151	0.8925879504044913
152	0.783884695041549
153	0.809751747262771
154	0.7111366461700385
155	0.7227746524257427
156	0.40950387170122843
157	0.5057153295259778
158	0.5396417421913038
159	0.21392613224755935
160	0.09049436982916181
161	0.06867110513305613
162	0.20709238541955044
163	0.1760619823251855
164	0.783884695041549
165	0.10304345090533383
166	0.2819105719970956
167	0.9524680951766462
168	0.45139540946972445
169	0.9220420515895166
170	0.937131600443727
171	0.783884695041549
172	0.04651334071458662
173	0.06540703669975813
174	0.12933568132305998
175	0.12120455403276079
176	0.10818572446379239
177	0.10818572446379239
178	0.15715080394779132
179	0.8640747434825136
180	0.7227746524257427
181	0.3262571601860513
182	0.8640747434825136
183	0.15972263321475674
184	0.012090370898187257
185	0.07819389939674361
186	0.08077418408895759
187	0.00873861362363561
188	0.01700147357515921
189	0.9220420515895166
190	0.9220420515895166
191	0.9220420515895166
192	0.9220420515895166
193	0.9838981538483188
194	0.9838981538483188
195	0.07947357060372962
196	0.005823662247270244
197	0.0053696614862373945
198	0.059336967552506205
199	0.08760357941344458
200	0.16769342093829853
