1	0.6664286233595221
2	0.7111366461700487
3	0.6045810297425014
4	0.6773349667878948
5	0.25993340216897615
6	0.16769342093829617
7	0.11175569566235917
8	0.020657835589543778
9	0.030997821620274816
10	0.05044600800408453
11	0.2912132099152615
12	0.15213071221465968
13	0.14489964968096344
14	0.1357900406092586
15	0.210481526578285
16	1.0
17	0.9524680951766599
18	0.3057458946813884
19	0.9680555771461301
20	0.6664286233595221
21	0.11358461770179093
22	0.6144752151203998
23	0.6245313223904277
24	0.8925879504044915
25	0.9071954723294419
26	1.0
27	0.9680555771461301
28	1.0
29	0.7111366461700487
30	0.37150005830873106
31	0.6884197964379097
32	0.7346031188276507
33	0.6451399456130033
34	0.699686033300596
35	0.3900393726467364
36	0.210481526578285
37	0.48167771661523806
38	0.9071954723294419
39	0.8640747434825137
40	0.4369758436353341
41	0.3008228213237163
42	0.513991542262758
43	0.6245313223904277
44	0.04963373414423629
45	0.05127157501696203
46	0.2729051014782479
47	0.34253867592861237
48	0.7967132492073021
49	0.8782156365502465
50	1.0
51	0.9838981538483328
52	0.513991542262758
53	0.2773712913382699
54	0.25993340216897615
55	0.07209806342155876
56	0.7346031188276507
57	0.699686033300596
58	0.2557479945175719
59	0.513991542262758
60	0.8640747434825137
61	0.39642250686331315
62	0.48956054519592274
63	0.31583506350196977
64	0.5309525138815143
65	0.4739218161276132
66	0.8230036250150506
67	0.9371316004437404
68	0.513991542262758
69	0.5396417421912961
70	0.7466251623243612
71	0.6884197964379097
72	0.6773349667878948
73	0.809751747262771
74	0.9838981538483328
75	0.9524680951766599
76	0.7712627042813436
77	0.2396695274125257
78	0.699686033300596
79	0.7466251623243612
80	0.25993340216897615
81	0.8501615448994048
82	0.8501615448994048
83	0.0612950009827268
84	0.2070923854195534
85	0.21742711012398033
86	0.5224031981891458
87	0.7111366461700487
88	0.5309525138815143
89	0.22098538275893512
90	0.15715080394779135
91	0.05838153282986846
92	0.005283200023099469
93	0.06979493239667538
94	0.07693483325865831
95	0.10304345090533532
96	0.11544347070632022
97	0.09197534264619908
98	0.03954385360034535
99	0.14489964968096344
100	0.1212045540327608
101	0.1252041276287828
102	0.9680555771461301
103	0.9371316004437404
104	0.7588439508744758
105	0.7111366461700487
106	0.6884197964379097
107	0.10995622264422979
108	0.34253867592861237
109	0.16233655139003358
110	0.48956054519592274
111	0.7967132492073021
112	0.809751747262771
113	0.7227746524257325
114	0.20375781569034312
115	0.03954385360034535
116	0.11733274450692358
117	0.1472709844146142
118	0.9680555771461301
119	0.8501615448994048
120	0.9680555771461301
121	0.01814203423202152
122	0.017562497419084444
123	0.01700147357515921
124	0.031505112088108564
125	0.19407281858793526
126	0.35963270335587966
127	0.2004769386898946
128	0.16769342093829617
129	0.045764390058400266
130	0.03954385360034535
131	0.9371316004437404
132	0.15462038588001323
133	0.22460188780169194
134	0.9838981538483328
135	0.7346031188276507
136	0.01843893512866384
137	0.1314523061326923
138	0.2773712913382699
139	0.31074953590015464
140	1.0
141	0.8364723744993591
142	0.7588439508744758
143	0.7588439508744758
144	0.9838981538483328
145	0.24359180518339907
146	0.11544347070632022
147	0.08619300005539396
148	0.2396695274125257
149	0.7712627042813436
150	0.04883453939311235
151	0.15213071221465968
152	0.9838981538483328
153	0.2475782724366734
154	0.15972263321475677
155	0.2004769386898946
156	0.32100381758685564
157	0.9838981538483328
158	1.0
159	0.7466251623243612
160	0.7346031188276507
161	0.513991542262758
162	0.48167771661523806
163	0.809751747262771
164	1.0
165	0.2282775782464986
166	0.9838981538483328
167	0.01874069491496012
168	4.6923397017946206e-05
169	4.6923397017946206e-05
170	0.0005533084497353806
171	4.469303857690075e-05
172	0.00023029004732391602
173	0.01700147357515921
174	0.0997517873372933
175	0.7967132492073021
176	0.7712627042813436
177	0.6664286233595221
178	0.9220420515895166
179	0.15972263321475677
180	0.40291010336057753
181	1.0
182	1.0
183	1.0
184	0.7838846950415602
185	0.1425664978143681
186	0.35384195289533515
187	0.8364723744993591
188	0.6451399456130033
189	0.8640747434825137
190	0.17606198232518802
191	0.04084874312373918
192	0.00030347484098480504
193	5.007129947995302e-05
194	0.0007291465512741477
195	0.0003569613831694986
196	0.000393477915242362
197	0.0013080055346563594
198	0.8925879504044915
199	0.21392613224755938
200	0.9220420515895166
