1	0.8925879504044913
2	0.8501615448993988
3	0.9680555771461301
4	0.40950387170122554
5	0.36551822152450336
6	0.3538419528953326
7	0.32625716018605594
8	0.2320134226836728
9	0.22827757824649536
10	0.3008228213237163
11	0.3315964756209417
12	0.4739218161276097
13	0.9680555771461301
14	0.9680555771461301
15	0.9838981538483258
16	0.6884197964379049
17	0.22460188780169194
18	0.19094788792080786
19	0.17043778391330164
20	0.012901465378461723
21	0.008459463654885665
22	0.06435386265758171
23	0.5948461590153669
24	0.9838981538483258
25	0.8097517472627709
26	0.7967132492072965
27	0.45139540946972445
28	0.06979493239667486
29	0.09049436982916116
30	0.1154434707063194
31	0.05044600800408417
32	0.030007614098887712
33	0.09656527406216217
34	0.17894329980857862
35	0.1649932472736998
36	0.15972263321475563
37	0.1649932472736998
38	0.2435918051833956
39	0.8782156365502402
40	0.8501615448993988
41	0.8640747434825012
42	0.15715080394779132
43	0.12120455403275908
44	0.10644373457266823
45	0.17894329980857862
46	0.481677716615238
47	0.9071954723294418
48	0.22827757824649536
49	0.08619300005539333
50	0.07209806342155722
51	0.17043778391330164
52	0.1472709844146142
53	0.2070923854195519
54	0.2037578156903402
55	0.24757827243667163
56	0.32625716018605594
57	0.92204205158951
58	0.7227746524257324
59	0.6556978921951151
60	0.8501615448993988
61	0.8782156365502402
62	0.9371316004437404
63	0.8640747434825012
64	0.699686033300596
65	0.7346031188276455
66	0.8640747434825012
67	0.7346031188276455
68	0.7466251623243609
69	0.771262704281338
70	0.8097517472627709
71	0.8640747434825012
72	0.8640747434825012
73	0.9371316004437404
74	0.8925879504044913
75	0.823003625015033
76	0.7838846950415546
77	0.8501615448993988
78	0.771262704281338
79	0.7967132492072965
80	0.7838846950415546
81	0.7111366461700436
82	0.7967132492072965
83	0.7227746524257324
84	0.6347520014624431
85	0.8364723744993591
86	0.8925879504044913
87	0.8501615448993988
88	0.6556978921951151
89	0.5224031981891458
90	0.23966952741252398
91	0.31074953590015464
92	0.05211065273008517
93	0.25993340216897615
94	0.40291010336057753
95	0.4739218161276097
96	0.5574491330158785
97	0.5224031981891458
98	0.952468095176653
99	0.13579004060925667
100	0.10644373457266823
101	0.008738613623635547
102	0.9680555771461301
103	0.010113261253784716
104	0.007674387126047693
105	0.017849913987938722
106	0.09656527406216217
107	1.0
108	1.0
109	0.9071954723294418
110	0.9838981538483258
111	0.444127110032871
112	0.41620554942555466
113	0.5309525138815104
114	0.5224031981891458
115	0.8782156365502402
116	0.4299397258291138
117	0.32625716018605594
118	0.3900393726467363
119	0.9680555771461301
120	0.9838981538483258
121	1.0
122	1.0
123	1.0
124	0.6245313223904277
125	0.6045810297425014
126	0.09975178733729259
127	0.10644373457266823
128	0.29121320991526145
129	0.952468095176653
130	0.35963270335588216
131	0.15972263321475563
132	0.12725313808047323
133	0.43697584363533404
134	0.699686033300596
135	0.92204205158951
136	0.92204205158951
137	0.41620554942555466
138	0.40950387170122554
139	0.15213071221465752
140	0.13579004060925667
141	0.6045810297425014
142	0.5057153295259776
143	0.7227746524257324
144	0.9838981538483258
145	1.0
146	0.481677716615238
147	0.5057153295259776
148	0.5057153295259776
149	0.481677716615238
150	0.823003625015033
151	0.823003625015033
152	0.823003625015033
153	0.8640747434825012
154	0.5484731728386649
155	0.4299397258291138
156	0.5574491330158785
157	0.9838981538483258
158	0.26851082552023436
159	0.444127110032871
160	0.056516568458294045
161	0.0011120160060804065
162	0.001059159767117354
163	0.011895693606067882
164	0.9680555771461301
165	0.9680555771461301
166	0.9838981538483258
167	0.9838981538483258
168	1.0
169	0.3837590186752776
170	0.40291010336057753
171	0.40950387170122554
172	0.09501039487561765
173	0.05211065273008517
174	0.01593261814139069
175	0.481677716615238
176	0.8097517472627709
177	0.8782156365502402
178	0.9371316004437404
179	0.92204205158951
180	0.10644373457266823
181	0.04502749889045406
182	0.03828064801966493
183	0.032544734860148444
184	0.952468095176653
185	0.05127157501696167
186	0.054711179297213405
187	0.10995622264422976
188	0.8501615448993988
189	0.43697584363533404
190	0.37757978999725084
191	0.771262704281338
192	0.481677716615238
193	0.5057153295259776
194	0.18187177108593688
195	0.176061982325188
196	0.07569604040982107
197	0.23581040555488306
198	0.8097517472627709
199	0.5309525138815104
200	0.6556978921951151
