1	0.6451399456130124
2	0.45878265723355866
3	0.25574799451756824
4	0.2282775782464986
5	0.44412711003286787
6	0.9220420515895166
7	0.04651334071458662
8	0.09975178733729188
9	0.8782156365502464
10	0.01999793295422595
11	0.01311260248634491
12	0.016727718463300126
13	0.01727970878760305
14	0.029049038185277303
15	0.045027498890454376
16	0.45878265723355866
17	0.15213071221465965
18	0.13145230613269226
19	0.022771096439116734
20	0.023522509426831248
21	0.11175569566235759
22	0.9371316004437404
23	0.10304345090533383
24	0.015423659850313083
25	0.019675929314445093
26	0.020657835589543774
27	0.02314375359893927
28	0.023907463729683845
29	0.9524680951766463
30	0.9524680951766463
31	0.9524680951766463
32	0.9838981538483188
33	0.01567607357528453
34	0.01354529925337699
35	0.023907463729683845
36	0.04219669209919026
37	0.05211065273008481
38	0.14489964968096344
39	1.0
40	1.0
41	0.9071954723294416
42	0.05044600800408453
43	0.13801229332339057
44	0.01567607357528453
45	0.021339514049848223
46	0.030007614098887924
47	0.4816777166152448
48	0.4513954094697244
49	0.4299397258291168
50	0.8501615448994048
51	0.4299397258291168
52	0.6347520014624477
53	0.9838981538483188
54	0.9838981538483188
55	0.9680555771461438
56	0.9071954723294416
57	0.27737129133826594
58	0.17043778391330405
59	0.5758441417787837
60	0.49757237909340374
61	0.48956054519592274
62	0.4299397258291168
63	0.7111366461700386
64	0.3538419528953351
65	0.41620554942555466
66	0.6451399456130124
67	0.4739218161276131
68	0.07327797408660716
69	0.04219669209919026
70	0.0358740049446916
71	0.03049869946550789
72	0.04963373414423629
73	0.024696375181437153
74	0.02635315591720863
75	0.0547111792972134
76	0.9524680951766463
77	0.4513954094697244
78	0.20709238541955047
79	0.25574799451756824
80	0.46629079995640094
81	0.6451399456130124
82	0.9371316004437404
83	0.9838981538483188
84	1.0
85	0.12933568132305998
86	0.023522509426831248
87	0.011895693606068052
88	0.004278080449843505
89	0.002544799723548124
90	0.0058236622472702445
91	0.008459463654885604
92	0.008323250672589017
93	0.003696581267296084
94	0.0008168904262529344
95	0.003042299783147321
96	0.0047928951403666395
97	0.04151724745489924
98	0.038907124553427985
99	1.0
100	0.10304345090533383
101	0.031505112088109015
102	0.17894329980857737
103	0.9838981538483188
104	0.8640747434825136
105	0.9220420515895166
106	0.8501615448994048
107	0.6884197964379096
108	0.7712627042813435
109	0.5396417421913038
110	0.44412711003286787
111	0.08343961441457963
112	0.9838981538483188
113	0.07819389939674361
114	0.000960864945202363
115	0.002128654667381612
116	0.0006508274257463042
117	0.0003747751604249703
118	0.007927630713798602
119	0.12933568132305998
120	0.9071954723294416
121	1.0
122	1.0
123	1.0
124	0.9071954723294416
125	0.8925879504044913
126	0.24757827243666988
127	0.008459463654885604
128	0.0004704015664329192
129	0.0004704015664329192
130	0.0022348829091087073
131	0.0015385376373511577
132	0.17894329980857737
133	0.9071954723294416
134	0.37150005830873106
135	0.41620554942555466
136	0.01700147357515921
137	0.9524680951766463
138	0.9371316004437404
139	0.7466251623243612
140	0.9838981538483188
141	0.7838846950415601
142	0.7838846950415601
143	0.2819105719970956
144	0.48956054519592274
145	0.49757237909340374
146	0.014453999040223762
147	0.01354529925337699
148	0.16233655139003356
149	0.7227746524257428
150	0.7712627042813435
151	1.0
152	1.0
153	1.0
154	1.0
155	0.9838981538483188
156	0.9838981538483188
157	0.7466251623243612
158	0.7466251623243612
159	0.9838981538483188
160	1.0
161	1.0
162	1.0
163	1.0
164	0.9680555771461438
165	0.9680555771461438
166	0.4816777166152448
167	0.4369758436353341
168	0.4095038717012285
169	0.699686033300596
170	0.3425386759286075
171	0.03416884515602847
172	0.0593369675525062
173	0.22460188780169194
174	1.0
175	1.0
176	0.9838981538483188
177	0.9838981538483188
178	0.9838981538483188
179	0.18484816784601352
180	0.029524436113288612
181	0.034728030561276546
182	0.029049038185277303
183	0.41620554942555466
184	0.4095038717012285
185	0.513991542262758
186	0.34814444420780405
187	0.002805128333603537
188	0.0012869442307717569
189	0.07447719441285175
190	0.07947357060372963
191	0.0769348332586583
192	0.0038185630603913396
193	8.695286770701993e-05
194	0.003092088110184961
195	0.010446984132459602
196	0.019359110527732818
197	0.127253138080475
198	1.0
199	1.0
200	1.0
