1	0.9524680951766599
2	0.9371316004437404
3	0.9680555771461302
4	1.0
5	1.0
6	1.0
7	0.809751747262771
8	0.7588439508744758
9	0.7712627042813435
10	0.7346031188276403
11	0.9680555771461302
12	1.0
13	1.0
14	0.9838981538483189
15	0.5574491330158786
16	0.6245313223904277
17	0.17043778391330164
18	0.03361866366814549
19	0.014690543918280431
20	0.009790198959862228
21	0.00707610765039319
22	1.0
23	0.02635315591720863
24	0.0017236818362313376
25	0.0023464123579847473
26	0.0025864462836876507
27	0.0547111792972134
28	0.11925293695084214
29	0.9838981538483189
30	0.9524680951766599
31	1.0
32	0.10304345090533384
33	0.01967592931444537
34	0.008057369233585078
35	0.003578496112179884
36	0.0028051283336034973
37	0.0025864462836876507
38	0.0016686198147892052
39	0.0011487109132294637
40	2.118100601062627e-05
41	8.534041321022447e-06
42	1.003814083596575e-05
43	2.3347786289363814e-05
44	0.000493876455090783
45	4.769131523869025e-05
46	0.0018393167356806218
47	0.010278768401209682
48	1.0
49	1.0
50	1.0
51	1.0
52	1.0
53	1.0
54	1.0
55	0.014221262971401532
56	0.0018393167356806218
57	4.1883258770264824e-05
58	0.000493876455090783
59	2.3347786289363814e-05
60	1.003814083596575e-05
61	8.534041321022447e-06
62	2.1527640770318294e-05
63	0.0011675099792966342
64	0.0016686198147892052
65	0.0025864462836876507
66	0.0028051283336034973
67	0.0035208757183271744
68	0.008459463654885606
69	0.02133951404984792
70	0.0965652740621615
71	1.0
72	0.9220420515895167
73	1.0
74	1.0
75	0.7111366461700487
76	0.5309525138815142
77	0.49757237909341084
78	0.4895605451959158
79	0.10304345090533384
80	0.10818572446379239
81	0.05744148237014259
82	0.5396417421912961
83	0.6045810297425014
84	0.9220420515895167
85	0.7967132492073021
86	0.7588439508744758
87	0.2516299796562454
88	0.16233655139003356
89	0.2435918051833956
90	0.0997517873372933
91	0.5758441417787838
92	0.2685108255202363
93	0.22460188780169513
94	0.42301690250932045
95	0.466290799956401
96	0.7111366461700487
97	0.6996860333005961
98	0.6996860333005961
99	0.9371316004437404
100	0.8925879504045041
101	0.7588439508744758
102	0.7712627042813435
103	0.7712627042813435
104	0.7967132492073021
105	0.7346031188276403
106	0.5948461590153711
107	0.5948461590153711
108	0.466290799956401
109	0.4739218161276131
110	0.6556978921951105
111	0.7111366461700487
112	0.9071954723294418
113	1.0
114	1.0
115	0.9838981538483189
116	0.3262571601860513
117	0.2599334021689762
118	0.2729051014782441
119	0.37150005830873634
120	0.9838981538483189
121	0.9838981538483189
122	0.9371316004437404
123	0.809751747262771
124	0.6347520014624478
125	0.6996860333005961
126	0.809751747262771
127	0.8501615448994049
128	0.9220420515895167
129	0.9371316004437404
130	0.4299397258291168
131	0.45139540946972445
132	0.6245313223904277
133	0.5396417421912961
134	0.37150005830873634
135	0.34814444420780405
136	0.40950387170122843
137	0.5758441417787838
138	0.4895605451959158
139	0.566571988000515
140	0.3538419528953351
141	0.17043778391330164
142	0.15213071221465752
143	0.20709238541955338
144	0.5396417421912961
145	0.210481526578285
146	0.1789432998085799
147	0.21392613224755938
148	0.3425386759286075
149	0.9371316004437404
150	0.9838981538483189
151	0.3655182215245033
152	0.03416884515602799
153	0.0675653735631387
154	0.14489964968096344
155	0.6884197964379097
156	0.8782156365502339
157	0.5396417421912961
158	0.513991542262758
159	0.3315964756209441
160	0.4029101033605775
161	0.4369758436353279
162	0.4369758436353279
163	0.4895605451959158
164	0.6347520014624478
165	0.6664286233595316
166	0.513991542262758
167	0.5758441417787838
168	0.7227746524257325
169	0.9071954723294418
170	0.9524680951766599
171	0.6347520014624478
172	0.5396417421912961
173	0.5309525138815142
174	0.49757237909341084
175	0.5852680376789788
176	0.12725313808047323
177	0.05044600800408453
178	0.030007614098887924
179	0.025928821455018843
180	0.0017236818362313376
181	0.02204368690561934
182	0.0013294115143323943
183	0.001465408012805456
184	0.02635315591720863
185	0.01874069491496012
186	0.14027091400017713
187	1.0
188	0.823003625015039
189	0.45139540946972445
190	0.6045810297425014
191	0.614475215120391
192	0.9680555771461302
193	0.9524680951766599
194	0.9524680951766599
195	0.9524680951766599
196	0.9680555771461302
197	1.0
198	0.4299397258291168
199	0.45139540946972445
200	0.6664286233595316
