1	0.466290799956401
2	0.176061982325188
3	0.19407281858793526
4	0.8097517472627823
5	0.6884197964379146
6	0.8925879504044978
7	0.8782156365502402
8	0.585268037678987
9	0.5758441417787837
10	0.18187177108593947
11	0.29597901853584924
12	0.2773712913382679
13	0.9524680951766598
14	0.9838981538483327
15	0.3370231708678044
16	0.1546203858800121
17	0.11733274450692355
18	0.7967132492072965
19	0.0016417519552458576
20	0.003246395470718101
21	0.009324852154700426
22	0.10995622264422977
23	0.09501039487561898
24	0.8640747434825136
25	0.9371316004437404
26	0.07447719441285122
27	0.06867110513305712
28	0.0675653735631387
29	0.17894329980857862
30	0.7227746524257427
31	0.6045810297425014
32	0.5758441417787837
33	0.8640747434825136
34	0.9524680951766598
35	0.9838981538483327
36	0.21048152657828498
37	0.03954385360034534
38	0.0016417519552458576
39	0.00456507970472645
40	0.00495105369311161
41	0.001994829555235368
42	0.0024635075651007446
43	0.008057369233585077
44	0.03472803056127679
45	1.0
46	1.0
47	1.0
48	1.0
49	1.0
50	0.032544734860148444
51	0.007550815325235684
52	0.0032995238968794487
53	0.003142691241050616
54	0.0063160484245060435
55	0.0016153167178432556
56	0.0031941225103010837
57	0.030007614098888136
58	0.17043778391330283
59	0.8640747434825136
60	0.4230169025093204
61	0.5057153295259776
62	0.6045810297425014
63	0.26851082552023436
64	0.04430247303072529
65	0.0005904276939048689
66	0.004491573493650815
67	0.00414141963895089
68	0.04804821315291658
69	1.0
70	1.0
71	1.0
72	1.0
73	0.04804821315291658
74	0.000683306274553571
75	0.0007655338325415654
76	0.000580920718013925
77	0.05296346225090932
78	0.3315964756209417
79	0.7227746524257427
80	0.030007614098888136
81	0.176061982325188
82	0.176061982325188
83	0.19407281858793526
84	0.1972488898661499
85	0.1972488898661499
86	0.20047693868989316
87	0.2070923854195519
88	0.8640747434825136
89	0.8501615448993988
90	0.8640747434825136
91	1.0
92	1.0
93	0.8640747434825136
94	0.9220420515895231
95	0.2729051014782479
96	0.20047693868989316
97	0.06540703669975811
98	0.05127157501696203
99	0.05838153282986887
100	0.07947357060372963
101	0.03416884515602847
102	0.03646109590141791
103	0.7227746524257427
104	0.21048152657828498
105	0.1546203858800121
106	0.20375781569034307
107	0.3370231708678044
108	1.0
109	0.9680555771461439
110	1.0
111	0.7588439508744756
112	0.7111366461700435
113	0.05651656845829485
114	0.02551131956105572
115	0.02812108342598919
116	0.09197534264619907
117	0.8640747434825136
118	0.9838981538483327
119	0.9680555771461439
120	0.9838981538483327
121	0.13360357026643682
122	0.005918968568537471
123	0.00487133258825638
124	0.08343961441458023
125	1.0
126	0.9220420515895231
127	0.8782156365502402
128	0.12520412762878366
129	0.008323250672589017
130	0.006962169253653824
131	0.00511443124754004
132	0.013112602486345002
133	0.8782156365502402
134	0.14727098441461417
135	0.12318811002814956
136	0.18484816784601482
137	0.9220420515895231
138	0.8501615448993988
139	0.25993340216897615
140	0.16233655139003356
141	0.1649932472736998
142	0.5665719880005149
143	0.5309525138815104
144	0.6045810297425014
145	0.8364723744993591
146	0.7588439508744756
147	0.8097517472627823
148	0.3315964756209417
149	0.3964225068633103
150	0.3964225068633103
151	0.8364723744993591
152	0.5396417421913038
153	0.5224031981891458
154	0.8640747434825136
155	0.8925879504044978
156	0.5574491330158785
157	0.6347520014624431
158	0.4299397258291199
159	0.48167771661524483
160	0.5484731728386727
161	0.4299397258291199
162	0.5665719880005149
163	0.4230169025093204
164	0.3057458946813862
165	0.40950387170123137
166	0.24359180518339904
167	0.21742711012398036
168	0.21048152657828498
169	0.7712627042813434
170	0.746625162324361
171	0.37150005830873367
172	0.29597901853584924
173	0.43697584363533404
174	0.6664286233595268
175	0.8097517472627823
176	0.8364723744993591
177	0.48167771661524483
178	0.2773712913382679
179	0.5139915422627616
180	0.9220420515895231
181	0.6144752151203955
182	0.4587826572335619
183	0.4587826572335619
184	0.41620554942555466
185	0.4587826572335619
186	0.43697584363533404
187	0.746625162324361
188	0.3964225068633103
189	0.18787327440651985
190	0.21392613224756088
191	0.045027498890454695
192	0.3900393726467363
193	0.012693727967806583
194	0.005369661486237471
195	0.3370231708678044
196	0.6773349667878948
197	0.6884197964379146
198	0.4299397258291199
199	0.4895605451959192
200	0.9838981538483327
