1	0.9524680951766531
2	0.7466251623243612
3	0.48956054519591585
4	0.4441271100328711
5	0.4975723790934073
6	0.5224031981891385
7	0.9680555771461302
8	0.6556978921951105
9	0.5224031981891385
10	0.48956054519591585
11	0.5948461590153669
12	0.9220420515895101
13	0.9071954723294419
14	0.9220420515895101
15	0.29121320991525945
16	0.36551822152450336
17	0.45878265723355544
18	0.45878265723355544
19	0.054711179297213405
20	0.5057153295259778
21	0.030997821620274812
22	0.10995622264422979
23	0.10644373457266824
24	0.09814559940423298
25	0.11544347070631776
26	0.9680555771461302
27	0.9220420515895101
28	0.48956054519591585
29	0.47392181612761314
30	0.7346031188276403
31	0.8925879504044978
32	0.9524680951766531
33	0.9838981538483189
34	0.9838981538483189
35	0.6996860333005961
36	0.688419796437905
37	0.688419796437905
38	0.33159647562094174
39	0.1314523061326923
40	0.7967132492072966
41	0.8230036250150332
42	0.10995622264422979
43	0.16233655139003242
44	0.15972263321475563
45	0.22827757824649536
46	0.45878265723355544
47	0.9680555771461302
48	0.8640747434825076
49	0.42301690250932045
50	0.3158350635019698
51	0.25162997965624545
52	0.12933568132305906
53	0.16769342093829737
54	0.8097517472627711
55	0.7712627042813381
56	0.688419796437905
57	0.7346031188276403
58	0.7838846950415491
59	0.35384195289533515
60	0.3057458946813841
61	0.2959790185358493
62	0.3425386759286075
63	0.9680555771461302
64	0.020657835589543778
65	0.024696375181437157
66	0.04804821315291625
67	0.7227746524257326
68	0.6347520014624433
69	0.677334966787895
70	0.36551822152450336
71	0.45878265723355544
72	0.28652413961186673
73	0.33159647562094174
74	0.7466251623243612
75	0.7466251623243612
76	0.8501615448993989
77	0.6664286233595269
78	0.5948461590153669
79	0.42993972582911383
80	0.48956054519591585
81	0.6144752151203867
82	0.7588439508744758
83	0.8364723744993592
84	0.8230036250150332
85	0.466290799956401
86	0.40950387170122854
87	0.4369758436353279
88	0.3370231708678045
89	0.6347520014624433
90	0.3481444442078016
91	0.2174271101239788
92	0.4029101033605804
93	0.3057458946813841
94	0.7346031188276403
95	0.33159647562094174
96	0.3596327033558822
97	0.4441271100328711
98	0.6451399456130078
99	0.5852680376789788
100	0.5224031981891385
101	0.5852680376789788
102	0.5396417421912962
103	0.2729051014782441
104	0.17043778391330167
105	0.48956054519591585
106	0.42993972582911383
107	0.3481444442078016
108	0.39003937264673083
109	0.6996860333005961
110	0.6347520014624433
111	0.3964225068633104
112	0.41620554942555765
113	0.566571988000515
114	0.8097517472627711
115	0.5057153295259778
116	0.5139915422627543
117	0.6144752151203867
118	0.7346031188276403
119	0.8640747434825076
120	0.7227746524257326
121	0.6245313223904279
122	0.6556978921951105
123	0.6996860333005961
124	0.6347520014624433
125	0.7967132492072966
126	0.5309525138815105
127	0.6347520014624433
128	0.48956054519591585
129	0.3715000583087338
130	0.19724888986614994
131	0.07947357060372963
132	0.45139540946972445
133	0.6556978921951105
134	0.9680555771461302
135	0.9524680951766531
136	0.10995622264422979
137	0.08480513362914895
138	0.1940728185879339
139	0.9680555771461302
140	0.3158350635019698
141	0.22460188780169357
142	0.20709238541955197
143	0.31074953590015686
144	0.8640747434825076
145	0.8925879504044978
146	0.1818717710859369
147	0.05296346225090933
148	0.04358912142584587
149	0.054711179297213405
150	0.05127157501696131
151	0.08903724340857934
152	1.0
153	0.9680555771461302
154	0.9680555771461302
155	0.9371316004437404
156	0.9371316004437404
157	0.9838981538483189
158	0.9524680951766531
159	0.07093715149650967
160	0.008881624169591361
161	0.035296367236227776
162	0.04651334071458695
163	0.028121083425988794
164	0.05127157501696131
165	0.7838846950415491
166	0.5224031981891385
167	0.566571988000515
168	0.7967132492072966
169	0.39003937264673083
170	0.32100381758685337
171	0.22827757824649536
172	0.20375781569034024
173	0.8640747434825076
174	0.8925879504044978
175	0.6451399456130078
176	0.08209608258032164
177	0.12318811002815043
178	0.164993247273701
179	0.5396417421912962
180	0.8640747434825076
181	0.48167771661524145
182	0.3262571601860513
183	0.3262571601860513
184	0.27737129133826793
185	0.019359110527732683
186	0.07327797408660718
187	0.2557479945175683
188	0.5309525138815105
189	0.2174271101239788
190	0.6045810297425015
191	0.6144752151203867
192	0.6245313223904279
193	0.23581040555488308
194	0.19094788792080922
195	0.26851082552023436
196	0.5224031981891385
197	0.6144752151203867
198	0.878215636550234
199	0.9680555771461302
200	1.0
