1	0.5574491330158785
2	0.6451399456130078
3	0.4299397258291168
4	0.5396417421913
5	0.8364723744993532
6	0.3057458946813862
7	0.3370231708678069
8	0.7111366461700487
9	0.8782156365502402
10	0.8640747434825075
11	0.8925879504044915
12	0.2139261322475594
13	0.14489964968096344
14	0.14727098441461314
15	0.154620385880011
16	0.06979493239667436
17	0.03646109590141792
18	0.7346031188276403
19	0.012693727967806583
20	0.00021934392271274846
21	0.002945115272426268
22	0.02551131956105554
23	1.0
24	0.17322705937262783
25	0.04576439005839994
26	0.0876035794134446
27	0.008189230970777114
28	0.0002622249453773402
29	0.0030920881101849833
30	0.008459463654885606
31	0.019359110527732683
32	0.027222771645920248
33	0.008189230970777114
34	0.585268037678983
35	0.9838981538483189
36	0.9838981538483189
37	0.9838981538483189
38	1.0
39	1.0
40	0.9838981538483189
41	0.7712627042813435
42	0.8364723744993532
43	0.7712627042813435
44	0.8364723744993532
45	0.9838981538483189
46	0.968055577146137
47	0.3370231708678069
48	0.026353155917208822
49	0.0159326181413908
50	0.4975723790934038
51	0.48956054519591924
52	0.0050320794624388
53	0.009477456704464872
54	0.010617952774480096
55	1.0
56	0.07569604040982161
57	0.05211065273008481
58	0.19407281858793526
59	0.9838981538483189
60	0.027222771645920248
61	0.0037570771454724524
62	0.004209195456615611
63	0.014453999040223662
64	1.0
65	0.8640747434825075
66	0.8640747434825075
67	0.8925879504044915
68	0.8782156365502402
69	0.6884197964379098
70	0.9071954723294482
71	0.1336035702664378
72	0.10995622264422901
73	0.0012060361066649663
74	0.0009765898446339601
75	0.021339514049848074
76	0.2557479945175683
77	0.9071954723294482
78	0.9838981538483189
79	0.7111366461700487
80	0.6996860333005911
81	0.35384195289533266
82	0.3900393726467336
83	0.746625162324361
84	0.9524680951766598
85	0.9371316004437338
86	1.0
87	1.0
88	0.9071954723294482
89	0.8230036250150391
90	0.3837590186752804
91	0.05127157501696167
92	0.002198897168339217
93	0.0876035794134446
94	0.09656527406216149
95	0.15972263321475674
96	0.26418730551764663
97	0.7712627042813435
98	0.6996860333005911
99	0.7346031188276403
100	0.3715000583087311
101	0.20709238541955047
102	0.2174271101239788
103	0.746625162324361
104	0.7838846950415547
105	0.8097517472627768
106	0.8640747434825075
107	0.8230036250150391
108	0.8230036250150391
109	0.6996860333005911
110	0.4299397258291168
111	0.6884197964379098
112	0.7712627042813435
113	0.6664286233595221
114	0.7967132492072909
115	0.6664286233595221
116	0.7588439508744758
117	0.7838846950415547
118	0.8097517472627768
119	0.3837590186752804
120	0.6664286233595221
121	0.2104815265782865
122	0.2174271101239788
123	0.1649932472736998
124	0.3262571601860536
125	0.26418730551764663
126	0.23581040555488142
127	0.24757827243666986
128	1.0
129	0.9838981538483189
130	0.7712627042813435
131	0.746625162324361
132	0.7588439508744758
133	0.9838981538483189
134	0.9838981538483189
135	0.9838981538483189
136	0.3008228213237184
137	0.28652413961186873
138	0.277371291338266
139	0.33159647562093936
140	0.47392181612761314
141	0.27290510147824604
142	0.13145230613269135
143	0.05044600800408453
144	0.026784434765055484
145	0.01999793295422581
146	0.01843893512866397
147	0.009790198959862228
148	0.019359110527732683
149	0.038907124553427985
150	0.14489964968096344
151	0.9524680951766598
152	0.106443734572669
153	0.22460188780169354
154	0.968055577146137
155	0.9524680951766598
156	0.9838981538483189
157	1.0
158	1.0
159	1.0
160	1.0
161	1.0
162	1.0
163	0.28652413961186873
164	0.09197534264619843
165	0.9371316004437338
166	0.09656527406216149
167	0.004715720680195316
168	0.0008859578853748352
169	0.0032463954707181238
170	0.02390746372968368
171	0.010446984132459602
172	0.012288234154011063
173	0.030997821620274597
174	0.07819389939674361
175	0.23201342268367284
176	0.9838981538483189
177	0.968055577146137
178	0.9371316004437338
179	0.968055577146137
180	0.968055577146137
181	0.9838981538483189
182	0.9838981538483189
183	0.9071954723294482
184	0.8925879504044915
185	0.8501615448994049
186	0.9371316004437338
187	0.6664286233595221
188	0.6144752151203912
189	0.44412711003286787
190	0.8230036250150391
191	0.9071954723294482
192	0.9838981538483189
193	0.3837590186752804
194	0.3481444442078041
195	0.3837590186752804
196	0.4162055494255547
197	0.40950387170123137
198	0.4299397258291168
199	0.5574491330158785
200	1.0
