1	0.7712627042813435
2	0.7111366461700486
3	0.6996860333005961
4	1.0
5	1.0
6	1.0
7	0.9680555771461439
8	0.9680555771461439
9	1.0
10	0.6884197964379097
11	0.6996860333005961
12	0.746625162324361
13	1.0
14	0.9838981538483329
15	1.0
16	1.0
17	0.9680555771461439
18	0.9371316004437404
19	0.04651334071458728
20	0.002163490864431252
21	0.002384812237737442
22	0.9371316004437404
23	0.04084874312373918
24	0.029049038185277716
25	0.023522509426831584
26	0.02204368690561934
27	0.02678443476505567
28	0.01967592931444537
29	0.9838981538483329
30	0.8782156365502464
31	0.9838981538483329
32	1.0
33	0.9838981538483329
34	0.9680555771461439
35	1.0
36	1.0
37	1.0
38	1.0
39	0.04727454821686548
40	0.04288725609876025
41	0.05296346225091008
42	0.9838981538483329
43	0.9838981538483329
44	0.08760357941344458
45	0.008323250672589017
46	0.014453999040223762
47	0.014221262971401534
48	0.1252041276287828
49	1.0
50	1.0
51	1.0
52	1.0
53	1.0
54	1.0
55	0.10995622264422977
56	0.002671795240633401
57	0.0027599605887401314
58	0.012693727967806583
59	0.08343961441458082
60	0.051271575016962036
61	0.03472803056127704
62	0.03646109590141792
63	0.06540703669975813
64	0.051271575016962036
65	0.11925293695084385
66	0.05044600800408453
67	0.1425664978143701
68	0.8782156365502464
69	0.8925879504044913
70	0.005823662247270328
71	0.0009151932040789332
72	0.10995622264422977
73	0.1154434707063202
74	0.11358461770179094
75	0.1336035702664378
76	0.09656527406216149
77	0.8782156365502464
78	0.26851082552023625
79	0.8640747434825136
80	0.6773349667879045
81	0.43697584363533404
82	0.9838981538483329
83	0.04651334071458728
84	0.05560654736795844
85	0.9680555771461439
86	0.6347520014624477
87	0.9524680951766599
88	0.027222771645920248
89	0.008057369233585078
90	0.017562497419084444
91	0.03646109590141792
92	1.0
93	1.0
94	1.0
95	1.0
96	0.02812108342598899
97	0.0016959273764898931
98	0.004141419638950891
99	0.006631244087325166
100	0.9680555771461439
101	0.6996860333005961
102	0.9220420515895166
103	0.029524436113289036
104	0.035296367236228025
105	0.6884197964379097
106	0.49757237909340374
107	0.9680555771461439
108	0.8364723744993591
109	0.6144752151203997
110	0.746625162324361
111	0.31074953590015464
112	0.20709238541955338
113	0.17894329980857993
114	0.10818572446379239
115	0.02551131956105572
116	0.009324852154700492
117	0.015175310452307482
118	0.14027091400017716
119	0.03416884515602848
120	0.024298717947761457
121	0.14027091400017716
122	0.029049038185277716
123	0.8501615448994049
124	0.8640747434825136
125	1.0
126	0.9838981538483329
127	0.9838981538483329
128	0.9371316004437404
129	0.8782156365502464
130	0.31583506350196977
131	0.33702317086780925
132	0.9371316004437404
133	0.9680555771461439
134	0.9371316004437404
135	0.7967132492072908
136	0.05296346225091008
137	0.08760357941344458
138	0.9838981538483329
139	0.6144752151203997
140	0.7588439508744865
141	0.006015834611932771
142	0.002384812237737442
143	0.002586446283687687
144	0.0025038237499127474
145	0.003757077145472479
146	0.0015637163575655678
147	0.00016113072972067502
148	0.0036370594844428957
149	0.011515692539375738
150	0.16233655139003356
151	1.0
152	0.8230036250150506
153	0.40950387170123426
154	0.5484731728386766
155	1.0
156	1.0
157	0.6144752151203997
158	0.09197534264619908
159	0.10472979393476875
160	0.12318811002815043
161	0.5396417421913039
162	1.0
163	1.0
164	1.0
165	1.0
166	0.6144752151203997
167	0.12933568132305998
168	0.10995622264422977
169	0.1336035702664378
170	0.513991542262758
171	0.8230036250150506
172	0.8097517472627825
173	0.9838981538483329
174	0.5574491330158785
175	0.5948461590153711
176	0.16499324727370096
177	0.013766972933527003
178	0.006015834611932771
179	0.0024635075651007273
180	0.002715520127955534
181	0.003757077145472479
182	0.0023086307871881067
183	0.0001392289939505425
184	0.001206036106664975
185	0.006524468815236811
186	0.9838981538483329
187	0.8097517472627825
188	0.9680555771461439
189	0.7346031188276506
190	0.8640747434825136
191	0.9524680951766599
192	0.037664258914665634
193	0.03202070454638331
194	0.013327194928720823
195	0.011515692539375738
196	0.011704150977755607
197	0.007309608887594927
198	0.010278768401209684
199	0.029049038185277716
200	0.07209806342155876
