1	0.7967132492072909
2	0.6884197964379098
3	0.6144752151203912
4	0.7838846950415491
5	0.0025447997235481246
6	0.00041987477004942157
7	0.0014185963995909496
8	0.21742711012398036
9	0.251629979656249
10	1.0
11	1.0
12	0.7838846950415491
13	0.7838846950415491
14	0.04963373414423629
15	0.0370577948122046
16	0.17043778391330164
17	0.154620385880011
18	0.21742711012398036
19	1.0
20	0.6884197964379098
21	0.6884197964379098
22	0.7967132492072909
23	0.9838981538483189
24	1.0
25	1.0
26	0.7712627042813436
27	0.7838846950415491
28	0.823003625015039
29	1.0
30	0.7838846950415491
31	0.7838846950415491
32	0.006739766775034895
33	0.004715720680195316
34	0.9838981538483189
35	0.8364723744993592
36	0.018142034232021265
37	0.015932618141390915
38	0.010617952774480096
39	0.1940728185879353
40	0.09197534264619776
41	0.5224031981891458
42	0.3425386759286075
43	0.2959790185358472
44	0.06331764666180337
45	0.05744148237014259
46	0.062298115656567614
47	0.154620385880011
48	0.154620385880011
49	0.1336035702664378
50	0.9838981538483189
51	0.004951053693111612
52	0.004141419638950891
53	0.01874069491496012
54	0.8364723744993592
55	0.7346031188276403
56	0.8782156365502339
57	0.9680555771461301
58	0.8925879504044915
59	0.8640747434825136
60	0.8782156365502339
61	0.8640747434825136
62	0.7466251623243612
63	0.8640747434825136
64	0.013766972933527001
65	0.010446984132459602
66	0.004009124378788922
67	0.8501615448994049
68	0.03954385360034535
69	0.023907463729683512
70	0.04883453939311235
71	0.251629979656249
72	0.4029101033605833
73	0.7466251623243612
74	0.305745894681384
75	0.3210038175868557
76	0.45139540946972445
77	0.3370231708678045
78	0.010617952774480096
79	0.07819389939674361
80	0.12725313808047323
81	0.31074953590015464
82	0.9220420515895166
83	0.9220420515895166
84	0.9371316004437271
85	0.49757237909340374
86	0.38375901867528034
87	0.07093715149650967
88	0.061295000982725924
89	0.10304345090533386
90	0.39642250686330754
91	0.31074953590015464
92	0.9220420515895166
93	0.2729051014782441
94	0.1972488898661471
95	0.24359180518339563
96	0.08619300005539272
97	0.1314523061326923
98	0.22827757824649536
99	0.7588439508744759
100	0.7588439508744759
101	0.2959790185358472
102	0.1425664978143681
103	0.16769342093829856
104	0.809751747262771
105	0.8364723744993592
106	0.1909478879208092
107	0.010968329737619282
108	0.0007655338325415709
109	0.001167509979296634
110	0.1972488898661471
111	0.1972488898661471
112	0.22098538275893198
113	0.3425386759286075
114	0.39642250686330754
115	0.677334966787895
116	0.7967132492072909
117	0.4299397258291169
118	0.513991542262758
119	0.7967132492072909
120	0.017279708787602804
121	0.012288234154010976
122	0.06331764666180337
123	0.8501615448994049
124	1.0
125	1.0
126	0.9838981538483189
127	0.21742711012398036
128	0.05560654736795844
129	0.04883453939311235
130	0.0876035794134446
131	0.11544347070631858
132	0.11544347070631858
133	0.8640747434825136
134	0.8640747434825136
135	0.8782156365502339
136	0.8782156365502339
137	0.154620385880011
138	0.18787327440652257
139	0.14968112689163354
140	0.8364723744993592
141	0.6347520014624478
142	0.3775797899972509
143	0.22827757824649536
144	0.23581040555487973
145	0.27737129133826594
146	0.45139540946972445
147	0.2557479945175683
148	0.22827757824649536
149	0.5484731728386688
150	0.4816777166152449
151	0.4816777166152449
152	0.4895605451959158
153	0.49757237909340374
154	1.0
155	0.6144752151203912
156	0.5224031981891458
157	0.022404439747548983
158	0.004491573493650752
159	0.0022348829091087073
160	0.00611428590286806
161	0.035296367236228025
162	0.07447719441285175
163	0.1760619823251855
164	0.5484731728386688
165	0.23201342268367284
166	0.04804821315291624
167	0.05044600800408453
168	0.043589121425845555
169	0.0965652740621615
170	0.028581295041563655
171	0.012693727967806582
172	0.04288725609875964
173	0.07209806342155774
174	0.12520412762878458
175	0.8925879504044915
176	0.9071954723294419
177	0.14027091400017716
178	0.10644373457266823
179	0.16769342093829856
180	0.07947357060372963
181	0.09501039487561765
182	0.0076743871260476935
183	0.12725313808047323
184	0.12318811002814868
185	0.1336035702664378
186	0.24359180518339563
187	0.31074953590015464
188	0.2819105719970956
189	0.17322705937262783
190	0.809751747262771
191	0.08619300005539272
192	0.012901465378461633
193	0.007799981223697675
194	0.015175310452307484
195	0.018438935128663837
196	1.0
197	0.823003625015039
198	0.008459463654885606
199	0.014930959938100428
200	1.0
