1	1.0
2	0.012693727967806762
3	0.010617952774480095
4	0.0006300371192533686
5	0.0017236818362313373
6	0.009950419076984586
7	0.9838981538483328
8	0.9838981538483328
9	0.9838981538483328
10	1.0
11	0.03049869946550789
12	0.015932618141390912
13	0.013992274382953624
14	0.011704150977755772
15	0.020995908477666227
16	1.0
17	1.0
18	0.9838981538483328
19	0.7967132492073021
20	0.8364723744993591
21	0.9838981538483328
22	0.8501615448994048
23	0.8640747434825136
24	0.8925879504045041
25	0.8640747434825136
26	0.00652446881523681
27	0.008057369233585077
28	0.0020606560225769396
29	0.09049436982916183
30	0.09814559940423298
31	0.9071954723294546
32	0.6664286233595316
33	0.5574491330158785
34	0.8230036250150506
35	0.8097517472627824
36	0.9524680951766598
37	0.9680555771461439
38	0.9680555771461439
39	0.9838981538483328
40	0.06129500098272679
41	0.05933696755250705
42	0.08209608258032162
43	0.11733274450692356
44	0.24757827243667338
45	0.9838981538483328
46	1.0
47	1.0
48	0.26851082552023625
49	0.127253138080475
50	0.011895693606068052
51	0.009950419076984586
52	0.043589121425846165
53	0.466290799956401
54	0.9071954723294546
55	0.0028510352648105333
56	0.0006723037820462358
57	0.013545299253377184
58	0.021688742850449538
59	0.025511319561055717
60	0.127253138080475
61	0.9838981538483328
62	1.0
63	1.0
64	0.9838981538483328
65	0.9680555771461439
66	0.9680555771461439
67	0.1154434707063202
68	0.015932618141390912
69	0.02390746372968385
70	0.0013732801563434778
71	0.006419412822152425
72	0.03529636723622802
73	0.7588439508744758
74	0.746625162324361
75	0.8782156365502464
76	0.7838846950415601
77	0.9220420515895298
78	0.8925879504045041
79	0.9371316004437404
80	0.9071954723294546
81	0.8925879504045041
82	1.0
83	0.9680555771461439
84	0.7588439508744758
85	0.8230036250150506
86	0.35384195289533515
87	0.2396695274125291
88	0.25574799451757185
89	0.9680555771461439
90	0.9371316004437404
91	0.9524680951766598
92	0.9371316004437404
93	0.9838981538483328
94	0.9838981538483328
95	0.24757827243667338
96	0.2912132099152615
97	0.4369758436353341
98	0.8782156365502464
99	0.8230036250150506
100	0.8782156365502464
101	0.6996860333005959
102	0.6664286233595316
103	0.8782156365502464
104	0.011147830387442924
105	0.005032079462438835
106	0.04084874312373918
107	0.10995622264422977
108	0.10818572446379392
109	0.03049869946550789
110	0.03049869946550789
111	0.06756537356313871
112	0.02678443476505567
113	0.11175569566235917
114	1.0
115	0.9838981538483328
116	0.09656527406216286
117	0.08619300005539395
118	0.08480513362915015
119	0.127253138080475
120	0.48167771661524483
121	0.8782156365502464
122	0.8925879504045041
123	0.6045810297425099
124	0.5309525138815143
125	0.20047693868989744
126	0.15715080394779135
127	0.16769342093829856
128	0.9838981538483328
129	1.0
130	0.2037578156903431
131	0.18484816784601615
132	0.17322705937263028
133	0.5309525138815143
134	0.19724888986614988
135	0.6996860333005959
136	1.0
137	1.0
138	0.9680555771461439
139	0.9371316004437404
140	0.8925879504045041
141	0.9071954723294546
142	0.5057153295259778
143	0.2139261322475624
144	0.6556978921951199
145	0.11925293695084384
146	0.16769342093829856
147	0.2037578156903431
148	0.9071954723294546
149	0.8925879504045041
150	0.9524680951766598
151	0.9524680951766598
152	0.057441482370143404
153	0.025511319561055717
154	0.20047693868989744
155	0.8925879504045041
156	0.4975723790934108
157	0.2641873055176485
158	0.0031426912410506386
159	0.003818563060391394
160	0.0002708779863139599
161	0.000729146551274158
162	0.0020274756563298706
163	0.0016959273764898931
164	0.0040747351370749516
165	0.37757978999725084
166	1.0
167	1.0
168	1.0
169	0.9838981538483328
170	0.3900393726467364
171	0.00414141963895089
172	0.0036370594844428957
173	0.003944570074838764
174	0.0025864462836876503
175	0.0019627091166381696
176	0.01044698413245975
177	0.01999793295422595
178	0.17894329980858245
179	0.1357900406092586
180	0.016727718463300362
181	0.011330268629776806
182	0.01967592931444537
183	1.0
184	1.0
185	0.9220420515895298
186	0.04288725609876025
187	0.00414141963895089
188	0.004209195456615671
189	0.0045650797047264826
190	0.11175569566235917
191	0.8640747434825136
192	0.8230036250150506
193	0.9680555771461439
194	0.8230036250150506
195	0.8364723744993591
196	1.0
197	1.0
198	1.0
199	1.0
200	1.0
