1	0.43697584363533093
2	0.1013842611119193
3	0.11544347070631938
4	0.106443734572669
5	0.2139261322475594
6	0.42301690250932344
7	0.8925879504044915
8	0.6556978921951152
9	0.5057153295259813
10	0.5057153295259813
11	0.6347520014624523
12	1.0
13	0.2959790185358493
14	0.1496811268916325
15	0.08903724340857933
16	0.07569604040982215
17	0.07693483325865776
18	0.07819389939674416
19	0.11733274450692441
20	0.22827757824649697
21	0.968055577146137
22	0.9838981538483258
23	0.9524680951766598
24	0.9220420515895167
25	0.14027091400017816
26	0.07447719441285176
27	0.0007174059456835077
28	0.0019000115066771213
29	0.00873861362363561
30	0.05127157501696167
31	0.1047297939347695
32	0.2685108255202363
33	0.7227746524257377
34	0.3715000583087311
35	0.24757827243667163
36	0.14489964968096344
37	0.164993247273701
38	0.24757827243667163
39	0.3481444442078041
40	0.8640747434825137
41	0.9524680951766598
42	0.9371316004437339
43	0.9220420515895167
44	0.9220420515895167
45	0.9220420515895167
46	0.42301690250932344
47	0.3315964756209417
48	0.2685108255202363
49	0.277371291338266
50	0.3715000583087311
51	0.46629079995640094
52	0.1252041276287837
53	0.06979493239667488
54	0.00024976089423135885
55	0.0002937805123388776
56	6.70635038927341e-05
57	0.001186616698822083
58	0.0015137643410159801
59	0.0022714575694317693
60	0.021688742850449385
61	1.0
62	1.0
63	1.0
64	1.0
65	0.022043686905619496
66	0.0022348829091087073
67	0.0015137643410159801
68	0.0011675099792966424
69	5.701481207581367e-05
70	0.0003291334060758337
71	0.0003186194293768151
72	0.07327797408660716
73	0.2912132099152615
74	1.0
75	1.0
76	0.8230036250150391
77	0.7838846950415547
78	0.8230036250150391
79	0.7967132492072909
80	0.8097517472627767
81	0.7838846950415547
82	0.8925879504044915
83	0.8782156365502402
84	0.9220420515895167
85	0.9371316004437339
86	0.9371316004437339
87	0.8230036250150391
88	0.8097517472627767
89	0.968055577146137
90	0.9838981538483258
91	0.9838981538483258
92	0.9838981538483258
93	0.8782156365502402
94	0.1521307122146586
95	0.22098538275893354
96	0.43697584363533093
97	0.19724888986614852
98	0.21742711012398033
99	0.8097517472627767
100	0.8501615448994048
101	0.7967132492072909
102	0.8230036250150391
103	0.9524680951766598
104	0.8364723744993591
105	0.8640747434825137
106	0.8364723744993591
107	0.19724888986614852
108	0.22098538275893354
109	0.2641873055176467
110	0.9220420515895167
111	1.0
112	0.9838981538483258
113	0.31074953590015464
114	0.2685108255202363
115	0.2641873055176467
116	0.5396417421913039
117	0.9524680951766598
118	0.968055577146137
119	0.9071954723294483
120	0.45139540946972767
121	0.31074953590015464
122	0.2139261322475594
123	0.35384195289533266
124	0.968055577146137
125	0.968055577146137
126	0.968055577146137
127	0.968055577146137
128	0.9071954723294483
129	0.9371316004437339
130	0.33702317086780686
131	0.23201342268367284
132	0.2819105719970976
133	0.8501615448994048
134	0.9524680951766598
135	0.9220420515895167
136	0.8925879504044915
137	0.8925879504044915
138	0.968055577146137
139	0.9838981538483258
140	0.44412711003287103
141	0.22827757824649697
142	0.15462038588001104
143	0.27290510147824604
144	0.4739218161276165
145	0.9071954723294483
146	0.7346031188276455
147	0.2912132099152615
148	0.31583506350197205
149	0.7588439508744812
150	0.7712627042813436
151	0.6347520014624523
152	0.20709238541955047
153	0.08343961441458023
154	0.0997517873372933
155	0.11925293695084217
156	0.10304345090533457
157	0.106443734572669
158	0.1380122933233916
159	0.8925879504044915
160	0.9071954723294483
161	0.8925879504044915
162	0.8925879504044915
163	0.9524680951766598
164	0.9220420515895167
165	0.9220420515895167
166	0.1357900406092586
167	0.1013842611119193
168	0.002671795240633401
169	0.010968329737619204
170	0.029524436113288824
171	0.08903724340857933
172	0.07947357060372963
173	0.17322705937262783
174	0.614475215120391
175	0.1676934209382974
176	0.3315964756209417
177	0.6045810297425057
178	0.40950387170123137
179	0.37757978999725356
180	0.11358461770179014
181	0.04151724745489924
182	0.039543853600345624
183	0.2139261322475594
184	0.7588439508744812
185	1.0
186	0.968055577146137
187	0.968055577146137
188	1.0
189	1.0
190	0.7712627042813436
191	0.6884197964379097
192	0.6664286233595222
193	0.7111366461700487
194	0.7838846950415547
195	0.9524680951766598
196	0.9524680951766598
197	0.968055577146137
198	0.9220420515895167
199	0.9371316004437339
200	1.0
