1	0.5484731728386688
2	0.5309525138815067
3	0.5224031981891383
4	0.4895605451959157
5	0.1521307122146575
6	0.03766425891466563
7	0.01814203423202126
8	0.02240443974754898
9	0.029049038185277303
10	0.0675653735631387
11	0.34253867592860743
12	0.6884197964379096
13	0.7588439508744758
14	0.9524680951766596
15	0.17043778391330164
16	0.22827757824649533
17	0.7588439508744758
18	0.21392613224755938
19	0.0675653735631387
20	0.8097517472627709
21	0.26851082552023625
22	0.19407281858793526
23	0.15715080394779135
24	0.16499324727369863
25	0.02314375359893894
26	0.017849913987938722
27	0.057441482370142585
28	0.057441482370142585
29	0.045764390058399614
30	0.21392613224755938
31	0.42993972582911677
32	0.9838981538483188
33	0.9524680951766596
34	0.7967132492072908
35	0.28191057199709557
36	0.11733274450692355
37	0.07209806342155772
38	0.06979493239667436
39	0.18484816784601352
40	0.20375781569034018
41	0.20375781569034018
42	0.03587400494469159
43	0.02352250942683158
44	0.03646109590141791
45	0.1789432998085799
46	0.8640747434825136
47	0.24757827243666986
48	0.1357900406092586
49	0.7111366461700385
50	0.1760619823251855
51	0.29121320991526145
52	0.4975723790934037
53	0.4739218161276063
54	0.41620554942555466
55	0.41620554942555466
56	0.4587826572335586
57	0.35963270335588476
58	0.25993340216897615
59	0.1909478879208092
60	0.25574799451756824
61	0.35963270335588476
62	0.7346031188276402
63	0.823003625015039
64	0.6884197964379096
65	0.5484731728386688
66	0.5948461590153626
67	0.39642250686330754
68	0.4441271100328678
69	0.5309525138815067
70	0.7588439508744758
71	0.4895605451959157
72	0.4513954094697244
73	0.6245313223904276
74	0.1472709844146121
75	0.0007907953330514215
76	0.0007655338325415708
77	0.0008716923278076608
78	0.0014654080128054558
79	0.21048152657828498
80	1.0
81	1.0
82	0.937131600443727
83	0.12120455403276077
84	0.0036965812672960837
85	0.004009124378788865
86	0.0028976934794106932
87	0.003757077145472426
88	1.0
89	1.0
90	1.0
91	1.0
92	1.0
93	1.0
94	1.0
95	1.0
96	0.000580920718013925
97	0.00031348906834405315
98	0.005283200023099468
99	0.005729890533725345
100	0.1521307122146575
101	0.9838981538483188
102	0.9524680951766596
103	0.9220420515895165
104	0.002993313140091832
105	0.0009925720876842983
106	0.001373280156343458
107	0.09348055211451997
108	0.9838981538483188
109	0.9838981538483188
110	0.9838981538483188
111	0.9838981538483188
112	0.10818572446379239
113	0.00441925086827708
114	0.0047928951403666395
115	0.018740694914960117
116	1.0
117	1.0
118	0.1972488898661471
119	0.0027155201279554955
120	0.0023464123579847473
121	0.0172797087876028
122	0.01700147357515921
123	0.002805128333603497
124	0.6556978921951104
125	0.6347520014624477
126	0.8501615448994048
127	0.9680555771461301
128	0.35963270335588476
129	0.17043778391330164
130	0.12933568132305998
131	0.09656527406216148
132	0.11175569566235916
133	0.13801229332339057
134	0.13801229332339057
135	0.025511319561055717
136	0.027668282067044726
137	0.06435386265758125
138	0.14968112689163351
139	0.11733274450692355
140	0.04804821315291624
141	0.11358461770178932
142	0.8501615448994048
143	0.02390746372968351
144	0.050446008004084525
145	0.836472374499359
146	0.9220420515895165
147	0.9524680951766596
148	0.9838981538483188
149	0.9524680951766596
150	0.937131600443727
151	0.9220420515895165
152	0.9838981538483188
153	0.7346031188276402
154	0.9220420515895165
155	0.03766425891466563
156	0.04288725609875963
157	0.8640747434825136
158	0.11544347070631855
159	0.1760619823251855
160	0.06030803830703578
161	0.07947357060372963
162	0.8640747434825136
163	0.8640747434825136
164	0.8501615448994048
165	0.06867110513305613
166	0.14968112689163351
167	0.029524436113288612
168	0.01645837131413543
169	0.015423659850312865
170	0.13360357026643777
171	0.01645837131413543
172	0.0370577948122046
173	0.18787327440651988
174	0.3655182215245033
175	0.9680555771461301
176	0.5309525138815067
177	0.4739218161276063
178	0.4895605451959157
179	0.34253867592860743
180	0.3315964756209393
181	0.3655182215245033
182	0.4739218161276063
183	0.836472374499359
184	0.1909478879208092
185	0.06435386265758125
186	0.0675653735631387
187	0.2174271101239803
188	0.6664286233595221
189	0.6664286233595221
190	0.699686033300586
191	0.8501615448994048
192	0.8501615448994048
193	0.7346031188276402
194	0.10644373457266823
195	0.22460188780169513
196	0.27290510147824404
197	0.3008228213237205
198	0.8925879504044915
199	0.8782156365502337
200	0.937131600443727
