1	0.7967132492073021
2	0.018438935128663837
3	0.012901465378461815
4	0.10818572446379239
5	0.9838981538483328
6	0.03150511208810901
7	0.0020943793974174054
8	0.2557479945175719
9	0.0358740049446921
10	0.020657835589543774
11	0.011515692539375738
12	0.2557479945175719
13	0.9371316004437404
14	0.9371316004437404
15	0.9371316004437404
16	0.9371316004437404
17	0.9371316004437404
18	0.7111366461700487
19	0.7227746524257427
20	0.7466251623243612
21	0.2516299796562454
22	0.3655182215245085
23	0.3715000583087364
24	0.30574589468138835
25	0.06030803830703665
26	0.052963462250909324
27	0.051271575016962036
28	0.09197534264619908
29	0.9524680951766599
30	0.9838981538483328
31	1.0
32	0.38375901867528583
33	0.34814444420780405
34	0.2819105719970956
35	0.9071954723294418
36	0.01727970878760305
37	0.006631244087325165
38	0.02766828206704513
39	0.06331764666180337
40	1.0
41	1.0
42	1.0
43	0.0538302283053934
44	0.00346418311919148
45	0.003696581267296084
46	0.009324852154700492
47	0.009477456704464872
48	0.01700147357515921
49	0.12725313808047503
50	0.9371316004437404
51	0.22460188780169194
52	0.9524680951766599
53	0.04219669209919026
54	0.0538302283053934
55	0.1336035702664378
56	0.9838981538483328
57	0.9838981538483328
58	1.0
59	1.0
60	1.0
61	0.11358461770179093
62	0.03828064801966494
63	0.06756537356313871
64	0.9838981538483328
65	0.210481526578285
66	0.9838981538483328
67	0.1030434509053353
68	0.03361866366814597
69	0.04151724745489924
70	0.0538302283053934
71	0.06030803830703665
72	0.028581295041564064
73	0.07093715149651068
74	1.0
75	0.9838981538483328
76	0.17322705937263028
77	0.05744148237014341
78	0.03150511208810901
79	0.04084874312373918
80	0.03254473486014869
81	0.0622981156565685
82	0.9371316004437404
83	0.9371316004437404
84	0.14027091400017716
85	0.03472803056127704
86	0.08209608258032165
87	0.30574589468138835
88	1.0
89	0.9838981538483328
90	1.0
91	0.24757827243667338
92	0.022771096439116734
93	0.03472803056127704
94	0.164993247273701
95	0.9838981538483328
96	0.06979493239667536
97	0.05744148237014341
98	0.07947357060372963
99	0.06331764666180337
100	0.03254473486014869
101	0.11175569566235918
102	0.9071954723294418
103	0.9220420515895298
104	0.9680555771461439
105	0.8782156365502464
106	0.8925879504044915
107	0.8925879504044915
108	0.8925879504044915
109	0.5139915422627653
110	0.4441271100328742
111	0.8640747434825136
112	0.7346031188276507
113	0.9524680951766599
114	0.9838981538483328
115	1.0
116	0.45139540946972445
117	0.008323250672589018
118	0.007309608887594927
119	0.06540703669975811
120	0.12318811002815044
121	0.9371316004437404
122	0.9371316004437404
123	0.17043778391330405
124	0.014453999040223764
125	0.0005715668219861406
126	0.002163490864431252
127	0.0009151932040789202
128	0.0008438466194897108
129	0.0011866166988221
130	5.343038208960598e-05
131	2.0504390998152467e-05
132	0.0005101736581558181
133	0.0005101736581558181
134	8.417520853263148e-05
135	0.00017475420935834793
136	0.02766828206704513
137	1.0
138	1.0
139	1.0
140	1.0
141	1.0
142	1.0
143	0.029049038185277716
144	0.00021934392271275
145	8.417520853263148e-05
146	0.0005101736581558181
147	0.0005101736581558181
148	2.1181006010626275e-05
149	4.616784369824898e-05
150	0.0011120160060804065
151	1.0
152	0.0007058543855178155
153	0.0009453932456821844
154	0.0020943793974174054
155	0.0019627091166381696
156	0.01727970878760305
157	0.1676934209382986
158	0.11925293695084214
159	0.06756537356313871
160	0.03049869946550789
161	0.03416884515602848
162	0.4975723790934108
163	0.9838981538483328
164	0.9524680951766599
165	0.9371316004437404
166	0.8364723744993592
167	0.9371316004437404
168	0.5852680376789872
169	0.5948461590153712
170	0.9838981538483328
171	1.0
172	1.0
173	1.0
174	0.9838981538483328
175	0.06030803830703665
176	0.058381532829869284
177	0.004419250868277081
178	0.015676073575284756
179	0.9220420515895298
180	0.8925879504044915
181	0.8782156365502464
182	0.8925879504044915
183	0.38375901867528583
184	0.4587826572335652
185	0.48956054519592274
186	0.9838981538483328
187	0.9371316004437404
188	0.9220420515895298
189	0.9680555771461439
190	1.0
191	1.0
192	0.48167771661524483
193	0.4299397258291168
194	0.4029101033605775
195	0.9371316004437404
196	1.0
197	1.0
198	1.0
199	1.0
200	1.0
