1	0.9371316004437406
2	0.05560654736795844
3	0.05560654736795844
4	0.04883453939311236
5	0.09197534264619908
6	0.014221262971401536
7	0.011515692539375738
8	0.013545299253376991
9	0.009632558682416179
10	0.004491573493650815
11	0.04727454821686548
12	0.9071954723294547
13	0.3655182215245085
14	0.32625716018605594
15	0.8925879504044915
16	0.8925879504044915
17	0.8925879504044915
18	0.8925879504044915
19	0.8925879504044915
20	0.8925879504044915
21	0.8782156365502465
22	0.8925879504044915
23	0.9071954723294547
24	0.4299397258291168
25	0.3964225068633132
26	0.9371316004437406
27	0.9524680951766464
28	0.1117556956623592
29	0.012489335512977847
30	0.02510054021835723
31	0.035296367236228025
32	0.1117556956623592
33	0.030997821620274812
34	0.01700147357515921
35	0.023522509426831584
36	0.025928821455018843
37	0.031505112088109015
38	0.3655182215245085
39	0.11925293695084217
40	0.12933568132306
41	0.05560654736795844
42	0.08480513362915015
43	0.05560654736795844
44	0.2139261322475594
45	0.6451399456130124
46	0.42301690250932045
47	0.3775797899972563
48	0.3837590186752804
49	0.5309525138815068
50	0.823003625015039
51	0.8782156365502465
52	0.9524680951766464
53	0.8501615448994049
54	0.8925879504044915
55	0.3425386759286075
56	0.0358740049446921
57	0.1878732744065199
58	1.0
59	0.10472979393476876
60	0.006419412822152426
61	0.0010253255196467585
62	0.0008168904262529346
63	1.0
64	0.005546852487609716
65	0.0006833062745535759
66	0.00018647776819776457
67	0.0076743871260476935
68	1.0
69	0.9838981538483189
70	1.0
71	1.0
72	1.0
73	0.9838981538483189
74	0.007799981223697675
75	0.00026222494537734203
76	0.0008438466194897108
77	0.005823662247270245
78	1.0
79	0.0008576564720537133
80	0.0008576564720537133
81	0.006214348384488123
82	0.10472979393476876
83	1.0
84	0.24757827243666988
85	0.098145599404233
86	0.029049038185277307
87	0.48956054519592274
88	0.6245313223904277
89	0.2209853827589351
90	0.0009004569039077775
91	0.002128654667381612
92	0.008057369233585078
93	0.0013294115143323946
94	0.00011092558415419897
95	0.012693727967806585
96	0.2282775782464986
97	0.9838981538483189
98	1.0
99	1.0
100	1.0
101	1.0
102	0.2209853827589351
103	0.013327194928720825
104	0.00016113072972067502
105	0.0013294115143323946
106	0.007927630713798603
107	0.00206065602257694
108	0.0009301706690873716
109	0.0013294115143323946
110	0.29597901853585135
111	0.2435918051833991
112	0.9071954723294547
113	0.566571988000523
114	0.5852680376789872
115	0.8501615448994049
116	0.8501615448994049
117	0.9838981538483189
118	0.6773349667879045
119	0.6347520014624477
120	0.8364723744993591
121	0.3596327033558848
122	0.25574799451756824
123	0.20375781569034315
124	0.1314523061326923
125	0.1676934209382986
126	0.2912132099152615
127	0.823003625015039
128	0.7967132492072908
129	0.7227746524257428
130	0.6664286233595222
131	0.33702317086780925
132	0.3655182215245085
133	0.04804821315291693
134	0.0876035794134446
135	0.06540703669975813
136	0.28652413961186873
137	0.6144752151203912
138	0.32100381758685564
139	0.3057458946813884
140	0.7967132492072908
141	0.7838846950415602
142	0.8501615448994049
143	0.40950387170123426
144	0.29597901853585135
145	0.5758441417787838
146	0.15462038588001104
147	0.3655182215245085
148	0.566571988000523
149	0.7588439508744866
150	0.2070923854195505
151	0.06979493239667438
152	0.16233655139003358
153	0.3057458946813884
154	0.32625716018605594
155	0.3481444442078041
156	0.3158350635019698
157	0.7227746524257428
158	0.7111366461700386
159	0.7466251623243612
160	0.7466251623243612
161	0.699686033300596
162	0.699686033300596
163	0.9838981538483189
164	0.9680555771461439
165	0.9680555771461439
166	0.9680555771461439
167	0.9680555771461439
168	0.3596327033558848
169	0.0876035794134446
170	0.023143753598939273
171	0.005283200023099469
172	8.148628007745244e-05
173	0.0011302145468318858
174	0.0011120160060804068
175	2.411822920146187e-05
176	8.534041321022447e-06
177	2.0839952710505337e-05
178	0.0011120160060804068
179	0.0011302145468318858
180	0.0001805208435176118
181	0.025928821455018843
182	1.0
183	1.0
184	1.0
185	1.0
186	1.0
187	0.023522509426831584
188	0.0001805208435176118
189	0.0011302145468318858
190	0.0011120160060804068
191	2.0839952710505337e-05
192	8.534041321022447e-06
193	2.411822920146187e-05
194	0.0011120160060804068
195	0.0011302145468318858
196	8.695286770701994e-05
197	0.0035208757183271744
198	0.020657835589543778
199	0.08619300005539272
200	0.3655182215245085
