1	0.9371316004437404
2	0.8640747434825014
3	0.8364723744993591
4	0.809751747262771
5	0.8925879504044913
6	0.823003625015039
7	0.809751747262771
8	0.5484731728386688
9	0.6347520014624478
10	1.0
11	0.9680555771461302
12	0.2037578156903402
13	0.17606198232518802
14	0.2358104055548831
15	0.3057458946813841
16	0.3655182215245033
17	0.9680555771461302
18	0.7227746524257325
19	0.7466251623243612
20	0.7111366461700386
21	0.9071954723294419
22	0.8364723744993591
23	0.09656527406216149
24	0.1252041276287828
25	0.08343961441457963
26	0.049633734144236295
27	0.038907124553427985
28	0.05211065273008481
29	0.15972263321475677
30	0.18484816784601354
31	0.24757827243666986
32	0.9838981538483189
33	0.9838981538483189
34	0.8640747434825014
35	0.823003625015039
36	0.809751747262771
37	0.06756537356313774
38	0.04219669209918966
39	0.809751747262771
40	0.7967132492072908
41	0.823003625015039
42	0.8925879504044913
43	0.12120455403275908
44	0.2599334021689725
45	0.9680555771461302
46	0.9838981538483189
47	0.9838981538483189
48	0.9371316004437404
49	0.9680555771461302
50	0.19724888986614994
51	0.13801229332339254
52	0.1336035702664359
53	0.10995622264422977
54	0.09656527406216149
55	0.10995622264422977
56	0.15972263321475677
57	0.03472803056127704
58	0.04727454821686481
59	0.9838981538483189
60	0.9220420515895036
61	0.9680555771461302
62	0.7466251623243612
63	0.6347520014624478
64	0.5758441417787756
65	0.5139915422627507
66	0.11733274450692356
67	0.27737129133826594
68	0.47392181612761314
69	0.40291010336057753
70	0.2641873055176485
71	0.3596327033558797
72	0.9071954723294419
73	0.9071954723294419
74	0.9524680951766463
75	0.8364723744993591
76	0.164993247273701
77	0.04804821315291625
78	0.2599334021689725
79	0.25574799451756824
80	0.3008228213237163
81	0.5484731728386688
82	0.5484731728386688
83	0.7111366461700386
84	0.9838981538483189
85	0.17606198232518802
86	0.05838153282986846
87	0.0043480927706904
88	0.006850065475449526
89	0.002945115272426226
90	0.0028510352648104934
91	0.005114431247540004
92	0.010446984132459602
93	0.009632558682416177
94	0.01170415097775544
95	1.0
96	1.0
97	1.0
98	0.8782156365502339
99	0.17322705937262536
100	0.22098538275893512
101	1.0
102	1.0
103	1.0
104	1.0
105	0.19724888986614994
106	0.164993247273701
107	1.0
108	0.9071954723294419
109	0.002715520127955534
110	6.387584780858406e-05
111	0.001538537637351158
112	0.0001438233477885574
113	0.0007532073245460798
114	0.001025325519646744
115	0.00019898781356798582
116	0.00652446881523681
117	0.0612950009827268
118	0.17894329980857737
119	0.9680555771461302
120	0.8640747434825014
121	0.8782156365502339
122	0.585268037678979
123	0.1117556956623576
124	0.038907124553427985
125	0.01493095993810043
126	0.08077418408895645
127	0.9680555771461302
128	0.9680555771461302
129	0.585268037678979
130	0.5948461590153628
131	0.035296367236227526
132	0.022404439747548983
133	0.049633734144236295
134	0.164993247273701
135	1.0
136	0.9220420515895036
137	1.0
138	0.783884695041549
139	0.8640747434825014
140	0.018142034232021265
141	0.0007655338325415709
142	0.0007532073245460798
143	0.00335352178878879
144	0.014690543918280221
145	1.0
146	1.0
147	1.0
148	1.0
149	1.0
150	1.0
151	1.0
152	1.0
153	1.0
154	1.0
155	1.0
156	0.02390746372968351
157	0.0038810552143591303
158	0.0007410792960859089
159	0.0010088158858740138
160	0.01493095993810043
161	0.9838981538483189
162	0.37757978999725095
163	0.31074953590015464
164	0.022404439747548983
165	0.020995908477665633
166	0.024696375181437157
167	0.006739766775034895
168	0.24359180518339563
169	0.1252041276287828
170	0.19724888986614994
171	0.2282775782464954
172	0.8782156365502339
173	0.20047693868989178
174	0.12725313808047323
175	0.9838981538483189
176	0.040848743123739185
177	0.06647744631284419
178	0.06331764666180247
179	0.783884695041549
180	0.9838981538483189
181	0.20047693868989178
182	0.15213071221465752
183	0.8640747434825014
184	0.8364723744993591
185	0.809751747262771
186	0.7967132492072908
187	0.1878732744065199
188	0.210481526578285
189	0.8782156365502339
190	0.12725313808047323
191	0.027668282067045125
192	0.05211065273008481
193	0.015423659850313085
194	0.0330773411179359
195	0.12318811002815043
196	0.15213071221465752
197	0.02204368690561934
198	0.04219669209918966
199	0.19407281858793254
200	0.9838981538483189
