1	0.9680555771461439
2	0.9071954723294418
3	0.9524680951766599
4	0.9071954723294418
5	0.4895605451959158
6	0.1909478879208092
7	0.07569604040982214
8	0.05744148237014259
9	0.4513954094697309
10	0.9838981538483188
11	0.5224031981891458
12	0.6045810297425099
13	0.9838981538483188
14	0.9524680951766599
15	0.9220420515895167
16	0.19724888986614708
17	0.2037578156903431
18	0.09656527406216149
19	0.8501615448994049
20	0.3315964756209393
21	0.9220420515895167
22	0.9680555771461439
23	0.9680555771461439
24	0.305745894681384
25	0.3964225068633075
26	0.4299397258291168
27	0.9838981538483188
28	0.9071954723294418
29	0.7466251623243612
30	0.44412711003286787
31	0.48167771661524483
32	0.3775797899972509
33	0.5224031981891458
34	0.12318811002814868
35	0.08903724340857933
36	0.14968112689163354
37	0.9680555771461439
38	0.9838981538483188
39	1.0
40	0.9838981538483188
41	0.5758441417787837
42	0.19724888986614708
43	0.614475215120391
44	0.2004769386898946
45	0.16769342093829856
46	0.5396417421913039
47	0.5852680376789872
48	0.9371316004437403
49	0.9371316004437403
50	0.9680555771461439
51	0.15715080394779135
52	0.045764390058400266
53	0.009950419076984586
54	0.019359110527732544
55	0.08903724340857933
56	0.9220420515895167
57	0.21048152657828798
58	0.3008228213237205
59	0.15715080394779135
60	0.823003625015039
61	0.03416884515602848
62	0.0934805521145213
63	0.1380122933233906
64	0.12318811002814868
65	0.8640747434825137
66	0.8640747434825137
67	0.43697584363533404
68	0.7712627042813435
69	0.783884695041549
70	0.823003625015039
71	1.0
72	1.0
73	0.9838981538483188
74	0.5574491330158785
75	0.823003625015039
76	0.04219669209919026
77	0.015175310452307482
78	0.11925293695084214
79	0.01967592931444537
80	0.9220420515895167
81	0.8925879504044915
82	0.1212045540327608
83	0.07819389939674361
84	0.08619300005539271
85	1.0
86	1.0
87	0.8097517472627709
88	0.8097517472627709
89	0.1314523061326923
90	0.04651334071458661
91	0.22098538275893195
92	0.0035208757183271744
93	0.0034641831191915295
94	0.004209195456615611
95	0.003092088110185005
96	0.025928821455018475
97	0.7967132492072908
98	0.25574799451756824
99	0.4299397258291168
100	0.9680555771461439
101	0.9838981538483188
102	0.2396695274125257
103	0.24757827243666986
104	0.9220420515895167
105	0.9838981538483188
106	0.7967132492072908
107	0.783884695041549
108	0.7712627042813435
109	0.7712627042813435
110	0.01445399904022356
111	0.019997932954225667
112	0.20709238541955044
113	0.1272531380804732
114	0.8097517472627709
115	0.059336967552506205
116	0.20709238541955044
117	0.1472709844146142
118	0.0010088158858740138
119	0.002715520127955496
120	0.0020606560225769396
121	0.02551131956105572
122	0.31074953590015464
123	0.9680555771461439
124	0.19724888986614708
125	0.051271575016962036
126	0.0330773411179359
127	0.020325206299054217
128	0.17043778391330164
129	0.9524680951766599
130	0.836472374499359
131	0.836472374499359
132	0.8925879504044915
133	0.9524680951766599
134	0.9838981538483188
135	1.0
136	1.0
137	1.0
138	0.4513954094697309
139	0.36551822152450336
140	0.3425386759286075
141	0.37150005830873106
142	1.0
143	1.0
144	0.2037578156903431
145	0.11544347070631857
146	0.2320134226836728
147	0.8097517472627709
148	0.3964225068633075
149	0.35963270335588476
150	0.9524680951766599
151	0.9680555771461439
152	0.14968112689163354
153	0.05383022830539263
154	0.02099590847766593
155	0.00652446881523681
156	4.926505911911206e-05
157	1.4820054076891179e-05
158	0.00025800263964974307
159	5.089073425344813e-05
160	0.001186616698822083
161	0.0026287744047199277
162	0.001206036106664975
163	3.3368947182247447e-05
164	0.001994829555235368
165	0.008189230970777112
166	1.0
167	1.0
168	1.0
169	1.0
170	0.008459463654885604
171	0.0013080055346563406
172	3.3368947182247447e-05
173	0.001206036106664975
174	0.0026287744047199277
175	0.001186616698822083
176	5.089073425344813e-05
177	0.00025800263964974307
178	2.978472017255798e-05
179	6.0839707090036274e-05
180	0.004074735137074894
181	0.012090370898187255
182	0.03361866366814549
183	0.13360357026643777
184	0.9371316004437403
185	0.4895605451959158
186	0.36551822152450336
187	0.9838981538483188
188	0.2037578156903431
189	0.17606198232518802
190	0.25574799451756824
191	0.8640747434825137
192	0.8640747434825137
193	0.9220420515895167
194	0.9680555771461439
195	0.9680555771461439
196	0.4230169025093204
197	0.2959790185358471
198	0.2819105719970956
199	0.305745894681384
200	0.9220420515895167
