1	0.513991542262758
2	0.5309525138815143
3	0.614475215120391
4	0.46629079995640094
5	0.2599334021689762
6	0.2070923854195534
7	0.9524680951766598
8	0.8782156365502464
9	0.7111366461700487
10	0.7967132492073021
11	0.2773712913382699
12	0.37150005830873634
13	0.09501039487561765
14	0.022771096439116734
15	0.015175310452307482
16	0.021688742850449538
17	0.018740694914960117
18	0.0067397667750349905
19	0.0038185630603913396
20	0.0026717952406334006
21	0.14256649781436806
22	0.9680555771461301
23	0.9838981538483328
24	0.9838981538483328
25	0.9838981538483328
26	0.9838981538483328
27	0.9838981538483328
28	0.14489964968096344
29	0.005198130749138962
30	0.008323250672588899
31	0.005283200023099469
32	0.007799981223697675
33	0.0058236622472702445
34	0.0066312440873250705
35	0.012693727967806582
36	0.5396417421912961
37	0.9838981538483328
38	0.9524680951766598
39	0.8925879504044913
40	0.9680555771461301
41	0.9680555771461301
42	0.8925879504044913
43	0.9371316004437404
44	0.8364723744993591
45	0.9220420515895166
46	0.823003625015039
47	0.746625162324361
48	0.2209853827589351
49	0.18187177108593688
50	0.513991542262758
51	0.7588439508744758
52	0.823003625015039
53	0.6556978921951198
54	0.2599334021689762
55	0.25574799451756824
56	0.45139540946972445
57	0.21742711012397725
58	0.2641873055176485
59	0.2773712913382699
60	0.8640747434825014
61	0.3775797899972509
62	0.5224031981891458
63	0.1732270593726278
64	0.021688742850449538
65	0.025100540218357226
66	0.029049038185277713
67	0.056516568458294045
68	0.1293356813230618
69	0.614475215120391
70	0.8501615448994048
71	0.9838981538483328
72	0.8640747434825014
73	0.8640747434825014
74	0.8640747434825014
75	0.9071954723294418
76	0.7227746524257325
77	0.7588439508744758
78	0.2320134226836728
79	0.0769348332586583
80	0.06979493239667536
81	0.11544347070632022
82	0.2912132099152615
83	0.2865241396118687
84	0.6347520014624477
85	0.9680555771461301
86	0.9680555771461301
87	0.32100381758685564
88	0.13579004060925667
89	0.35963270335587966
90	0.5665719880005149
91	0.07819389939674361
92	0.04084874312373918
93	0.07093715149650967
94	0.7346031188276403
95	0.823003625015039
96	0.6045810297425013
97	0.6045810297425013
98	0.15715080394779135
99	0.08343961441458082
100	0.14256649781436806
101	0.7588439508744758
102	0.08619300005539395
103	0.08903724340857931
104	0.025511319561055717
105	0.0016153167178432556
106	0.0012458335400746356
107	0.007076107650393189
108	0.010113261253784787
109	0.0029933131400918323
110	0.010113261253784787
111	0.05044600800408453
112	0.9838981538483328
113	0.014930959938100428
114	0.0035784961121798835
115	0.007309608887594927
116	0.9838981538483328
117	0.9838981538483328
118	0.9838981538483328
119	0.9838981538483328
120	0.003944570074838709
121	0.002163490864431252
122	0.01935911052773282
123	0.052110652730085555
124	0.0066312440873250705
125	0.003042299783147364
126	0.009790198959862228
127	0.9838981538483328
128	0.007799981223697675
129	0.0047928951403666395
130	0.003246395470718101
131	0.03766425891466563
132	0.08480513362914896
133	0.13360357026643777
134	0.6664286233595221
135	0.5224031981891458
136	0.4299397258291168
137	0.513991542262758
138	0.8097517472627709
139	0.9371316004437404
140	0.5948461590153712
141	0.5665719880005149
142	0.6347520014624477
143	0.6451399456130031
144	0.6556978921951198
145	0.7111366461700487
146	0.9524680951766598
147	0.8782156365502464
148	0.8640747434825014
149	0.8097517472627709
150	0.4739218161276131
151	0.3900393726467363
152	0.1272531380804732
153	0.0769348332586583
154	0.03587400494469159
155	0.03472803056127704
156	0.16233655139003125
157	0.0242987179477618
158	0.028121083425988992
159	0.08760357941344458
160	0.8097517472627709
161	0.8097517472627709
162	0.8501615448994048
163	0.8097517472627709
164	0.18787327440651988
165	0.003042299783147364
166	0.0036965812672960312
167	0.0011302145468318856
168	0.18787327440651988
169	0.1472709844146142
170	0.06867110513305712
171	0.331596475620944
172	0.5484731728386688
173	0.4739218161276131
174	0.6451399456130031
175	0.8501615448994048
176	0.9680555771461301
177	0.9838981538483328
178	0.5948461590153712
179	0.614475215120391
180	0.6347520014624477
181	0.7967132492073021
182	0.8364723744993591
183	0.8925879504044913
184	0.9220420515895166
185	0.8782156365502464
186	0.7967132492073021
187	0.7588439508744758
188	0.6451399456130031
189	0.2819105719970956
190	0.2516299796562454
191	0.35963270335587966
192	0.9071954723294418
193	0.9524680951766598
194	0.8925879504044913
195	0.8501615448994048
196	0.8364723744993591
197	0.823003625015039
198	0.8782156365502464
199	0.8364723744993591
200	0.9524680951766598
