1	0.9524680951766463
2	0.5396417421913039
3	0.25993340216897615
4	0.1940728185879353
5	0.210481526578285
6	0.1252041276287828
7	0.043589121425845555
8	0.006850065475449526
9	0.0027599605887401314
10	0.08619300005539272
11	0.05211065273008482
12	0.03646109590141792
13	0.016458371314135432
14	0.03828064801966494
15	0.12725313808047503
16	0.015932618141390915
17	0.08619300005539272
18	0.11925293695084216
19	0.04804821315291625
20	0.04288725609876025
21	0.012090370898187259
22	0.10472979393476876
23	0.1336035702664378
24	0.9524680951766463
25	0.15715080394779135
26	0.1336035702664378
27	0.12318811002815044
28	0.10472979393476876
29	0.07947357060373077
30	0.054711179297213405
31	0.8501615448993928
32	0.03361866366814549
33	0.12318811002815044
34	0.05744148237014341
35	0.030007614098887924
36	0.15213071221465968
37	0.9220420515895167
38	0.010617952774480096
39	0.014221262971401534
40	0.095010394875619
41	0.8782156365502339
42	0.9220420515895167
43	0.06030803830703579
44	0.12933568132306
45	1.0
46	0.2516299796562454
47	0.32625716018605594
48	0.9371316004437538
49	0.9524680951766463
50	0.8925879504045041
51	0.8925879504045041
52	0.8925879504045041
53	0.1878732744065199
54	0.3964225068633076
55	0.9220420515895167
56	0.028121083425988992
57	0.05651656845829486
58	1.0
59	1.0
60	0.17043778391330408
61	0.04219669209919026
62	0.008738613623635486
63	0.8782156365502339
64	0.0965652740621615
65	0.022771096439116734
66	0.12120455403276079
67	0.005114431247540004
68	0.027222771645920248
69	0.9371316004437538
70	0.8925879504045041
71	0.8640747434825137
72	0.15213071221465968
73	0.008057369233585078
74	0.0005270086451646011
75	0.0011302145468318858
76	0.00021233710769518737
77	0.023143753598939273
78	0.8925879504045041
79	0.11358461770179094
80	0.566571988000515
81	0.47392181612761314
82	0.0965652740621615
83	0.11358461770179094
84	0.14027091400017716
85	0.1013842611119193
86	0.10304345090533384
87	0.053830228305392636
88	0.3900393726467364
89	0.6556978921951198
90	0.4513954094697309
91	0.17894329980857993
92	0.08903724340857933
93	0.14027091400017716
94	0.16499324727370096
95	0.1336035702664378
96	0.7967132492072909
97	0.60458102974251
98	0.7346031188276403
99	0.823003625015039
100	0.9524680951766463
101	0.9371316004437538
102	0.7588439508744758
103	0.8925879504045041
104	0.2475782724366699
105	0.9371316004437538
106	0.16769342093829617
107	0.14027091400017716
108	0.019047393108381876
109	0.14489964968096344
110	0.35963270335588476
111	0.968055577146144
112	0.8640747434825137
113	0.3964225068633076
114	0.23201342268367284
115	0.05296346225091008
116	0.030498699465507897
117	0.0370577948122046
118	0.0807741840889576
119	0.09197534264619908
120	0.09975178733729188
121	0.1940728185879353
122	0.1940728185879353
123	0.18484816784601354
124	0.1972488898661499
125	0.25993340216897615
126	0.3370231708678045
127	0.5852680376789872
128	0.6451399456130125
129	0.699686033300596
130	0.7838846950415602
131	0.1314523061326923
132	0.20047693868989463
133	0.045764390058400266
134	0.17322705937262783
135	0.1878732744065199
136	0.2358104055548831
137	0.051271575016962036
138	0.60458102974251
139	0.7466251623243612
140	0.5057153295259778
141	0.699686033300596
142	0.305745894681384
143	0.2959790185358471
144	0.06647744631284418
145	0.05933696755250705
146	0.9371316004437538
147	0.038907124553427985
148	0.2959790185358471
149	0.024298717947761457
150	0.02204368690561934
151	0.2959790185358471
152	0.3210038175868557
153	0.35384195289533515
154	0.35384195289533515
155	0.9524680951766463
156	0.9524680951766463
157	0.9524680951766463
158	0.9524680951766463
159	0.6884197964379097
160	0.6884197964379097
161	0.7227746524257428
162	0.7227746524257428
163	0.07327797408660718
164	0.05933696755250705
165	0.015932618141390915
166	0.031505112088109015
167	0.07819389939674361
168	0.3210038175868557
169	0.1013842611119193
170	0.07819389939674361
171	0.8925879504045041
172	0.23966952741252573
173	0.210481526578285
174	0.9220420515895167
175	0.12933568132306
176	0.1972488898661499
177	0.5948461590153628
178	0.6556978921951198
179	0.7838846950415602
180	0.17322705937262783
181	0.06979493239667438
182	0.17322705937262783
183	0.1972488898661499
184	0.5057153295259778
185	0.6664286233595221
186	0.23201342268367284
187	0.17322705937262783
188	0.5396417421913039
189	0.699686033300596
190	0.46629079995640105
191	0.5396417421913039
192	0.60458102974251
193	0.6556978921951198
194	0.5484731728386689
195	0.5224031981891458
196	0.5574491330158785
197	0.566571988000515
198	0.5574491330158785
199	0.6556978921951198
200	0.9220420515895167
