1	0.9838981538483188
2	0.9838981538483188
3	0.9680555771461302
4	0.9680555771461302
5	0.9680555771461302
6	1.0
7	0.9838981538483188
8	0.9071954723294419
9	0.9220420515895167
10	0.9838981538483188
11	0.9680555771461302
12	0.11925293695084047
13	0.028581295041564064
14	0.020657835589543778
15	0.005546852487609637
16	0.06229811565656762
17	0.060308038307035794
18	0.0016417519552458227
19	0.005198130749138962
20	0.08480513362914895
21	0.8501615448993929
22	0.030007614098887924
23	0.04651334071458662
24	0.07947357060372964
25	0.017849913987938726
26	0.0574414823701426
27	0.7712627042813435
28	0.6245313223904279
29	0.03828064801966494
30	0.08903724340857806
31	0.10644373457266675
32	0.9680555771461302
33	0.9838981538483188
34	0.9838981538483188
35	0.9680555771461302
36	0.9524680951766463
37	0.9371316004437404
38	0.07093715149650967
39	0.10644373457266675
40	0.12933568132306
41	0.23201342268367284
42	0.01999793295422567
43	0.1314523061326923
44	0.1314523061326923
45	0.08903724340857806
46	0.16499324727369866
47	0.2358104055548831
48	0.04727454821686481
49	0.043589121425845555
50	0.35384195289533016
51	0.8640747434825137
52	0.878215636550234
53	0.9071954723294419
54	0.8230036250150391
55	0.9838981538483188
56	0.9680555771461302
57	0.9680555771461302
58	0.9524680951766463
59	0.012901465378461634
60	0.0023086307871880737
61	0.006524468815236718
62	0.2685108255202325
63	0.9838981538483188
64	0.9371316004437404
65	0.9371316004437404
66	0.9524680951766463
67	0.2685108255202325
68	0.006850065475449526
69	0.016193361151327985
70	0.015932618141390915
71	0.9680555771461302
72	0.9524680951766463
73	0.9220420515895167
74	0.8925879504044915
75	0.9220420515895167
76	0.9524680951766463
77	0.8501615448993929
78	0.8364723744993591
79	0.9680555771461302
80	0.8097517472627711
81	0.7712627042813435
82	0.7466251623243612
83	0.7346031188276403
84	0.758843950874465
85	0.2959790185358472
86	0.08209608258032165
87	0.03529636723622752
88	0.1972488898661471
89	0.3158350635019698
90	0.9220420515895167
91	0.9838981538483188
92	0.9220420515895167
93	0.9371316004437404
94	0.176061982325188
95	0.06331764666180247
96	0.058381532829868465
97	0.07693483325865721
98	0.21048152657828503
99	0.48167771661523806
100	0.6556978921951105
101	0.7111366461700386
102	0.6996860333005961
103	0.40291010336057753
104	0.2641873055176448
105	0.2685108255202325
106	0.31074953590015464
107	0.33159647562093936
108	0.3715000583087311
109	0.33702317086780453
110	0.2959790185358472
111	0.30082282132371635
112	0.0376642589146651
113	0.013327194928720636
114	0.6245313223904279
115	0.5057153295259778
116	0.37757978999725095
117	0.4975723790934038
118	0.7346031188276403
119	0.42301690250931445
120	0.42301690250931445
121	0.33702317086780453
122	0.3900393726467364
123	0.33702317086780453
124	0.6144752151203912
125	0.6245313223904279
126	0.5484731728386689
127	0.7346031188276403
128	0.7346031188276403
129	0.6144752151203912
130	0.6996860333005961
131	0.8097517472627711
132	0.7227746524257326
133	0.7227746524257326
134	0.6996860333005961
135	0.9220420515895167
136	0.6664286233595222
137	0.8097517472627711
138	0.4587826572335587
139	0.030498699465507897
140	0.03954385360034535
141	0.041517247454898654
142	0.03828064801966494
143	0.513991542262758
144	0.9220420515895167
145	0.030498699465507897
146	0.0011120160060804065
147	0.0015893071365663052
148	0.04019100294647119
149	1.0
150	0.017849913987938726
151	0.01672771846329989
152	0.015676073575284534
153	0.022043686905619343
154	1.0
155	1.0
156	1.0
157	0.9838981538483188
158	0.006962169253653825
159	0.0006000902548658377
160	0.0005533084497353729
161	0.0019311058764015325
162	0.9838981538483188
163	0.05296346225090933
164	0.001723681836231313
165	0.0008037369822866172
166	0.03150511208810857
167	0.9371316004437404
168	0.9371316004437404
169	0.513991542262758
170	0.44412711003286787
171	0.3900393726467364
172	0.2435918051833991
173	0.3057458946813841
174	0.8230036250150391
175	0.7967132492072909
176	0.4299397258291108
177	0.22098538275893195
178	0.3158350635019698
179	0.8097517472627711
180	0.758843950874465
181	0.9071954723294419
182	0.8640747434825137
183	0.2435918051833991
184	0.20047693868989175
185	0.18484816784601354
186	0.03416884515602848
187	0.025928821455018475
188	0.8640747434825137
189	0.04576439005840027
190	0.0003345197923062388
191	0.006850065475449526
192	0.004278080449843506
193	0.004074735137074894
194	0.1013842611119193
195	0.1252041276287828
196	0.15715080394779138
197	0.22827757824649536
198	0.7227746524257326
199	1.0
200	0.9838981538483188
