1	0.9524680951766462
2	0.1972488898661471
3	0.052963462250909324
4	0.062298115656567614
5	0.11544347070631855
6	0.11925293695084214
7	0.8501615448993927
8	0.42993972582911677
9	0.48167771661524483
10	0.48167771661524483
11	0.6451399456130124
12	0.5948461590153626
13	0.5139915422627579
14	0.7967132492072908
15	0.809751747262771
16	0.3107495359001546
17	0.1909478879208092
18	0.8640747434825136
19	0.1357900406092586
20	0.6045810297425014
21	0.47392181612760637
22	0.025511319561055717
23	0.0025038237499127474
24	0.0031941225103010833
25	0.00026651635065245153
26	2.2971843826550153e-05
27	0.00015598350155572515
28	0.019997932954225667
29	0.0769348332586572
30	0.46629079995640094
31	0.05838153282986845
32	0.025100540218357226
33	0.01700147357515921
34	0.0290490381852773
35	0.05044600800408453
36	0.8925879504044913
37	0.9524680951766462
38	0.9680555771461439
39	0.9680555771461439
40	0.9680555771461439
41	0.9680555771461439
42	0.9071954723294418
43	0.9371316004437404
44	0.10472979393476875
45	0.04358912142584555
46	0.025511319561055717
47	0.03705779481220407
48	0.14256649781436806
49	0.9220420515895166
50	0.9071954723294418
51	0.836472374499359
52	0.8640747434825136
53	0.5396417421913038
54	0.6884197964379097
55	0.3262571601860559
56	0.15972263321475677
57	0.013112602486344908
58	0.009026975134420792
59	0.0015637163575655455
60	0.0001461770684557354
61	0.00014150752636944632
62	0.012288234154010974
63	0.029524436113288612
64	0.10472979393476875
65	0.9071954723294418
66	0.25162997965624534
67	0.40291010336058325
68	0.9524680951766462
69	0.9524680951766462
70	0.8640747434825136
71	0.9838981538483189
72	0.9838981538483189
73	0.9680555771461439
74	0.9680555771461439
75	0.6451399456130124
76	0.9220420515895166
77	0.06129500098272679
78	0.06647744631284323
79	0.05383022830539263
80	0.010278768401209682
81	0.013112602486344908
82	0.04288725609875964
83	0.9838981538483189
84	0.9838981538483189
85	0.9838981538483189
86	0.9838981538483189
87	0.9220420515895166
88	0.9220420515895166
89	0.9371316004437404
90	0.10818572446379239
91	0.0744771944128507
92	0.0744771944128507
93	0.015932618141390912
94	0.014930959938100428
95	0.05127157501696129
96	0.809751747262771
97	0.15213071221465752
98	0.03416884515602848
99	0.024696375181437153
100	0.03766425891466563
101	0.6664286233595221
102	0.9838981538483189
103	0.40950387170122843
104	0.34814444420780405
105	0.08619300005539272
106	0.6045810297425014
107	0.025928821455018472
108	0.010113261253784643
109	0.012693727967806582
110	0.031505112088109015
111	0.42993972582911677
112	0.8782156365502339
113	0.8925879504044913
114	0.6556978921951104
115	0.6884197964379097
116	0.9371316004437404
117	0.5224031981891457
118	0.4441271100328678
119	0.4162055494255546
120	0.4162055494255546
121	0.07209806342155774
122	0.6347520014624386
123	0.4230169025093144
124	0.40950387170122843
125	0.3596327033558847
126	0.9071954723294418
127	0.6773349667878948
128	0.6556978921951104
129	0.10304345090533383
130	0.0046397888713085094
131	0.0032995238968794487
132	0.3315964756209393
133	0.9220420515895166
134	0.9220420515895166
135	0.8782156365502339
136	0.5309525138815067
137	0.40291010336058325
138	0.7712627042813434
139	0.9680555771461439
140	0.40950387170122843
141	0.8501615448993927
142	0.012288234154010974
143	0.0016153167178432556
144	0.005198130749138962
145	0.005918968568537471
146	0.15972263321475677
147	0.8230036250150389
148	0.9071954723294418
149	0.45878265723355866
150	0.23581040555488306
151	0.2037578156903402
152	0.2819105719970956
153	0.8782156365502339
154	0.9071954723294418
155	0.07947357060372963
156	0.0006198923584893025
157	0.0003084413155953433
158	0.006015834611932685
159	1.0
160	0.4162055494255546
161	1.0
162	0.025100540218357226
163	0.02678443476505529
164	0.5057153295259778
165	0.5057153295259778
166	0.01814203423202126
167	0.014221262971401532
168	0.34814444420780405
169	1.0
170	1.0
171	1.0
172	0.34814444420780405
173	0.012489335512977668
174	0.020325206299054217
175	0.015423659850313083
176	0.02678443476505529
177	0.025100540218357226
178	1.0
179	0.40950387170122843
180	1.0
181	0.005729890533725345
182	0.00032383375060782415
183	0.000580920718013925
184	0.08209608258032164
185	0.8925879504044913
186	0.19407281858793524
187	0.14256649781436806
188	0.16499324727369863
189	0.3900393726467363
190	0.8640747434825136
191	0.7466251623243609
192	0.809751747262771
193	0.9838981538483189
194	0.9838981538483189
195	0.9680555771461439
196	0.9524680951766462
197	0.9071954723294418
198	0.9220420515895166
199	0.9680555771461439
200	1.0
