1	0.37757978999724556
2	0.14968112689163143
3	0.6245313223904277
4	0.746625162324361
5	0.4162055494255547
6	0.37757978999724556
7	0.3057458946813841
8	0.23201342268367284
9	0.2641873055176448
10	0.2912132099152615
11	0.08480513362914896
12	0.09049436982916183
13	0.20375781569034024
14	0.39003937264673083
15	0.746625162324361
16	0.6245313223904277
17	0.8097517472627594
18	0.614475215120391
19	0.6347520014624387
20	0.7346031188276404
21	0.32100381758685115
22	0.37757978999724556
23	0.40291010336057753
24	0.4739218161276064
25	0.14968112689163143
26	0.08903724340857806
27	0.5574491330158785
28	0.030498699465507893
29	0.09348055211451999
30	0.37757978999724556
31	0.6451399456130033
32	0.0744771944128507
33	0.040848743123739185
34	0.3837590186752804
35	0.39642250686330754
36	0.9524680951766463
37	0.7712627042813436
38	0.6884197964379098
39	0.42301690250931445
40	0.5309525138815068
41	0.6045810297425014
42	0.9680555771461301
43	0.6045810297425014
44	0.4162055494255547
45	0.4369758436353279
46	0.5309525138815068
47	0.15715080394779135
48	0.18484816784601354
49	0.14256649781436606
50	0.12933568132305998
51	0.9838981538483189
52	0.9680555771461301
53	0.9371316004437272
54	0.9220420515895167
55	0.746625162324361
56	0.6884197964379098
57	0.0965652740621615
58	0.08209608258032049
59	0.05383022830539263
60	0.1909478879208065
61	0.14968112689163143
62	0.8925879504044915
63	0.9220420515895167
64	0.7111366461700386
65	0.7712627042813436
66	0.9524680951766463
67	0.9524680951766463
68	0.7588439508744651
69	0.10995622264422823
70	0.01593261814139069
71	0.019047393108381876
72	0.28191057199709163
73	0.1314523061326904
74	0.6347520014624387
75	0.34814444420780405
76	0.030498699465507893
77	0.038907124553427985
78	0.5484731728386689
79	0.1013842611119193
80	0.36551822152450336
81	0.33159647562093936
82	0.39642250686330754
83	0.34814444420780405
84	0.35384195289533016
85	0.9838981538483189
86	0.9371316004437272
87	0.8782156365502339
88	0.49757237909340374
89	0.2685108255202325
90	0.1117556956623576
91	0.05838153282986846
92	0.8782156365502339
93	0.10644373457266673
94	0.07693483325865721
95	0.0794735706037285
96	0.07569604040982215
97	1.0
98	0.9838981538483189
99	0.9838981538483189
100	0.9838981538483189
101	0.9838981538483189
102	0.04651334071458662
103	0.04804821315291625
104	0.04576439005839963
105	0.03646109590141792
106	0.0794735706037285
107	0.07693483325865721
108	0.06435386265758127
109	0.054711179297213405
110	0.004871332588256346
111	0.0028051283336034973
112	0.0014893899404870398
113	0.0002708779863139561
114	0.004951053693111542
115	0.6045810297425014
116	1.0
117	1.0
118	0.1013842611119193
119	0.04883453939311236
120	0.004715720680195316
121	0.0032995238968794027
122	0.005546852487609637
123	0.011330268629776648
124	0.9524680951766463
125	1.0
126	1.0
127	1.0
128	1.0
129	0.013992274382953229
130	0.005637628717885327
131	0.00015598350155572518
132	0.00015598350155572518
133	0.013327194928720634
134	0.09814559940423159
135	1.0
136	1.0
137	0.6773349667878853
138	0.9371316004437272
139	1.0
140	0.006214348384487947
141	0.00038714219438704524
142	0.0009151932040789072
143	0.0069621692536537255
144	0.01445399904022356
145	0.4587826572335587
146	0.7588439508744651
147	0.9838981538483189
148	0.6045810297425014
149	0.5574491330158785
150	0.4895605451959158
151	0.48167771661523806
152	0.5396417421912962
153	0.5396417421912962
154	0.21048152657828503
155	0.06435386265758127
156	0.10304345090533383
157	0.07569604040982215
158	0.12725313808047142
159	0.40291010336057753
160	0.0876035794134446
161	0.06867110513305615
162	0.21392613224755636
163	0.9220420515895167
164	0.6245313223904277
165	0.7227746524257325
166	0.907195472329429
167	0.10644373457266673
168	0.043589121425845555
169	0.14027091400017716
170	0.5948461590153628
171	0.7712627042813436
172	0.21742711012398036
173	0.3425386759286075
174	0.3107495359001547
175	0.03254473486014822
176	0.07327797408660718
177	0.36551822152450336
178	0.6996860333005861
179	0.7111366461700386
180	0.7111366461700386
181	0.7346031188276404
182	0.8230036250150391
183	1.0
184	0.9680555771461301
185	0.5057153295259705
186	0.5396417421912962
187	0.10472979393476876
188	0.10304345090533383
189	0.4739218161276064
190	0.4587826572335587
191	0.42301690250931445
192	0.6664286233595221
193	0.22460188780169196
194	0.27737129133826594
195	0.9524680951766463
196	0.9680555771461301
197	0.7227746524257325
198	0.746625162324361
199	0.7588439508744651
200	0.9838981538483189
