1	1.0
2	0.983898153848326
3	0.7588439508744759
4	0.771262704281338
5	0.5224031981891458
6	0.5224031981891458
7	0.5309525138815105
8	0.9071954723294419
9	0.2139261322475594
10	0.2396695274125257
11	0.8782156365502403
12	0.8925879504044915
13	0.614475215120391
14	0.6245313223904277
15	0.585268037678983
16	0.6045810297425057
17	0.33159647562094174
18	0.10818572446379163
19	0.028121083425988794
20	0.006850065475449527
21	0.043589121425845555
22	0.06979493239667488
23	0.04651334071458695
24	0.04727454821686514
25	0.10138426111191857
26	0.3715000583087311
27	1.0
28	0.983898153848326
29	0.983898153848326
30	0.983898153848326
31	0.36551822152450336
32	0.10138426111191857
33	0.02510054021835723
34	0.013992274382953428
35	0.01332719492872073
36	0.03202070454638287
37	0.09656527406216218
38	0.09656527406216218
39	0.1521307122146586
40	0.18787327440652124
41	0.7466251623243612
42	0.3481444442078041
43	0.42301690250932045
44	0.677334966787895
45	0.8364723744993592
46	0.8925879504044915
47	0.9524680951766599
48	0.614475215120391
49	0.7346031188276455
50	0.9220420515895101
51	0.8925879504044915
52	0.9071954723294419
53	0.8230036250150391
54	0.8501615448994049
55	0.9071954723294419
56	0.8782156365502403
57	0.8925879504044915
58	0.8925879504044915
59	0.9220420515895101
60	0.9524680951766599
61	0.983898153848326
62	0.9680555771461371
63	0.983898153848326
64	0.983898153848326
65	1.0
66	0.24359180518339735
67	0.02510054021835723
68	0.04219669209918996
69	0.012901465378461725
70	0.005198130749138963
71	0.014690543918280327
72	0.040848743123739185
73	0.12120455403275994
74	0.9680555771461371
75	0.9524680951766599
76	0.9524680951766599
77	0.983898153848326
78	0.9680555771461371
79	0.983898153848326
80	0.983898153848326
81	0.983898153848326
82	0.983898153848326
83	0.983898153848326
84	0.983898153848326
85	0.07819389939674361
86	0.03254473486014822
87	0.024298717947761634
88	0.05651656845829446
89	0.02722277164592025
90	0.01999793295422567
91	0.022404439747548986
92	0.2004769386898932
93	0.9524680951766599
94	0.9220420515895101
95	0.9220420515895101
96	0.9071954723294419
97	0.9524680951766599
98	0.8640747434825076
99	0.8501615448994049
100	0.9220420515895101
101	0.9071954723294419
102	0.8782156365502403
103	0.9071954723294419
104	0.6245313223904277
105	0.28652413961186873
106	0.27290510147824404
107	0.24359180518339735
108	0.26851082552023436
109	0.3481444442078041
110	0.9371316004437404
111	0.9071954723294419
112	0.9071954723294419
113	0.8640747434825076
114	0.771262704281338
115	0.8782156365502403
116	0.8230036250150391
117	0.7838846950415547
118	0.7838846950415547
119	0.7838846950415547
120	0.9071954723294419
121	0.8782156365502403
122	0.9524680951766599
123	0.9524680951766599
124	0.8925879504044915
125	0.9680555771461371
126	0.32100381758685337
127	0.22827757824649536
128	0.11358461770179014
129	0.04727454821686514
130	0.009477456704464805
131	0.2139261322475594
132	0.7346031188276455
133	0.7227746524257377
134	0.3481444442078041
135	0.2641873055176467
136	0.17322705937262783
137	0.14727098441461317
138	0.22827757824649536
139	0.566571988000515
140	0.4095038717012285
141	0.05560654736795844
142	0.05044600800408418
143	0.8925879504044915
144	0.9071954723294419
145	0.08903724340857933
146	0.061295000982726805
147	0.053830228305392636
148	0.983898153848326
149	0.9680555771461371
150	0.04804821315291625
151	0.04502749889045438
152	0.983898153848326
153	0.22460188780169357
154	0.06756537356313823
155	0.06647744631284418
156	0.04502749889045438
157	0.10304345090533458
158	0.5574491330158786
159	0.983898153848326
160	0.983898153848326
161	0.9524680951766599
162	0.5758441417787797
163	0.09501039487561765
164	0.02032520629905422
165	0.0006099109471023051
166	0.002671795240633401
167	0.176061982325188
168	0.9371316004437404
169	0.04883453939311235
170	0.04502749889045438
171	1.0
172	1.0
173	0.03705779481220461
174	0.07693483325865776
175	0.04502749889045438
176	0.9371316004437404
177	0.9220420515895101
178	0.06331764666180291
179	0.09348055211451999
180	0.15715080394779138
181	0.32100381758685337
182	0.2819105719970976
183	0.30082282132371846
184	0.32625716018605594
185	0.2516299796562472
186	0.1649932472736998
187	0.176061982325188
188	0.7227746524257377
189	0.3900393726467364
190	0.03646109590141792
191	0.024298717947761634
192	0.5484731728386689
193	0.585268037678983
194	0.9680555771461371
195	0.983898153848326
196	0.983898153848326
197	0.9524680951766599
198	0.7227746524257377
199	0.7346031188276455
200	1.0
