1	1.0
2	0.9524680951766596
3	0.9524680951766596
4	0.9524680951766596
5	0.9838981538483328
6	0.9838981538483328
7	1.0
8	0.015175310452307697
9	0.003142691241050638
10	0.0016686198147892286
11	0.0014418122384338217
12	0.0011866166988220997
13	0.0013957543786134268
14	0.07447719441285175
15	0.9680555771461438
16	1.0
17	0.0038810552143591303
18	0.0013294115143324132
19	3.861812584378959e-05
20	3.738449210201162e-05
21	9.430466599340138e-05
22	0.0010764932965619024
23	0.12120455403276079
24	0.4230169025093204
25	0.1293356813230618
26	0.11925293695084214
27	0.19407281858793524
28	0.9680555771461438
29	0.0769348332586583
30	0.062298115656568495
31	0.0934805521145213
32	0.07327797408660716
33	0.9071954723294416
34	0.9838981538483328
35	0.9220420515895297
36	0.9071954723294416
37	0.9071954723294416
38	0.9071954723294416
39	0.9071954723294416
40	0.9220420515895297
41	0.9838981538483328
42	0.1357900406092586
43	0.1154434707063202
44	0.10138426111191927
45	0.1030434509053353
46	0.8640747434825135
47	0.746625162324361
48	0.14027091400017713
49	0.12120455403276079
50	0.2209853827589351
51	0.15972263321475674
52	0.5057153295259778
53	0.5224031981891458
54	0.5396417421912961
55	0.6884197964379195
56	0.30082282132372057
57	0.473921816127613
58	0.8782156365502463
59	0.836472374499359
60	0.836472374499359
61	0.5224031981891458
62	0.29597901853585135
63	0.41620554942556054
64	0.5224031981891458
65	0.050446008004084525
66	0.18484816784601613
67	0.11358461770179093
68	0.2773712913382699
69	0.41620554942556054
70	0.15213071221465965
71	0.699686033300596
72	0.07327797408660716
73	0.21048152657828498
74	0.16769342093829853
75	0.4513954094697244
76	0.7967132492073021
77	0.8097517472627708
78	0.7838846950415601
79	0.8782156365502463
80	0.48956054519592274
81	0.36551822152450847
82	0.2320134226836761
83	0.2282775782464986
84	0.7712627042813434
85	0.746625162324361
86	0.4662907999564009
87	0.15213071221465965
88	0.24757827243667335
89	0.5665719880005149
90	0.3837590186752858
91	0.20047693868989458
92	0.26418730551764846
93	0.4975723790934108
94	0.7588439508744758
95	0.7588439508744758
96	0.5758441417787837
97	0.6347520014624477
98	0.9680555771461438
99	0.9838981538483328
100	0.9680555771461438
101	0.9680555771461438
102	0.7838846950415601
103	0.7588439508744758
104	0.7588439508744758
105	0.9680555771461438
106	1.0
107	0.12520412762878458
108	0.002463507565100727
109	0.0010253255196467582
110	0.00046282723278071313
111	0.00046282723278071313
112	0.00010395187020858128
113	0.004141419638950831
114	1.0
115	0.03766425891466617
116	0.0014185963995909693
117	0.0019000115066771346
118	0.0021286546673816424
119	0.002463507565100727
120	0.004009124378788921
121	0.010617952774480095
122	1.0
123	1.0
124	0.9524680951766596
125	0.9680555771461438
126	0.5852680376789872
127	0.29597901853585135
128	0.9371316004437404
129	0.08619300005539395
130	0.0029933131400918323
131	0.0001485693086057671
132	0.0005715668219861405
133	0.00024178242661367335
134	0.001094110495432293
135	0.0023086307871881062
136	0.0019311058764015325
137	0.06030803830703664
138	0.9838981538483328
139	0.746625162324361
140	0.7227746524257324
141	0.7838846950415601
142	0.19724888986614988
143	0.12520412762878458
144	0.000830259131047083
145	0.0004938764550907899
146	0.0004553748598836632
147	0.03254473486014868
148	0.9838981538483328
149	0.8782156365502463
150	0.3596327033558847
151	0.9838981538483328
152	1.0
153	1.0
154	1.0
155	0.892587950404504
156	0.3262571601860559
157	0.9838981538483328
158	0.9838981538483328
159	0.035874004944692096
160	0.0006508274257463042
161	0.0005715668219861405
162	0.0004337300253847311
163	0.050446008004084525
164	0.1546203858800132
165	0.7712627042813434
166	0.7111366461700486
167	0.9071954723294416
168	0.9524680951766596
169	1.0
170	0.0686711051330571
171	0.00652446881523681
172	0.005198130749138962
173	0.0007907953330514326
174	7.888324788986942e-05
175	0.00035121364589561196
176	2.9784720172557977e-05
177	0.00021233710769518735
178	0.08077418408895874
179	0.9838981538483328
180	0.37150005830873634
181	0.03646109590141843
182	0.16233655139003356
183	0.21048152657828498
184	0.22460188780169513
185	0.30082282132372057
186	0.8097517472627708
187	0.5057153295259778
188	0.8230036250150505
189	0.8640747434825135
190	0.746625162324361
191	0.7346031188276506
192	0.42993972582912293
193	0.21392613224755935
194	0.3262571601860559
195	0.2396695274125257
196	0.20375781569034307
197	0.48956054519592274
198	0.8097517472627708
199	0.9838981538483328
200	1.0
