1	1.0
2	0.9838981538483189
3	0.9838981538483189
4	0.9838981538483189
5	0.8782156365502339
6	0.7111366461700386
7	0.7227746524257325
8	0.6556978921951104
9	0.548473172838661
10	0.48956054519590886
11	0.45139540946972445
12	0.4975723790934037
13	0.758843950874465
14	0.7466251623243612
15	0.7346031188276299
16	0.7111366461700386
17	0.809751747262771
18	0.809751747262771
19	0.38375901867527495
20	0.34814444420780405
21	0.36551822152449814
22	0.36551822152449814
23	0.07569604040982107
24	0.006524468815236719
25	0.006214348384488035
26	0.009477456704464737
27	0.2037578156903402
28	0.907195472329429
29	0.41620554942555466
30	0.5309525138815068
31	0.6773349667878853
32	0.907195472329429
33	0.6773349667878853
34	0.758843950874465
35	0.6996860333005861
36	0.5139915422627507
37	0.5396417421912962
38	0.4975723790934037
39	0.9680555771461302
40	0.33159647562093936
41	0.21392613224755636
42	0.1252041276287828
43	0.21048152657828498
44	0.8782156365502339
45	0.7227746524257325
46	0.7967132492072908
47	0.2282775782464921
48	0.2912132099152615
49	0.8925879504044913
50	0.7838846950415491
51	0.22098538275893193
52	0.0547111792972134
53	0.05651656845829406
54	0.3057458946813797
55	0.2912132099152615
56	0.4299397258291107
57	0.21048152657828498
58	0.038907124553427985
59	0.8782156365502339
60	0.14027091400017716
61	0.018142034232021265
62	0.024298717947761457
63	0.014690543918280221
64	0.08903724340857806
65	1.0
66	0.0019000115066771079
67	0.0008716923278076609
68	0.005546852487609637
69	0.1448996496809614
70	1.0
71	0.9838981538483189
72	0.02678443476505491
73	0.004565079704726418
74	0.0017805608241138406
75	0.005369661486237395
76	1.0
77	0.0012662220527620764
78	0.005457537922228078
79	0.059336967552505365
80	0.9680555771461302
81	0.2282775782464921
82	1.0
83	0.8925879504044913
84	0.9838981538483189
85	1.0
86	1.0
87	0.9838981538483189
88	0.8640747434825014
89	0.9838981538483189
90	0.35963270335587966
91	0.8640747434825014
92	0.053830228305391865
93	0.022771096439116737
94	0.013545299253376991
95	1.0
96	0.006739766775034894
97	0.005114431247540004
98	0.00206065602257691
99	0.02551131956105572
100	1.0
101	1.0
102	0.8501615448993927
103	0.9838981538483189
104	0.2912132099152615
105	0.010278768401209682
106	0.013766972933527003
107	0.016727718463299887
108	0.09197534264619776
109	0.013545299253376991
110	0.01445399904022356
111	0.027222771645920248
112	0.07819389939674361
113	0.809751747262771
114	0.16499324727369863
115	0.22460188780169194
116	0.035296367236227526
117	0.029049038185277307
118	0.02352250942683125
119	0.016458371314135432
120	0.15213071221465752
121	0.7838846950415491
122	0.7712627042813326
123	0.11358461770178932
124	0.22460188780169194
125	0.9680555771461302
126	1.0
127	0.35963270335587966
128	0.2516299796562454
129	0.28191057199709557
130	0.37757978999724556
131	0.8782156365502339
132	0.907195472329429
133	0.9371316004437272
134	0.481677716615238
135	0.466290799956401
136	0.6144752151203824
137	0.05211065273008481
138	0.08077418408895644
139	0.052963462250909324
140	0.0950103948756163
141	0.1760619823251855
142	0.13360357026643588
143	0.1272531380804714
144	0.13579004060925667
145	0.1760619823251855
146	0.9680555771461302
147	0.9680555771461302
148	0.9680555771461302
149	1.0
150	0.0876035794134446
151	0.015175310452307484
152	0.017279708787602804
153	0.017849913987938726
154	0.04883453939311235
155	0.9680555771461302
156	0.14256649781436606
157	0.11544347070631858
158	0.038907124553427985
159	0.030997821620274375
160	0.1818717710859369
161	0.4975723790934037
162	0.9838981538483189
163	0.9680555771461302
164	0.9524680951766464
165	0.2282775782464921
166	0.6144752151203824
167	0.38375901867527495
168	0.0006614784499805341
169	5.794787992315195e-05
170	9.71747822043496e-06
171	4.469303857690011e-05
172	8.55527660087528e-05
173	0.002163490864431252
174	0.031505112088108564
175	1.0
176	1.0
177	0.02635315591720863
178	0.26418730551764474
179	1.0
180	1.0
181	1.0
182	0.2729051014782402
183	0.03705779481220408
184	1.0
185	1.0
186	0.028121083425988593
187	0.0021286546673816124
188	9.129215786581522e-05
189	4.32653452539753e-05
190	9.561008881147205e-06
191	0.000345558457803025
192	0.004009124378788865
193	0.04358912142584555
194	0.2729051014782402
195	0.01619336115132798
196	0.013766972933527003
197	0.014690543918280221
198	0.21392613224755636
199	0.3715000583087311
200	0.9220420515895035
