1	1.0
2	0.968055577146137
3	0.952468095176653
4	0.9371316004437337
5	0.968055577146137
6	0.9371316004437337
7	0.952468095176653
8	0.9071954723294481
9	0.9220420515895166
10	0.9220420515895166
11	0.8925879504044913
12	0.7712627042813434
13	0.7838846950415546
14	0.8364723744993591
15	0.9371316004437337
16	0.968055577146137
17	0.87821563655024
18	0.8640747434825135
19	0.45878265723356193
20	0.6451399456130124
21	0.11544347070631938
22	0.09975178733729259
23	0.109956222644229
24	0.11175569566235759
25	0.12318811002814957
26	0.12318811002814957
27	0.04576439005839994
28	0.08209608258032106
29	0.18484816784601485
30	0.6556978921951151
31	0.2475782724366716
32	0.046513340714586945
33	0.027222771645920248
34	0.01935911052773268
35	0.06129500098272636
36	0.9220420515895166
37	0.8925879504044913
38	0.9220420515895166
39	0.823003625015039
40	0.699686033300591
41	0.2912132099152615
42	0.23966952741252567
43	0.37150005830873106
44	0.2912132099152615
45	0.10304345090533455
46	0.35963270335588476
47	0.38375901867528034
48	0.5758441417787837
49	0.9838981538483257
50	0.16233655139003356
51	0.03828064801966466
52	0.03361866366814549
53	0.11733274450692355
54	0.27737129133826594
55	0.9071954723294481
56	0.8640747434825135
57	0.9220420515895166
58	0.2865241396118687
59	0.049633734144235934
60	0.10304345090533455
61	0.13145230613269135
62	0.19094788792081055
63	0.7227746524257376
64	0.09197534264619842
65	0.0529634622509097
66	0.4299397258291168
67	0.06540703669975811
68	0.08480513362914954
69	0.5396417421913038
70	0.5574491330158785
71	0.5948461590153626
72	0.5665719880005109
73	0.13145230613269135
74	0.1732270593726278
75	0.2209853827589335
76	0.3370231708678045
77	0.5758441417787837
78	0.8501615448993987
79	0.7838846950415546
80	0.7712627042813434
81	0.7588439508744703
82	0.7712627042813434
83	0.4513954094697276
84	0.38375901867528034
85	0.37150005830873106
86	0.3900393726467363
87	0.5574491330158785
88	0.5948461590153626
89	0.87821563655024
90	0.8097517472627767
91	0.6884197964379097
92	0.7346031188276455
93	0.3900393726467363
94	0.6664286233595221
95	0.23966952741252567
96	0.6556978921951151
97	0.27737129133826594
98	0.2912132099152615
99	0.7227746524257376
100	0.746625162324361
101	0.9220420515895166
102	0.8925879504044913
103	0.968055577146137
104	0.952468095176653
105	0.06229811565656806
106	0.07093715149651017
107	0.5948461590153626
108	0.7838846950415546
109	0.9220420515895166
110	0.87821563655024
111	0.8925879504044913
112	0.8640747434825135
113	0.8925879504044913
114	0.8640747434825135
115	0.6556978921951151
116	0.4513954094697276
117	0.24359180518339732
118	0.20709238541955047
119	0.17606198232518674
120	0.20709238541955047
121	0.00805736923358502
122	0.008881624169591422
123	0.0061142859028680595
124	0.02168874285044938
125	0.20375781569034163
126	0.7838846950415546
127	0.746625162324361
128	0.6451399456130124
129	0.7712627042813434
130	0.7588439508744703
131	0.746625162324361
132	0.6664286233595221
133	0.6045810297425056
134	0.5665719880005109
135	0.9371316004437337
136	0.9220420515895166
137	0.952468095176653
138	0.823003625015039
139	0.823003625015039
140	0.7712627042813434
141	0.40950387170123137
142	0.43697584363533093
143	0.1649932472736998
144	0.09975178733729259
145	0.06331764666180291
146	0.07447719441285121
147	0.07447719441285121
148	0.1818717710859382
149	0.18787327440651988
150	0.21742711012398033
151	0.20709238541955047
152	0.17043778391330283
153	0.5309525138815104
154	0.2358104055548814
155	0.7111366461700435
156	0.07947357060373018
157	0.04804821315291658
158	0.04804821315291658
159	0.02812108342598899
160	0.07447719441285121
161	0.968055577146137
162	0.968055577146137
163	0.968055577146137
164	0.968055577146137
165	0.9838981538483257
166	0.968055577146137
167	0.968055577146137
168	0.968055577146137
169	0.968055577146137
170	1.0
171	0.12318811002814957
172	0.06540703669975811
173	0.04358912142584555
174	0.041517247454898945
175	0.03646109590141791
176	0.6245313223904276
177	0.8925879504044913
178	0.6451399456130124
179	0.6144752151203909
180	0.5484731728386727
181	0.5665719880005109
182	0.522403198189142
183	0.5574491330158785
184	0.8364723744993591
185	0.5574491330158785
186	0.6556978921951151
187	0.9371316004437337
188	0.2475782724366716
189	0.1818717710859382
190	0.14027091400017713
191	0.12120455403276079
192	0.1252041276287828
193	0.1252041276287828
194	0.119252936950843
195	0.15213071221465857
196	0.34253867592860987
197	0.7111366461700435
198	0.87821563655024
199	0.823003625015039
200	0.8501615448993987
