1	0.00719191068985781
2	0.00041311401109911334
3	0.0013732801563434386
4	0.003520875718327174
5	0.022404439747548983
6	0.00011092558415419738
7	0.0005019589204015528
8	5.519350680992956e-05
9	0.0037570771454724255
10	1.0
11	1.0
12	1.0
13	1.0
14	1.0
15	0.7346031188276403
16	0.7111366461700385
17	0.11925293695084045
18	0.06331764666180247
19	0.22098538275893195
20	1.0
21	1.0
22	0.1878732744065199
23	0.014690543918280221
24	0.0018097003405784544
25	0.00013478140409426559
26	0.0007291465512741478
27	0.0001263079129289136
28	0.0512715750169613
29	1.0
30	0.004141419638950832
31	0.0006000902548658376
32	0.06435386265758125
33	1.0
34	0.823003625015039
35	0.9838981538483189
36	0.11544347070631858
37	0.06435386265758125
38	0.026784434765055293
39	0.017001473575159215
40	0.09049436982916181
41	0.5057153295259705
42	0.3538419528953301
43	0.3158350635019653
44	0.3262571601860513
45	0.7712627042813436
46	0.6664286233595221
47	0.7712627042813436
48	0.9071954723294288
49	0.44412711003286787
50	0.1909478879208092
51	0.5484731728386688
52	0.009950419076984445
53	0.38375901867528034
54	0.40291010336057753
55	0.5574491330158785
56	0.3262571601860513
57	0.019047393108381605
58	0.02812108342598899
59	0.1314523061326904
60	0.008459463654885606
61	0.44412711003286787
62	0.1272531380804732
63	0.000976589844633953
64	0.001994829555235368
65	0.009174704819918202
66	0.5574491330158785
67	0.5574491330158785
68	0.5574491330158785
69	0.5852680376789788
70	0.4095038717012285
71	0.3775797899972455
72	0.34814444420780405
73	0.3008228213237163
74	0.2959790185358471
75	0.03099782162027437
76	0.5852680376789788
77	0.5948461590153626
78	0.23581040555487973
79	0.4369758436353278
80	0.4299397258291168
81	0.746625162324361
82	1.0
83	0.44412711003286787
84	0.08760357941344458
85	0.059336967552505365
86	0.5948461590153626
87	0.10304345090533383
88	0.3964225068633076
89	0.9220420515895166
90	0.8925879504044913
91	0.7967132492072908
92	0.9838981538483189
93	0.21742711012397725
94	0.277371291338266
95	0.3008228213237163
96	0.5574491330158785
97	0.7111366461700385
98	0.22827757824649536
99	0.16769342093829617
100	0.25993340216897615
101	0.2959790185358471
102	0.5484731728386688
103	0.3315964756209393
104	0.3315964756209393
105	0.4230169025093144
106	0.9071954723294288
107	0.466290799956401
108	0.4895605451959158
109	0.47392181612760637
110	0.1909478879208092
111	0.21742711012397725
112	0.16499324727369863
113	0.614475215120391
114	0.699686033300586
115	0.5758441417787838
116	0.5758441417787838
117	0.09975178733729188
118	0.2516299796562454
119	0.21742711012397725
120	0.22827757824649536
121	0.8782156365502339
122	0.758843950874465
123	0.8640747434825014
124	0.8097517472627593
125	0.10138426111191784
126	0.1597226332147545
127	0.1760619823251855
128	0.28191057199709163
129	0.9071954723294288
130	0.758843950874465
131	0.746625162324361
132	0.2246018878016919
133	0.38375901867528034
134	0.8501615448993927
135	0.9071954723294288
136	0.9371316004437271
137	0.9524680951766463
138	0.9220420515895166
139	0.9371316004437271
140	0.9371316004437271
141	0.7346031188276403
142	0.20047693868989178
143	0.23581040555487973
144	0.9838981538483189
145	0.9838981538483189
146	0.8925879504044913
147	0.8925879504044913
148	0.9071954723294288
149	0.9371316004437271
150	0.9838981538483189
151	0.1732270593726278
152	0.10138426111191784
153	0.10644373457266672
154	0.14489964968096344
155	0.1878732744065199
156	0.9071954723294288
157	0.8364723744993472
158	0.06647744631284325
159	0.0010088158858739995
160	0.004491573493650751
161	1.0
162	0.052110652730084805
163	0.0004480424839484732
164	0.0008302591310470712
165	0.00029858833578436176
166	0.0022348829091086756
167	0.015423659850312866
168	0.1878732744065199
169	0.27290510147824404
170	0.11175569566235759
171	0.06867110513305613
172	0.9524680951766463
173	0.6664286233595221
174	1.0
175	0.8782156365502339
176	0.9071954723294288
177	1.0
178	0.003408403375565008
179	0.00027981656498743195
180	0.0007907953330514216
181	0.0003034748409848007
182	0.022404439747548983
183	0.9524680951766463
184	0.062298115656567614
185	0.010968329737619124
186	0.0016153167178432327
187	0.008881624169591297
188	0.9524680951766463
189	0.9680555771461301
190	0.823003625015039
191	0.823003625015039
192	1.0
193	0.9680555771461301
194	0.9524680951766463
195	1.0
196	1.0
197	1.0
198	1.0
199	0.8097517472627593
200	0.823003625015039
