1	0.9220420515895035
2	0.3425386759286026
3	0.3370231708678045
4	0.40950387170122265
5	0.36551822152450336
6	0.3837590186752749
7	0.3900393726467364
8	0.4029101033605775
9	0.5139915422627507
10	0.1909478879208065
11	0.12933568132305998
12	0.019359110527732544
13	0.04084874312373918
14	0.020995908477665633
15	0.9071954723294289
16	0.9838981538483189
17	0.9371316004437403
18	0.9071954723294289
19	0.9220420515895035
20	0.05744148237014259
21	0.09049436982916052
22	0.08343961441457963
23	0.33159647562093936
24	0.481677716615238
25	0.9524680951766462
26	0.9371316004437403
27	0.9371316004437403
28	0.7466251623243609
29	0.6451399456130033
30	0.08077418408895644
31	0.052963462250909324
32	0.2282775782464921
33	0.1972488898661471
34	0.1272531380804732
35	0.11925293695084047
36	0.8640747434825014
37	0.9680555771461301
38	0.6347520014624387
39	0.6245313223904277
40	0.154620385880011
41	0.04084874312373918
42	0.014930959938100428
43	0.045764390058400266
44	0.33159647562093936
45	0.9071954723294289
46	0.9071954723294289
47	0.9071954723294289
48	0.5224031981891458
49	0.6045810297425013
50	0.6245313223904277
51	0.7227746524257325
52	0.9071954723294289
53	0.8782156365502339
54	0.7967132492072908
55	0.8501615448993927
56	0.27737129133826594
57	0.27290510147824404
58	0.2516299796562454
59	0.25574799451756464
60	0.35963270335587966
61	0.8364723744993591
62	0.5948461590153626
63	0.5852680376789788
64	0.01619336115132798
65	0.052110652730084805
66	0.004074735137074894
67	0.0003934779152423563
68	0.0029451152724262264
69	0.9371316004437403
70	0.9371316004437403
71	0.9371316004437403
72	0.9371316004437403
73	0.0020606560225769105
74	0.0002665163506524516
75	0.00031861942937681055
76	0.005198130749138962
77	0.06867110513305613
78	1.0
79	0.029524436113288612
80	0.027222771645920248
81	0.020657835589543774
82	0.024696375181437157
83	0.059336967552506205
84	0.9838981538483189
85	0.9838981538483189
86	0.9838981538483189
87	0.9838981538483189
88	0.06540703669975813
89	0.03202070454638286
90	0.027222771645920248
91	0.02812108342598859
92	0.0330773411179359
93	0.9838981538483189
94	0.9371316004437403
95	0.002384812237737442
96	0.0001957837424078547
97	0.0002580026396497394
98	0.001751890507660224
99	0.00346418311919148
100	0.08077418408895644
101	0.9524680951766462
102	0.9524680951766462
103	0.758843950874465
104	0.783884695041549
105	0.9680555771461301
106	0.9838981538483189
107	1.0
108	0.9838981538483189
109	0.9838981538483189
110	1.0
111	1.0
112	1.0
113	0.9838981538483189
114	1.0
115	1.0
116	1.0
117	1.0
118	0.7346031188276403
119	0.7111366461700386
120	0.9838981538483189
121	1.0
122	0.12520412762878277
123	0.05127157501696131
124	0.014930959938100428
125	0.0019000115066771077
126	0.0028976934794106937
127	0.005546852487609637
128	0.21392613224755636
129	0.22460188780169194
130	0.1380122933233906
131	0.11925293695084047
132	0.14027091400017716
133	0.17894329980857734
134	0.783884695041549
135	0.9220420515895035
136	0.45139540946972445
137	0.4369758436353278
138	0.4369758436353278
139	0.4441271100328678
140	0.48956054519591574
141	0.9524680951766462
142	0.9680555771461301
143	0.9524680951766462
144	0.8925879504044915
145	0.3538419528953301
146	0.3964225068633075
147	0.4230169025093144
148	0.7967132492072908
149	0.5574491330158785
150	0.5309525138815068
151	0.7466251623243609
152	0.8782156365502339
153	0.8364723744993591
154	0.8230036250150272
155	0.6451399456130033
156	0.6245313223904277
157	0.8640747434825014
158	0.4230169025093144
159	0.3425386759286026
160	0.4162055494255546
161	0.9680555771461301
162	0.9220420515895035
163	0.8640747434825014
164	0.548473172838661
165	0.5574491330158785
166	0.5309525138815068
167	0.5224031981891458
168	0.4230169025093144
169	0.8364723744993591
170	0.5852680376789788
171	0.47392181612760637
172	0.35963270335587966
173	0.3837590186752749
174	0.35963270335587966
175	0.13360357026643588
176	0.03587400494469108
177	0.06435386265758125
178	0.34814444420780405
179	0.012288234154010974
180	0.45139540946972445
181	0.4441271100328678
182	0.5309525138815068
183	0.7967132492072908
184	0.7346031188276403
185	0.699686033300596
186	0.6884197964379
187	0.6045810297425013
188	0.5139915422627507
189	0.5574491330158785
190	0.7967132492072908
191	0.4029101033605775
192	0.20709238541955044
193	0.6664286233595221
194	0.7967132492072908
195	0.7712627042813325
196	0.7346031188276403
197	0.2912132099152615
198	0.20375781569034018
199	0.6245313223904277
200	0.8097517472627709
