1	1.0
2	0.0794735706037302
3	0.01700147357515921
4	0.012288234154011061
5	0.0010764932965619102
6	0.0008859578853748351
7	0.003944570074838709
8	0.002993313140091811
9	1.0
10	0.31074953590015464
11	0.31074953590015464
12	0.37757978999725356
13	1.0
14	1.0
15	1.0
16	1.0
17	0.37757978999725356
18	0.2959790185358472
19	0.3262571601860536
20	0.009950419076984515
21	0.009026975134420792
22	0.008323250672588958
23	0.007309608887594927
24	0.00652446881523681
25	0.00873861362363561
26	0.03416884515602823
27	0.892587950404504
28	0.7967132492073021
29	0.6144752151203912
30	0.6347520014624477
31	0.7838846950415491
32	0.7967132492073021
33	0.6451399456130078
34	0.6556978921951152
35	0.836472374499359
36	0.9524680951766598
37	0.47392181612761314
38	0.37757978999725356
39	0.34814444420780155
40	0.21742711012397878
41	0.12933568132305998
42	0.17043778391330283
43	0.3425386759286075
44	0.7838846950415491
45	0.7967132492073021
46	0.7227746524257427
47	0.28652413961186873
48	0.272905101478246
49	0.1623365513900324
50	0.17043778391330283
51	0.23581040555488478
52	0.25162997965624717
53	0.3425386759286075
54	0.37757978999725356
55	0.2819105719970976
56	0.11544347070631857
57	0.3262571601860536
58	0.3262571601860536
59	0.8640747434825137
60	0.585268037678983
61	0.7227746524257427
62	0.39003937264673355
63	0.1623365513900324
64	0.1623365513900324
65	0.31074953590015464
66	0.14727098441461314
67	0.2912132099152594
68	0.03099782162027481
69	0.04019100294647119
70	0.0290490381852773
71	0.34814444420780155
72	0.6773349667878997
73	0.6664286233595221
74	0.6664286233595221
75	0.5396417421913
76	0.48956054519591924
77	0.5057153295259813
78	0.6556978921951152
79	0.4029101033605804
80	0.7346031188276403
81	0.746625162324361
82	0.31074953590015464
83	0.34814444420780155
84	0.34814444420780155
85	0.6144752151203912
86	0.6144752151203912
87	0.6245313223904233
88	0.6556978921951152
89	0.6664286233595221
90	0.7111366461700486
91	0.836472374499359
92	0.8097517472627709
93	0.4299397258291168
94	0.5396417421913
95	0.5484731728386688
96	0.9071954723294418
97	0.23966952741252567
98	0.25162997965624717
99	0.272905101478246
100	0.27737129133826594
101	0.25574799451756824
102	0.2959790185358472
103	0.17322705937262783
104	0.20375781569034165
105	0.23581040555488478
106	0.44412711003286787
107	0.9220420515895166
108	0.39003937264673355
109	0.21048152657828648
110	0.19407281858793526
111	0.18187177108593816
112	0.27737129133826594
113	0.6556978921951152
114	0.6451399456130078
115	0.6664286233595221
116	0.6664286233595221
117	0.937131600443727
118	0.6996860333005961
119	0.6045810297425056
120	0.513991542262758
121	0.49757237909340374
122	0.49757237909340374
123	0.5396417421913
124	0.5574491330158785
125	0.6245313223904233
126	0.9220420515895166
127	0.892587950404504
128	0.8782156365502339
129	0.6144752151203912
130	0.6773349667878997
131	0.6996860333005961
132	0.9071954723294418
133	0.937131600443727
134	0.9071954723294418
135	0.836472374499359
136	0.27737129133826594
137	0.08903724340857931
138	0.04358912142584555
139	0.07327797408660665
140	0.19407281858793526
141	0.24757827243666988
142	0.9838981538483189
143	0.937131600443727
144	0.892587950404504
145	0.3315964756209393
146	0.28652413961186873
147	0.3262571601860536
148	0.37150005830873106
149	0.8640747434825137
150	0.1972488898661485
151	0.1173327445069244
152	0.10644373457266823
153	0.04430247303072561
154	0.0934805521145213
155	0.030498699465507678
156	0.836472374499359
157	0.7588439508744758
158	0.7588439508744758
159	0.8501615448994049
160	0.513991542262758
161	0.5309525138815142
162	0.892587950404504
163	0.8782156365502339
164	0.836472374499359
165	0.8501615448994049
166	0.9680555771461301
167	0.9838981538483189
168	0.9524680951766598
169	0.937131600443727
170	0.39003937264673355
171	0.4162055494255546
172	0.8782156365502339
173	0.892587950404504
174	0.7588439508744758
175	0.7838846950415491
176	0.9838981538483189
177	0.21742711012397878
178	0.12120455403275993
179	0.09814559940423229
180	0.09656527406216149
181	0.13145230613269135
182	0.2599334021689743
183	0.937131600443727
184	0.9220420515895166
185	0.4162055494255546
186	0.3315964756209393
187	0.3837590186752804
188	0.4816777166152414
189	0.9838981538483189
190	0.9680555771461301
191	0.937131600443727
192	0.23201342268367284
193	0.07209806342155775
194	0.08077418408895759
195	0.08343961441458081
196	0.25574799451756824
197	0.4299397258291168
198	1.0
199	0.937131600443727
200	1.0
