1	0.13801229332339057
2	0.16233655139003356
3	0.22098538275893195
4	0.7111366461700486
5	0.7346031188276403
6	0.7346031188276403
7	0.6556978921951104
8	0.1272531380804732
9	0.20709238541955047
10	0.305745894681384
11	0.2959790185358471
12	0.07569604040982214
13	0.020325206299054217
14	0.00652446881523681
15	0.0010764932965619026
16	2.2238021533621772e-05
17	1.1246108387881324e-05
18	4.188325877026482e-05
19	0.0011487109132294637
20	0.0007410792960859194
21	0.0001283749872229008
22	0.024696375181437157
23	0.23201342268367284
24	1.0
25	1.0
26	1.0
27	1.0
28	0.23581040555488308
29	0.02352250942683158
30	7.636336806318934e-05
31	0.0007174059456835128
32	0.0011302145468318695
33	2.45129326720736e-05
34	1.0369384850360095e-05
35	1.771732639199363e-05
36	0.0010764932965619026
37	0.006850065475449526
38	0.022771096439116734
39	0.0934805521145213
40	0.26851082552023625
41	0.7227746524257325
42	0.6556978921951104
43	0.6451399456130124
44	0.7227746524257325
45	0.6347520014624477
46	0.8097517472627709
47	0.823003625015039
48	0.8640747434825136
49	0.8501615448994049
50	0.8782156365502338
51	0.2959790185358471
52	0.17322705937262783
53	0.13801229332339057
54	0.28652413961186873
55	0.45139540946972445
56	0.677334966787895
57	0.8501615448994049
58	0.5224031981891384
59	0.2396695274125257
60	0.03828064801966439
61	0.02635315591720863
62	0.7227746524257325
63	0.7838846950415491
64	0.8782156365502338
65	0.823003625015039
66	0.16499324727369863
67	0.22098538275893195
68	0.20375781569034018
69	0.305745894681384
70	0.823003625015039
71	0.2516299796562454
72	0.29121320991525734
73	0.1818717710859369
74	0.1818717710859369
75	0.17606198232518547
76	0.4369758436353279
77	0.9524680951766598
78	0.8097517472627709
79	0.7111366461700486
80	0.7967132492073021
81	0.6996860333005861
82	0.7111366461700486
83	0.45878265723355866
84	0.5852680376789788
85	0.823003625015039
86	0.823003625015039
87	0.8097517472627709
88	0.8640747434825136
89	0.9071954723294418
90	0.9071954723294418
91	0.40291010336057753
92	0.513991542262758
93	0.34814444420780405
94	0.09197534264619776
95	0.21742711012398036
96	0.06540703669975813
97	0.7588439508744756
98	0.06867110513305613
99	0.23581040555488308
100	0.25574799451756824
101	0.23201342268367284
102	0.40291010336057753
103	0.8501615448994049
104	0.677334966787895
105	0.6451399456130124
106	0.8782156365502338
107	0.2396695274125257
108	0.12933568132305998
109	0.15972263321475677
110	0.16499324727369863
111	0.6556978921951104
112	0.6451399456130124
113	0.5396417421912961
114	0.7111366461700486
115	0.8640747434825136
116	0.8501615448994049
117	0.8640747434825136
118	0.8640747434825136
119	0.7838846950415491
120	0.677334966787895
121	0.5574491330158785
122	0.5758441417787838
123	0.8501615448994049
124	0.32100381758685564
125	0.17606198232518547
126	0.14968112689163354
127	0.14968112689163354
128	0.6347520014624477
129	0.6556978921951104
130	0.5309525138815143
131	0.6045810297425014
132	0.7227746524257325
133	0.11733274450692356
134	0.0472745482168648
135	0.07569604040982214
136	0.7838846950415491
137	0.08209608258032047
138	0.16233655139003356
139	0.14489964968096344
140	0.34814444420780405
141	0.35963270335588476
142	0.23201342268367284
143	0.1972488898661471
144	0.1704377839133016
145	0.22827757824649536
146	0.3715000583087311
147	0.9371316004437271
148	0.9220420515895167
149	0.9220420515895167
150	0.1972488898661471
151	0.01700147357515921
152	0.02858129504156366
153	0.1272531380804732
154	0.2396695274125257
155	0.31583506350196977
156	0.25993340216897615
157	0.11358461770178932
158	0.09975178733729329
159	0.20709238541955047
160	0.2396695274125257
161	0.23581040555488308
162	0.9220420515895167
163	0.9680555771461301
164	0.2516299796562454
165	0.1336035702664378
166	0.07569604040982214
167	0.11925293695084214
168	0.10304345090533383
169	0.11925293695084214
170	0.04084874312373918
171	0.08619300005539272
172	0.9371316004437271
173	0.9220420515895167
174	0.9220420515895167
175	0.46629079995640094
176	0.49757237909340374
177	0.9371316004437271
178	0.9371316004437271
179	0.9680555771461301
180	0.5758441417787838
181	0.4441271100328678
182	0.9371316004437271
183	0.9524680951766598
184	0.9524680951766598
185	0.9371316004437271
186	0.8925879504044915
187	0.11175569566235917
188	0.029524436113288612
189	0.050446008004084525
190	0.07569604040982214
191	0.07447719441285175
192	0.10138426111191784
193	0.14489964968096344
194	0.14489964968096344
195	0.5224031981891384
196	0.46629079995640094
197	0.30082282132372057
198	0.35963270335588476
199	0.5309525138815143
200	0.9220420515895167
