1	0.8364723744993591
2	0.7967132492072965
3	0.809751747262771
4	0.771262704281338
5	0.5574491330158825
6	0.5057153295259778
7	0.24359180518339563
8	0.2819105719970956
9	0.6045810297425014
10	0.7967132492072965
11	0.8364723744993591
12	0.771262704281338
13	0.7588439508744759
14	0.20047693868989322
15	0.20709238541955194
16	0.2729051014782441
17	0.011330268629776728
18	0.3057458946813841
19	0.014690543918280325
20	0.006962169253653824
21	0.03766425891466537
22	0.07819389939674416
23	0.6144752151203868
24	0.7466251623243665
25	0.6996860333005961
26	0.3775797899972509
27	0.4739218161276132
28	0.3370231708678045
29	0.31074953590015686
30	0.14727098441461423
31	0.2516299796562454
32	0.22460188780169354
33	0.24359180518339563
34	0.5574491330158825
35	0.9680555771461302
36	0.49757237909340735
37	0.3655182215245033
38	0.4816777166152415
39	0.6245313223904277
40	0.9838981538483259
41	0.9071954723294419
42	0.6347520014624477
43	0.42301690250932045
44	0.07947357060372963
45	0.14727098441461423
46	0.5574491330158825
47	0.3370231708678045
48	0.1380122933233916
49	0.4095038717012285
50	0.6045810297425014
51	0.7227746524257325
52	0.6144752151203868
53	0.666428623359527
54	0.9680555771461302
55	0.6556978921951198
56	0.7346031188276455
57	0.7111366461700436
58	0.1154434707063194
59	0.15715080394779135
60	0.677334966787895
61	0.7588439508744759
62	0.8501615448993989
63	0.8501615448993989
64	0.9371316004437406
65	0.9680555771461302
66	1.0
67	0.44412711003287103
68	0.32625716018605594
69	0.2959790185358493
70	0.2959790185358493
71	0.30082282132371846
72	0.32625716018605594
73	0.3715000583087338
74	0.809751747262771
75	0.666428623359527
76	0.6144752151203868
77	0.7838846950415602
78	0.9071954723294419
79	0.9680555771461302
80	0.8230036250150332
81	0.6996860333005961
82	0.27737129133826793
83	0.11358461770178933
84	0.098145599404233
85	0.31074953590015686
86	0.31074953590015686
87	0.009632558682416179
88	0.10818572446379163
89	0.666428623359527
90	0.6996860333005961
91	0.7346031188276455
92	0.7466251623243665
93	0.6556978921951198
94	0.6245313223904277
95	0.3715000583087338
96	0.19094788792080922
97	0.3481444442078041
98	0.7227746524257325
99	0.7227746524257325
100	0.6884197964379049
101	0.9220420515895101
102	0.9524680951766531
103	0.666428623359527
104	0.677334966787895
105	0.6884197964379049
106	0.7111366461700436
107	0.9371316004437406
108	0.9220420515895101
109	0.9371316004437406
110	0.9220420515895101
111	0.9524680951766531
112	0.9524680951766531
113	0.9371316004437406
114	0.9371316004437406
115	0.9371316004437406
116	0.9071954723294419
117	0.8925879504044978
118	0.8925879504044978
119	0.8925879504044978
120	0.8925879504044978
121	0.9371316004437406
122	0.0876035794134446
123	0.013766972933527003
124	0.05044600800408418
125	0.20709238541955194
126	0.7346031188276455
127	0.8782156365502465
128	0.8925879504044978
129	0.42301690250932045
130	0.1818717710859369
131	0.2209853827589351
132	0.45139540946972445
133	0.9071954723294419
134	0.8230036250150332
135	0.8501615448993989
136	0.6556978921951198
137	0.7346031188276455
138	0.7466251623243665
139	0.9680555771461302
140	0.9371316004437406
141	0.9680555771461302
142	0.9680555771461302
143	0.8230036250150332
144	0.3837590186752777
145	0.19407281858793668
146	0.34253867592860754
147	0.2209853827589351
148	0.0024238405452939728
149	0.02510054021835705
150	0.12120455403275994
151	0.20047693868989322
152	0.22460188780169354
153	0.2209853827589351
154	0.7346031188276455
155	0.42301690250932045
156	0.7967132492072965
157	0.7967132492072965
158	0.1380122933233916
159	0.1425664978143681
160	0.18787327440652124
161	0.9838981538483259
162	0.9838981538483259
163	0.9524680951766531
164	0.9371316004437406
165	0.9071954723294419
166	1.0
167	0.8925879504044978
168	0.8364723744993591
169	0.08619300005539335
170	0.12318811002815046
171	0.09656527406216218
172	0.7838846950415602
173	0.45139540946972445
174	0.809751747262771
175	0.11925293695084217
176	0.06647744631284419
177	0.09348055211452065
178	0.015423659850313085
179	0.034728030561276796
180	0.11733274450692356
181	0.20375781569034024
182	0.49757237909340735
183	0.5057153295259778
184	0.8230036250150332
185	0.8230036250150332
186	0.809751747262771
187	0.6245313223904277
188	0.1972488898661499
189	0.14727098441461423
190	0.3158350635019698
191	0.566571988000515
192	0.7967132492072965
193	0.8640747434825075
194	0.7588439508744759
195	0.43697584363533404
196	0.3655182215245033
197	0.4816777166152415
198	0.32100381758685337
199	0.49757237909340735
200	0.8925879504044978
