1	0.783884695041549
2	0.5665719880005149
3	0.30082282132371624
4	0.30574589468138397
5	0.30082282132371624
6	0.07093715149650966
7	0.057441482370142585
8	0.07947357060372963
9	0.48956054519591574
10	0.9071954723294416
11	0.937131600443727
12	0.7588439508744756
13	0.3262571601860513
14	0.11544347070631857
15	0.0472745482168648
16	0.002234882909108675
17	0.03529636723622751
18	0.03890712455342798
19	0.04804821315291624
20	0.25162997965624534
21	0.28191057199709557
22	0.1704377839133016
23	0.13579004060925667
24	0.1496811268916314
25	0.1546203858800088
26	0.5758441417787755
27	0.5139915422627506
28	0.13145230613269226
29	0.15715080394779135
30	0.9680555771461301
31	0.9071954723294416
32	0.8640747434825012
33	0.8364723744993591
34	0.8364723744993591
35	0.8925879504044913
36	0.937131600443727
37	0.9220420515895035
38	0.937131600443727
39	0.8501615448993927
40	0.8501615448993927
41	0.9838981538483188
42	0.9838981538483188
43	0.9838981538483188
44	0.0045650797047264175
45	6.927650175875156e-05
46	0.0005809207180139167
47	0.0008302591310470593
48	2.411822920146152e-05
49	8.534041321022323e-06
50	3.7384492102011084e-05
51	0.00027087798631395606
52	0.01619336115132798
53	0.14489964968096136
54	0.13145230613269226
55	0.3315964756209393
56	0.9680555771461301
57	0.01619336115132798
58	0.0014893899404870186
59	0.0014418122384338215
60	2.2238021533621772e-05
61	0.00011646120716896388
62	0.01967592931444509
63	0.11544347070631857
64	0.0046397888713085094
65	0.0004780998567717927
66	0.001668619814789205
67	0.041517247454899237
68	0.36551822152450325
69	0.3370231708678044
70	0.3262571601860513
71	0.0069621692536538235
72	0.0190473931083816
73	0.32100381758685104
74	1.0
75	1.0
76	1.0
77	0.32100381758685104
78	0.01874069491495985
79	0.008881624169591297
80	0.011515692539375736
81	0.017849913987938722
82	0.041517247454899237
83	0.0016417519552458224
84	0.00048592413239297353
85	0.0046397888713085094
86	0.11544347070631857
87	0.9071954723294416
88	0.1135846177017893
89	0.00011646120716896388
90	2.260195473143427e-05
91	0.001167509979296634
92	0.0012060361066649748
93	0.01567607357528453
94	1.0
95	0.3315964756209393
96	0.10138426111191784
97	0.14489964968096136
98	1.0
99	0.01619336115132798
100	0.0003238337506078195
101	3.7384492102011084e-05
102	8.534041321022323e-06
103	2.411822920146152e-05
104	0.0008302591310470593
105	0.0006300371192533596
106	0.004491573493650751
107	0.010791719379643072
108	0.9524680951766462
109	0.9680555771461301
110	0.9220420515895035
111	0.07093715149650966
112	0.06647744631284418
113	0.10138426111191784
114	0.08343961441457962
115	0.8097517472627709
116	0.7227746524257325
117	0.8364723744993591
118	0.937131600443727
119	0.9524680951766462
120	0.9524680951766462
121	0.9680555771461301
122	0.9838981538483188
123	0.8501615448993927
124	0.8097517472627709
125	0.9071954723294416
126	0.12520412762878277
127	0.1496811268916314
128	0.1425664978143681
129	0.14489964968096136
130	0.937131600443727
131	0.9838981538483188
132	0.937131600443727
133	0.8782156365502338
134	0.8640747434825012
135	0.8782156365502338
136	0.8640747434825012
137	0.8925879504044913
138	0.8925879504044913
139	0.937131600443727
140	0.8364723744993591
141	0.7227746524257325
142	0.6773349667878948
143	0.7111366461700385
144	0.9220420515895035
145	0.9524680951766462
146	0.8364723744993591
147	0.07093715149650966
148	0.07569604040982106
149	0.07327797408660715
150	0.10472979393476874
151	0.23581040555488306
152	0.21392613224755633
153	0.21392613224755633
154	0.2865241396118647
155	0.9524680951766462
156	0.2320134226836695
157	0.20047693868989172
158	0.1940728185879325
159	0.044302473030725285
160	0.05296346225090932
161	0.10818572446379084
162	0.06756537356313773
163	0.07209806342155671
164	0.45139540946972445
165	0.4230169025093204
166	0.4029101033605775
167	0.1546203858800088
168	0.12120455403275907
169	0.09814559940423297
170	0.07569604040982106
171	0.12120455403275907
172	0.7346031188276402
173	0.7346031188276402
174	0.9680555771461301
175	0.9838981538483188
176	0.9680555771461301
177	0.7227746524257325
178	0.7111366461700385
179	0.7346031188276402
180	0.13579004060925667
181	0.1425664978143681
182	0.09501039487561765
183	0.09501039487561765
184	0.11544347070631857
185	0.4739218161276131
186	0.3262571601860513
187	0.35384195289533515
188	0.4739218161276131
189	0.699686033300586
190	0.8501615448993927
191	0.9680555771461301
192	0.9524680951766462
193	0.5139915422627506
194	0.3370231708678044
195	0.32100381758685104
196	0.5948461590153625
197	0.5396417421912961
198	0.25162997965624534
199	0.25162997965624534
200	0.7227746524257325
