1	0.850161544899417
2	0.1546203858800132
3	0.18484816784601615
4	0.2070923854195534
5	0.8097517472627825
6	0.055606547367959225
7	0.052110652730085555
8	0.006316048424506088
9	0.1425664978143701
10	1.0
11	1.0
12	1.0
13	0.9838981538483328
14	0.9838981538483328
15	1.0
16	0.9220420515895298
17	0.02032520629905422
18	0.07209806342155876
19	0.007191910689857912
20	0.0032995238968794496
21	0.07327797408660718
22	0.007550815325235737
23	0.014221262971401536
24	0.34814444420780405
25	0.6556978921951198
26	0.3964225068633132
27	0.9071954723294547
28	0.8925879504044913
29	0.9371316004437404
30	0.9838981538483328
31	0.5852680376789872
32	0.968055577146144
33	0.14027091400017713
34	0.022043686905619652
35	0.021688742850449538
36	0.06331764666180337
37	0.9838981538483328
38	1.0
39	1.0
40	0.9838981538483328
41	0.9524680951766734
42	0.0547111792972134
43	0.04576439005840027
44	0.07209806342155876
45	0.18484816784601615
46	0.9838981538483328
47	0.6045810297425099
48	1.0
49	1.0
50	1.0
51	0.9371316004437404
52	0.40950387170123426
53	0.06756537356313871
54	0.019047393108381876
55	0.029049038185277716
56	0.05044600800408453
57	0.9838981538483328
58	0.055606547367959225
59	0.03705779481220513
60	0.01935911052773282
61	0.02314375359893927
62	0.09049436982916181
63	0.10138426111191928
64	0.029524436113289036
65	0.023522509426831584
66	0.09348055211452132
67	0.09197534264619907
68	0.055606547367959225
69	0.746625162324361
70	0.5948461590153711
71	0.5948461590153711
72	0.41620554942555466
73	0.466290799956401
74	0.6556978921951198
75	0.8230036250150508
76	0.9071954723294547
77	0.5574491330158785
78	0.746625162324361
79	0.48167771661524483
80	0.19407281858793526
81	0.22460188780169513
82	0.6045810297425099
83	0.09814559940423298
84	0.13360357026643968
85	0.03254473486014868
86	0.017562497419084444
87	0.11544347070632022
88	0.32625716018605594
89	0.7967132492073022
90	0.7588439508744865
91	0.7967132492073022
92	0.3210038175868557
93	0.10304345090533529
94	0.0769348332586583
95	0.09656527406216288
96	0.1546203858800132
97	0.09656527406216288
98	0.6347520014624567
99	0.7227746524257427
100	0.8925879504044913
101	0.8097517472627825
102	0.850161544899417
103	0.9524680951766734
104	0.9524680951766734
105	0.26851082552023625
106	0.27737129133826993
107	0.33702317086780925
108	0.40950387170123426
109	0.7346031188276507
110	0.505715329525985
111	0.9071954723294547
112	0.15715080394779135
113	0.04219669209919026
114	0.1972488898661499
115	0.2070923854195534
116	0.2599334021689762
117	0.9371316004437404
118	0.9524680951766734
119	0.7838846950415602
120	0.7838846950415602
121	0.6773349667879045
122	0.7346031188276507
123	0.023907463729683852
124	0.0612950009827268
125	0.0807741840889576
126	1.0
127	0.002715520127955534
128	0.0024238405452939723
129	0.01935911052773282
130	0.9838981538483328
131	0.9838981538483328
132	0.8925879504044913
133	0.968055577146144
134	0.9838981538483328
135	0.9838981538483328
136	0.9838981538483328
137	0.9071954723294547
138	0.9838981538483328
139	0.9838981538483328
140	0.0020274756563298706
141	0.0004267461712446275
142	0.0017236818362313376
143	0.9838981538483328
144	0.024696375181437507
145	0.0033535217887888376
146	0.013112602486345097
147	0.3315964756209441
148	0.18484816784601615
149	0.23201342268367614
150	0.33702317086780925
151	0.3775797899972563
152	0.968055577146144
153	0.968055577146144
154	0.968055577146144
155	0.9220420515895298
156	0.9071954723294547
157	0.03202070454638332
158	0.01935911052773282
159	0.05296346225091008
160	0.051271575016962036
161	0.9371316004437404
162	0.0622981156565685
163	0.07327797408660718
164	0.13801229332339257
165	0.03416884515602848
166	0.014221262971401536
167	0.9371316004437404
168	0.9371316004437404
169	0.07819389939674361
170	0.027222771645920248
171	0.026353155917209006
172	0.0224044397475493
173	0.9524680951766734
174	1.0
175	1.0
176	0.9524680951766734
177	0.9524680951766734
178	0.9524680951766734
179	0.005729890533725346
180	0.004009124378788922
181	0.013992274382953626
182	0.08209608258032164
183	1.0
184	1.0
185	1.0
186	0.037664258914665634
187	0.015175310452307699
188	0.9220420515895298
189	0.026353155917209006
190	0.008057369233585078
191	0.0043480927706904616
192	0.8925879504044913
193	0.009477456704464872
194	0.02678443476505567
195	0.009790198959862228
196	0.06756537356313871
197	0.8925879504044913
198	0.8925879504044913
199	0.8782156365502464
200	0.968055577146144
