1	0.06435386265758034
2	0.04430247303072529
3	0.04502749889045374
4	0.05838153282986845
5	0.09656527406216012
6	0.8230036250150272
7	0.8364723744993471
8	0.8364723744993471
9	0.8097517472627709
10	0.8782156365502338
11	0.10138426111191784
12	0.1272531380804732
13	0.9524680951766462
14	0.003092088110184961
15	0.00010738213038866317
16	0.00014617706845573332
17	0.0037570771454724255
18	0.06756537356313774
19	0.481677716615238
20	0.8230036250150272
21	0.2396695274125223
22	0.015932618141390686
23	0.006524468815236718
24	0.09348055211451997
25	0.03472803056127654
26	0.02635315591720863
27	0.03766425891466509
28	0.9071954723294418
29	0.06229811565656761
30	0.02168874285044892
31	1.0
32	0.9220420515895035
33	0.937131600443727
34	0.9524680951766462
35	0.9524680951766462
36	0.9524680951766462
37	0.029524436113288612
38	0.07569604040982107
39	0.06756537356313774
40	0.07209806342155671
41	0.09656527406216012
42	0.08480513362914895
43	0.4162055494255487
44	0.35384195289533005
45	0.27290510147824404
46	0.16769342093829617
47	0.8364723744993471
48	0.5852680376789788
49	0.937131600443727
50	0.1252041276287828
51	0.0036370594844428437
52	0.06331764666180247
53	0.0029933131400917893
54	0.005637628717885246
55	0.937131600443727
56	0.06540703669975718
57	0.07819389939674361
58	0.7967132492072907
59	0.7111366461700385
60	0.8097517472627709
61	0.937131600443727
62	0.9524680951766462
63	0.0512715750169613
64	0.02277109643911641
65	0.0364610959014174
66	0.04963373414423628
67	0.022043686905619336
68	0.1314523061326923
69	0.12120455403275905
70	0.2557479945175646
71	0.11358461770178932
72	0.09975178733729187
73	0.1496811268916314
74	0.15715080394779135
75	0.2475782724366663
76	0.6556978921951104
77	0.45139540946972445
78	0.5574491330158705
79	0.481677716615238
80	0.5574491330158705
81	0.43697584363532777
82	0.6045810297425014
83	0.6556978921951104
84	0.6884197964379
85	0.9071954723294418
86	0.6144752151203823
87	0.46629079995639433
88	0.9220420515895035
89	0.45878265723355216
90	0.7466251623243504
91	0.699686033300586
92	0.96805557714613
93	0.15715080394779135
94	0.019359110527732544
95	0.03529636723622752
96	0.18787327440651988
97	0.6773349667878948
98	0.7588439508744758
99	0.9838981538483048
100	1.0
101	1.0
102	0.96805557714613
103	0.9220420515895035
104	0.8782156365502338
105	0.45139540946972445
106	0.03766425891466509
107	0.027668282067045125
108	0.04358912142584493
109	0.1521307122146575
110	0.22098538275893193
111	0.5948461590153626
112	0.46629079995639433
113	0.46629079995639433
114	0.18187177108593686
115	0.3315964756209346
116	0.5852680376789788
117	0.5396417421912961
118	0.8364723744993471
119	0.7466251623243504
120	0.4895605451959158
121	0.40950387170122843
122	0.022043686905619336
123	0.022404439747548664
124	0.4029101033605775
125	0.5484731728386688
126	0.9220420515895035
127	0.96805557714613
128	0.1940728185879325
129	0.1272531380804732
130	0.04963373414423628
131	0.08480513362914895
132	0.04804821315291624
133	0.3655182215245033
134	0.0769348332586572
135	0.017562497419084194
136	0.12933568132305814
137	0.30082282132371624
138	0.07819389939674361
139	0.04963373414423628
140	0.3315964756209346
141	0.8640747434825011
142	0.8925879504044913
143	0.8782156365502338
144	0.4230169025093204
145	0.2599334021689724
146	0.2475782724366663
147	0.2685108255202325
148	0.9524680951766462
149	0.30082282132371624
150	0.1940728185879325
151	0.2599334021689724
152	0.14256649781436806
153	0.03587400494469159
154	0.09049436982916052
155	0.9838981538483048
156	0.08209608258032047
157	0.10995622264422822
158	0.05383022830539185
159	0.1546203858800088
160	0.8097517472627709
161	0.6884197964379
162	0.004009124378788864
163	0.0040747351370748934
164	0.004491573493650751
165	0.0029933131400917893
166	0.005114431247540003
167	0.006214348384488034
168	0.024696375181437153
169	0.8097517472627709
170	0.9838981538483048
171	1.0
172	1.0
173	0.8097517472627709
174	0.9838981538483048
175	0.029524436113288612
176	0.006850065475449525
177	0.006850065475449525
178	0.006524468815236718
179	0.008597905811488721
180	0.007927630713798489
181	0.009790198959862087
182	0.6884197964379
183	0.14256649781436806
184	0.002128654667381582
185	0.00346418311919148
186	0.08343961441457962
187	0.9838981538483048
188	0.09656527406216012
189	0.05044600800408381
190	0.16769342093829617
191	0.8782156365502338
192	0.8501615448993927
193	0.8782156365502338
194	0.7466251623243504
195	0.15972263321475447
196	0.2435918051833956
197	0.2685108255202325
198	0.21392613224755633
199	0.8782156365502338
200	1.0
