1	0.7712627042813325
2	0.6451399456130031
3	0.8097517472627709
4	0.6884197964379097
5	0.746625162324361
6	0.39642250686331315
7	0.28191057199709557
8	0.2729051014782479
9	0.5852680376789872
10	0.20375781569034307
11	0.016727718463300126
12	0.015932618141390915
13	0.1909478879208092
14	0.4513954094697244
15	0.9371316004437404
16	0.823003625015039
17	0.6556978921951198
18	0.4162055494255546
19	0.21392613224755935
20	0.5758441417787755
21	0.6556978921951198
22	0.9838981538483327
23	0.9371316004437404
24	0.9071954723294416
25	0.9071954723294416
26	0.6773349667878948
27	0.5309525138815143
28	0.5574491330158785
29	0.666428623359522
30	0.473921816127613
31	0.5057153295259778
32	0.23966952741252567
33	0.3107495359001546
34	0.5057153295259778
35	0.4162055494255546
36	0.331596475620944
37	0.19724888986614988
38	0.25993340216897615
39	0.5574491330158785
40	0.09501039487561763
41	0.03049869946550789
42	0.055606547367958434
43	0.10472979393476875
44	0.20375781569034307
45	0.4230169025093204
46	0.16769342093829614
47	0.08480513362914893
48	0.11733274450692355
49	0.2641873055176485
50	0.5396417421912961
51	0.3596327033558796
52	0.18484816784601613
53	0.38375901867528034
54	0.2865241396118687
55	0.7227746524257325
56	0.3900393726467363
57	0.43697584363533404
58	0.9680555771461301
59	0.09656527406216149
60	0.03529636723622752
61	0.01469054391828022
62	0.025511319561055717
63	0.9680555771461301
64	0.052110652730084805
65	0.008459463654885604
66	0.9838981538483327
67	1.0
68	1.0
69	1.0
70	1.0
71	1.0
72	0.0064194128221524245
73	0.045027498890454376
74	0.9524680951766598
75	0.011330268629776647
76	0.00663124408732507
77	0.01354529925337699
78	0.0593369675525062
79	0.8097517472627709
80	0.348144444207804
81	0.348144444207804
82	0.9371316004437404
83	0.4029101033605775
84	0.4162055494255546
85	0.5309525138815143
86	0.18484816784601613
87	0.13801229332339254
88	0.008057369233585077
89	0.008323250672588899
90	0.045764390058400266
91	0.0358740049446921
92	0.09501039487561763
93	0.008323250672588899
94	0.014221262971401532
95	0.0593369675525062
96	0.5484731728386766
97	0.5224031981891457
98	0.5139915422627579
99	0.5309525138815143
100	0.37757978999725084
101	0.2865241396118687
102	0.31583506350196977
103	0.5057153295259778
104	0.331596475620944
105	0.7838846950415601
106	0.06030803830703579
107	0.021688742850449534
108	0.056516568458294045
109	0.0547111792972134
110	0.04288725609876024
111	0.08619300005539395
112	0.7346031188276507
113	0.746625162324361
114	0.9371316004437404
115	0.08760357941344457
116	0.0036965812672960312
117	0.0036370594844428953
118	0.044302473030725285
119	0.11925293695084214
120	0.11358461770178932
121	0.15462038588001098
122	0.28191057199709557
123	0.5139915422627579
124	0.5139915422627579
125	0.3596327033558796
126	0.7712627042813325
127	1.0
128	1.0
129	1.0
130	1.0
131	0.25162997965624534
132	0.24757827243667332
133	0.0904943698291618
134	0.46629079995640094
135	0.23966952741252567
136	0.4441271100328678
137	0.4975723790934037
138	0.614475215120391
139	0.614475215120391
140	0.39642250686331315
141	0.34253867592860743
142	0.09975178733729327
143	0.27737129133826594
144	0.2865241396118687
145	0.6451399456130031
146	0.7227746524257325
147	0.9680555771461301
148	0.5665719880005149
149	0.746625162324361
150	0.15972263321475674
151	0.07947357060372962
152	0.012489335512977668
153	0.005369661486237471
154	0.04651334071458727
155	0.18484816784601613
156	0.6347520014624476
157	0.34253867592860743
158	0.7967132492072907
159	0.45878265723356515
160	0.4441271100328678
161	0.6045810297425013
162	0.823003625015039
163	0.21392613224755935
164	0.2641873055176485
165	0.27737129133826594
166	1.0
167	1.0
168	0.9838981538483327
169	1.0
170	0.9071954723294416
171	0.9071954723294416
172	0.00652446881523681
173	0.007076107650393189
174	0.0593369675525062
175	0.34253867592860743
176	0.30082282132371624
177	0.5852680376789872
178	0.13801229332339254
179	0.37757978999725084
180	0.42993972582911066
181	0.48167771661523795
182	0.5665719880005149
183	0.6884197964379097
184	0.6451399456130031
185	0.8097517472627709
186	0.8097517472627709
187	0.45878265723356515
188	0.6347520014624476
189	0.4162055494255546
190	0.1472709844146142
191	0.614475215120391
192	0.6245313223904277
193	0.5224031981891457
194	0.5948461590153625
195	0.20709238541955044
196	0.11925293695084214
197	0.43697584363533404
198	0.5224031981891457
199	0.5224031981891457
200	0.9524680951766598
