1	0.5758441417787756
2	0.5852680376789872
3	0.6045810297425014
4	0.7838846950415602
5	0.0030920881101849616
6	0.0004267461712446184
7	0.003520875718327199
8	0.006114285902868103
9	0.005637628717885366
10	0.004715720680195349
11	0.0050320794624388
12	0.0063160484245060435
13	0.1909478879208092
14	1.0
15	1.0
16	1.0
17	1.0
18	1.0
19	1.0
20	0.1909478879208092
21	0.0014654080128054456
22	0.0018694178137101955
23	0.0026287744047199463
24	0.004715720680195349
25	0.006015834611932771
26	0.0045650797047264505
27	0.0063160484245060435
28	0.013112602486345003
29	0.22460188780169194
30	0.39642250686331315
31	0.15213071221465965
32	0.3837590186752804
33	0.33159647562093936
34	0.5224031981891458
35	0.5309525138815143
36	0.6451399456130031
37	0.49757237909340374
38	0.5484731728386767
39	0.8364723744993591
40	0.9680555771461301
41	0.8364723744993591
42	0.5224031981891458
43	0.15462038588001212
44	0.06435386265758172
45	0.041517247454898945
46	0.09049436982916183
47	0.8364723744993591
48	0.8501615448994049
49	0.8501615448994049
50	0.9524680951766462
51	0.6773349667878948
52	0.5948461590153626
53	0.10304345090533458
54	0.09975178733729259
55	0.06331764666180247
56	0.045764390058400266
57	0.12725313808047323
58	0.7346031188276506
59	0.7111366461700486
60	0.823003625015039
61	0.6664286233595221
62	0.7588439508744758
63	0.7466251623243612
64	0.7588439508744758
65	0.8097517472627709
66	0.8501615448994049
67	0.6884197964379098
68	0.6664286233595221
69	0.5574491330158785
70	0.49757237909340374
71	0.7712627042813435
72	0.7712627042813435
73	0.699686033300596
74	0.7346031188276506
75	0.7466251623243612
76	0.7227746524257325
77	0.7712627042813435
78	0.7466251623243612
79	0.8097517472627709
80	0.9220420515895166
81	0.8782156365502465
82	0.8925879504044915
83	0.9071954723294418
84	0.9524680951766462
85	0.9220420515895166
86	0.7838846950415602
87	0.699686033300596
88	0.6884197964379098
89	0.9071954723294418
90	0.9220420515895166
91	0.6884197964379098
92	0.6045810297425014
93	0.5574491330158785
94	0.15972263321475563
95	0.21742711012398036
96	0.29597901853585135
97	0.5484731728386767
98	0.7967132492072908
99	0.7346031188276506
100	0.6245313223904276
101	0.6451399456130031
102	0.0083232506725889
103	0.019047393108381876
104	0.02635315591720863
105	0.006962169253653824
106	0.013545299253377089
107	0.19407281858793526
108	0.9838981538483188
109	0.5224031981891458
110	0.022771096439116734
111	0.03766425891466536
112	0.009174704819918202
113	0.2037578156903431
114	0.9680555771461301
115	0.9371316004437404
116	0.9680555771461301
117	0.9838981538483188
118	0.1878732744065199
119	0.0043480927706904
120	0.012090370898187344
121	0.07693483325865776
122	0.39642250686331315
123	0.8640747434825014
124	0.9838981538483188
125	0.9220420515895166
126	0.9071954723294418
127	0.9680555771461301
128	0.466290799956401
129	0.027668282067045125
130	0.21392613224755938
131	0.1314523061326923
132	0.15715080394779138
133	0.9220420515895166
134	0.9680555771461301
135	0.9524680951766462
136	0.9680555771461301
137	0.9524680951766462
138	0.03828064801966493
139	0.05211065273008518
140	0.15972263321475563
141	0.09656527406216218
142	0.8925879504044915
143	0.6556978921951199
144	0.9838981538483188
145	0.9838981538483188
146	0.18187177108593947
147	0.0011866166988220915
148	0.0012662220527620853
149	0.007309608887594875
150	0.0075508153252356845
151	0.13360357026643682
152	0.823003625015039
153	0.1314523061326923
154	0.1425664978143681
155	0.1972488898661499
156	0.0876035794134446
157	0.6773349667878948
158	0.09348055211452064
159	0.15462038588001212
160	0.10818572446379239
161	0.27737129133826594
162	0.3057458946813884
163	0.8925879504044915
164	0.9371316004437404
165	0.9838981538483188
166	0.7111366461700486
167	0.7111366461700486
168	0.7588439508744758
169	0.7838846950415602
170	0.823003625015039
171	0.3900393726467363
172	0.3775797899972509
173	0.33159647562093936
174	0.24359180518339907
175	0.09501039487561765
176	0.6347520014624477
177	0.09197534264619842
178	0.12318811002814957
179	0.44412711003286787
180	0.5057153295259778
181	0.8364723744993591
182	0.7967132492072908
183	0.8097517472627709
184	0.9524680951766462
185	0.9524680951766462
186	0.9524680951766462
187	0.9524680951766462
188	0.7967132492072908
189	0.7712627042813435
190	0.6045810297425014
191	0.19407281858793526
192	0.4162055494255547
193	0.5484731728386767
194	0.9838981538483188
195	0.9838981538483188
196	0.7712627042813435
197	0.7712627042813435
198	0.7838846950415602
199	0.823003625015039
200	0.9838981538483188
