1	0.7712627042813435
2	0.7712627042813435
3	0.9838981538483329
4	0.9680555771461301
5	0.7346031188276402
6	0.5224031981891457
7	0.27290510147824404
8	0.2396695274125257
9	0.4895605451959158
10	0.003142691241050594
11	0.002384812237737476
12	4.256869332099702e-05
13	0.000976589844633953
14	0.0011302145468318856
15	4.256869332099702e-05
16	0.0013511678105428593
17	0.002993313140091832
18	0.013327194928720632
19	0.03416884515602847
20	0.03890712455342853
21	1.0
22	1.0
23	1.0
24	1.0
25	0.0593369675525062
26	0.00028905010372683697
27	9.7174782204351e-06
28	6.284732873436292e-05
29	0.0015637163575655455
30	0.000650827425746295
31	0.002198897168339217
32	1.0
33	1.0
34	0.9838981538483329
35	1.0
36	1.0
37	0.013327194928720632
38	0.0011675099792966342
39	0.018438935128663837
40	0.00742923325854893
41	0.9838981538483329
42	0.1314523061326923
43	0.05296346225090932
44	0.49757237909341073
45	0.6045810297425014
46	0.699686033300596
47	1.0
48	0.9838981538483329
49	0.9838981538483329
50	0.18187177108593688
51	0.07819389939674472
52	0.5309525138815143
53	0.5484731728386688
54	0.6045810297425014
55	1.0
56	0.02390746372968351
57	0.007799981223697674
58	0.018740694914960117
59	0.030997821620274812
60	0.0015385376373511798
61	0.0006614784499805433
62	0.0015637163575655455
63	6.284732873436292e-05
64	1.5814272050877107e-05
65	0.00027981656498743596
66	0.0622981156565685
67	1.0
68	1.0
69	1.0
70	1.0
71	0.03766425891466563
72	0.030997821620274812
73	0.013766972933527001
74	0.002805128333603497
75	0.0011866166988220997
76	4.256869332099702e-05
77	0.0011302145468318856
78	0.000976589844633953
79	5.519350680993034e-05
80	0.002384812237737476
81	0.2516299796562454
82	0.699686033300596
83	0.20047693868989458
84	0.2358104055548831
85	0.37150005830873634
86	1.0
87	0.6451399456130124
88	0.6451399456130124
89	1.0
90	0.49757237909341073
91	0.8640747434825136
92	0.0037570771454724255
93	0.00018052084351761178
94	0.0001164612071689672
95	0.0015137643410159801
96	0.0022348829091087073
97	0.0008859578853748478
98	0.02314375359893927
99	0.194072818587938
100	0.7227746524257325
101	0.677334966787895
102	0.5484731728386688
103	0.5484731728386688
104	0.6045810297425014
105	0.8640747434825136
106	0.836472374499359
107	0.9220420515895166
108	0.8501615448994048
109	0.9071954723294418
110	0.9838981538483329
111	0.9371316004437404
112	0.9220420515895166
113	0.9838981538483329
114	0.9680555771461301
115	0.9371316004437404
116	0.0593369675525062
117	0.015175310452307697
118	0.015932618141390686
119	0.0997517873372933
120	0.310749535900159
121	1.0
122	1.0
123	1.0
124	1.0
125	0.35384195289533515
126	0.10472979393477025
127	0.011895693606068052
128	0.016458371314135665
129	0.02204368690561934
130	1.0
131	0.9838981538483329
132	0.5224031981891457
133	0.4895605451959158
134	0.6556978921951199
135	0.5224031981891457
136	0.42993972582911677
137	0.30082282132372057
138	0.21048152657828498
139	0.3837590186752804
140	0.06867110513305712
141	0.331596475620944
142	0.021688742850449538
143	0.10138426111191928
144	0.14968112689163354
145	0.6045810297425014
146	0.699686033300596
147	1.0
148	1.0
149	0.9524680951766598
150	0.8925879504045041
151	0.32100381758685564
152	0.331596475620944
153	0.3425386759286075
154	0.3158350635019698
155	0.4895605451959158
156	0.7967132492073021
157	0.35384195289533515
158	0.5224031981891457
159	0.05560654736795844
160	0.0934805521145213
161	0.18484816784601615
162	0.5224031981891457
163	0.9371316004437404
164	0.8925879504045041
165	0.5758441417787838
166	0.4895605451959158
167	0.14968112689163354
168	0.11358461770178933
169	0.05383022830539263
170	0.35384195289533515
171	0.4513954094697245
172	0.513991542262758
173	0.6556978921951199
174	0.677334966787895
175	0.6884197964379097
176	0.7838846950415601
177	0.9220420515895166
178	0.42993972582911677
179	0.06129500098272679
180	0.0622981156565685
181	0.20375781569034018
182	0.12933568132306184
183	0.12120455403276077
184	0.4587826572335587
185	0.5758441417787838
186	0.9838981538483329
187	1.0
188	0.9220420515895166
189	0.9680555771461301
190	0.9838981538483329
191	0.18484816784601615
192	0.019359110527732818
193	0.0003934779152423619
194	0.002628774404719928
195	0.0015637163575655455
196	0.0002229335646731631
197	0.0015893071365663276
198	0.005198130749138962
199	1.0
200	0.6451399456130124
