1	0.5396417421912961
2	0.8097517472627709
3	0.3655182215245033
4	0.09501039487561629
5	0.0061142859028680595
6	0.009950419076984445
7	0.025928821455018472
8	0.04019100294647118
9	0.10138426111191927
10	0.0472745482168648
11	0.08903724340857805
12	0.17894329980857737
13	0.16499324727369863
14	0.783884695041549
15	0.783884695041549
16	0.9220420515895165
17	0.09197534264619776
18	0.20047693868989175
19	0.2557479945175646
20	0.2320134226836728
21	0.8782156365502338
22	0.9071954723294288
23	0.8782156365502338
24	0.836472374499359
25	0.6347520014624386
26	0.5139915422627579
27	0.348144444207804
28	0.7588439508744649
29	0.348144444207804
30	0.23581040555487973
31	0.2516299796562454
32	0.4369758436353279
33	0.8501615448993927
34	0.836472374499359
35	0.9680555771461301
36	0.5224031981891384
37	0.466290799956401
38	0.35963270335587966
39	0.3370231708678045
40	0.21742711012398033
41	0.21742711012398033
42	0.7346031188276402
43	0.8925879504044913
44	0.481677716615238
45	0.21742711012398033
46	0.0472745482168648
47	0.20709238541955047
48	0.21742711012398033
49	0.3262571601860512
50	0.48956054519591574
51	0.5057153295259705
52	1.0
53	0.6347520014624386
54	0.48956054519591574
55	0.481677716615238
56	0.019359110527732544
57	0.005918968568537471
58	0.030498699465507893
59	0.5139915422627579
60	0.03202070454638286
61	0.019047393108381876
62	0.9838981538483189
63	0.010113261253784643
64	0.019359110527732544
65	0.01814203423202126
66	0.5224031981891384
67	0.4975723790934036
68	0.19094788792080647
69	0.5057153295259705
70	0.002544799723548124
71	0.0006099109471022963
72	0.0008168904262529112
73	0.09501039487561629
74	0.4739218161276063
75	0.5758441417787755
76	0.009790198959862087
77	0.001994829555235368
78	0.04651334071458661
79	0.007191910689857809
80	0.4975723790934036
81	0.6347520014624386
82	0.5224031981891384
83	0.5224031981891384
84	0.5309525138815067
85	1.0
86	0.5057153295259705
87	0.19724888986614708
88	0.699686033300586
89	0.348144444207804
90	0.3655182215245033
91	0.481677716615238
92	0.481677716615238
93	0.9838981538483189
94	0.45878265723355866
95	0.3370231708678045
96	0.02099590847766563
97	0.03766425891466509
98	0.009950419076984445
99	0.01645837131413543
100	0.10304345090533383
101	0.5057153295259705
102	0.48956054519591574
103	0.019997932954225667
104	0.02099590847766563
105	0.5484731728386688
106	0.2685108255202324
107	0.4441271100328678
108	0.9524680951766463
109	0.8501615448993927
110	0.8501615448993927
111	0.481677716615238
112	0.5139915422627579
113	0.5224031981891384
114	0.48956054519591574
115	0.481677716615238
116	0.4739218161276063
117	0.9680555771461301
118	0.6664286233595221
119	0.5396417421912961
120	0.836472374499359
121	0.8097517472627709
122	0.466290799956401
123	0.466290799956401
124	0.48956054519591574
125	0.5484731728386688
126	0.8097517472627709
127	0.8640747434825012
128	0.8782156365502338
129	0.5396417421912961
130	0.08619300005539271
131	0.10644373457266672
132	0.13579004060925665
133	0.1760619823251855
134	0.9524680951766463
135	0.20709238541955047
136	0.05383022830539262
137	0.06435386265758125
138	0.7967132492072908
139	0.783884695041549
140	0.783884695041549
141	1.0
142	1.0
143	1.0
144	1.0
145	1.0
146	0.2516299796562454
147	0.013766972933527
148	0.030498699465507893
149	0.06331764666180247
150	0.015423659850312865
151	0.00947745670446487
152	0.19407281858793524
153	0.4739218161276063
154	0.9071954723294288
155	0.27290510147824404
156	0.18484816784601352
157	0.10818572446379238
158	0.0066312440873250705
159	0.012288234154010974
160	0.8640747434825012
161	0.8501615448993927
162	0.8640747434825012
163	0.9680555771461301
164	0.9680555771461301
165	0.9680555771461301
166	0.10138426111191927
167	0.08077418408895758
168	0.10138426111191927
169	0.1597226332147545
170	0.27290510147824404
171	0.19407281858793524
172	0.08209608258032047
173	0.11358461770178932
174	0.10138426111191927
175	0.052110652730084805
176	0.10138426111191927
177	0.27290510147824404
178	0.6664286233595221
179	0.6347520014624386
180	0.26418730551764474
181	0.23581040555487973
182	0.8925879504044913
183	0.08903724340857805
184	0.0022714575694317367
185	0.06129500098272592
186	0.20047693868989175
187	0.9680555771461301
188	0.9524680951766463
189	0.937131600443727
190	0.937131600443727
191	0.10138426111191927
192	0.07569604040982106
193	0.05044600800408381
194	0.10472979393476875
195	0.8925879504044913
196	0.15715080394779135
197	0.24757827243666983
198	0.836472374499359
199	0.7588439508744649
200	0.8925879504044913
