1	0.809751747262771
2	0.07693483325865721
3	0.0807741840889576
4	0.2557479945175683
5	0.809751747262771
6	0.8364723744993472
7	0.08209608258032049
8	0.10644373457266824
9	0.13579004060925667
10	0.12933568132306
11	0.0965652740621615
12	0.10138426111191785
13	0.7967132492072909
14	0.809751747262771
15	0.14727098441461212
16	0.0472745482168648
17	0.019047393108381605
18	0.012489335512977668
19	0.013545299253376991
20	0.3158350635019698
21	0.36551822152450336
22	0.38375901867528045
23	0.8925879504044915
24	0.16233655139003125
25	0.043589121425845555
26	0.06129500098272593
27	0.06229811565656851
28	0.17322705937262783
29	0.9524680951766599
30	0.9371316004437272
31	0.9371316004437272
32	0.9524680951766599
33	0.9680555771461301
34	0.9838981538483189
35	0.6451399456130033
36	0.5758441417787756
37	0.1909478879208092
38	0.18187177108593688
39	0.27737129133826594
40	0.5948461590153628
41	0.6347520014624477
42	0.7712627042813326
43	0.566571988000515
44	0.23201342268367284
45	0.1676934209382962
46	0.8925879504044915
47	0.3481444442077991
48	0.025928821455018843
49	0.023907463729683512
50	0.004871332588256416
51	0.01311260248634491
52	0.2037578156903402
53	0.9838981538483189
54	0.9838981538483189
55	0.9680555771461301
56	0.9680555771461301
57	0.18187177108593688
58	0.0029933131400917898
59	0.0024238405452939728
60	0.014453999040223557
61	0.015175310452307484
62	0.24359180518339563
63	0.513991542262758
64	0.1336035702664378
65	0.38375901867528045
66	0.614475215120391
67	0.809751747262771
68	0.481677716615238
69	0.481677716615238
70	0.4369758436353278
71	0.40291010336057753
72	0.18187177108593688
73	0.06979493239667438
74	0.08209608258032049
75	0.176061982325188
76	0.566571988000515
77	0.7712627042813326
78	0.7588439508744758
79	0.04502749889045438
80	0.18484816784601354
81	0.8501615448994049
82	0.013992274382953428
83	0.016727718463300126
84	0.035296367236227526
85	0.07819389939674361
86	0.7967132492072909
87	0.809751747262771
88	0.1425664978143681
89	0.8640747434825014
90	0.1117556956623592
91	0.16233655139003125
92	0.9680555771461301
93	0.9838981538483189
94	0.15213071221465752
95	0.01999793295422567
96	0.019047393108381605
97	0.01999793295422567
98	0.06647744631284419
99	0.4441271100328742
100	0.9838981538483189
101	0.9838981538483189
102	0.9838981538483189
103	0.9680555771461301
104	0.4299397258291169
105	0.04430247303072529
106	0.007191910689857811
107	0.011147830387442766
108	0.0032995238968794023
109	0.1252041276287828
110	0.9371316004437272
111	0.2819105719970956
112	0.22098538275893195
113	0.17894329980857993
114	0.0336186636681455
115	0.16233655139003125
116	0.06867110513305615
117	0.06647744631284419
118	0.06229811565656851
119	0.05838153282986846
120	0.6347520014624477
121	0.2396695274125257
122	0.18484816784601354
123	0.17894329980857993
124	0.010791719379643074
125	0.02510054021835723
126	0.5224031981891384
127	0.5224031981891384
128	0.7712627042813326
129	0.481677716615238
130	0.6556978921951104
131	0.677334966787895
132	0.9838981538483189
133	0.9838981538483189
134	0.7967132492072909
135	0.7588439508744758
136	0.24359180518339563
137	0.16233655139003125
138	0.3008228213237163
139	0.15715080394779135
140	0.2139261322475594
141	0.12120455403275908
142	0.1878732744065199
143	0.23581040555488308
144	0.9680555771461301
145	0.5948461590153628
146	0.07327797408660612
147	0.01593261814139069
148	0.025928821455018843
149	0.9680555771461301
150	0.02032520629905422
151	0.01593261814139069
152	0.01843893512866384
153	0.028121083425988996
154	0.04288725609875964
155	0.9838981538483189
156	0.513991542262758
157	0.04502749889045438
158	0.03828064801966439
159	0.0358740049446916
160	0.23201342268367284
161	0.9680555771461301
162	0.9680555771461301
163	0.9838981538483189
164	0.9680555771461301
165	0.9680555771461301
166	0.9524680951766599
167	0.23201342268367284
168	0.029524436113288616
169	0.023143753598939273
170	0.03890712455342853
171	0.5057153295259778
172	0.9524680951766599
173	0.010278768401209682
174	0.0020943793974173754
175	0.003944570074838709
176	0.00873861362363561
177	0.0472745482168648
178	0.9371316004437272
179	0.010278768401209682
180	0.004141419638950832
181	0.05471117929721263
182	0.4895605451959158
183	0.9220420515895167
184	0.7227746524257326
185	0.7346031188276403
186	0.783884695041549
187	0.4513954094697245
188	0.021688742850449232
189	0.06979493239667438
190	0.15462038588001104
191	0.1336035702664378
192	0.2037578156903402
193	0.9220420515895167
194	0.09975178733729331
195	0.07819389939674361
196	0.176061982325188
197	0.3210038175868557
198	0.7967132492072909
199	0.9680555771461301
200	0.9838981538483189
