1	0.9071954723294289
2	0.7967132492072908
3	0.8782156365502214
4	0.8364723744993471
5	0.9071954723294289
6	0.9071954723294289
7	0.9524680951766462
8	0.30082282132371624
9	0.277371291338262
10	0.4299397258291107
11	0.9220420515895035
12	0.8782156365502214
13	0.8782156365502214
14	0.8640747434825012
15	0.8925879504044913
16	0.7838846950415379
17	0.746625162324361
18	0.6451399456130031
19	0.6245313223904188
20	0.7712627042813325
21	0.8097517472627594
22	0.8097517472627594
23	0.9220420515895035
24	0.9220420515895035
25	0.9071954723294289
26	0.8925879504044913
27	0.8364723744993471
28	0.8925879504044913
29	0.8782156365502214
30	0.03361866366814501
31	0.03416884515602799
32	0.061295000982725056
33	0.009790198959862089
34	0.009632558682415903
35	0.08480513362914774
36	0.6245313223904188
37	0.2959790185358471
38	0.09656527406216012
39	0.3775797899972455
40	0.15972263321475447
41	0.12120455403275907
42	0.13579004060925667
43	0.10138426111191783
44	0.3107495359001502
45	0.9838981538483048
46	0.5224031981891383
47	0.2557479945175646
48	0.14027091400017713
49	0.007550815325235522
50	0.030498699465507456
51	0.01567607357528453
52	0.8097517472627594
53	0.451395409469718
54	0.15972263321475447
55	0.04804821315291556
56	0.04151724745489865
57	0.3315964756209393
58	0.8364723744993471
59	0.8364723744993471
60	0.8501615448993927
61	0.9838981538483048
62	0.9838981538483048
63	0.548473172838661
64	0.0006944888267967083
65	0.0007532073245460689
66	0.0018694178137101424
67	0.0010941104954322774
68	0.0011302145468318693
69	0.009790198959862089
70	0.0021634908644312207
71	0.19407281858793252
72	0.47392181612760637
73	0.4975723790934037
74	0.5309525138815067
75	1.0
76	0.8501615448993927
77	0.0028976934794106525
78	0.000976589844633939
79	0.0036965812672960312
80	0.008738613623635485
81	0.9524680951766462
82	0.8097517472627594
83	0.9220420515895035
84	0.14027091400017713
85	0.2320134226836695
86	0.6245313223904188
87	1.0
88	1.0
89	0.9838981538483048
90	0.6664286233595221
91	0.5574491330158706
92	0.5139915422627507
93	0.48167771661523795
94	0.8782156365502214
95	0.6556978921951012
96	0.9371316004437137
97	0.002945115272426226
98	0.0026717952406333624
99	0.0012257733200817496
100	0.0066312440873250705
101	0.0024635075651006917
102	0.0044192508682770176
103	0.0028510352648104527
104	0.0018694178137101424
105	0.01700147357515897
106	0.02858129504156325
107	0.030997821620274372
108	0.9838981538483048
109	0.9838981538483048
110	0.9838981538483048
111	1.0
112	0.03361866366814501
113	0.029049038185277303
114	1.0
115	0.013545299253376797
116	0.00024573928273773397
117	8.837588257170736e-05
118	0.003092088110184961
119	0.12520412762878277
120	0.6996860333005761
121	0.5057153295259705
122	0.36551822152449814
123	0.2685108255202325
124	0.36551822152449814
125	0.3775797899972455
126	0.5139915422627507
127	0.19724888986614708
128	0.24757827243666633
129	0.5758441417787755
130	0.548473172838661
131	0.8782156365502214
132	0.9071954723294289
133	0.7967132492072908
134	0.7967132492072908
135	0.9838981538483048
136	0.5396417421912961
137	0.45878265723355216
138	0.40950387170122265
139	0.6664286233595221
140	0.6996860333005761
141	0.548473172838661
142	0.1760619823251855
143	0.16769342093829617
144	0.09814559940423158
145	0.2599334021689725
146	0.8097517472627594
147	0.9071954723294289
148	0.8640747434825012
149	0.8501615448993927
150	0.15972263321475447
151	0.09975178733729187
152	0.02858129504156325
153	0.19407281858793252
154	0.19724888986614708
155	0.35963270335587966
156	0.13579004060925667
157	0.1173327445069219
158	0.7967132492072908
159	0.004792895140366571
160	0.060308038307034934
161	0.040848743123738596
162	0.16499324727369627
163	0.19094788792080647
164	0.05471117929721262
165	0.8230036250150272
166	0.6144752151203823
167	0.7346031188276299
168	0.7838846950415379
169	0.8097517472627594
170	0.277371291338262
171	0.24359180518339213
172	0.07209806342155671
173	0.07209806342155671
174	0.746625162324361
175	0.6996860333005761
176	0.9838981538483048
177	0.8097517472627594
178	0.7967132492072908
179	0.10472979393476875
180	0.02858129504156325
181	0.18484816784601088
182	0.16769342093829617
183	0.8364723744993471
184	0.7967132492072908
185	0.5057153295259705
186	0.48167771661523795
187	0.47392181612760637
188	0.12933568132305814
189	0.015423659850312866
190	0.02099590847766563
191	0.022043686905619336
192	0.9838981538483048
193	0.9838981538483048
194	0.9838981538483048
195	1.0
196	1.0
197	0.034728030561276546
198	0.017562497419084194
199	0.025928821455018472
200	0.1704377839132992
