1	0.7838846950415603
2	0.7111366461700487
3	0.6884197964379098
4	0.6996860333005961
5	0.823003625015039
6	0.7227746524257428
7	0.8364723744993592
8	0.15462038588001104
9	0.1818717710859395
10	0.17606198232519052
11	0.3481444442078041
12	0.05127157501696203
13	0.11925293695084217
14	0.005283200023099469
15	0.013992274382953428
16	0.09975178733729329
17	0.23966952741252573
18	0.2475782724366699
19	0.21742711012398033
20	0.09975178733729329
21	0.0876035794134446
22	0.7346031188276403
23	0.6884197964379098
24	0.7466251623243612
25	0.5484731728386688
26	0.566571988000515
27	0.7838846950415603
28	0.7712627042813436
29	0.22098538275893195
30	0.2641873055176486
31	0.3107495359001547
32	0.8925879504045041
33	0.2557479945175683
34	0.2070923854195505
35	0.16233655139003356
36	0.3964225068633132
37	0.6451399456130124
38	0.015175310452307484
39	0.01967592931444537
40	0.7111366461700487
41	0.8925879504045041
42	0.968055577146144
43	0.22827757824649536
44	0.02592882145501848
45	0.004951053693111611
46	0.007309608887594928
47	0.0006508274257463042
48	0.001225773320081767
49	0.9838981538483189
50	0.009174704819918332
51	0.007429233258549037
52	0.009174704819918332
53	0.017562497419084444
54	0.06756537356313871
55	1.0
56	1.0
57	1.0
58	0.9838981538483189
59	0.05651656845829486
60	0.01727970878760305
61	0.0030422997831473643
62	0.0005101736581558181
63	0.01151569253937574
64	0.00047809985677179956
65	0.00014150752636944835
66	0.00047040156643291924
67	0.005283200023099469
68	0.05127157501696203
69	0.251629979656249
70	1.0
71	1.0
72	1.0
73	0.4895605451959228
74	0.28652413961186873
75	0.7838846950415603
76	0.21742711012398033
77	0.012693727967806585
78	0.004009124378788922
79	0.015676073575284756
80	0.013992274382953428
81	0.022404439747548986
82	0.1212045540327608
83	1.0
84	1.0
85	0.677334966787895
86	0.3900393726467364
87	0.5852680376789873
88	0.6347520014624478
89	0.6245313223904277
90	0.00193110587640156
91	0.004209195456615611
92	0.0934805521145213
93	0.277371291338266
94	0.020657835589543778
95	0.6451399456130124
96	0.6347520014624478
97	0.6556978921951105
98	0.7466251623243612
99	0.8097517472627825
100	0.7111366461700487
101	0.7346031188276403
102	0.7346031188276403
103	0.7466251623243612
104	0.8364723744993592
105	0.15972263321475677
106	0.060308038307035794
107	0.08209608258032165
108	0.06756537356313871
109	0.14489964968096347
110	0.9371316004437404
111	0.968055577146144
112	0.513991542262758
113	0.3210038175868557
114	0.23581040555488308
115	0.22827757824649536
116	0.5484731728386688
117	0.2959790185358471
118	0.1472709844146142
119	0.2004769386898946
120	0.9071954723294419
121	0.823003625015039
122	0.14968112689163354
123	0.098145599404233
124	0.07819389939674472
125	0.09049436982916183
126	0.029524436113289036
127	0.07327797408660718
128	0.8782156365502339
129	0.823003625015039
130	0.23581040555488308
131	0.11733274450692524
132	0.1081857244637924
133	0.09049436982916183
134	0.7967132492073022
135	0.7346031188276403
136	0.7967132492073022
137	0.2557479945175683
138	0.22098538275893195
139	0.05651656845829486
140	0.022771096439116737
141	0.022404439747548986
142	0.05560654736795844
143	0.8640747434825136
144	0.0336186636681455
145	0.16233655139003356
146	0.513991542262758
147	0.8501615448994049
148	0.8501615448994049
149	0.8097517472627825
150	0.6245313223904277
151	0.1013842611119193
152	0.11175569566235918
153	1.0
154	0.17043778391330167
155	0.17043778391330167
156	0.19407281858793526
157	0.18484816784601354
158	0.21392613224755938
159	0.11544347070631858
160	0.7227746524257428
161	0.08209608258032165
162	0.014453999040223561
163	0.15972263321475677
164	0.8097517472627825
165	0.19724888986614994
166	0.8640747434825136
167	0.8640747434825136
168	0.0184389351286641
169	0.03954385360034591
170	0.14027091400017913
171	0.17322705937262783
172	0.2070923854195505
173	0.18787327440652254
174	0.677334966787895
175	0.677334966787895
176	0.19407281858793526
177	0.09501039487561899
178	0.17043778391330167
179	0.3964225068633132
180	0.6451399456130124
181	0.6664286233595222
182	0.6451399456130124
183	0.6996860333005961
184	0.7346031188276403
185	0.9371316004437404
186	0.8640747434825136
187	0.8364723744993592
188	0.823003625015039
189	0.7111366461700487
190	0.5758441417787838
191	0.47392181612761314
192	0.4816777166152449
193	0.6045810297425099
194	0.7346031188276403
195	0.8501615448994049
196	0.8501615448994049
197	0.8640747434825136
198	0.9371316004437404
199	0.968055577146144
200	0.9838981538483189
