1	1.0
2	0.1704377839133016
3	0.16499324727369863
4	1.0
5	0.9680555771461301
6	0.05838153282986845
7	0.026353155917209006
8	0.005032079462438764
9	0.003299523896879449
10	0.0370577948122046
11	0.9371316004437271
12	0.9371316004437271
13	0.03202070454638286
14	0.019047393108381876
15	0.9371316004437271
16	0.04019100294647119
17	0.010617952774480095
18	0.07209806342155774
19	0.007191910689857811
20	0.005918968568537472
21	0.05383022830539262
22	0.9371316004437271
23	0.1425664978143681
24	0.13360357026643777
25	0.0046397888713085094
26	0.00046282723278070657
27	0.1704377839133016
28	0.1909478879208092
29	0.009026975134420792
30	0.6996860333005861
31	0.022771096439116734
32	0.014690543918280431
33	0.08903724340857933
34	0.27290510147824404
35	1.0
36	1.0
37	1.0
38	0.9071954723294419
39	0.9838981538483189
40	0.38375901867528034
41	0.1272531380804732
42	0.45878265723355866
43	0.5396417421912961
44	0.37757978999725084
45	0.29121320991525734
46	0.5484731728386688
47	0.11175569566235918
48	0.11358461770178932
49	0.1380122933233906
50	0.5574491330158785
51	0.6664286233595221
52	0.9371316004437271
53	0.5396417421912961
54	0.6556978921951104
55	0.9071954723294419
56	0.9071954723294419
57	0.8782156365502338
58	0.4299397258291168
59	0.24757827243666988
60	0.3008228213237205
61	0.8640747434825136
62	0.746625162324361
63	0.5665719880005149
64	0.1099562226442282
65	0.13360357026643777
66	0.466290799956401
67	0.7712627042813435
68	0.6664286233595221
69	0.6556978921951104
70	0.5224031981891384
71	0.40950387170122843
72	0.783884695041549
73	0.466290799956401
74	0.025100540218357226
75	0.03766425891466563
76	0.10644373457266823
77	0.466290799956401
78	0.5057153295259778
79	0.45139540946972445
80	0.6664286233595221
81	0.5057153295259778
82	0.29121320991525734
83	0.5309525138815142
84	0.7346031188276403
85	0.9371316004437271
86	0.24359180518339563
87	0.24757827243666988
88	0.2599334021689762
89	0.3262571601860513
90	0.31583506350196977
91	0.23581040555488308
92	0.0934805521145213
93	0.00932485215470036
94	0.012693727967806582
95	0.14489964968096344
96	0.7967132492073021
97	0.7712627042813435
98	0.746625162324361
99	0.7111366461700486
100	0.18187177108593688
101	0.08343961441458082
102	0.45139540946972445
103	0.5758441417787838
104	0.5758441417787838
105	0.3262571601860513
106	0.3262571601860513
107	0.31583506350196977
108	0.6347520014624477
109	0.08480513362914895
110	0.1732270593726278
111	0.045027498890454376
112	0.061295000982725924
113	0.154620385880011
114	0.8925879504044915
115	0.9838981538483189
116	0.9680555771461301
117	0.9680555771461301
118	0.9838981538483189
119	0.24757827243666988
120	0.16769342093829856
121	0.15715080394779135
122	0.14027091400017713
123	0.23966952741252573
124	0.9680555771461301
125	0.746625162324361
126	0.8501615448994048
127	0.8925879504044915
128	0.7712627042813435
129	0.809751747262771
130	0.823003625015039
131	0.5396417421912961
132	0.4299397258291168
133	0.18187177108593688
134	0.15972263321475674
135	0.27290510147824404
136	0.39642250686330754
137	0.6884197964379097
138	0.8925879504044915
139	0.9838981538483189
140	0.8925879504044915
141	0.6347520014624477
142	0.6556978921951104
143	0.809751747262771
144	0.9371316004437271
145	0.7227746524257325
146	0.6996860333005861
147	0.6451399456130124
148	0.9838981538483189
149	0.9071954723294419
150	0.07327797408660612
151	0.07693483325865721
152	0.05651656845829485
153	0.11733274450692355
154	0.10472979393477024
155	0.24757827243666988
156	0.9371316004437271
157	0.9524680951766599
158	0.9220420515895166
159	0.9071954723294419
160	0.9680555771461301
161	0.9838981538483189
162	0.23966952741252573
163	0.11358461770178932
164	0.08760357941344458
165	0.022771096439116734
166	0.031505112088109015
167	0.014453999040223557
168	0.01700147357515921
169	0.6996860333005861
170	0.7227746524257325
171	0.04804821315291624
172	0.0020274756563298415
173	0.030007614098887924
174	0.03049869946550789
175	0.02204368690561934
176	0.04963373414423629
177	0.9524680951766599
178	0.07327797408660612
179	0.09501039487561765
180	1.0
181	1.0
182	0.9680555771461301
183	0.05651656845829485
184	0.026353155917209006
185	0.0290490381852773
186	0.08209608258032047
187	0.09975178733729329
188	0.9680555771461301
189	0.9838981538483189
190	0.9838981538483189
191	0.9838981538483189
192	0.2320134226836728
193	0.22827757824649536
194	0.8782156365502338
195	0.8782156365502338
196	0.9524680951766599
197	0.9524680951766599
198	0.9524680951766599
199	1.0
200	1.0
