1	0.9524680951766462
2	0.04576439005839962
3	0.04288725609875903
4	0.06867110513305516
5	0.07327797408660716
6	0.12120455403275905
7	0.02277109643911641
8	0.014930959938100216
9	0.0007655338325415601
10	0.0036965812672960312
11	0.012693727967806401
12	0.016193361151327752
13	0.07093715149650866
14	0.18187177108593688
15	0.9838981538483049
16	0.6556978921951012
17	0.9838981538483049
18	0.0069621692536537255
19	0.003520875718327124
20	0.008189230970776997
21	0.007309608887594822
22	0.005729890533725345
23	0.013545299253376799
24	0.029049038185277303
25	0.03828064801966439
26	0.02099590847766563
27	0.06331764666180247
28	0.3900393726467308
29	0.9220420515895035
30	0.07093715149650866
31	0.0034084033755650083
32	0.004715720680195249
33	0.005918968568537387
34	0.020657835589543483
35	0.08209608258032047
36	0.04288725609875903
37	0.13579004060925665
38	0.48956054519590886
39	0.9838981538483049
40	1.0
41	1.0
42	0.49757237909340374
43	0.1448996496809614
44	0.03705779481220407
45	0.04651334071458661
46	0.9524680951766462
47	0.009790198959862087
48	0.005198130749138888
49	0.0031426912410505493
50	0.006419412822152425
51	0.06867110513305516
52	0.13579004060925665
53	0.05651656845829405
54	0.012288234154010974
55	0.013545299253376799
56	0.07447719441285068
57	0.9838981538483049
58	0.9838981538483049
59	1.0
60	1.0
61	0.9838981538483049
62	1.0
63	0.07569604040982106
64	0.012288234154010974
65	0.008057369233584848
66	0.058381532829868445
67	0.19724888986614708
68	0.9838981538483049
69	0.3775797899972455
70	0.061295000982725924
71	0.015932618141390686
72	0.03828064801966439
73	0.37150005830873106
74	0.3425386759286026
75	0.3262571601860513
76	0.018438935128663837
77	0.0046397888713085094
78	0.00381856306039134
79	0.004565079704726418
80	0.019675929314445093
81	0.6556978921951012
82	0.9371316004437271
83	0.1135846177017893
84	0.01567607357528453
85	0.0101132612537845
86	0.005369661486237395
87	0.002234882909108675
88	0.058381532829868445
89	0.005729890533725345
90	0.010446984132459453
91	0.5484731728386609
92	0.9838981538483049
93	1.0
94	0.9838981538483049
95	0.9524680951766462
96	0.9220420515895035
97	0.9524680951766462
98	0.35963270335587966
99	0.21048152657828498
100	0.10818572446379085
101	0.09814559940423158
102	0.13801229332338863
103	0.8782156365502214
104	0.1472709844146121
105	0.10304345090533237
106	0.2070923854195475
107	0.9524680951766462
108	0.8640747434825014
109	0.8640747434825014
110	0.8230036250150272
111	0.8782156365502214
112	0.06647744631284325
113	0.05651656845829405
114	0.04358912142584555
115	0.1496811268916314
116	0.8640747434825014
117	0.8640747434825014
118	0.9680555771461301
119	0.8925879504044913
120	0.8640747434825014
121	0.8925879504044913
122	0.16499324727369863
123	0.20047693868989175
124	0.16769342093829617
125	0.16233655139003125
126	0.9371316004437271
127	0.9220420515895035
128	0.8925879504044913
129	0.11175569566235759
130	0.07819389939674361
131	0.17043778391329922
132	0.16769342093829617
133	0.13145230613269043
134	0.12933568132305814
135	0.12318811002814695
136	0.277371291338262
137	0.8230036250150272
138	0.3481444442077991
139	0.022404439747548664
140	0.08343961441457963
141	0.015175310452307265
142	0.023522509426831244
143	0.9371316004437271
144	0.9371316004437271
145	0.9220420515895035
146	0.10644373457266672
147	0.18787327440651988
148	0.9220420515895035
149	0.11544347070631691
150	0.016193361151327752
151	0.005918968568537387
152	0.0028976934794106525
153	0.0032463954707180544
154	0.006524468815236718
155	0.0021634908644312207
156	0.008189230970776997
157	0.4095038717012226
158	0.6144752151203823
159	0.2246018878016919
160	0.23966952741252232
161	0.2959790185358471
162	0.746625162324361
163	0.6884197964379
164	0.16769342093829617
165	0.1909478879208065
166	0.030997821620274372
167	0.08760357941344458
168	0.07947357060372849
169	0.9680555771461301
170	0.9680555771461301
171	0.9680555771461301
172	0.9680555771461301
173	0.9680555771461301
174	0.9838981538483049
175	0.10818572446379085
176	0.061295000982725924
177	0.4369758436353278
178	0.5665719880005069
179	0.20047693868989175
180	0.21742711012397725
181	0.02390746372968317
182	0.03416884515602799
183	0.22098538275893193
184	0.02766828206704473
185	0.0033535217887887894
186	0.00206065602257691
187	0.0048713325882563455
188	0.006524468815236718
189	0.0044192508682770176
190	0.005283200023099392
191	0.009324852154700226
192	0.11925293695084045
193	0.11544347070631691
194	0.13579004060925665
195	0.9071954723294288
196	0.9220420515895035
197	0.9680555771461301
198	1.0
199	1.0
200	1.0
