1	0.16499324727369863
2	0.006015834611932685
3	0.0022714575694317367
4	0.0007410792960859194
5	0.27737129133826594
6	0.31074953590015464
7	0.40950387170122843
8	0.1357900406092586
9	0.9524680951766598
10	0.8925879504044913
11	1.0
12	0.02352250942683158
13	0.0029933131400918323
14	0.04651334071458661
15	0.000661478449980534
16	0.0009608649452023765
17	0.027222771645920248
18	0.13145230613269226
19	0.12520412762878458
20	0.06435386265758125
21	0.9524680951766598
22	0.8782156365502339
23	0.9371316004437403
24	0.9220420515895166
25	0.031505112088109015
26	0.008459463654885604
27	0.018438935128663837
28	0.024696375181437503
29	0.12933568132305998
30	0.9838981538483188
31	0.9071954723294418
32	0.06030803830703579
33	0.004009124378788921
34	0.00021934392271274997
35	0.001994829555235368
36	0.003637059484442844
37	0.00611428590286806
38	0.007799981223697674
39	0.012288234154010974
40	0.16499324727369863
41	0.9838981538483188
42	0.4299397258291168
43	0.32625716018605594
44	0.3655182215245033
45	1.0
46	1.0
47	0.8925879504044913
48	0.9524680951766598
49	0.8782156365502339
50	0.8230036250150389
51	0.7588439508744758
52	0.8640747434825136
53	0.9524680951766598
54	0.43697584363533404
55	0.40291010336058325
56	0.3775797899972509
57	0.783884695041549
58	0.7967132492072908
59	0.8097517472627824
60	0.09348055211451997
61	0.012288234154010974
62	0.007191910689857912
63	0.002671795240633401
64	0.004209195456615611
65	0.004209195456615611
66	0.012288234154010974
67	0.008881624169591424
68	0.06867110513305613
69	0.9524680951766598
70	0.9371316004437403
71	0.8501615448994048
72	0.9680555771461439
73	0.21392613224755938
74	0.05838153282986845
75	0.012489335512977668
76	0.012489335512977668
77	0.09975178733729329
78	0.9371316004437403
79	0.9371316004437403
80	0.9220420515895166
81	0.9220420515895166
82	0.03529636723622802
83	0.04288725609875964
84	0.04651334071458661
85	0.3900393726467363
86	0.32625716018605594
87	0.305745894681384
88	0.2729051014782441
89	0.19724888986614708
90	0.08343961441458081
91	0.13145230613269226
92	0.6664286233595221
93	0.47392181612760637
94	0.6664286233595221
95	0.06435386265758125
96	0.013545299253376991
97	0.013112602486345095
98	0.020657835589543774
99	0.02352250942683158
100	0.03828064801966493
101	0.9680555771461439
102	1.0
103	0.9680555771461439
104	0.9680555771461439
105	0.03202070454638286
106	0.0330773411179359
107	0.02352250942683158
108	0.03254473486014822
109	0.03049869946550789
110	0.27737129133826594
111	0.7967132492072908
112	0.9371316004437403
113	0.7712627042813436
114	0.9838981538483188
115	0.41620554942555466
116	0.2959790185358471
117	0.22098538275893193
118	0.04288725609875964
119	0.05127157501696203
120	0.07447719441285175
121	0.3315964756209393
122	0.6245313223904277
123	0.23581040555488308
124	0.03890712455342798
125	0.009026975134420792
126	0.019997932954225667
127	0.020657835589543774
128	0.9838981538483188
129	0.9838981538483188
130	1.0
131	0.9838981538483188
132	0.9220420515895166
133	0.9371316004437403
134	0.9220420515895166
135	0.03954385360034591
136	0.01096832973761928
137	0.022404439747548983
138	0.07819389939674361
139	0.9680555771461439
140	0.9680555771461439
141	1.0
142	0.9524680951766598
143	0.9371316004437403
144	0.04151724745489865
145	0.03828064801966493
146	0.04288725609875964
147	0.10138426111191928
148	0.9838981538483188
149	0.9838981538483188
150	0.9220420515895166
151	0.9838981538483188
152	0.9838981538483188
153	0.9680555771461439
154	0.9680555771461439
155	0.04430247303072529
156	0.045027498890454376
157	0.019675929314445374
158	0.2004769386898946
159	0.39642250686330754
160	0.48956054519591574
161	0.4975723790934037
162	0.6884197964379097
163	0.746625162324361
164	0.7588439508744758
165	0.8097517472627824
166	0.7588439508744758
167	0.7967132492072908
168	0.6773349667878948
169	0.5396417421913038
170	0.5852680376789872
171	0.746625162324361
172	0.8097517472627824
173	0.8501615448994048
174	0.04430247303072529
175	0.031505112088109015
176	0.025928821455018472
177	0.024298717947761454
178	0.01096832973761928
179	0.03766425891466563
180	0.8925879504044913
181	0.16499324727369863
182	0.06979493239667438
183	0.013766972933527001
184	0.007429233258549036
185	0.02551131956105572
186	0.019359110527732544
187	0.1472709844146142
188	0.9838981538483188
189	0.9838981538483188
190	0.9838981538483188
191	0.9524680951766598
192	0.9680555771461439
193	1.0
194	0.9838981538483188
195	0.9680555771461439
196	0.9838981538483188
197	0.9680555771461439
198	0.9838981538483188
199	0.9838981538483188
200	1.0
