1	0.9838981538483329
2	0.9680555771461439
3	0.9524680951766598
4	0.9524680951766598
5	0.9524680951766598
6	0.8782156365502464
7	0.29597901853585135
8	0.03361866366814549
9	0.03416884515602848
10	0.050446008004084525
11	0.8097517472627824
12	0.836472374499359
13	0.8097517472627824
14	0.8782156365502464
15	0.9524680951766598
16	0.9680555771461439
17	0.9524680951766598
18	0.028121083425988992
19	0.011515692539375738
20	0.030997821620274812
21	0.09814559940423298
22	0.1732270593726278
23	0.4587826572335587
24	0.45139540946973084
25	0.4587826572335587
26	0.6451399456130125
27	0.836472374499359
28	0.20709238541955047
29	0.2037578156903431
30	0.8925879504044915
31	0.9371316004437404
32	0.9220420515895166
33	0.8640747434825137
34	0.8925879504044915
35	0.836472374499359
36	0.9680555771461439
37	0.9371316004437404
38	0.06030803830703579
39	0.0769348332586583
40	0.8097517472627824
41	0.3900393726467363
42	0.5852680376789872
43	0.566571988000523
44	0.8782156365502464
45	0.823003625015039
46	0.8501615448994049
47	0.27737129133826594
48	0.26851082552023625
49	0.2641873055176485
50	0.176061982325188
51	0.15213071221465968
52	0.823003625015039
53	0.0781938993967436
54	0.09197534264619907
55	0.127253138080475
56	0.10304345090533529
57	0.21742711012398033
58	0.9371316004437404
59	0.30574589468138835
60	0.25993340216897615
61	0.3425386759286123
62	0.9680555771461439
63	0.9524680951766598
64	0.9371316004437404
65	0.9680555771461439
66	0.9838981538483329
67	0.9220420515895166
68	0.9371316004437404
69	0.836472374499359
70	0.9371316004437404
71	0.9524680951766598
72	0.9524680951766598
73	0.3964225068633132
74	0.43697584363533404
75	0.4299397258291168
76	0.9220420515895166
77	0.836472374499359
78	0.836472374499359
79	0.13801229332339254
80	0.059336967552507044
81	0.01784991398793898
82	0.010791719379643228
83	0.01935911052773282
84	0.30082282132372057
85	0.27737129133826594
86	0.34814444420780405
87	0.34814444420780405
88	0.35963270335588476
89	0.35963270335588476
90	0.35963270335588476
91	0.24757827243667338
92	0.03828064801966494
93	0.0033535217887888376
94	0.00652446881523681
95	0.0011120160060804065
96	0.004141419638950891
97	0.0033535217887888376
98	0.07209806342155774
99	0.08619300005539395
100	0.8782156365502464
101	0.7588439508744865
102	0.8640747434825137
103	0.7712627042813435
104	0.9220420515895166
105	0.9220420515895166
106	0.7967132492072908
107	0.6045810297425099
108	0.9680555771461439
109	0.9680555771461439
110	0.9680555771461439
111	0.11358461770179093
112	0.055606547367958434
113	0.04288725609876025
114	0.009950419076984587
115	0.009324852154700492
116	0.011704150977755606
117	0.06647744631284513
118	0.1732270593726278
119	0.505715329525985
120	0.7588439508744865
121	0.6884197964379097
122	0.6556978921951198
123	0.5852680376789872
124	0.2729051014782479
125	0.33702317086780925
126	0.22827757824649858
127	0.25162997965624895
128	0.030997821620274812
129	0.04288725609876025
130	0.05651656845829486
131	0.1972488898661499
132	0.7588439508744865
133	0.7346031188276507
134	0.7967132492072908
135	0.2641873055176485
136	0.0934805521145213
137	0.07209806342155774
138	0.30574589468138835
139	0.21742711012398033
140	0.2729051014782479
141	0.2729051014782479
142	0.2819105719970996
143	0.6773349667879045
144	0.12933568132305998
145	0.26851082552023625
146	0.13360357026643777
147	0.31074953590015464
148	0.30082282132372057
149	0.6884197964379097
150	0.5948461590153626
151	0.5396417421913038
152	0.699686033300596
153	0.746625162324361
154	0.9680555771461439
155	0.823003625015039
156	0.8782156365502464
157	0.7227746524257427
158	0.10644373457266974
159	0.0934805521145213
160	0.015423659850313083
161	0.041517247454899826
162	0.6451399456130125
163	0.5852680376789872
164	0.14027091400017913
165	0.22098538275893506
166	0.18787327440652254
167	0.8640747434825137
168	0.9680555771461439
169	0.26851082552023625
170	0.7712627042813435
171	0.7346031188276507
172	0.8782156365502464
173	0.8782156365502464
174	0.9371316004437404
175	0.7111366461700486
176	0.01784991398793898
177	0.5948461590153626
178	0.614475215120391
179	0.18484816784601615
180	0.18187177108593947
181	0.16499324727370096
182	0.6245313223904276
183	0.41620554942555466
184	0.035296367236228025
185	0.014930959938100641
186	0.017562497419084444
187	0.4095038717012343
188	0.823003625015039
189	0.45139540946973084
190	0.3964225068633132
191	0.024298717947761457
192	0.009632558682416177
193	0.012693727967806582
194	0.007076107650393189
195	0.045764390058400266
196	0.30082282132372057
197	0.2819105719970996
198	0.7111366461700486
199	0.7712627042813435
200	0.7967132492072908
