1	0.4895605451959193
2	0.4895605451959193
3	0.7111366461700386
4	0.6245313223904233
5	0.0220436869056195
6	0.00038714219438704524
7	0.0011675099792966424
8	0.009790198959862158
9	0.6347520014624478
10	0.6245313223904233
11	0.6347520014624478
12	0.6556978921951152
13	1.0
14	0.3715000583087311
15	0.22460188780169357
16	0.05560654736795844
17	0.08619300005539274
18	0.021688742850449232
19	0.10472979393476876
20	0.34814444420780405
21	0.7111366461700386
22	0.8364723744993532
23	0.8640747434825075
24	0.8782156365502403
25	0.6664286233595222
26	0.6664286233595222
27	0.7111366461700386
28	0.5948461590153626
29	0.436975843635331
30	0.4513954094697277
31	0.3964225068633104
32	0.4895605451959193
33	0.5309525138815068
34	0.6347520014624478
35	0.5948461590153626
36	0.6773349667878997
37	0.7346031188276403
38	0.8364723744993532
39	0.2139261322475594
40	0.1818717710859382
41	0.16233655139003242
42	0.23966952741252573
43	0.3775797899972536
44	0.3210038175868557
45	0.40291010336058036
46	0.3425386759286075
47	0.3775797899972536
48	0.33702317086780686
49	0.4895605451959193
50	0.8097517472627768
51	0.436975843635331
52	0.3008228213237184
53	0.5396417421913
54	0.5758441417787837
55	0.8364723744993532
56	0.14489964968096347
57	0.05211065273008482
58	0.04151724745489895
59	0.017562497419084448
60	0.5948461590153626
61	0.1336035702664378
62	0.04502749889045438
63	0.13145230613269135
64	0.20375781569034165
65	0.5758441417787837
66	1.0
67	1.0
68	0.9838981538483189
69	0.4299397258291169
70	0.18484816784601354
71	0.14489964968096347
72	0.14968112689163354
73	0.2557479945175683
74	0.9838981538483189
75	0.15972263321475677
76	0.14027091400017713
77	0.1521307122146586
78	0.23201342268367284
79	0.7712627042813436
80	0.6996860333005911
81	0.3715000583087311
82	0.3715000583087311
83	0.6773349667878997
84	0.3262571601860536
85	0.2004769386898946
86	0.22460188780169357
87	0.5224031981891422
88	0.17606198232518677
89	0.10644373457266901
90	0.15972263321475677
91	0.5396417421913
92	0.5484731728386727
93	0.2599334021689762
94	0.2685108255202363
95	0.34814444420780405
96	0.5948461590153626
97	0.8364723744993532
98	0.8501615448994049
99	0.9524680951766598
100	0.513991542262758
101	0.35963270335588476
102	0.24757827243666988
103	0.49757237909340374
104	0.6664286233595222
105	0.35963270335588476
106	0.29121320991525945
107	0.10644373457266901
108	0.2865241396118688
109	0.3425386759286075
110	0.47392181612760975
111	0.9680555771461371
112	0.9524680951766598
113	0.8925879504044915
114	0.9220420515895167
115	0.8782156365502403
116	0.7588439508744759
117	0.4299397258291169
118	0.6664286233595222
119	0.06229811565656762
120	0.17322705937262783
121	0.08480513362914956
122	0.2139261322475594
123	0.22460188780169357
124	0.12725313808047412
125	0.44412711003286787
126	0.25162997965624717
127	0.6996860333005911
128	0.5484731728386727
129	0.3964225068633104
130	0.4895605451959193
131	0.2004769386898946
132	0.1972488898661485
133	0.2004769386898946
134	0.08343961441458082
135	0.8782156365502403
136	0.8640747434825075
137	0.8640747434825075
138	0.5758441417787837
139	0.5574491330158786
140	0.6884197964379098
141	0.2959790185358493
142	0.513991542262758
143	0.40291010336058036
144	0.3837590186752804
145	0.07209806342155774
146	0.08343961441458082
147	0.1252041276287846
148	0.1252041276287846
149	0.0794735706037302
150	0.47392181612760975
151	0.3964225068633104
152	0.44412711003286787
153	0.566571988000519
154	0.6045810297425057
155	0.31583506350196755
156	0.2959790185358493
157	0.44412711003286787
158	0.15715080394779024
159	0.5057153295259814
160	0.49757237909340374
161	0.5057153295259814
162	0.5057153295259814
163	0.5057153295259814
164	0.49757237909340374
165	0.05933696755250663
166	0.00917470481991827
167	0.07447719441285175
168	0.5484731728386727
169	0.9838981538483189
170	0.6556978921951152
171	0.42301690250932344
172	0.3775797899972536
173	0.41620554942555466
174	0.35963270335588476
175	0.013112602486345003
176	0.015423659850312977
177	0.07447719441285175
178	0.22098538275893354
179	0.4587826572335587
180	0.228277578246497
181	0.20709238541955047
182	0.18787327440652124
183	0.7838846950415547
184	0.42301690250932344
185	0.49757237909340374
186	0.5396417421913
187	0.7111366461700386
188	0.7712627042813436
189	0.5057153295259814
190	0.466290799956401
191	0.10995622264422901
192	0.05127157501696167
193	0.046513340714586626
194	0.060308038307035794
195	0.11925293695084217
196	0.5758441417787837
197	0.31583506350196755
198	0.3775797899972536
199	0.7967132492072908
200	0.9524680951766598
