1	0.9524680951766531
2	0.06867110513305712
3	0.008189230970777055
4	0.03416884515602848
5	0.5057153295259778
6	0.809751747262771
7	0.9838981538483259
8	0.9838981538483259
9	0.5224031981891458
10	0.01700147357515921
11	0.03202070454638309
12	0.23201342268367448
13	0.28652413961186673
14	0.07327797408660716
15	0.09049436982916181
16	0.24359180518339907
17	0.809751747262771
18	0.47392181612760975
19	0.4895605451959193
20	0.48167771661524145
21	0.5948461590153669
22	0.9220420515895167
23	0.8230036250150449
24	0.6996860333005961
25	0.3775797899972509
26	0.4299397258291138
27	0.35384195289533266
28	0.1878732744065199
29	0.45139540946972445
30	0.5484731728386727
31	0.5665719880005149
32	0.32100381758685337
33	0.3370231708678045
34	0.1972488898661499
35	0.14256649781436806
36	0.3715000583087337
37	0.3481444442078041
38	0.06229811565656806
39	0.0330773411179359
40	0.07209806342155825
41	0.19094788792080788
42	0.6347520014624433
43	0.45139540946972445
44	0.23201342268367448
45	0.27737129133826793
46	0.29597901853584924
47	0.3715000583087337
48	0.809751747262771
49	0.8925879504044915
50	0.8640747434825014
51	0.9524680951766531
52	0.9838981538483259
53	0.8782156365502402
54	0.8640747434825014
55	0.8782156365502402
56	0.9680555771461301
57	0.9838981538483259
58	0.8925879504044915
59	0.8925879504044915
60	0.8364723744993591
61	0.8230036250150449
62	0.7712627042813436
63	0.7967132492072965
64	0.8640747434825014
65	0.7227746524257325
66	0.6347520014624433
67	0.6451399456130033
68	0.2641873055176467
69	0.22460188780169194
70	0.19407281858793526
71	0.40291010336057753
72	0.9838981538483259
73	0.9838981538483259
74	0.9680555771461301
75	0.9524680951766531
76	0.9371316004437404
77	0.9371316004437404
78	0.9680555771461301
79	0.9524680951766531
80	0.00742923325854893
81	0.005369661486237471
82	0.019997932954225812
83	0.1252041276287837
84	0.9071954723294418
85	0.8925879504044915
86	0.9680555771461301
87	0.9838981538483259
88	1.0
89	0.4975723790934073
90	0.41620554942555466
91	0.3158350635019698
92	0.3715000583087337
93	0.9680555771461301
94	0.9371316004437404
95	0.9371316004437404
96	0.9524680951766531
97	0.9838981538483259
98	0.9371316004437404
99	0.9220420515895167
100	0.9371316004437404
101	0.7588439508744704
102	0.7712627042813436
103	0.9371316004437404
104	0.05127157501696203
105	0.11733274450692356
106	0.14256649781436806
107	0.24757827243667163
108	0.3315964756209417
109	0.27290510147824604
110	0.39642250686331043
111	0.9838981538483259
112	0.7111366461700437
113	0.677334966787895
114	0.14256649781436806
115	0.010446984132459527
116	0.013992274382953328
117	0.0017518905076602614
118	0.0025447997235481428
119	0.006962169253653824
120	0.02204368690561934
121	0.40950387170123137
122	0.746625162324361
123	0.9680555771461301
124	0.7588439508744704
125	0.7346031188276455
126	0.7346031188276455
127	0.746625162324361
128	0.9524680951766531
129	0.9071954723294418
130	0.5139915422627617
131	0.10644373457266824
132	0.10995622264422977
133	0.07693483325865776
134	0.09814559940423298
135	0.1252041276287837
136	0.021688742850449385
137	0.09814559940423298
138	0.05383022830539301
139	0.046513340714586945
140	0.09049436982916181
141	0.2358104055548831
142	0.3900393726467364
143	0.228277578246497
144	0.04288725609875994
145	0.010617952774480095
146	0.011895693606068052
147	0.9838981538483259
148	0.9838981538483259
149	1.0
150	1.0
151	0.014453999040223662
152	0.009790198959862158
153	0.01967592931444509
154	0.046513340714586945
155	0.11925293695084131
156	0.5758441417787797
157	0.6556978921951152
158	0.6664286233595269
159	0.6664286233595269
160	0.23201342268367448
161	0.1972488898661499
162	0.24359180518339907
163	0.1252041276287837
164	0.09348055211452064
165	0.1380122933233916
166	0.06229811565656806
167	0.07209806342155825
168	0.19094788792080788
169	0.8782156365502402
170	0.8501615448993988
171	0.9680555771461301
172	0.8640747434825014
173	0.8640747434825014
174	0.9371316004437404
175	0.9680555771461301
176	0.30574589468138624
177	0.17322705937262906
178	0.15462038588001212
179	0.1472709844146142
180	0.14256649781436806
181	0.10644373457266824
182	0.0807741840889576
183	0.2004769386898932
184	0.239669527412524
185	0.5396417421912961
186	0.5574491330158785
187	0.7588439508744704
188	0.6347520014624433
189	0.7838846950415602
190	0.677334966787895
191	0.7111366461700437
192	0.6556978921951152
193	0.7838846950415602
194	0.046513340714586945
195	0.03150511208810879
196	0.03000761409888814
197	0.0664774463128437
198	0.24757827243667163
199	0.6245313223904277
200	0.7712627042813436
