1	0.013112602486344908
2	0.017849913987938726
3	0.00022658195241163974
4	0.0002022443205017535
5	0.018142034232021265
6	0.015676073575284534
7	0.699686033300596
8	0.4230169025093144
9	0.9371316004437406
10	0.6045810297425014
11	0.6556978921951105
12	0.6773349667878948
13	0.9838981538483189
14	0.746625162324361
15	0.5948461590153626
16	0.7227746524257325
17	0.9838981538483189
18	0.9680555771461301
19	0.5574491330158785
20	0.5224031981891458
21	0.032544734860148215
22	0.007799981223697563
23	0.4369758436353279
24	0.4587826572335587
25	0.4587826572335587
26	0.08480513362914896
27	0.08209608258032164
28	0.08209608258032164
29	0.2358104055548831
30	0.6664286233595221
31	0.8640747434825136
32	0.9838981538483189
33	0.3837590186752804
34	0.3964225068633075
35	0.3370231708678044
36	0.2516299796562454
37	0.176061982325188
38	0.25574799451756824
39	0.8364723744993591
40	0.41620554942555466
41	0.8501615448993927
42	0.2959790185358471
43	0.09814559940423298
44	0.11544347070631857
45	0.18484816784601352
46	0.2685108255202325
47	0.05560654736795765
48	0.09197534264619776
49	0.9371316004437406
50	0.9838981538483189
51	0.10472979393476875
52	0.06540703669975811
53	0.07569604040982214
54	1.0
55	1.0
56	0.05383022830539263
57	0.02032520629905422
58	0.027668282067044733
59	0.3837590186752804
60	0.07947357060372963
61	0.08077418408895759
62	0.9680555771461301
63	0.7111366461700386
64	0.9071954723294418
65	0.9071954723294418
66	0.9220420515895166
67	0.4230169025093144
68	0.21392613224755633
69	0.6347520014624387
70	0.03828064801966439
71	0.024696375181437153
72	0.059336967552506205
73	0.10304345090533384
74	0.9680555771461301
75	0.9071954723294418
76	0.00707610765039319
77	0.0045650797047264175
78	0.04576439005840027
79	0.9071954723294418
80	0.10472979393476875
81	0.1314523061326923
82	1.0
83	0.4299397258291108
84	0.9838981538483189
85	0.2865241396118646
86	0.22827757824649536
87	0.11358461770179094
88	0.16499324727369863
89	0.7712627042813436
90	0.48167771661523795
91	0.03646109590141791
92	0.03890712455342798
93	0.04288725609875964
94	0.021339514049848223
95	0.9680555771461301
96	0.06229811565656762
97	0.06030803830703579
98	0.027668282067044733
99	0.052963462250909324
100	0.7588439508744651
101	0.7588439508744651
102	0.9838981538483189
103	0.9838981538483189
104	0.9524680951766462
105	0.9680555771461301
106	0.746625162324361
107	0.746625162324361
108	0.8640747434825136
109	0.9071954723294418
110	0.9838981538483189
111	0.9838981538483189
112	0.9680555771461301
113	0.176061982325188
114	0.08619300005539274
115	0.03705779481220407
116	0.0010591597671173467
117	0.017279708787602804
118	0.0004131140110991133
119	0.0008576564720537011
120	0.0042091954566156106
121	0.9220420515895166
122	0.9680555771461301
123	0.9371316004437406
124	0.8925879504044915
125	0.3370231708678044
126	0.2641873055176448
127	0.27737129133826594
128	0.27737129133826594
129	0.041517247454898654
130	0.04963373414423559
131	0.5309525138815068
132	0.5665719880005069
133	0.783884695041549
134	0.5758441417787837
135	0.746625162324361
136	0.783884695041549
137	0.9838981538483189
138	0.6245313223904277
139	0.6664286233595221
140	0.7111366461700386
141	0.22460188780169194
142	0.11544347070631857
143	0.10472979393476875
144	0.09348055211451999
145	0.7227746524257325
146	0.9680555771461301
147	0.9371316004437406
148	0.9838981538483189
149	0.699686033300596
150	0.6884197964379097
151	0.49757237909340374
152	0.4369758436353279
153	0.4299397258291108
154	0.6347520014624387
155	0.8782156365502339
156	0.513991542262758
157	0.5309525138815068
158	0.9371316004437406
159	0.7588439508744651
160	0.7111366461700386
161	0.6773349667878948
162	0.699686033300596
163	0.23201342268367284
164	0.15715080394779135
165	0.22827757824649536
166	0.9838981538483189
167	0.4095038717012285
168	0.3715000583087311
169	0.11175569566235759
170	0.05651656845829405
171	0.4895605451959158
172	0.5948461590153626
173	0.9680555771461301
174	0.6347520014624387
175	0.6245313223904277
176	0.4029101033605775
177	0.36551822152450336
178	0.466290799956401
179	0.8782156365502339
180	0.8640747434825136
181	0.809751747262771
182	0.5574491330158785
183	1.0
184	0.030007614098887924
185	0.0005270086451645937
186	0.0009151932040789072
187	0.0025038237499127474
188	0.02722277164592025
189	0.018740694914959853
190	1.0
191	1.0
192	0.9838981538483189
193	0.9838981538483189
194	0.9838981538483189
195	0.9838981538483189
196	0.9838981538483189
197	0.9838981538483189
198	0.9838981538483189
199	0.9838981538483189
200	1.0
