1	0.9524680951766462
2	0.7346031188276402
3	0.5224031981891458
4	0.6451399456130031
5	0.16233655139003353
6	0.25574799451756824
7	0.23581040555488306
8	0.22098538275893195
9	0.7111366461700385
10	0.8640747434825014
11	0.6245313223904276
12	0.20375781569034018
13	0.25574799451756824
14	0.023522509426831248
15	0.30574589468138397
16	0.06331764666180247
17	0.06540703669975811
18	0.12520412762878277
19	0.13145230613269226
20	0.13360357026643588
21	0.1704377839133016
22	0.8640747434825014
23	0.24757827243666986
24	0.28191057199709557
25	0.31583506350196977
26	0.6884197964378999
27	0.7838846950415602
28	0.17894329980857734
29	0.06647744631284418
30	0.044302473030725285
31	0.0061142859028680595
32	0.01619336115132798
33	0.06647744631284418
34	0.10644373457266824
35	0.9371316004437404
36	0.04651334071458661
37	0.01700147357515921
38	0.03705779481220459
39	0.017849913987938726
40	0.029049038185277296
41	0.014930959938100428
42	0.7838846950415602
43	0.9071954723294416
44	0.9071954723294416
45	0.9071954723294416
46	0.7967132492072908
47	0.8640747434825014
48	0.019047393108381872
49	0.005283200023099393
50	0.003353521788788837
51	0.04151724745489865
52	0.10995622264422976
53	0.1272531380804732
54	0.8925879504044913
55	0.017562497419084194
56	0.022043686905619336
57	0.016727718463300123
58	0.07947357060372963
59	0.08343961441457963
60	0.12520412762878277
61	0.13145230613269226
62	0.6556978921951104
63	0.7838846950415602
64	0.7838846950415602
65	0.22098538275893195
66	0.2320134226836728
67	0.11925293695084044
68	0.6884197964378999
69	0.029049038185277296
70	0.055606547367957636
71	0.06979493239667436
72	0.13145230613269226
73	0.08077418408895644
74	0.19724888986614988
75	0.8925879504044913
76	0.7588439508744756
77	0.6996860333005959
78	0.5948461590153626
79	0.27290510147824404
80	0.019359110527732544
81	0.05127157501696203
82	0.12120455403275905
83	0.2320134226836728
84	0.27290510147824404
85	0.3210038175868511
86	0.7588439508744756
87	0.7227746524257325
88	0.5948461590153626
89	0.35963270335587966
90	0.5224031981891458
91	0.5396417421912961
92	0.42301690250932045
93	0.25993340216897615
94	0.6773349667878948
95	0.7838846950415602
96	0.8501615448993928
97	0.34814444420780405
98	0.19094788792080922
99	0.6664286233595221
100	0.7346031188276402
101	0.8501615448993928
102	0.5948461590153626
103	0.5665719880005149
104	0.2320134226836728
105	0.18484816784601352
106	0.31583506350196977
107	0.25574799451756824
108	0.30082282132371624
109	0.7967132492072908
110	0.809751747262771
111	0.7712627042813325
112	0.96805557714613
113	0.6664286233595221
114	0.5139915422627507
115	0.6773349667878948
116	0.7466251623243609
117	0.1272531380804732
118	0.1272531380804732
119	0.04651334071458661
120	0.04151724745489865
121	0.03705779481220459
122	0.00014856930860576497
123	6.492119896632245e-05
124	7.888324788986941e-05
125	0.003299523896879402
126	0.007799981223697674
127	0.012288234154010974
128	0.04151724745489865
129	0.25574799451756824
130	0.9524680951766462
131	0.7967132492072908
132	0.7838846950415602
133	0.9220420515895035
134	0.26418730551764846
135	0.18787327440651988
136	0.10818572446379239
137	0.9071954723294416
138	0.6347520014624387
139	0.9838981538483188
140	0.9838981538483188
141	0.9220420515895035
142	0.9071954723294416
143	0.96805557714613
144	0.96805557714613
145	0.96805557714613
146	0.5852680376789872
147	0.9371316004437404
148	0.17894329980857734
149	0.02099590847766563
150	0.08760357941344458
151	0.9838981538483188
152	0.24757827243666986
153	0.06647744631284418
154	0.03766425891466509
155	0.03416884515602848
156	0.02510054021835687
157	0.01967592931444509
158	0.021339514049848223
159	0.0022714575694317363
160	0.0016686198147892288
161	0.004491573493650815
162	0.040191002946470614
163	0.08760357941344458
164	0.21048152657828498
165	0.6451399456130031
166	0.7588439508744756
167	0.9071954723294416
168	0.9524680951766462
169	0.9220420515895035
170	0.9524680951766462
171	0.6347520014624387
172	0.02635315591720863
173	0.09501039487561763
174	0.16769342093829617
175	0.3210038175868511
176	0.2685108255202324
177	0.5396417421912961
178	0.8364723744993591
179	0.8925879504044913
180	0.6045810297425014
181	0.10818572446379239
182	0.10304345090533383
183	0.9524680951766462
184	0.4029101033605775
185	0.436975843635334
186	0.5224031981891458
187	0.4513954094697244
188	0.6451399456130031
189	0.7712627042813325
190	0.7838846950415602
191	0.8782156365502338
192	0.5057153295259778
193	0.4587826572335521
194	0.4739218161276063
195	0.25993340216897615
196	0.20709238541955044
197	0.19094788792080922
198	0.20375781569034018
199	0.809751747262771
200	0.9524680951766462
