1	0.9524680951766599
2	0.13360357026643965
3	0.18187177108593947
4	0.15213071221465968
5	0.13801229332339254
6	0.3262571601860559
7	0.9220420515895297
8	0.7111366461700486
9	0.9524680951766599
10	0.9220420515895297
11	0.9524680951766599
12	0.9524680951766599
13	1.0
14	0.9838981538483328
15	0.9838981538483328
16	0.6245313223904277
17	0.2557479945175719
18	0.016458371314135432
19	0.004715720680195349
20	0.009324852154700492
21	0.12520412762878455
22	0.9371316004437404
23	0.7588439508744756
24	0.6144752151203997
25	0.5574491330158785
26	0.5948461590153711
27	0.5948461590153711
28	0.14027091400017713
29	0.029524436113288612
30	0.08077418408895874
31	0.14727098441461417
32	0.9220420515895297
33	0.027668282067045125
34	0.02314375359893927
35	0.6556978921951198
36	0.5948461590153711
37	0.9838981538483328
38	0.3425386759286123
39	0.05296346225091007
40	0.3655182215245085
41	0.3655182215245085
42	0.4739218161276131
43	0.6451399456130124
44	0.6245313223904277
45	0.6245313223904277
46	0.6245313223904277
47	0.10644373457266974
48	0.01814203423202152
49	0.06867110513305712
50	0.07093715149651067
51	0.6347520014624477
52	0.011330268629776808
53	0.00042674617124462144
54	0.0015637163575655678
55	0.0012060361066649834
56	0.002234882909108723
57	0.010617952774480095
58	0.9071954723294546
59	1.0
60	0.9838981538483328
61	0.8097517472627824
62	0.9220420515895297
63	0.8501615448994048
64	0.9838981538483328
65	0.9071954723294546
66	0.9838981538483328
67	0.9680555771461438
68	1.0
69	1.0
70	0.9838981538483328
71	0.9680555771461438
72	0.9838981538483328
73	0.9838981538483328
74	0.9680555771461438
75	0.9838981538483328
76	0.9838981538483328
77	0.9838981538483328
78	0.892587950404504
79	0.836472374499359
80	0.9838981538483328
81	0.836472374499359
82	0.9220420515895297
83	0.010113261253784787
84	0.008881624169591486
85	0.007674387126047747
86	0.008881624169591486
87	0.0011302145468318856
88	0.0031941225103011063
89	0.6451399456130124
90	0.6245313223904277
91	0.9524680951766599
92	0.9071954723294546
93	0.9071954723294546
94	0.9680555771461438
95	0.6451399456130124
96	0.6773349667879045
97	0.5574491330158785
98	0.5057153295259778
99	0.5224031981891458
100	0.7227746524257428
101	0.4230169025093204
102	0.29597901853585135
103	0.44412711003287414
104	0.043589121425846165
105	0.02858129504156406
106	0.057441482370143404
107	0.46629079995640094
108	0.4739218161276131
109	0.5574491330158785
110	0.14027091400017713
111	0.1546203858800132
112	0.6045810297425099
113	0.6451399456130124
114	0.9838981538483328
115	0.9838981538483328
116	0.9838981538483328
117	0.9838981538483328
118	0.9524680951766599
119	0.8230036250150505
120	0.37757978999725084
121	0.37150005830873634
122	0.22098538275893506
123	0.6451399456130124
124	0.6556978921951198
125	0.23581040555488308
126	0.40950387170123426
127	0.42993972582912293
128	0.39642250686331315
129	0.3370231708678044
130	0.08480513362915014
131	0.05383022830539339
132	0.06030803830703664
133	0.14727098441461417
134	0.6347520014624477
135	0.9524680951766599
136	0.9371316004437404
137	0.892587950404504
138	0.9071954723294546
139	0.8640747434825136
140	0.9071954723294546
141	1.0
142	0.5574491330158785
143	0.5309525138815143
144	0.48167771661524483
145	0.48167771661524483
146	0.3655182215245085
147	0.37150005830873634
148	0.9071954723294546
149	0.12520412762878455
150	0.005546852487609716
151	0.010113261253784787
152	0.014930959938100641
153	0.03472803056127704
154	0.12520412762878455
155	1.0
156	0.836472374499359
157	1.0
158	1.0
159	0.9838981538483328
160	1.0
161	0.9838981538483328
162	0.9838981538483328
163	0.9838981538483328
164	0.892587950404504
165	0.9524680951766599
166	0.16233655139003356
167	0.07447719441285175
168	0.055606547367958434
169	0.03472803056127704
170	0.0242987179477618
171	0.14489964968096344
172	0.43697584363533404
173	0.40950387170123426
174	0.12318811002815044
175	0.14027091400017713
176	0.4587826572335652
177	0.08343961441458082
178	0.08903724340858057
179	0.14256649781437009
180	0.5309525138815143
181	0.3210038175868602
182	0.22098538275893506
183	0.5484731728386766
184	0.585268037678987
185	0.5057153295259778
186	0.44412711003287414
187	0.9220420515895297
188	0.746625162324361
189	0.7227746524257428
190	0.07209806342155876
191	0.06540703669975813
192	0.6556978921951198
193	0.1357900406092586
194	0.1972488898661499
195	0.21392613224756243
196	0.2320134226836761
197	0.6773349667879045
198	0.8640747434825136
199	0.8097517472627824
200	0.8501615448994048
