1	0.2641873055176485
2	0.127253138080475
3	0.17043778391330405
4	0.16233655139003356
5	0.11358461770179093
6	0.10995622264422976
7	0.8501615448994049
8	0.8230036250150506
9	0.8230036250150506
10	0.34814444420780405
11	0.41620554942556054
12	1.0
13	1.0
14	0.9680555771461438
15	0.9680555771461438
16	0.39642250686331315
17	0.36551822152450847
18	0.7838846950415601
19	0.7838846950415601
20	0.09197534264619907
21	0.03049869946550789
22	0.13801229332339254
23	0.2209853827589351
24	0.3370231708678044
25	0.43697584363533404
26	0.7967132492073021
27	0.8501615448994049
28	0.8230036250150506
29	0.7967132492073021
30	0.8640747434825136
31	0.39642250686331315
32	0.18187177108593947
33	0.16769342093829856
34	0.1546203858800132
35	0.01967592931444537
36	0.03646109590141843
37	0.836472374499359
38	0.8782156365502463
39	0.09975178733729329
40	0.0686711051330571
41	0.07819389939674472
42	0.5484731728386766
43	0.5139915422627652
44	0.5139915422627652
45	0.5948461590153711
46	0.9071954723294546
47	0.6245313223904276
48	0.6556978921951198
49	0.6451399456130124
50	0.07819389939674472
51	0.012901465378461817
52	0.004009124378788922
53	0.0015385376373512015
54	0.001994829555235368
55	0.001286944230771775
56	0.005546852487609716
57	0.005729890533725346
58	0.9524680951766598
59	0.9524680951766598
60	0.9220420515895297
61	0.8640747434825136
62	0.892587950404504
63	0.9371316004437404
64	0.9524680951766598
65	0.49757237909341073
66	0.10138426111191928
67	0.11925293695084384
68	0.06540703669975813
69	0.08903724340858057
70	0.052110652730085555
71	0.9220420515895297
72	0.8501615448994049
73	0.836472374499359
74	0.8782156365502463
75	0.9524680951766598
76	0.17043778391330405
77	0.11733274450692356
78	0.10472979393477022
79	0.01999793295422595
80	0.03361866366814597
81	0.4095038717012343
82	0.836472374499359
83	0.48167771661524483
84	0.40291010336058325
85	0.5852680376789872
86	0.9071954723294546
87	0.08619300005539395
88	0.00040646211284929725
89	2.9305131190668993e-05
90	0.006850065475449622
91	0.00020224432050175637
92	0.0009301706690873714
93	0.006962169253653922
94	0.045027498890455014
95	0.019359110527732818
96	0.03954385360034591
97	0.03766425891466616
98	0.08760357941344458
99	1.0
100	1.0
101	1.0
102	1.0
103	1.0
104	0.9838981538483328
105	0.09049436982916181
106	0.03099782162027481
107	0.03000761409888835
108	0.06979493239667536
109	0.9838981538483328
110	1.0
111	0.9524680951766598
112	0.048834539393112344
113	0.012288234154010974
114	0.004209195456615671
115	0.0029451152724263097
116	0.0028976934794106937
117	0.005369661486237472
118	0.006015834611932771
119	0.09197534264619907
120	0.9524680951766598
121	0.4739218161276131
122	0.40291010336058325
123	0.4095038717012343
124	0.8782156365502463
125	0.014930959938100641
126	0.03049869946550789
127	0.011704150977755772
128	0.010791719379643227
129	0.015423659850313085
130	0.045027498890455014
131	0.0622981156565685
132	0.12318811002815043
133	0.9371316004437404
134	0.6144752151203998
135	0.18484816784601615
136	0.1154434707063202
137	0.058381532829869284
138	0.053830228305393385
139	0.03766425891466616
140	0.09049436982916181
141	0.164993247273701
142	0.1546203858800132
143	0.16769342093829856
144	0.18484816784601615
145	0.2037578156903431
146	0.4230169025093204
147	0.2865241396118728
148	0.6144752151203998
149	0.05744148237014341
150	0.2516299796562454
151	0.24757827243667338
152	0.25574799451757185
153	0.29597901853585135
154	0.7838846950415601
155	0.04727454821686548
156	0.01814203423202152
157	0.1909478879208119
158	0.21392613224756243
159	0.2209853827589351
160	0.21048152657828498
161	0.1293356813230618
162	0.1030434509053353
163	0.164993247273701
164	0.01189569360606805
165	0.03361866366814597
166	0.836472374499359
167	0.8640747434825136
168	1.0
169	0.9680555771461438
170	0.15213071221465968
171	0.16233655139003356
172	0.04084874312373918
173	0.006631244087325164
174	0.018438935128663837
175	0.0612950009827268
176	0.892587950404504
177	0.9371316004437404
178	0.9680555771461438
179	0.9524680951766598
180	0.9680555771461438
181	0.9524680951766598
182	0.9524680951766598
183	0.8782156365502463
184	0.7838846950415601
185	0.03361866366814597
186	0.044302473030725285
187	0.08760357941344458
188	0.08760357941344458
189	0.2516299796562454
190	0.9838981538483328
191	0.9838981538483328
192	0.9838981538483328
193	0.31583506350196977
194	0.2773712913382699
195	0.2773712913382699
196	0.2865241396118728
197	0.2773712913382699
198	0.8097517472627824
199	0.39642250686331315
200	0.7346031188276507
