1	0.9838981538483188
2	0.4587826572335586
3	0.8925879504044915
4	0.010968329737619282
5	0.0612950009827268
6	0.06030803830703579
7	0.06647744631284512
8	0.18187177108593947
9	0.8640747434825136
10	0.9838981538483188
11	0.9838981538483188
12	0.8501615448994048
13	0.20709238541955047
14	0.05127157501696203
15	0.1732270593726278
16	0.045764390058400266
17	0.06030803830703579
18	0.045764390058400266
19	0.9680555771461439
20	0.8925879504044915
21	0.9071954723294546
22	0.9680555771461439
23	0.8782156365502463
24	0.16499324727370096
25	0.0184389351286641
26	0.002423840545294007
27	0.009174704819918332
28	0.03000761409888792
29	0.30082282132372057
30	0.9524680951766598
31	0.7346031188276507
32	0.7588439508744865
33	0.01967592931444537
34	0.08903724340858057
35	0.031505112088109015
36	0.08619300005539272
37	0.10472979393477024
38	0.6347520014624477
39	0.4895605451959227
40	0.6556978921951198
41	0.11544347070631858
42	0.26851082552023625
43	0.36551822152450847
44	0.46629079995640094
45	0.3775797899972563
46	0.14027091400017913
47	0.024298717947761457
48	0.07209806342155774
49	0.009324852154700492
50	0.7712627042813436
51	0.8640747434825136
52	0.8097517472627824
53	0.746625162324361
54	0.6451399456130124
55	0.21392613224755938
56	0.43697584363533404
57	0.1789432998085799
58	0.29597901853585135
59	0.10472979393477024
60	0.21048152657828798
61	0.5484731728386766
62	0.3775797899972563
63	0.0769348332586583
64	0.4095038717012343
65	0.30082282132372057
66	0.6884197964379097
67	0.37150005830873106
68	0.6773349667879045
69	0.746625162324361
70	0.7111366461700486
71	0.5758441417787837
72	0.5396417421913038
73	0.7227746524257428
74	0.8364723744993591
75	0.823003625015039
76	0.7346031188276507
77	0.8364723744993591
78	0.7588439508744865
79	0.7111366461700486
80	0.614475215120391
81	0.050446008004084525
82	0.11358461770179093
83	0.1732270593726278
84	0.2819105719970996
85	0.31583506350197427
86	0.01354529925337699
87	0.004209195456615671
88	0.04288725609876025
89	0.6451399456130124
90	0.8501615448994048
91	0.21392613224755938
92	0.03000761409888792
93	0.06979493239667536
94	0.1789432998085799
95	0.823003625015039
96	0.699686033300596
97	0.6556978921951198
98	0.6556978921951198
99	0.007429233258549036
100	0.05127157501696203
101	0.24757827243666986
102	0.3775797899972563
103	0.9680555771461439
104	0.7111366461700486
105	0.7838846950415602
106	0.29597901853585135
107	0.18187177108593947
108	0.29121320991526145
109	0.08077418408895759
110	0.09814559940423298
111	0.20047693868989458
112	0.2819105719970996
113	0.15972263321475674
114	0.03646109590141792
115	0.04019100294647119
116	0.10138426111191927
117	0.15972263321475674
118	0.16499324727370096
119	0.9371316004437404
120	0.9524680951766598
121	0.8501615448994048
122	0.823003625015039
123	0.823003625015039
124	0.9371316004437404
125	0.8501615448994048
126	0.7712627042813436
127	0.5139915422627579
128	0.585268037678987
129	0.6045810297425099
130	0.6045810297425099
131	0.20047693868989458
132	0.14489964968096344
133	0.30082282132372057
134	0.6773349667879045
135	0.04727454821686548
136	0.04804821315291692
137	0.12318811002815043
138	0.41620554942555466
139	0.9680555771461439
140	0.9524680951766598
141	0.8364723744993591
142	0.8640747434825136
143	0.9371316004437404
144	0.9838981538483188
145	0.9680555771461439
146	0.9838981538483188
147	0.9680555771461439
148	0.4095038717012343
149	0.3262571601860559
150	0.02766828206704552
151	0.08077418408895759
152	0.10995622264422977
153	0.24359180518339907
154	0.4816777166152449
155	0.8640747434825136
156	0.9371316004437404
157	0.26851082552023625
158	0.27737129133826594
159	0.176061982325188
160	0.008323250672589017
161	0.010446984132459602
162	0.9838981538483188
163	0.9838981538483188
164	0.9838981538483188
165	0.9680555771461439
166	0.9838981538483188
167	0.9371316004437404
168	0.9371316004437404
169	0.9071954723294546
170	0.8925879504044915
171	0.9371316004437404
172	0.746625162324361
173	0.006962169253653922
174	0.01228823415401115
175	0.17043778391330405
176	0.16769342093829856
177	0.02390746372968385
178	0.7227746524257428
179	0.7346031188276507
180	0.7712627042813436
181	0.7712627042813436
182	0.7967132492073021
183	0.7712627042813436
184	0.746625162324361
185	0.6773349667879045
186	0.7111366461700486
187	0.8925879504044915
188	0.9220420515895166
189	0.9838981538483188
190	0.9071954723294546
191	0.8925879504044915
192	0.9071954723294546
193	0.9524680951766598
194	0.2729051014782479
195	0.154620385880011
196	0.06647744631284512
197	0.04804821315291692
198	0.05127157501696203
199	0.5309525138815143
200	0.9838981538483188
