1	1.0
2	1.0
3	1.0
4	1.0
5	1.0
6	1.0
7	1.0
8	1.0
9	1.0
10	1.0
11	1.0
12	1.0
13	0.011330268629776647
14	0.00673976677503499
15	0.0059189685685373875
16	0.0035208757183271744
17	0.018740694914960117
18	0.12933568132305998
19	0.6664286233595221
20	0.5484731728386688
21	0.5224031981891457
22	0.5396417421912961
23	0.6556978921951198
24	1.0
25	0.4975723790934037
26	0.48167771661523795
27	0.4895605451959227
28	0.1425664978143681
29	0.031505112088108564
30	0.02204368690561934
31	0.09348055211451997
32	0.6451399456130033
33	0.9838981538483328
34	0.3900393726467363
35	0.3538419528953351
36	0.331596475620944
37	0.44412711003287414
38	0.5309525138815143
39	0.7346031188276507
40	0.8501615448994048
41	0.7967132492073021
42	0.4739218161276131
43	0.44412711003287414
44	0.7838846950415601
45	0.9071954723294418
46	0.8364723744993591
47	0.8501615448994048
48	0.9220420515895166
49	0.8097517472627709
50	0.7227746524257325
51	0.15972263321475674
52	0.3425386759286075
53	0.4230169025093204
54	0.37150005830873106
55	0.14027091400017713
56	0.176061982325188
57	0.2396695274125257
58	0.3262571601860559
59	0.6347520014624477
60	0.8925879504044913
61	0.8782156365502464
62	0.4369758436353341
63	0.3655182215245033
64	0.35963270335587966
65	0.3425386759286075
66	0.20709238541955338
67	0.18484816784601615
68	0.32100381758685564
69	0.699686033300596
70	0.8640747434825012
71	0.8640747434825012
72	0.8501615448994048
73	0.8782156365502464
74	0.8097517472627709
75	0.3655182215245033
76	0.38375901867528034
77	0.10818572446379238
78	0.31583506350196977
79	0.6245313223904277
80	0.746625162324361
81	0.28652413961186873
82	0.30082282132371624
83	0.23201342268367278
84	0.348144444207804
85	0.5758441417787837
86	0.566571988000515
87	0.746625162324361
88	0.9838981538483328
89	0.9220420515895166
90	0.5057153295259776
91	0.027222771645920248
92	0.46629079995640094
93	0.018438935128663837
94	0.0622981156565685
95	0.5057153295259776
96	0.21392613224755935
97	0.699686033300596
98	0.699686033300596
99	0.7227746524257325
100	0.5758441417787837
101	0.5484731728386688
102	0.05211065273008555
103	0.4895605451959227
104	0.5057153295259776
105	0.5057153295259776
106	0.5484731728386688
107	0.09656527406216286
108	0.2819105719970956
109	0.1425664978143681
110	0.6045810297425013
111	0.4162055494255546
112	0.08619300005539395
113	0.023522509426831248
114	0.03529636723622752
115	0.1314523061326923
116	0.24757827243667335
117	0.6451399456130033
118	0.5852680376789872
119	0.9371316004437404
120	0.9071954723294418
121	0.9220420515895166
122	0.9071954723294418
123	0.746625162324361
124	0.7712627042813325
125	0.7712627042813325
126	0.29121320991526145
127	0.23581040555488306
128	0.25162997965624534
129	0.2396695274125257
130	0.29121320991526145
131	0.305745894681384
132	0.699686033300596
133	0.24359180518339557
134	0.25162997965624534
135	0.7712627042813325
136	0.1789432998085799
137	0.1909478879208092
138	0.18787327440651988
139	0.01967592931444509
140	0.03361866366814549
141	0.03954385360034534
142	0.006015834611932771
143	0.022771096439116734
144	0.07447719441285174
145	0.10644373457266823
146	0.2396695274125257
147	0.9220420515895166
148	0.9071954723294418
149	0.8097517472627709
150	0.9071954723294418
151	0.08619300005539395
152	0.0622981156565685
153	0.04358912142584555
154	0.7838846950415601
155	0.5057153295259776
156	0.7967132492073021
157	0.9220420515895166
158	1.0
159	0.9838981538483328
160	0.8097517472627709
161	0.699686033300596
162	0.614475215120391
163	0.03202070454638286
164	0.0472745482168648
165	0.019997932954225667
166	0.9371316004437404
167	0.6556978921951198
168	0.16233655139003125
169	0.12120455403275907
170	0.0025447997235481606
171	0.006015834611932771
172	0.05211065273008555
173	0.09814559940423298
174	0.8364723744993591
175	0.7967132492073021
176	0.06979493239667536
177	0.10472979393476875
178	0.03828064801966493
179	0.08209608258032164
180	0.16233655139003125
181	0.9371316004437404
182	0.24757827243667335
183	0.4029101033605775
184	0.7227746524257325
185	0.16499324727370096
186	0.04430247303072529
187	0.2819105719970956
188	0.09975178733729329
189	0.06435386265758217
190	0.14968112689163354
191	0.041517247454899237
192	0.5484731728386688
193	0.8782156365502464
194	0.10644373457266823
195	0.019359110527732818
196	0.0014418122384338217
197	0.0001392289939505425
198	6.70635038927341e-05
199	0.0047928951403666395
200	1.0
