1	0.9680555771461301
2	0.3370231708678044
3	0.03049869946550789
4	0.035296367236227526
5	0.028121083425988992
6	0.04883453939311235
7	0.062298115656568495
8	0.9220420515895166
9	0.9680555771461301
10	0.9838981538483188
11	0.06540703669975811
12	0.027222771645920244
13	0.008057369233585078
14	0.00031348906834405315
15	0.0005809207180139167
16	0.35384195289533515
17	0.9838981538483188
18	0.9838981538483188
19	0.9838981538483188
20	0.043589121425846165
21	0.03049869946550789
22	0.09814559940423298
23	0.4369758436353278
24	0.5309525138815143
25	0.8925879504044915
26	0.9371316004437404
27	0.20047693868989458
28	0.03361866366814548
29	0.037664258914665634
30	0.07947357060372963
31	0.10472979393476875
32	0.035296367236227526
33	0.9071954723294418
34	0.8364723744993591
35	0.8782156365502464
36	0.8640747434825014
37	0.8782156365502464
38	0.1030434509053353
39	0.051271575016962036
40	0.005546852487609637
41	0.004209195456615611
42	0.01700147357515921
43	0.1972488898661499
44	0.6556978921951104
45	0.9220420515895166
46	0.31074953590015464
47	0.2320134226836728
48	0.22460188780169194
49	0.17322705937263028
50	0.16769342093829856
51	0.9838981538483188
52	0.4739218161276131
53	0.4975723790934108
54	0.9838981538483188
55	0.9680555771461301
56	0.9680555771461301
57	0.9524680951766598
58	0.9371316004437404
59	0.7227746524257325
60	0.5139915422627579
61	0.7588439508744756
62	0.22098538275893506
63	0.23581040555488306
64	0.08209608258032164
65	0.059336967552506205
66	0.1472709844146142
67	0.45878265723355866
68	0.3837590186752804
69	0.6045810297425013
70	0.6451399456130031
71	0.6045810297425013
72	0.7712627042813435
73	0.7111366461700486
74	0.3775797899972509
75	0.18187177108593688
76	0.41620554942555466
77	0.3158350635019698
78	0.3315964756209441
79	0.6773349667878948
80	0.5396417421912961
81	0.6884197964379097
82	0.7967132492073021
83	0.9838981538483188
84	0.5852680376789872
85	0.35384195289533515
86	0.30082282132371624
87	0.35384195289533515
88	0.7111366461700486
89	0.823003625015039
90	0.823003625015039
91	0.5484731728386688
92	0.4739218161276131
93	0.5574491330158785
94	0.6451399456130031
95	0.9838981538483188
96	0.9524680951766598
97	0.6773349667878948
98	0.5309525138815143
99	0.6045810297425013
100	0.6045810297425013
101	0.48956054519591574
102	0.6556978921951104
103	0.5574491330158785
104	0.45139540946972445
105	0.42301690250932045
106	0.40950387170122843
107	0.40950387170122843
108	0.4975723790934108
109	0.5948461590153711
110	0.2599334021689762
111	0.19407281858793524
112	0.1972488898661499
113	0.22460188780169194
114	0.15462038588001323
115	0.04502749889045438
116	0.00021233710769518737
117	3.738449210201162e-05
118	4.256869332099702e-05
119	1.4346636002741545e-05
120	0.00029858833578436605
121	3.336894718224745e-05
122	0.0003084413155953433
123	0.00011274092112108797
124	0.014453999040223764
125	1.0
126	1.0
127	1.0
128	1.0
129	0.015175310452307697
130	0.0006944888267967183
131	0.0003084413155953433
132	3.336894718224745e-05
133	0.00029858833578436605
134	1.4346636002741545e-05
135	4.256869332099702e-05
136	3.738449210201162e-05
137	0.00021934392271274688
138	0.012288234154010974
139	0.027222771645920244
140	0.017562497419084444
141	0.027668282067045125
142	0.03472803056127704
143	0.062298115656568495
144	0.29121320991525734
145	0.16499324727370096
146	0.1425664978143681
147	0.16233655139003125
148	0.32100381758685564
149	0.8640747434825014
150	0.5852680376789872
151	0.823003625015039
152	0.0028051283336034973
153	0.0009608649452023766
154	0.15462038588001323
155	0.1425664978143681
156	0.17322705937263028
157	1.0
158	1.0
159	1.0
160	1.0
161	1.0
162	1.0
163	1.0
164	1.0
165	1.0
166	0.9838981538483188
167	0.9838981538483188
168	0.9838981538483188
169	1.0
170	0.003818563060391394
171	0.0001776141246681195
172	0.0006000902548658376
173	0.00025384832083937524
174	0.0045650797047264826
175	0.823003625015039
176	0.823003625015039
177	0.809751747262771
178	0.823003625015039
179	0.8501615448994049
180	0.5396417421912961
181	0.5057153295259778
182	0.9071954723294418
183	0.8925879504044915
184	0.9838981538483188
185	0.7588439508744756
186	0.6884197964379097
187	0.699686033300596
188	0.09197534264619907
189	0.08343961441458081
190	0.07209806342155774
191	0.04804821315291624
192	0.05651656845829405
193	0.9838981538483188
194	1.0
195	0.9838981538483188
196	1.0
197	0.9838981538483188
198	0.9838981538483188
199	0.9838981538483188
200	1.0
