1	0.9838981538483189
2	0.006419412822152425
3	7.761308196840181e-05
4	0.0001022780531873032
5	0.009174704819918202
6	0.0612950009827268
7	1.0
8	0.2396695274125257
9	0.011147830387442765
10	0.00611428590286806
11	1.0
12	0.006850065475449526
13	0.00013261117466143403
14	0.0008438466194897108
15	0.0011120160060804068
16	0.0009301706690873714
17	0.0030422997831473205
18	0.42301690250932045
19	1.0
20	1.0
21	1.0
22	1.0
23	0.33702317086780925
24	0.09197534264619776
25	0.034728030561276546
26	0.027222771645920248
27	0.02390746372968385
28	0.025928821455018472
29	0.11925293695084214
30	0.25162997965624895
31	0.9838981538483189
32	1.0
33	1.0
34	1.0
35	0.24757827243666988
36	0.07947357060372963
37	0.9838981538483189
38	0.002503823749912748
39	0.02032520629905422
40	0.02766828206704513
41	0.03361866366814549
42	0.09197534264619776
43	0.33702317086780925
44	0.9838981538483189
45	0.01700147357515921
46	0.01999793295422567
47	0.018438935128663837
48	0.026784434765055293
49	0.0358740049446916
50	0.07693483325865721
51	0.7466251623243612
52	0.7967132492072908
53	0.6884197964379097
54	0.7227746524257428
55	0.5852680376789872
56	0.5852680376789872
57	0.60458102974251
58	0.9680555771461439
59	0.9680555771461439
60	0.48167771661524483
61	0.466290799956401
62	0.10995622264422977
63	0.04502749889045438
64	0.05211065273008481
65	0.47392181612760637
66	0.4895605451959158
67	0.5396417421913038
68	0.9371316004437404
69	0.8097517472627825
70	0.8501615448994048
71	0.8782156365502339
72	0.22460188780169513
73	0.03202070454638286
74	0.0013294115143323943
75	0.001839316735680622
76	0.0020606560225769396
77	0.002945115272426268
78	0.002586446283687687
79	0.002897693479410735
80	0.003944570074838709
81	0.007550815325235631
82	0.3775797899972563
83	0.6347520014624387
84	0.018438935128663837
85	0.028121083425988992
86	1.0
87	0.8097517472627825
88	1.0
89	0.09501039487561899
90	0.11175569566235918
91	0.04219669209919026
92	0.07693483325865721
93	0.9524680951766462
94	0.9838981538483189
95	0.9838981538483189
96	0.1789432998085799
97	0.11544347070631858
98	0.02551131956105572
99	0.022771096439116734
100	0.8925879504044915
101	0.9071954723294419
102	1.0
103	1.0
104	0.12933568132305998
105	0.11358461770179093
106	0.11175569566235918
107	0.15972263321475677
108	0.9838981538483189
109	0.15715080394779138
110	0.03254473486014822
111	0.01619336115132798
112	0.022404439747548983
113	0.8364723744993591
114	0.8782156365502339
115	0.823003625015039
116	0.7838846950415601
117	0.9371316004437404
118	0.9524680951766462
119	0.9524680951766462
120	0.9371316004437404
121	0.9220420515895167
122	0.9371316004437404
123	0.23201342268367284
124	0.28652413961186873
125	0.015175310452307484
126	0.01999793295422567
127	0.01619336115132798
128	0.015932618141390915
129	0.013545299253376991
130	0.001641751955245846
131	0.002384812237737442
132	0.0015137643410159801
133	0.0011302145468318856
134	0.029524436113289036
135	0.22460188780169513
136	0.9371316004437404
137	0.9071954723294419
138	0.5224031981891458
139	0.5396417421913038
140	0.513991542262758
141	0.47392181612760637
142	0.40950387170122843
143	0.3655182215245033
144	0.23201342268367284
145	0.41620554942555466
146	0.16233655139003356
147	0.025928821455018472
148	0.009174704819918202
149	0.00611428590286806
150	0.0029933131400918323
151	0.006316048424505998
152	0.6347520014624387
153	0.18484816784601354
154	0.029524436113289036
155	0.0370577948122046
156	0.030997821620274372
157	0.02766828206704513
158	0.03361866366814549
159	0.07819389939674361
160	1.0
161	0.9680555771461439
162	0.9838981538483189
163	0.9680555771461439
164	0.9680555771461439
165	0.9680555771461439
166	0.9371316004437404
167	0.06647744631284419
168	0.03202070454638286
169	0.03254473486014822
170	0.03202070454638286
171	0.03646109590141791
172	0.03646109590141791
173	0.19094788792080922
174	0.08343961441457963
175	0.003299523896879449
176	0.001008815885874014
177	0.0011120160060804068
178	0.0009004569039077774
179	0.0001242741223471923
180	0.006850065475449526
181	0.00611428590286806
182	0.011147830387442765
183	0.23581040555488308
184	1.0
185	0.062298115656567614
186	0.009174704819918202
187	0.00010395187020857982
188	7.392398434323364e-05
189	0.021688742850449232
190	0.9838981538483189
191	0.9838981538483189
192	1.0
193	1.0
194	1.0
195	1.0
196	1.0
197	1.0
198	1.0
199	1.0
200	1.0
