1	0.566571988000515
2	0.4230169025093204
3	0.02858129504156406
4	0.02635315591720863
5	0.19407281858793524
6	0.3900393726467363
7	0.45878265723355866
8	0.4299397258291168
9	0.38375901867528034
10	0.6144752151203909
11	0.4029101033605832
12	0.34814444420780405
13	0.3596327033558847
14	0.566571988000515
15	0.5484731728386766
16	0.4975723790934037
17	0.13145230613269226
18	0.3596327033558847
19	0.7588439508744756
20	0.4513954094697244
21	0.007076107650393189
22	0.0016153167178432556
23	0.005546852487609715
24	0.09814559940423298
25	0.4739218161276131
26	0.29597901853585135
27	0.154620385880011
28	0.39642250686331315
29	0.39642250686331315
30	0.43697584363533404
31	0.22827757824649858
32	0.1972488898661499
33	0.23581040555488308
34	0.513991542262758
35	0.43697584363533404
36	0.4975723790934037
37	0.5484731728386766
38	0.5224031981891457
39	0.7838846950415601
40	0.6347520014624476
41	0.6245313223904277
42	0.7111366461700486
43	0.4029101033605832
44	0.3775797899972509
45	0.34814444420780405
46	0.40950387170123426
47	0.6045810297425099
48	0.2729051014782479
49	0.12318811002815043
50	0.20709238541955047
51	0.5948461590153626
52	0.6556978921951198
53	0.38375901867528034
54	0.09656527406216149
55	0.010791719379643227
56	0.06030803830703578
57	0.34814444420780405
58	0.3775797899972509
59	0.24757827243667338
60	0.6245313223904277
61	0.7588439508744756
62	0.7838846950415601
63	0.7838846950415601
64	0.513991542262758
65	0.48167771661524483
66	0.5948461590153626
67	0.566571988000515
68	0.5948461590153626
69	0.5484731728386766
70	0.8640747434825136
71	0.8925879504044913
72	0.9071954723294546
73	0.8640747434825136
74	0.836472374499359
75	0.9524680951766462
76	0.9371316004437404
77	0.9680555771461439
78	0.8640747434825136
79	0.7967132492072908
80	0.9071954723294546
81	0.8925879504044913
82	0.9524680951766462
83	0.9071954723294546
84	0.9071954723294546
85	0.3775797899972509
86	0.28652413961186873
87	0.45878265723355866
88	0.566571988000515
89	0.4441271100328678
90	0.3008228213237163
91	0.45878265723355866
92	0.40950387170123426
93	0.5396417421913038
94	0.6773349667878948
95	0.41620554942555466
96	0.32100381758685564
97	0.4230169025093204
98	0.29597901853585135
99	0.18484816784601615
100	0.18787327440651988
101	0.6245313223904277
102	0.6144752151203909
103	0.2320134226836728
104	0.4029101033605832
105	0.4441271100328678
106	0.7712627042813435
107	0.8925879504044913
108	0.9680555771461439
109	0.7967132492072908
110	0.36551822152450847
111	0.13801229332339254
112	0.1425664978143701
113	0.4299397258291168
114	0.5758441417787837
115	0.11358461770179093
116	0.18187177108593947
117	0.29597901853585135
118	0.5224031981891457
119	0.6045810297425099
120	0.6556978921951198
121	0.6245313223904277
122	0.04430247303072529
123	0.03828064801966493
124	0.035296367236228025
125	0.0370577948122046
126	0.03766425891466563
127	0.04430247303072529
128	0.41620554942555466
129	0.41620554942555466
130	0.4441271100328678
131	0.6556978921951198
132	0.6451399456130124
133	0.4029101033605832
134	0.3008228213237163
135	0.3008228213237163
136	0.16233655139003356
137	0.24757827243667338
138	0.1909478879208119
139	0.4029101033605832
140	0.4975723790934037
141	0.7346031188276506
142	0.6884197964379096
143	0.6347520014624476
144	0.513991542262758
145	0.746625162324361
146	0.7588439508744756
147	0.823003625015039
148	0.566571988000515
149	0.5948461590153626
150	0.746625162324361
151	0.8501615448994048
152	0.9838981538483328
153	0.699686033300596
154	0.699686033300596
155	0.6144752151203909
156	0.6451399456130124
157	0.2037578156903431
158	0.27737129133826594
159	0.3775797899972509
160	0.4739218161276131
161	0.5057153295259778
162	0.34814444420780405
163	0.41620554942555466
164	0.823003625015039
165	0.46629079995640094
166	0.28191057199709557
167	0.28652413961186873
168	0.9838981538483328
169	0.26851082552023625
170	0.11733274450692356
171	0.4513954094697244
172	0.0686711051330571
173	0.018142034232021265
174	0.0067397667750349905
175	0.013545299253376991
176	0.48167771661524483
177	0.6451399456130124
178	0.026784434765055674
179	0.01727970878760305
180	0.00022293356467316153
181	0.005198130749138962
182	0.014930959938100641
183	0.43697584363533404
184	0.38375901867528034
185	0.8640747434825136
186	0.6144752151203909
187	0.40950387170123426
188	0.21392613224755938
189	0.210481526578285
190	0.5224031981891457
191	0.36551822152450847
192	0.15972263321475677
193	0.4299397258291168
194	0.4230169025093204
195	0.4230169025093204
196	0.4230169025093204
197	0.699686033300596
198	0.6144752151203909
199	0.6773349667878948
200	0.836472374499359
