1	0.9680555771461303
2	0.9524680951766463
3	0.8640747434825136
4	0.4587826572335587
5	0.43697584363533415
6	0.566571988000515
7	0.5057153295259778
8	0.2959790185358472
9	0.5758441417787838
10	0.46629079995640105
11	0.3425386759286075
12	0.42301690250932045
13	0.6045810297425014
14	0.5758441417787838
15	0.614475215120391
16	0.5224031981891458
17	0.6451399456130033
18	0.614475215120391
19	0.7838846950415602
20	0.6664286233595222
21	0.5484731728386689
22	0.5396417421912962
23	0.33159647562093936
24	0.44412711003286787
25	0.481677716615238
26	0.6664286233595222
27	0.6451399456130033
28	0.11733274450692358
29	0.25574799451756824
30	0.6045810297425014
31	0.20375781569034315
32	0.3210038175868511
33	0.4095038717012285
34	0.18484816784601354
35	0.3210038175868511
36	0.4299397258291107
37	0.41620554942555466
38	0.2819105719970956
39	0.08480513362914896
40	0.10644373457266824
41	0.9680555771461303
42	0.7838846950415602
43	0.7838846950415602
44	0.7712627042813436
45	0.7588439508744759
46	0.35384195289533515
47	0.3964225068633076
48	0.41620554942555466
49	0.46629079995640105
50	0.48956054519592274
51	0.8097517472627711
52	0.015932618141390915
53	0.02551131956105572
54	0.12933568132305998
55	0.21392613224755636
56	0.7967132492072908
57	0.5948461590153628
58	0.6045810297425014
59	0.9371316004437406
60	0.8925879504044915
61	0.7466251623243612
62	0.5574491330158786
63	0.7227746524257326
64	0.12725313808047323
65	0.1818717710859395
66	0.06647744631284419
67	0.05838153282986845
68	0.2435918051833991
69	0.1336035702664359
70	0.14489964968096344
71	0.14489964968096344
72	0.6451399456130033
73	0.677334966787895
74	0.9524680951766463
75	0.907195472329442
76	0.8640747434825136
77	0.6664286233595222
78	0.6451399456130033
79	0.7712627042813436
80	0.878215636550234
81	0.9220420515895167
82	0.8501615448993928
83	0.7712627042813436
84	0.8364723744993591
85	0.9838981538483189
86	0.7111366461700386
87	0.14489964968096344
88	0.023143753598939273
89	0.07327797408660718
90	0.05933696755250621
91	0.5758441417787838
92	0.5758441417787838
93	0.9220420515895167
94	0.9220420515895167
95	0.9220420515895167
96	0.9838981538483189
97	0.9838981538483189
98	0.9371316004437406
99	0.9371316004437406
100	1.0
101	0.6451399456130033
102	0.6451399456130033
103	0.6347520014624387
104	0.9524680951766463
105	0.030498699465507897
106	0.012288234154010976
107	0.10138426111191928
108	0.05838153282986845
109	0.20375781569034315
110	0.7466251623243612
111	0.3655182215245086
112	0.40291010336057753
113	0.9524680951766463
114	0.878215636550234
115	0.6045810297425014
116	0.5484731728386689
117	0.6664286233595222
118	0.33159647562093936
119	0.12725313808047323
120	0.1676934209382962
121	0.7111366461700386
122	0.878215636550234
123	0.030498699465507897
124	0.001465408012805456
125	0.004871332588256346
126	0.005198130749138962
127	0.6664286233595222
128	0.2641873055176485
129	0.07569604040982215
130	0.0574414823701426
131	0.20375781569034315
132	0.07327797408660718
133	0.7838846950415602
134	0.1972488898661499
135	0.40291010336057753
136	0.005457537922228077
137	0.007429233258548931
138	0.01311260248634491
139	0.011895693606068052
140	0.0574414823701426
141	0.013992274382953229
142	0.007799981223697675
143	0.015423659850313087
144	0.07093715149650968
145	0.4587826572335587
146	1.0
147	1.0
148	1.0
149	0.4587826572335587
150	0.07093715149650968
151	0.015423659850313087
152	0.009174704819918203
153	0.01999793295422567
154	0.07569604040982215
155	1.0
156	1.0
157	0.9680555771461303
158	0.9838981538483189
159	0.0012257733200817496
160	0.00017761412466811953
161	0.000580920718013925
162	0.011147830387442766
163	0.878215636550234
164	1.0
165	0.8925879504044915
166	0.614475215120391
167	0.1789432998085774
168	0.42301690250932045
169	0.01619336115132798
170	0.012901465378461818
171	0.15213071221465968
172	0.17043778391330164
173	0.210481526578285
174	0.31074953590015464
175	0.1878732744065199
176	0.08343961441457963
177	0.10818572446379239
178	0.7712627042813436
179	0.8501615448993928
180	0.907195472329442
181	0.8925879504044915
182	0.907195472329442
183	0.9220420515895167
184	0.5574491330158786
185	0.03646109590141792
186	0.04651334071458662
187	0.3900393726467363
188	0.5057153295259778
189	0.5852680376789873
190	0.4299397258291107
191	0.5396417421912962
192	0.8230036250150391
193	0.8097517472627711
194	0.7346031188276404
195	0.7588439508744759
196	0.7466251623243612
197	0.7588439508744759
198	0.7967132492072908
199	0.9680555771461303
200	0.9680555771461303
