1	0.4441271100328742
2	0.34253867592861237
3	0.850161544899417
4	0.7838846950415602
5	0.6451399456130125
6	0.09975178733729471
7	0.11925293695084387
8	0.6884197964379196
9	0.699686033300596
10	0.07327797408660718
11	0.2320134226836761
12	1.0
13	0.14027091400017913
14	0.164993247273701
15	1.0
16	1.0
17	1.0
18	1.0
19	1.0
20	0.9524680951766734
21	0.2209853827589351
22	0.23966952741252912
23	0.33702317086780925
24	0.33702317086780925
25	0.9524680951766734
26	0.7588439508744865
27	0.12933568132306184
28	0.1472709844146142
29	0.8230036250150508
30	0.8782156365502465
31	0.8925879504045042
32	0.2865241396118728
33	0.05651656845829486
34	0.022043686905619652
35	0.06647744631284513
36	1.0
37	0.003578496112179884
38	0.003042299783147407
39	0.004209195456615671
40	0.983898153848333
41	1.0
42	1.0
43	1.0
44	1.0
45	0.983898153848333
46	1.0
47	0.0020274756563298992
48	0.0008168904262529346
49	0.004715720680195383
50	0.05560654736795923
51	0.04576439005840027
52	0.09656527406216288
53	0.21048152657828798
54	0.8925879504045042
55	0.2475782724366734
56	0.0057298905337253465
57	0.0016153167178432786
58	0.012901465378461817
59	0.07447719441285282
60	0.22460188780169513
61	0.12120455403276081
62	0.03254473486014868
63	0.0184389351286641
64	0.04576439005840027
65	0.20047693868989747
66	0.30082282132372057
67	0.3057458946813884
68	0.3715000583087364
69	0.6045810297425099
70	0.5224031981891458
71	0.699686033300596
72	0.09049436982916183
73	0.12120455403276081
74	0.1972488898661499
75	0.6144752151203998
76	0.6144752151203998
77	0.014453999040223766
78	0.010968329737619282
79	0.6144752151203998
80	0.019997932954225955
81	0.007674387126047693
82	0.39642250686331887
83	0.7466251623243612
84	0.1940728185879353
85	0.3900393726467364
86	0.15462038588001323
87	0.164993247273701
88	0.4162055494255606
89	0.4162055494255606
90	0.015423659850313305
91	0.004278080449843506
92	0.5852680376789872
93	0.023522509426831584
94	0.018740694914960387
95	0.27737129133826993
96	0.45139540946973084
97	0.9680555771461441
98	0.983898153848333
99	1.0
100	1.0
101	1.0
102	0.983898153848333
103	0.7588439508744865
104	0.049633734144236996
105	0.016458371314135665
106	0.021339514049848227
107	0.021339514049848227
108	0.0009453932456821846
109	0.0007291465512741582
110	0.42301690250932644
111	0.40291010336058325
112	0.983898153848333
113	0.4095038717012343
114	0.40291010336058325
115	0.0015637163575655678
116	0.013766972933527199
117	0.5948461590153796
118	0.5948461590153796
119	0.6045810297425099
120	0.10818572446379393
121	0.026784434765055674
122	0.009477456704465008
123	0.0018694178137101955
124	0.0004780998567718064
125	0.0012060361066649921
126	0.0023086307871881062
127	0.3655182215245086
128	0.27737129133826993
129	0.17606198232519052
130	0.2435918051833991
131	0.48167771661524483
132	0.8364723744993591
133	0.6245313223904277
134	0.6144752151203998
135	0.2959790185358514
136	0.025511319561055724
137	0.006631244087325165
138	0.0067397667750349905
139	0.005546852487609716
140	0.095010394875619
141	0.2912132099152615
142	0.024298717947761804
143	0.0065244688152369034
144	0.06756537356313871
145	0.11925293695084387
146	0.164993247273701
147	0.021339514049848227
148	0.023522509426831584
149	0.05296346225091008
150	0.6347520014624568
151	0.04288725609876025
152	0.1030434509053353
153	0.9371316004437406
154	0.9220420515895298
155	0.2912132099152615
156	0.2209853827589351
157	0.34253867592861237
158	0.5574491330158786
159	0.566571988000523
160	0.5139915422627653
161	0.8230036250150508
162	0.4587826572335652
163	0.3057458946813884
164	0.3158350635019743
165	0.38375901867528583
166	0.9680555771461441
167	0.7967132492073022
168	0.7712627042813436
169	0.10644373457266976
170	0.21742711012398036
171	0.06867110513305712
172	0.061295000982726805
173	0.04084874312373918
174	0.046513340714587945
175	0.022043686905619652
176	0.03202070454638332
177	0.051271575016962036
178	0.4441271100328742
179	0.45139540946973084
180	0.3158350635019743
181	0.3655182215245086
182	0.40291010336058325
183	0.983898153848333
184	0.9371316004437406
185	0.850161544899417
186	0.9220420515895298
187	0.7466251623243612
188	0.8097517472627824
189	0.8782156365502465
190	0.9371316004437406
191	0.4895605451959228
192	0.42301690250932644
193	0.3057458946813884
194	0.3715000583087364
195	0.850161544899417
196	0.6245313223904277
197	0.6556978921951199
198	0.9371316004437406
199	0.9371316004437406
200	0.9524680951766734
