1	1.0
2	0.9838981538483189
3	0.9371316004437406
4	0.8925879504044915
5	0.8782156365502465
6	0.43697584363533404
7	0.305745894681384
8	0.3900393726467364
9	0.9680555771461303
10	0.9838981538483189
11	0.9838981538483189
12	0.9838981538483189
13	0.2959790185358514
14	0.2320134226836728
15	0.2320134226836728
16	0.32100381758685115
17	0.9071954723294419
18	0.9071954723294419
19	0.0043480927706904
20	0.005032079462438836
21	0.004074735137074894
22	0.031505112088108564
23	1.0
24	1.0
25	0.9071954723294419
26	1.0
27	0.013327194928720634
28	0.005546852487609637
29	0.007429233258548931
30	0.019047393108381876
31	0.016458371314135432
32	0.027668282067045132
33	0.10304345090533532
34	0.19724888986614994
35	0.6347520014624478
36	0.5057153295259778
37	0.5224031981891458
38	0.5224031981891458
39	0.9220420515895167
40	0.9220420515895167
41	0.4895605451959228
42	0.5139915422627507
43	0.8925879504044915
44	0.03828064801966494
45	0.07947357060372964
46	0.12725313808047323
47	0.224601887801692
48	0.8925879504044915
49	0.48167771661523806
50	0.4895605451959228
51	0.03587400494469211
52	0.026353155917208635
53	0.06229811565656762
54	0.06867110513305712
55	0.25162997965624545
56	0.2209853827589351
57	0.24757827243666988
58	0.3425386759286075
59	0.9680555771461303
60	0.9371316004437406
61	0.5948461590153628
62	0.566571988000515
63	0.566571988000515
64	0.5948461590153628
65	0.9838981538483189
66	0.8925879504044915
67	0.9838981538483189
68	0.4895605451959228
69	0.4162055494255547
70	0.4095038717012343
71	0.03954385360034535
72	0.004491573493650815
73	0.0047928951403666395
74	0.06030803830703494
75	0.45139540946972445
76	0.9838981538483189
77	0.43697584363533404
78	0.07093715149650967
79	0.08619300005539274
80	0.10138426111191785
81	0.19724888986614994
82	0.23966952741252234
83	0.009026975134420922
84	0.027668282067045132
85	0.7466251623243612
86	0.9838981538483189
87	0.7346031188276403
88	0.7346031188276403
89	0.1314523061326923
90	0.11733274450692359
91	0.021688742850449232
92	0.05211065273008482
93	0.8364723744993592
94	0.8364723744993592
95	0.8501615448994049
96	0.16233655139003356
97	0.003353521788788838
98	0.0043480927706904
99	0.0020606560225769105
100	0.005823662247270245
101	1.0
102	1.0
103	1.0
104	1.0
105	1.0
106	0.00932485215470036
107	0.0030920881101849616
108	0.003520875718327175
109	0.0022348829091087077
110	0.03416884515602848
111	0.38375901867527495
112	0.2139261322475594
113	0.19094788792080922
114	0.3715000583087311
115	0.9838981538483189
116	0.9838981538483189
117	0.9838981538483189
118	0.9071954723294419
119	0.9071954723294419
120	0.24757827243666988
121	0.1314523061326923
122	0.1357900406092567
123	0.24757827243666988
124	0.022404439747548986
125	0.0043480927706904
126	0.015175310452307484
127	0.3715000583087311
128	0.031505112088108564
129	0.003353521788788838
130	0.006962169253653825
131	0.1676934209382962
132	0.7588439508744759
133	1.0
134	0.9838981538483189
135	0.3715000583087311
136	0.19724888986614994
137	0.15972263321475677
138	0.15972263321475677
139	0.9838981538483189
140	0.9371316004437406
141	0.9524680951766463
142	0.32100381758685115
143	0.17322705937262783
144	0.06030803830703494
145	0.05838153282986846
146	0.5574491330158786
147	0.04084874312373918
148	0.45878265723355877
149	0.9838981538483189
150	0.9220420515895167
151	0.9838981538483189
152	0.9838981538483189
153	0.8640747434825015
154	0.9071954723294419
155	0.2209853827589351
156	0.2037578156903402
157	0.09501039487561766
158	0.053830228305392636
159	0.014453999040223766
160	0.003520875718327175
161	0.001962709116638142
162	0.006419412822152427
163	0.9524680951766463
164	0.9524680951766463
165	0.028121083425988593
166	0.0002937805123388797
167	0.00017475420935834793
168	0.003944570074838653
169	0.9680555771461303
170	0.9371316004437406
171	0.1789432998085774
172	0.09197534264619908
173	0.12120455403276081
174	0.17043778391330164
175	0.8640747434825015
176	0.8925879504044915
177	0.9371316004437406
178	0.9371316004437406
179	0.8364723744993592
180	0.2959790185358514
181	0.3008228213237163
182	0.45139540946972445
183	0.9524680951766463
184	0.9371316004437406
185	0.305745894681384
186	0.11358461770178932
187	0.02952443611328862
188	0.03954385360034535
189	0.05744148237014342
190	0.9838981538483189
191	0.9071954723294419
192	0.8925879504044915
193	0.9071954723294419
194	0.9371316004437406
195	0.9220420515895167
196	0.06867110513305712
197	0.12120455403276081
198	0.12120455403276081
199	0.18484816784601354
200	0.3596327033558797
