1	1.0
2	1.0
3	1.0
4	0.9838981538483328
5	0.03646109590141791
6	0.012693727967806582
7	0.016458371314135432
8	0.010791719379643227
9	0.052110652730085555
10	1.0
11	1.0
12	0.9838981538483328
13	0.9838981538483328
14	0.9838981538483328
15	1.0
16	0.05838153282986928
17	0.03646109590141791
18	0.013545299253377184
19	0.0026287744047199654
20	0.01044698413245975
21	0.011515692539375738
22	0.010113261253784787
23	0.013327194928720821
24	0.011330268629776808
25	0.015423659850313085
26	0.027222771645920636
27	0.08209608258032164
28	1.0
29	0.6347520014624477
30	0.5057153295259849
31	0.2865241396118728
32	0.28191057199709557
33	1.0
34	1.0
35	0.024298717947761804
36	0.0007291465512741581
37	0.0012257733200817843
38	0.0030920881101850054
39	0.01044698413245975
40	1.0
41	0.1425664978143701
42	0.9524680951766598
43	0.03954385360034591
44	0.004871332588256415
45	0.006962169253653923
46	0.836472374499359
47	0.8782156365502464
48	0.03766425891466616
49	1.0
50	0.01493095993810064
51	0.0011487109132294637
52	0.00011646120716896718
53	0.0006300371192533686
54	0.0007780620682611711
55	0.0008168904262529344
56	0.0008302591310470831
57	0.005729890533725346
58	0.023522509426831584
59	0.030498699465507893
60	1.0
61	0.03529636723622802
62	0.004715720680195382
63	0.04651334071458728
64	0.7967132492073021
65	0.9838981538483328
66	1.0
67	1.0
68	1.0
69	1.0
70	0.9838981538483328
71	0.8230036250150506
72	0.9838981538483328
73	0.03890712455342853
74	0.005546852487609716
75	0.03202070454638332
76	1.0
77	0.03254473486014868
78	0.023522509426831584
79	0.004639788871308576
80	5.794787992315277e-05
81	0.0013294115143324132
82	0.0006000902548658462
83	0.0005101736581558254
84	4.926505911911207e-05
85	0.0021634908644312515
86	0.010617952774480096
87	0.9838981538483328
88	0.04804821315291693
89	0.9838981538483328
90	0.9680555771461439
91	0.9838981538483328
92	1.0
93	1.0
94	1.0
95	0.8782156365502464
96	0.9071954723294546
97	1.0
98	0.9838981538483328
99	0.002993313140091832
100	0.001286944230771775
101	0.04019100294647176
102	1.0
103	0.1293356813230618
104	0.9680555771461439
105	0.008057369233585077
106	0.007309608887594926
107	0.005198130749139036
108	0.003696581267296084
109	0.029049038185277716
110	0.9838981538483328
111	0.8097517472627824
112	0.0019311058764015598
113	0.0003345197923062435
114	0.001206036106664975
115	0.001751890507660274
116	0.003299523896879496
117	0.004951053693111611
118	0.0030422997831473634
119	0.001286944230771775
120	0.0010421053394971877
121	0.0010764932965619026
122	0.007799981223697785
123	1.0
124	0.7227746524257427
125	1.0
126	0.4230169025093204
127	1.0
128	0.8640747434825136
129	0.9071954723294546
130	1.0
131	1.0
132	1.0
133	0.8925879504045041
134	0.9071954723294546
135	0.4587826572335652
136	0.9524680951766598
137	1.0
138	0.7227746524257427
139	0.007674387126047693
140	0.0010764932965619026
141	0.0008168904262529344
142	0.0017236818362313373
143	0.002271457569431769
144	0.004639788871308576
145	0.003818563060391394
146	0.002463507565100762
147	0.0012662220527620944
148	0.0006833062745535857
149	0.0032463954707181004
150	0.09975178733729471
151	0.2912132099152615
152	0.14968112689163568
153	0.9838981538483328
154	0.07569604040982214
155	0.022043686905619652
156	0.009790198959862367
157	0.010617952774480096
158	0.007191910689857912
159	0.012901465378461815
160	0.0224044397475493
161	0.9838981538483328
162	0.9838981538483328
163	0.6045810297425099
164	0.6144752151203998
165	0.7712627042813436
166	0.12520412762878458
167	0.0675653735631387
168	0.055606547367958434
169	0.05127157501696203
170	0.047274548216865483
171	0.004209195456615671
172	0.0008576564720537255
173	0.0019311058764015598
174	0.0045650797047264826
175	0.027222771645920636
176	1.0
177	1.0
178	0.027222771645920636
179	0.02032520629905451
180	0.14968112689163568
181	1.0
182	1.0
183	1.0
184	1.0
185	1.0
186	0.1425664978143701
187	0.020995908477666227
188	0.030498699465507893
189	0.024696375181437153
190	0.003944570074838764
191	0.0010941104954323084
192	9.741658249768637e-05
193	0.0047928951403666395
194	0.007674387126047693
195	0.010278768401209682
196	0.013545299253377184
197	0.02551131956105572
198	0.08619300005539395
199	0.6245313223904276
200	0.6045810297425099
