1	1.0
2	0.9680555771461302
3	0.9680555771461302
4	0.9680555771461302
5	0.8782156365502339
6	0.8501615448993928
7	0.9220420515895036
8	0.3596327033558797
9	0.33159647562093936
10	0.7838846950415491
11	0.8925879504044915
12	0.1972488898661499
13	0.023143753598939273
14	0.009790198959862089
15	0.038280648019664396
16	0.012693727967806403
17	0.008459463654885487
18	0.005198130749138962
19	0.017001473575158972
20	0.9680555771461302
21	0.9524680951766463
22	0.07093715149650967
23	0.03150511208810857
24	0.1425664978143681
25	0.8925879504044915
26	0.1425664978143681
27	0.010278768401209682
28	0.07693483325865721
29	0.4895605451959158
30	0.8501615448993928
31	0.8230036250150273
32	0.0861930000553915
33	0.10138426111191785
34	0.1231881100281487
35	0.040191002946470614
36	0.7346031188276299
37	0.7838846950415491
38	0.9680555771461302
39	0.9838981538483049
40	0.9838981538483049
41	0.8925879504044915
42	0.8925879504044915
43	0.9838981538483049
44	0.6347520014624388
45	0.09975178733729188
46	0.020657835589543778
47	0.5057153295259778
48	0.45139540946972445
49	0.40291010336057753
50	0.5139915422627508
51	1.0
52	0.9680555771461302
53	0.9371316004437406
54	0.6144752151203824
55	0.5396417421912961
56	0.44412711003286787
57	0.5948461590153626
58	0.9680555771461302
59	0.8782156365502339
60	0.9071954723294418
61	1.0
62	0.9680555771461302
63	1.0
64	0.809751747262771
65	0.8230036250150273
66	0.7967132492072909
67	0.8501615448993928
68	0.9220420515895036
69	0.20047693868989175
70	0.3158350635019698
71	0.5139915422627508
72	0.9371316004437406
73	0.5224031981891384
74	0.1878732744065199
75	0.6884197964379001
76	0.9680555771461302
77	0.8640747434825014
78	0.8501615448993928
79	0.6884197964379001
80	0.677334966787895
81	0.24757827243666988
82	0.7838846950415491
83	0.44412711003286787
84	0.3775797899972509
85	0.3775797899972509
86	0.37150005830873106
87	0.8925879504044915
88	0.677334966787895
89	0.19094788792080922
90	0.7111366461700385
91	0.39003937264673083
92	0.24359180518339563
93	0.09656527406216012
94	0.8925879504044915
95	0.1496811268916314
96	0.09656527406216012
97	0.053830228305391865
98	0.9838981538483049
99	0.03361866366814501
100	0.03416884515602799
101	0.038280648019664396
102	0.018438935128663837
103	0.014221262971401333
104	0.003092088110184961
105	0.010617952774479945
106	0.04651334071458662
107	0.6664286233595222
108	0.677334966787895
109	0.4369758436353279
110	0.677334966787895
111	0.9071954723294418
112	0.8364723744993591
113	0.39003937264673083
114	0.006631244087325071
115	0.03472803056127655
116	0.05560654736795765
117	0.9524680951766463
118	0.8782156365502339
119	0.002671795240633363
120	0.0036965812672960317
121	0.0014185963995909496
122	0.0028051283336034973
123	1.0
124	0.15715080394779138
125	0.1231881100281487
126	0.03472803056127655
127	0.8782156365502339
128	1.0
129	0.9220420515895036
130	0.9220420515895036
131	1.0
132	0.015423659850313087
133	0.01593261814139069
134	1.0
135	1.0
136	1.0
137	1.0
138	1.0
139	1.0
140	1.0
141	1.0
142	0.008459463654885487
143	0.01727970878760305
144	0.9524680951766463
145	1.0
146	0.9220420515895036
147	0.8640747434825014
148	0.8925879504044915
149	0.14727098441461423
150	0.10644373457266824
151	0.1732270593726254
152	0.007076107650393089
153	0.006015834611932686
154	0.0011866166988220661
155	0.006015834611932686
156	0.0035208757183271245
157	0.02032520629905393
158	0.016727718463300126
159	0.019047393108381605
160	0.006214348384488035
161	0.007076107650393089
162	0.03361866366814501
163	0.042196692099189664
164	0.8501615448993928
165	0.05651656845829405
166	1.0
167	1.0
168	1.0
169	0.9071954723294418
170	0.053830228305391865
171	0.9071954723294418
172	0.0574414823701426
173	0.00611428590286806
174	0.05933696755250621
175	0.0008576564720537012
176	0.0009004569039077774
177	5.257005429737361e-05
178	0.0011866166988220661
179	0.11358461770178933
180	1.0
181	0.9838981538483049
182	0.6664286233595222
183	0.6884197964379001
184	0.9071954723294418
185	0.9524680951766463
186	0.9371316004437406
187	0.809751747262771
188	0.8925879504044915
189	0.9220420515895036
190	0.9071954723294418
191	0.8925879504044915
192	0.09197534264619908
193	0.14027091400017713
194	0.3775797899972509
195	0.10472979393476876
196	0.6245313223904277
197	0.6245313223904277
198	0.8925879504044915
199	0.9371316004437406
200	1.0
