1	1.0
2	1.0
3	1.0
4	0.9524680951766599
5	0.8782156365502464
6	0.9071954723294546
7	0.9524680951766599
8	0.9838981538483328
9	0.5224031981891458
10	0.46629079995640094
11	0.45139540946972445
12	0.0876035794134446
13	0.015932618141390915
14	0.009950419076984587
15	0.5309525138815143
16	0.0781938993967447
17	0.08343961441458081
18	0.4895605451959227
19	0.2004769386898946
20	0.575844141778792
21	1.0
22	1.0
23	0.02551131956105572
24	0.02314375359893927
25	0.02551131956105572
26	0.026353155917209003
27	0.03099782162027481
28	0.05211065273008555
29	1.0
30	1.0
31	1.0
32	0.04651334071458728
33	0.005198130749138961
34	0.0005715668219861406
35	0.0016686198147892288
36	0.0038810552143591303
37	0.0070761076503932895
38	0.4895605451959227
39	0.48167771661524483
40	0.2282775782464986
41	0.3262571601860559
42	0.9371316004437404
43	0.9524680951766599
44	0.9220420515895297
45	0.9220420515895297
46	0.4739218161276131
47	0.48167771661524483
48	0.9680555771461438
49	0.3964225068633132
50	0.08903724340857933
51	0.0769348332586583
52	0.11358461770179093
53	0.43697584363533404
54	0.5057153295259778
55	0.9524680951766599
56	0.9071954723294546
57	0.9524680951766599
58	0.6773349667878948
59	0.9071954723294546
60	0.4895605451959227
61	0.40950387170123426
62	0.07327797408660716
63	0.12520412762878458
64	0.14968112689163354
65	0.4895605451959227
66	0.5309525138815143
67	0.9524680951766599
68	0.7346031188276507
69	0.9220420515895297
70	0.9838981538483328
71	0.9838981538483328
72	1.0
73	0.6045810297425099
74	0.5852680376789872
75	0.575844141778792
76	0.5852680376789872
77	0.37757978999725084
78	0.06331764666180337
79	0.027222771645920633
80	0.02032520629905451
81	0.0070761076503932895
82	0.005546852487609716
83	0.026353155917209003
84	0.18484816784601615
85	0.9838981538483328
86	0.8501615448994048
87	0.18484816784601615
88	0.021688742850449538
89	0.0009453932456821844
90	9.584799567368744e-05
91	0.0004408281728025241
92	4.7691315238690926e-05
93	0.0025864462836876503
94	0.009174704819918332
95	1.0
96	1.0
97	1.0
98	0.45139540946972445
99	0.40950387170123426
100	0.04288725609876024
101	0.0025447997235481606
102	0.0045650797047264826
103	0.2912132099152615
104	0.029524436113288612
105	0.42993972582912293
106	0.44412711003287414
107	0.44412711003287414
108	0.42301690250932045
109	0.4162055494255606
110	0.8640747434825136
111	0.6045810297425099
112	0.746625162324361
113	0.2516299796562454
114	0.2729051014782479
115	0.019047393108381872
116	0.01619336115132821
117	0.06030803830703664
118	0.42301690250932045
119	0.310749535900159
120	0.42993972582912293
121	0.10818572446379393
122	0.022771096439116734
123	0.10995622264422977
124	0.575844141778792
125	0.8501615448994048
126	0.7227746524257428
127	0.575844141778792
128	0.575844141778792
129	0.5948461590153711
130	0.5396417421913038
131	0.08343961441458081
132	0.005283200023099543
133	0.00346418311919148
134	0.0010764932965619178
135	0.0010253255196467585
136	0.0011675099792966507
137	0.0009004569039077774
138	0.04084874312373918
139	0.8230036250150506
140	0.9220420515895297
141	0.7346031188276507
142	0.17606198232518802
143	0.5139915422627653
144	0.40950387170123426
145	0.9838981538483328
146	1.0
147	0.9680555771461438
148	0.6664286233595317
149	0.9220420515895297
150	0.0781938993967447
151	0.14027091400017913
152	0.14968112689163354
153	0.44412711003287414
154	0.2320134226836761
155	0.42993972582912293
156	0.2139261322475624
157	0.5396417421913038
158	0.12318811002815043
159	0.09975178733729329
160	0.11733274450692355
161	0.5574491330158864
162	0.5574491330158864
163	0.6347520014624477
164	0.9838981538483328
165	0.5852680376789872
166	0.5665719880005149
167	0.1448996496809655
168	0.12120455403276079
169	0.10818572446379393
170	0.5396417421913038
171	0.5665719880005149
172	0.6664286233595317
173	0.9838981538483328
174	0.2685108255202401
175	0.3964225068633132
176	0.3964225068633132
177	0.40950387170123426
178	0.46629079995640094
179	1.0
180	1.0
181	1.0
182	1.0
183	1.0
184	0.003944570074838764
185	5.430478945470585e-05
186	2.573622444280148e-05
187	0.0004553748598836633
188	0.00012030425723314344
189	0.0009151932040789332
190	0.02204368690561934
191	0.18484816784601615
192	1.0
193	0.9680555771461438
194	0.9838981538483328
195	1.0
196	1.0
197	1.0
198	1.0
199	1.0
200	1.0
