1	0.6556978921951152
2	0.4816777166152449
3	0.5309525138815105
4	0.3900393726467364
5	0.35384195289533266
6	0.5309525138815105
7	0.5484731728386727
8	0.5665719880005149
9	0.5396417421913038
10	0.8097517472627824
11	0.7838846950415602
12	0.6773349667878948
13	0.699686033300596
14	0.7838846950415602
15	0.8782156365502402
16	0.5852680376789872
17	0.4816777166152449
18	0.5665719880005149
19	0.41620554942555466
20	0.23201342268367448
21	0.30082282132371624
22	0.42301690250932045
23	0.7346031188276455
24	0.9220420515895231
25	0.7838846950415602
26	0.6347520014624431
27	0.3425386759286099
28	0.35384195289533266
29	0.35963270335588476
30	0.6245313223904277
31	0.5948461590153669
32	0.9371316004437404
33	0.14968112689163246
34	0.0009004569039077774
35	0.0006833062745535759
36	0.00019898781356798438
37	0.0007532073245460797
38	0.00032383375060782187
39	0.010617952774480096
40	1.0
41	1.0
42	1.0
43	1.0
44	1.0
45	1.0
46	1.0
47	1.0
48	0.9838981538483259
49	0.021339514049848223
50	0.001286944230771766
51	0.0010421053394971804
52	0.0009608649452023698
53	0.0017518905076602611
54	0.0020943793974174054
55	0.16233655139003358
56	0.9838981538483259
57	0.8782156365502402
58	0.23581040555488308
59	0.07447719441285122
60	0.03361866366814573
61	0.030498699465507893
62	0.7466251623243612
63	0.5852680376789872
64	0.6773349667878948
65	0.6045810297425014
66	0.22827757824649697
67	0.09049436982916183
68	0.2516299796562454
69	0.23201342268367448
70	0.6347520014624431
71	0.9071954723294418
72	0.9524680951766531
73	0.9371316004437404
74	0.9371316004437404
75	0.8501615448993988
76	0.8925879504044978
77	0.1972488898661499
78	0.08343961441458023
79	0.10138426111191928
80	0.13801229332339157
81	0.1676934209382974
82	0.13801229332339157
83	0.012901465378461815
84	0.07327797408660718
85	0.8230036250150449
86	0.7227746524257427
87	0.8640747434825137
88	0.458782657233562
89	0.3715000583087337
90	0.34814444420780405
91	0.176061982325188
92	0.07947357060372963
93	0.699686033300596
94	0.7588439508744758
95	0.6045810297425014
96	0.7346031188276455
97	0.3210038175868579
98	0.4816777166152449
99	0.3775797899972509
100	0.9371316004437404
101	0.8097517472627824
102	0.968055577146144
103	0.7346031188276455
104	0.7227746524257427
105	0.6884197964379147
106	0.6245313223904277
107	0.9524680951766531
108	0.9838981538483259
109	0.9220420515895231
110	0.8364723744993591
111	0.8501615448993988
112	0.699686033300596
113	0.30082282132371624
114	0.2037578156903431
115	0.3900393726467364
116	0.5665719880005149
117	0.968055577146144
118	0.968055577146144
119	0.3262571601860559
120	0.07209806342155825
121	0.051271575016962036
122	0.05838153282986887
123	0.20709238541955197
124	0.8364723744993591
125	0.12725313808047412
126	0.01756249741908432
127	0.011147830387442844
128	0.057441482370143
129	0.17043778391330283
130	0.17322705937262906
131	0.051271575016962036
132	0.08619300005539335
133	0.9371316004437404
134	0.968055577146144
135	0.9838981538483259
136	1.0
137	0.8782156365502402
138	0.3210038175868579
139	0.35963270335588476
140	0.3158350635019698
141	0.25993340216897615
142	0.6664286233595269
143	0.6773349667878948
144	0.7346031188276455
145	0.968055577146144
146	0.8925879504044978
147	0.8501615448993988
148	0.7967132492072965
149	0.6347520014624431
150	0.6773349667878948
151	0.8230036250150449
152	0.08619300005539335
153	0.08619300005539335
154	0.08619300005539335
155	0.05838153282986887
156	0.04727454821686548
157	0.04084874312373918
158	0.051271575016962036
159	0.04219669209919026
160	0.8782156365502402
161	0.9838981538483259
162	1.0
163	1.0
164	1.0
165	0.8640747434825137
166	0.9220420515895231
167	0.10138426111191928
168	0.04883453939311235
169	0.051271575016962036
170	0.03000761409888814
171	0.029049038185277508
172	0.03954385360034535
173	0.042887256098759936
174	0.04430247303072529
175	0.8097517472627824
176	0.8230036250150449
177	0.968055577146144
178	0.3964225068633104
179	0.31074953590015686
180	0.7346031188276455
181	0.8364723744993591
182	0.9371316004437404
183	0.6773349667878948
184	0.4299397258291169
185	0.5139915422627617
186	0.7466251623243612
187	0.3964225068633104
188	0.36551822152450597
189	0.3900393726467364
190	0.6773349667878948
191	0.4369758436353341
192	0.5484731728386727
193	0.5484731728386727
194	0.5396417421913038
195	0.8640747434825137
196	0.9524680951766531
197	0.968055577146144
198	0.9220420515895231
199	0.9371316004437404
200	0.968055577146144
