1	0.9071954723294289
2	0.8097517472627709
3	0.8230036250150272
4	0.8640747434825014
5	0.9371316004437271
6	0.8925879504044913
7	0.9071954723294289
8	0.9071954723294289
9	0.9071954723294289
10	0.8925879504044913
11	0.7712627042813325
12	0.2729051014782441
13	0.21048152657828498
14	0.2435918051833956
15	0.3655182215245033
16	0.45139540946972445
17	0.48167771661523795
18	0.40950387170122265
19	0.3210038175868511
20	0.3057458946813797
21	0.20047693868989175
22	0.2396695274125223
23	0.6144752151203823
24	0.6144752151203823
25	0.5665719880005069
26	0.5309525138815068
27	0.548473172838661
28	0.5665719880005069
29	0.6556978921951012
30	0.5665719880005069
31	0.09197534264619776
32	0.39642250686330754
33	0.4441271100328678
34	0.4441271100328678
35	0.49757237909340374
36	0.176061982325188
37	0.21048152657828498
38	0.6347520014624387
39	0.42301690250931445
40	0.05744148237014177
41	0.0547111792972134
42	0.2819105719970956
43	0.2516299796562454
44	0.4162055494255546
45	0.8501615448993927
46	0.019997932954225386
47	0.01756249741908419
48	0.00041987477004942157
49	0.00021934392271274688
50	0.0014418122384338217
51	0.0018393167356805956
52	0.9838981538483048
53	0.8501615448993927
54	0.9838981538483048
55	0.0023086307871880737
56	0.0008716923278076609
57	0.0031426912410505493
58	0.006419412822152426
59	0.0012869442307717569
60	0.04651334071458661
61	0.9838981538483048
62	1.0
63	1.0
64	1.0
65	1.0
66	1.0
67	0.04502749889045374
68	0.0005356333306484069
69	0.006214348384488034
70	0.005283200023099392
71	0.0037570771454723726
72	0.005114431247540003
73	1.0
74	1.0
75	0.8501615448993927
76	0.004348092770690338
77	0.003578496112179884
78	0.0017236818362313128
79	0.0013294115143323755
80	0.019359110527732544
81	0.05560654736795764
82	0.9371316004437271
83	0.9220420515895035
84	0.9071954723294289
85	0.9680555771461301
86	0.746625162324361
87	0.22460188780169194
88	0.47392181612760637
89	0.8640747434825014
90	0.2729051014782441
91	0.14256649781436606
92	0.21392613224755633
93	0.1676934209382962
94	0.9680555771461301
95	0.7967132492072908
96	0.7712627042813325
97	0.783884695041549
98	0.7227746524257325
99	0.09656527406216013
100	0.16233655139003125
101	0.3315964756209393
102	0.012288234154010974
103	0.5665719880005069
104	0.04651334071458661
105	0.03254473486014822
106	0.5758441417787756
107	0.5948461590153626
108	0.8782156365502214
109	0.6451399456130031
110	0.6144752151203823
111	0.9071954723294289
112	0.028581295041563655
113	0.4299397258291107
114	0.023522509426831248
115	0.02390746372968351
116	0.02678443476505491
117	0.5057153295259778
118	0.46629079995640094
119	0.46629079995640094
120	0.4299397258291107
121	0.4369758436353279
122	0.548473172838661
123	0.9371316004437271
124	0.9071954723294289
125	0.9220420515895035
126	0.8501615448993927
127	0.3262571601860513
128	0.3057458946813797
129	0.4299397258291107
130	0.9220420515895035
131	0.9371316004437271
132	0.9071954723294289
133	0.6884197964379
134	0.05044600800408381
135	0.024298717947761457
136	0.02812108342598859
137	0.02812108342598859
138	0.041517247454898654
139	0.4029101033605775
140	0.9838981538483048
141	0.9680555771461301
142	0.7967132492072908
143	0.11925293695084045
144	0.09197534264619776
145	0.09656527406216013
146	0.3655182215245033
147	0.3538419528953301
148	0.3900393726467308
149	1.0
150	0.6773349667878853
151	0.5665719880005069
152	0.3262571601860513
153	0.31074953590015464
154	0.25574799451756464
155	0.5139915422627507
156	0.38375901867527495
157	0.5665719880005069
158	0.5758441417787756
159	0.3538419528953301
160	0.3370231708678045
161	0.758843950874465
162	0.8097517472627709
163	0.6556978921951012
164	0.6144752151203823
165	0.4441271100328678
166	0.5758441417787756
167	0.3008228213237163
168	0.4029101033605775
169	0.9838981538483048
170	0.9371316004437271
171	0.8501615448993927
172	0.45139540946972445
173	0.05127157501696131
174	0.05383022830539186
175	0.5758441417787756
176	0.7967132492072908
177	0.9071954723294289
178	0.9838981538483048
179	0.5309525138815068
180	0.21048152657828498
181	0.09197534264619776
182	0.008597905811488844
183	0.0059189685685373875
184	0.47392181612760637
185	0.009790198959862087
186	0.007076107650393088
187	0.008881624169591297
188	0.548473172838661
189	0.12933568132305814
190	0.5057153295259778
191	0.6045810297425014
192	0.6144752151203823
193	0.9220420515895035
194	0.6144752151203823
195	0.5852680376789788
196	0.5665719880005069
197	0.12933568132305814
198	0.08077418408895644
199	0.0861930000553915
200	0.9524680951766462
