1	0.566571988000515
2	0.11544347070631858
3	0.05838153282986846
4	0.07819389939674473
5	0.23581040555488308
6	0.2819105719970956
7	0.06435386265758125
8	0.017001473575159215
9	0.0034084033755650083
10	6.183537071603721e-05
11	0.0007174059456835128
12	0.0009608649452023767
13	4.7691315238690255e-05
14	0.00041987477004942157
15	0.0005356333306484145
16	0.0005185228330395549
17	0.0020274756563298706
18	1.0
19	0.003757077145472426
20	0.0021286546673816124
21	0.01874069491496012
22	1.0
23	1.0
24	1.0
25	1.0
26	0.01874069491496012
27	0.0022348829091086756
28	0.003757077145472426
29	1.0
30	0.0015137643410159587
31	1.2599440069502351e-05
32	2.0174232448866305e-05
33	0.00041987477004942157
34	4.7691315238690255e-05
35	0.0009608649452023767
36	0.000753207324546069
37	0.0001664478089116465
38	0.006214348384488035
39	0.022771096439116737
40	0.07447719441285176
41	0.2819105719970956
42	0.9680555771461302
43	0.9680555771461302
44	0.5852680376789788
45	0.16233655139003356
46	0.07569604040982214
47	0.0997517873372933
48	0.9680555771461302
49	0.95246809517666
50	0.983898153848319
51	0.983898153848319
52	0.983898153848319
53	0.9680555771461302
54	0.95246809517666
55	0.1940728185879353
56	0.176061982325188
57	0.22460188780169515
58	0.4895605451959158
59	0.8782156365502339
60	0.8782156365502339
61	0.8782156365502339
62	0.9071954723294419
63	0.34814444420780405
64	0.17043778391330167
65	0.11733274450692358
66	0.10304345090533384
67	0.16233655139003356
68	0.14027091400017713
69	0.34814444420780405
70	0.8501615448994049
71	0.8364723744993473
72	0.8782156365502339
73	0.95246809517666
74	0.983898153848319
75	0.983898153848319
76	0.4895605451959158
77	0.11925293695084216
78	0.07819389939674473
79	0.053830228305392636
80	0.07947357060372963
81	0.14489964968096347
82	0.31074953590015464
83	0.8925879504045042
84	0.9071954723294419
85	0.7967132492073022
86	0.8782156365502339
87	0.2516299796562454
88	0.03202070454638286
89	0.0005715668219861407
90	0.0014418122384338217
91	1.0
92	0.009174704819918203
93	0.09049436982916183
94	1.0
95	0.1212045540327608
96	0.010791719379643074
97	0.006524468815236811
98	0.004951053693111611
99	0.027222771645920248
100	1.0
101	0.04019100294647119
102	0.0034084033755650083
103	0.006419412822152334
104	1.0
105	1.0
106	1.0
107	1.0
108	1.0
109	1.0
110	0.006524468815236811
111	0.0034084033755650083
112	0.04019100294647119
113	1.0
114	0.02858129504156366
115	0.007191910689857811
116	0.0057298905337253465
117	0.010446984132459602
118	0.1212045540327608
119	1.0
120	0.08903724340857934
121	0.009026975134420794
122	1.0
123	0.002384812237737442
124	0.0014893899404870398
125	0.04219669209919027
126	0.28652413961186873
127	0.983898153848319
128	0.9371316004437272
129	0.9371316004437272
130	0.9371316004437272
131	0.8782156365502339
132	0.823003625015039
133	0.2599334021689762
134	0.007550815325235631
135	0.007550815325235631
136	0.029049038185277303
137	0.0009301706690873715
138	0.0004480424839484732
139	0.002897693479410694
140	0.6884197964379097
141	0.983898153848319
142	0.0330773411179359
143	0.029049038185277303
144	0.07209806342155774
145	0.11925293695084216
146	0.2912132099152574
147	0.466290799956401
148	0.9220420515895167
149	0.9220420515895167
150	0.983898153848319
151	0.5224031981891384
152	0.28652413961186873
153	0.6144752151203912
154	0.4441271100328679
155	0.11925293695084216
156	0.11733274450692358
157	0.15972263321475677
158	0.8501615448994049
159	0.5852680376789788
160	0.6664286233595222
161	0.809751747262771
162	0.09197534264619778
163	0.17894329980857993
164	0.14727098441461212
165	0.026784434765055296
166	0.007799981223697675
167	0.015175310452307482
168	0.1676934209382986
169	0.277371291338266
170	0.06979493239667538
171	0.1380122933233906
172	0.2685108255202363
173	0.95246809517666
174	0.9680555771461302
175	0.9220420515895167
176	0.5574491330158786
177	0.7346031188276403
178	0.6556978921951105
179	0.7588439508744759
180	0.9071954723294419
181	0.9071954723294419
182	0.9371316004437272
183	0.823003625015039
184	0.8925879504045042
185	0.8782156365502339
186	0.013327194928720634
187	0.014221262971401536
188	0.04883453939311235
189	0.3596327033558848
190	0.7967132492073022
191	0.9680555771461302
192	0.9680555771461302
193	0.32100381758685564
194	0.2516299796562454
195	0.23201342268367287
196	0.277371291338266
197	0.277371291338266
198	0.7227746524257325
199	0.7712627042813436
200	1.0
