1	0.9071954723294289
2	0.7967132492072908
3	0.7466251623243612
4	0.7466251623243612
5	0.758843950874465
6	0.6664286233595221
7	0.6884197964379001
8	0.6884197964379001
9	0.6664286233595221
10	0.48956054519590886
11	0.40291010336057753
12	0.40950387170122265
13	0.39003937264673083
14	0.4230169025093144
15	0.39642250686330754
16	0.27737129133826594
17	0.39003937264673083
18	0.39642250686330754
19	0.39642250686330754
20	0.4587826572335522
21	0.4587826572335522
22	0.2516299796562454
23	0.7466251623243612
24	0.08209608258032047
25	0.17322705937262536
26	0.1676934209382962
27	0.16233655139003125
28	0.2516299796562454
29	0.7346031188276299
30	0.13145230613269043
31	0.13145230613269043
32	0.20709238541955047
33	0.6245313223904189
34	0.6144752151203823
35	0.3370231708678045
36	0.6664286233595221
37	0.6347520014624387
38	0.6144752151203823
39	0.6045810297424928
40	0.6144752151203823
41	0.6773349667878853
42	0.7111366461700386
43	0.6556978921951011
44	0.5396417421912962
45	0.783884695041549
46	0.6664286233595221
47	0.22460188780169196
48	0.059336967552505365
49	0.16233655139003125
50	0.7466251623243612
51	0.21392613224755636
52	0.20375781569033732
53	0.20709238541955047
54	0.10138426111191785
55	0.10644373457266673
56	0.9071954723294289
57	0.05744148237014177
58	0.07209806342155672
59	0.11358461770178771
60	0.2912132099152574
61	0.40291010336057753
62	0.8501615448993928
63	0.6347520014624387
64	0.24757827243666986
65	0.2516299796562454
66	0.21742711012397725
67	0.6773349667878853
68	0.6144752151203823
69	0.024696375181436803
70	0.027222771645920248
71	0.2685108255202325
72	0.9071954723294289
73	0.2685108255202325
74	0.2516299796562454
75	0.060308038307034934
76	0.06331764666180247
77	0.10472979393476875
78	0.783884695041549
79	0.03705779481220407
80	0.025511319561055356
81	0.024696375181436803
82	0.028581295041563252
83	0.07327797408660612
84	0.04502749889045374
85	0.20047693868989178
86	0.5665719880005069
87	0.7712627042813325
88	0.8364723744993472
89	0.9071954723294289
90	0.40950387170122265
91	0.1818717710859369
92	0.052963462250908575
93	0.019359110527732544
94	0.7967132492072908
95	0.154620385880011
96	0.05560654736795765
97	0.8097517472627594
98	0.23201342268367284
99	0.26418730551764474
100	0.2912132099152574
101	0.9524680951766463
102	0.8097517472627594
103	0.8640747434825014
104	0.20709238541955047
105	0.08343961441457964
106	0.10304345090533384
107	0.05744148237014177
108	0.0017805608241138404
109	0.001395754378613407
110	0.0036965812672960317
111	0.012901465378461633
112	0.7227746524257325
113	0.7227746524257325
114	0.0861930000553915
115	0.029524436113288196
116	0.020657835589543483
117	0.04727454821686481
118	0.11544347070631693
119	0.11733274450692191
120	0.24757827243666986
121	0.9680555771461302
122	0.9071954723294289
123	0.9680555771461302
124	0.8501615448993928
125	0.8782156365502215
126	0.9524680951766463
127	0.8640747434825014
128	0.8782156365502215
129	0.8364723744993472
130	0.8925879504044915
131	0.9071954723294289
132	0.8501615448993928
133	0.7967132492072908
134	0.9071954723294289
135	0.1940728185879325
136	0.06867110513305615
137	0.06756537356313774
138	0.06229811565656762
139	0.019047393108381605
140	0.007927630713798489
141	0.2396695274125223
142	0.0861930000553915
143	0.030997821620274372
144	0.011515692539375575
145	0.025100540218356872
146	0.06435386265758035
147	0.043589121425845555
148	0.017562497419084194
149	0.18484816784601354
150	0.8925879504044915
151	0.2396695274125223
152	0.24757827243666986
153	0.20709238541955047
154	0.8501615448993928
155	0.11733274450692191
156	0.09049436982916054
157	0.8364723744993472
158	0.12120455403275908
159	0.08480513362914896
160	0.06867110513305615
161	0.05838153282986845
162	0.05044600800408382
163	0.10472979393476875
164	0.1597226332147545
165	0.17894329980857737
166	0.12725313808047142
167	0.15213071221465535
168	0.0876035794134446
169	0.8097517472627594
170	0.12120455403275908
171	0.011330268629776485
172	0.005823662247270163
173	0.0016153167178432329
174	0.04430247303072467
175	0.6884197964379001
176	0.20047693868989178
177	0.2865241396118647
178	0.25574799451756464
179	0.8640747434825014
180	0.758843950874465
181	0.16233655139003125
182	0.15213071221465535
183	0.1380122933233906
184	0.6045810297424928
185	0.758843950874465
186	0.6451399456130033
187	0.6451399456130033
188	0.6884197964379001
189	0.5224031981891384
190	0.5396417421912962
191	0.6144752151203823
192	0.6556978921951011
193	0.8097517472627594
194	0.8097517472627594
195	0.5948461590153626
196	0.5574491330158786
197	0.5224031981891384
198	0.5309525138815068
199	0.6144752151203823
200	0.6451399456130033
