1	0.9524680951766463
2	0.8925879504044915
3	0.809751747262771
4	0.7588439508744758
5	0.20047693868989175
6	0.13579004060925667
7	0.13579004060925667
8	0.10644373457266824
9	0.7227746524257325
10	0.746625162324361
11	0.5758441417787756
12	0.7712627042813326
13	0.7111366461700386
14	0.699686033300596
15	0.6451399456130033
16	0.7111366461700386
17	0.5396417421912962
18	0.8501615448994049
19	0.9220420515895036
20	0.29597901853585135
21	0.31074953590015464
22	0.2865241396118647
23	0.3964225068633076
24	0.9220420515895036
25	0.8925879504044915
26	0.9371316004437404
27	0.7227746524257325
28	0.2396695274125223
29	0.22460188780169196
30	0.2557479945175683
31	0.48956054519591585
32	0.8640747434825014
33	0.9220420515895036
34	0.9524680951766463
35	0.9680555771461302
36	0.9838981538483189
37	0.9838981538483189
38	0.4029101033605775
39	0.2729051014782441
40	0.031505112088108564
41	0.0034641831191914805
42	0.0013080055346563408
43	0.002715520127955534
44	0.809751747262771
45	0.9838981538483189
46	0.9838981538483189
47	0.9838981538483189
48	1.0
49	0.010446984132459603
50	0.006631244087325071
51	0.007309608887594823
52	0.04019100294647119
53	0.06979493239667438
54	0.06647744631284419
55	0.2685108255202325
56	0.29121320991525734
57	0.9524680951766463
58	0.9680555771461302
59	0.9680555771461302
60	0.9680555771461302
61	0.9220420515895036
62	0.878215636550234
63	0.2282775782464954
64	0.2139261322475594
65	0.566571988000515
66	0.7111366461700386
67	0.8925879504044915
68	0.8925879504044915
69	0.9071954723294419
70	0.8925879504044915
71	0.9371316004437404
72	0.015676073575284534
73	0.015175310452307267
74	0.02635315591720863
75	0.2729051014782441
76	0.9838981538483189
77	0.9838981538483189
78	0.9838981538483189
79	0.9838981538483189
80	0.9838981538483189
81	0.9838981538483189
82	0.7227746524257325
83	0.05127157501696131
84	0.019675929314445093
85	0.006015834611932771
86	7.27336717204191e-05
87	2.1527640770318298e-05
88	8.695286770701932e-05
89	0.02352250942683125
90	1.0
91	1.0
92	1.0
93	1.0
94	1.0
95	0.02352250942683125
96	0.00011274092112108797
97	5.2570054297373604e-05
98	7.156252532833002e-05
99	0.0022714575694317367
100	0.009174704819918202
101	0.03472803056127655
102	0.02032520629905422
103	0.042887256098759645
104	0.04151724745489924
105	0.04883453939311235
106	0.9371316004437404
107	0.4369758436353279
108	0.3481444442078041
109	0.37150005830873106
110	0.6451399456130033
111	0.6347520014624478
112	0.6451399456130033
113	0.466290799956401
114	0.5852680376789788
115	0.809751747262771
116	0.20375781569034024
117	0.07819389939674361
118	0.05296346225090933
119	0.12120455403275908
120	0.2358104055548831
121	0.24359180518339563
122	0.9371316004437404
123	0.9371316004437404
124	0.8501615448994049
125	0.809751747262771
126	0.7227746524257325
127	0.6664286233595222
128	0.06647744631284419
129	0.24757827243666988
130	0.29121320991525734
131	0.3900393726467308
132	0.9838981538483189
133	0.8230036250150273
134	0.7111366461700386
135	0.7111366461700386
136	0.7111366461700386
137	0.2070923854195505
138	0.09975178733729188
139	0.1117556956623576
140	0.1336035702664359
141	0.20375781569034024
142	0.2139261322475594
143	0.164993247273701
144	0.15972263321475677
145	0.15972263321475677
146	0.2685108255202325
147	0.7712627042813326
148	0.49757237909340374
149	0.3370231708678045
150	0.3964225068633076
151	0.44412711003286787
152	0.6347520014624478
153	0.3900393726467308
154	0.48956054519591585
155	0.3900393726467308
156	0.5139915422627508
157	0.677334966787895
158	0.6347520014624478
159	0.6347520014624478
160	0.6884197964379001
161	0.9071954723294419
162	0.8230036250150273
163	0.7588439508744758
164	0.6664286233595222
165	0.677334966787895
166	0.566571988000515
167	0.5057153295259778
168	0.5139915422627508
169	0.6347520014624478
170	0.4230169025093205
171	0.38375901867527495
172	0.3775797899972509
173	0.5484731728386689
174	0.699686033300596
175	0.8501615448994049
176	0.8230036250150273
177	0.878215636550234
178	0.5852680376789788
179	0.09348055211451999
180	0.025100540218356872
181	0.03954385360034535
182	0.04727454821686481
183	0.9838981538483189
184	0.9524680951766463
185	0.9838981538483189
186	0.9680555771461302
187	0.9524680951766463
188	0.9680555771461302
189	0.060308038307034934
190	0.020995908477665633
191	0.02551131956105536
192	0.07947357060372964
193	0.2139261322475594
194	0.277371291338266
195	0.2641873055176486
196	0.15213071221465752
197	0.8640747434825014
198	0.878215636550234
199	0.9524680951766463
200	0.9838981538483189
