1	0.9220420515895036
2	0.9524680951766464
3	0.9680555771461302
4	0.9371316004437404
5	0.9524680951766464
6	0.9524680951766464
7	0.9680555771461302
8	0.8925879504044916
9	0.809751747262771
10	0.4587826572335587
11	0.614475215120391
12	0.6884197964379001
13	0.6347520014624478
14	0.5758441417787756
15	0.5948461590153628
16	0.7227746524257326
17	0.6664286233595222
18	0.9371316004437404
19	0.9220420515895036
20	0.9371316004437404
21	0.9371316004437404
22	0.8925879504044916
23	0.8782156365502339
24	0.907195472329442
25	0.9371316004437404
26	0.9220420515895036
27	0.9220420515895036
28	0.9680555771461302
29	0.9220420515895036
30	0.9371316004437404
31	0.9838981538483189
32	0.9838981538483189
33	0.8640747434825014
34	0.8501615448994049
35	0.19724888986614994
36	0.3425386759286075
37	0.42301690250932045
38	0.481677716615238
39	0.7588439508744759
40	0.9524680951766464
41	0.9524680951766464
42	0.907195472329442
43	0.9838981538483189
44	0.9838981538483189
45	0.7227746524257326
46	0.49757237909340374
47	0.39003937264673083
48	0.5758441417787756
49	0.7111366461700386
50	0.5758441417787756
51	0.809751747262771
52	0.9371316004437404
53	0.6996860333005961
54	0.6884197964379001
55	0.06647744631284419
56	0.08903724340857933
57	0.07447719441285175
58	0.33702317086780453
59	0.9838981538483189
60	0.4587826572335587
61	0.5139915422627507
62	0.3596327033558797
63	0.04288725609875964
64	0.3596327033558797
65	0.3425386759286075
66	0.3596327033558797
67	0.9838981538483189
68	0.8364723744993591
69	0.006962169253653824
70	0.0083232506725889
71	0.18484816784601354
72	0.9680555771461302
73	0.9524680951766464
74	0.5309525138815068
75	0.7346031188276404
76	0.05044600800408382
77	0.1380122933233906
78	0.04288725609875964
79	0.6996860333005961
80	0.3210038175868511
81	0.018142034232021265
82	0.01843893512866384
83	0.004491573493650752
84	0.005198130749138963
85	0.004871332588256416
86	0.005546852487609637
87	0.05044600800408382
88	0.9838981538483189
89	1.0
90	0.9838981538483189
91	0.8364723744993591
92	0.9680555771461302
93	0.9680555771461302
94	0.9680555771461302
95	0.9524680951766464
96	0.6556978921951105
97	0.005457537922228077
98	0.007550815325235631
99	0.010617952774479945
100	0.04151724745489925
101	0.7111366461700386
102	0.15462038588001104
103	0.2819105719970956
104	0.3425386759286075
105	0.3596327033558797
106	0.7967132492072909
107	0.7712627042813326
108	0.9680555771461302
109	0.907195472329442
110	0.9371316004437404
111	0.9524680951766464
112	0.10138426111191785
113	0.04883453939311236
114	0.011330268629776489
115	0.05127157501696131
116	0.907195472329442
117	0.7227746524257326
118	0.7838846950415491
119	0.9680555771461302
120	0.20047693868989178
121	0.19094788792080922
122	0.15972263321475677
123	0.9524680951766464
124	0.9838981538483189
125	0.9524680951766464
126	0.9371316004437404
127	0.9680555771461302
128	0.9524680951766464
129	0.9838981538483189
130	1.0
131	1.0
132	0.9838981538483189
133	0.9524680951766464
134	0.809751747262771
135	0.809751747262771
136	0.809751747262771
137	0.8230036250150391
138	0.1472709844146142
139	0.08209608258032165
140	0.08903724340857933
141	0.9220420515895036
142	0.7346031188276404
143	0.7712627042813326
144	0.23201342268366953
145	0.19407281858793252
146	0.19724888986614994
147	0.2641873055176485
148	0.9838981538483189
149	0.9220420515895036
150	0.677334966787895
151	0.001962709116638142
152	0.00021233710769518737
153	0.10644373457266826
154	0.009026975134420794
155	0.614475215120391
156	0.04883453939311236
157	0.030498699465507463
158	0.22460188780169194
159	0.29597901853585135
160	0.038907124553427985
161	0.0012662220527620944
162	0.0020943793974173754
163	0.002198897168339217
164	0.004278080449843506
165	0.005283200023099394
166	0.009790198959862089
167	0.02352250942683125
168	0.1154434707063186
169	0.001869417813710169
170	0.18484816784601354
171	0.3158350635019698
172	0.04727454821686481
173	0.09197534264619908
174	0.7712627042813326
175	0.809751747262771
176	0.3425386759286075
177	0.30082282132371635
178	0.29597901853585135
179	0.210481526578285
180	0.809751747262771
181	0.3210038175868511
182	0.809751747262771
183	0.014453999040223766
184	0.16233655139003128
185	0.08209608258032165
186	0.3715000583087311
187	0.7346031188276404
188	0.5224031981891384
189	0.6664286233595222
190	0.5758441417787756
191	0.6045810297425014
192	0.7967132492072909
193	0.5224031981891384
194	0.4299397258291108
195	0.6556978921951105
196	0.9838981538483189
197	0.8640747434825014
198	0.7838846950415491
199	0.9220420515895036
200	0.9524680951766464
