1	0.9838981538483329
2	0.9680555771461439
3	0.9680555771461439
4	0.9220420515895166
5	0.9371316004437404
6	0.9220420515895166
7	0.9220420515895166
8	0.9220420515895166
9	0.9220420515895166
10	0.466290799956401
11	0.023522509426831584
12	0.03307734111793637
13	0.12120455403276079
14	1.0
15	0.22460188780169513
16	0.008323250672589018
17	0.008323250672589018
18	0.07447719441285175
19	0.08077418408895759
20	0.08077418408895759
21	0.1030434509053353
22	0.01228823415401115
23	0.01096832973761928
24	0.012693727967806582
25	0.045764390058400266
26	0.9838981538483329
27	0.9838981538483329
28	0.9838981538483329
29	0.05744148237014341
30	0.013545299253376991
31	0.010278768401209682
32	0.005457537922228155
33	0.09501039487561899
34	0.9838981538483329
35	0.9838981538483329
36	0.9524680951766598
37	0.8640747434825136
38	0.466290799956401
39	0.5574491330158785
40	0.614475215120391
41	0.5758441417787838
42	0.566571988000523
43	0.47392181612761985
44	0.05744148237014341
45	0.06331764666180337
46	0.09501039487561899
47	0.47392181612761985
48	0.5574491330158785
49	0.8640747434825136
50	0.9371316004437404
51	0.9680555771461439
52	0.9838981538483329
53	0.9371316004437404
54	0.47392181612761985
55	0.8501615448994049
56	0.047274548216865483
57	0.014453999040223762
58	0.015175310452307482
59	0.0612950009827268
60	0.1909478879208119
61	0.12520412762878458
62	0.9071954723294546
63	0.04288725609876024
64	0.03000761409888835
65	0.0358740049446921
66	0.03416884515602847
67	0.03416884515602847
68	0.03954385360034591
69	0.08619300005539395
70	0.9838981538483329
71	0.9838981538483329
72	0.16233655139003356
73	0.7838846950415602
74	0.24359180518339907
75	0.836472374499359
76	0.0997517873372933
77	0.09197534264619908
78	0.9220420515895166
79	0.9524680951766598
80	0.9524680951766598
81	0.9524680951766598
82	0.12933568132305998
83	0.14968112689163354
84	0.9524680951766598
85	0.08480513362915015
86	0.7712627042813435
87	0.32100381758685564
88	0.8097517472627824
89	0.8925879504044913
90	0.9220420515895166
91	0.09197534264619908
92	0.04883453939311235
93	0.04084874312373918
94	0.04084874312373918
95	0.031505112088109015
96	0.022404439747549302
97	0.5852680376789872
98	0.40291010336058325
99	1.0
100	0.1972488898661499
101	0.10644373457266974
102	0.8782156365502464
103	0.05296346225091008
104	0.05560654736795923
105	0.10818572446379239
106	0.08903724340858059
107	0.5484731728386766
108	0.14027091400017913
109	0.5484731728386766
110	1.0
111	0.5574491330158785
112	0.614475215120391
113	0.5948461590153626
114	0.16499324727370096
115	0.0876035794134446
116	0.08903724340858059
117	0.48956054519592274
118	0.48167771661524483
119	0.01727970878760305
120	0.060308038307035794
121	0.000262224945377342
122	0.015676073575284753
123	0.01619336115132821
124	0.20709238541955047
125	0.09501039487561899
126	0.029049038185277716
127	0.031505112088109015
128	0.505715329525985
129	0.0050320794624388356
130	0.002128654667381612
131	0.0007907953330514327
132	0.00037477516042497033
133	0.0011120160060804065
134	1.0
135	1.0
136	0.48956054519592274
137	1.0
138	1.0
139	1.0
140	1.0
141	1.0
142	0.505715329525985
143	0.9838981538483329
144	1.0
145	0.00046282723278070657
146	0.00011274092112108957
147	0.00011092558415419896
148	0.0006614784499805433
149	0.0034641831191915295
150	1.0
151	1.0
152	1.0
153	0.9071954723294546
154	0.05383022830539262
155	0.08903724340858059
156	0.015676073575284753
157	0.015676073575284753
158	0.05560654736795923
159	0.9220420515895166
160	0.9220420515895166
161	0.03099782162027481
162	0.009324852154700492
163	0.047274548216865483
164	0.07447719441285175
165	0.9524680951766598
166	0.9838981538483329
167	0.9838981538483329
168	0.0029451152724262676
169	0.0007907953330514327
170	0.0034641831191915295
171	0.005369661486237472
172	0.011330268629776647
173	0.012489335512977845
174	0.004715720680195316
175	0.006419412822152426
176	1.0
177	1.0
178	1.0
179	1.0
180	1.0
181	0.9838981538483329
182	0.0018097003405784802
183	0.0034084033755650083
184	0.007927630713798602
185	0.008057369233585078
186	0.00049387645509079
187	0.00024178242661367338
188	0.0010764932965619178
189	0.0036370594844429478
190	0.03361866366814549
191	0.007550815325235737
192	0.010113261253784787
193	0.03202070454638332
194	0.9071954723294546
195	0.9071954723294546
196	0.04651334071458728
197	0.019359110527732818
198	0.09049436982916181
199	0.09197534264619908
200	0.1472709844146142
