1	1.0
2	0.8364723744993592
3	0.8230036250150506
4	0.8097517472627824
5	0.01814203423202152
6	0.01967592931444537
7	0.850161544899417
8	0.9071954723294547
9	0.02858129504156406
10	0.057441482370143404
11	0.11544347070632022
12	0.11925293695084385
13	0.10304345090533532
14	0.13801229332339257
15	0.9838981538483329
16	0.1357900406092586
17	0.0062143483844881225
18	0.004278080449843567
19	0.9838981538483329
20	0.0018694178137101955
21	0.00013698715011009754
22	0.002671795240633401
23	0.02812108342598939
24	1.0
25	1.0
26	0.027668282067045125
27	0.008738613623635734
28	0.03646109590141843
29	0.9838981538483329
30	1.0
31	1.0
32	1.0
33	1.0
34	1.0
35	0.061295000982726805
36	0.03150511208810946
37	0.010113261253784788
38	0.9838981538483329
39	0.9838981538483329
40	1.0
41	1.0
42	0.030007614098888354
43	0.008597905811488844
44	0.0034641831191915295
45	0.0025038237499127474
46	1.0
47	0.01999793295422595
48	0.02277109643911706
49	0.15213071221465965
50	1.0
51	0.9838981538483329
52	0.23201342268367614
53	0.057441482370143404
54	0.0547111792972134
55	0.968055577146144
56	1.0
57	1.0
58	1.0
59	0.9838981538483329
60	0.968055577146144
61	0.968055577146144
62	0.07819389939674472
63	0.0744771944128528
64	0.083439614414582
65	0.02812108342598939
66	0.027668282067045125
67	0.09348055211452132
68	0.13360357026643968
69	0.968055577146144
70	0.10818572446379393
71	0.06647744631284513
72	0.03828064801966494
73	0.9524680951766733
74	0.968055577146144
75	1.0
76	0.14968112689163568
77	0.01784991398793898
78	0.01228823415401115
79	0.029049038185277716
80	0.17606198232518802
81	0.8097517472627824
82	0.8364723744993592
83	0.014930959938100643
84	0.010113261253784788
85	0.016193361151328214
86	0.9838981538483329
87	0.6556978921951198
88	0.8925879504045041
89	0.8782156365502465
90	0.8782156365502465
91	0.9371316004437404
92	0.6347520014624567
93	0.8925879504045041
94	0.01727970878760305
95	0.01044698413245975
96	0.059336967552507044
97	0.9524680951766733
98	0.7712627042813545
99	1.0
100	0.9838981538483329
101	0.2435918051833991
102	0.095010394875619
103	0.0744771944128528
104	0.06647744631284513
105	0.14027091400017913
106	1.0
107	0.968055577146144
108	0.11733274450692356
109	0.12725313808047503
110	0.11358461770179094
111	0.9220420515895297
112	0.09975178733729473
113	0.05838153282986929
114	0.06756537356313967
115	0.083439614414582
116	0.7712627042813545
117	0.9220420515895297
118	0.8640747434825136
119	0.8640747434825136
120	0.850161544899417
121	0.06979493239667536
122	0.06979493239667536
123	0.07327797408660718
124	0.0744771944128528
125	0.06867110513305712
126	0.06756537356313967
127	0.9524680951766733
128	0.8782156365502465
129	0.03150511208810946
130	0.0358740049446921
131	0.6773349667879046
132	0.7227746524257428
133	0.7838846950415602
134	0.2209853827589351
135	0.25993340216897987
136	0.25993340216897987
137	0.6045810297425099
138	0.42301690250932644
139	0.6884197964379195
140	0.38375901867528583
141	0.2139261322475624
142	0.1546203858800132
143	0.2641873055176485
144	0.331596475620944
145	0.3964225068633132
146	0.8364723744993592
147	0.7111366461700487
148	0.7111366461700487
149	0.48956054519592274
150	0.48956054519592274
151	0.5574491330158864
152	0.9220420515895297
153	0.9524680951766733
154	0.5948461590153712
155	0.2865241396118728
156	0.08077418408895874
157	0.42301690250932644
158	0.11175569566236078
159	0.466290799956401
160	0.026353155917209006
161	0.12120455403276079
162	0.2641873055176485
163	0.8097517472627824
164	0.7838846950415602
165	0.7588439508744866
166	0.7967132492073021
167	0.7838846950415602
168	0.8097517472627824
169	0.23966952741252912
170	0.18484816784601615
171	0.05127157501696203
172	0.014221262971401534
173	0.07569604040982214
174	0.1448996496809655
175	0.15213071221465965
176	0.18484816784601615
177	0.6245313223904277
178	0.6451399456130124
179	0.8230036250150506
180	0.40291010336058325
181	0.3964225068633132
182	0.4587826572335652
183	0.968055577146144
184	0.968055577146144
185	0.8640747434825136
186	0.8364723744993592
187	0.7967132492073021
188	0.2070923854195534
189	0.03472803056127704
190	0.16233655139003358
191	0.29597901853585135
192	0.2865241396118728
193	0.18484816784601615
194	0.1818717710859395
195	0.15715080394779135
196	0.15972263321475905
197	0.164993247273701
198	0.29597901853585135
199	0.9838981538483329
200	0.968055577146144
