1	0.9524680951766531
2	0.9838981538483119
3	0.585268037678979
4	0.2865241396118667
5	0.5057153295259742
6	0.04883453939311236
7	0.17043778391330044
8	0.5758441417787756
9	0.7588439508744704
10	0.21742711012397725
11	0.21392613224755788
12	0.015423659850312976
13	0.011147830387442688
14	0.20709238541954902
15	0.7838846950415436
16	0.025511319561055356
17	0.0014185963995909595
18	0.0009151932040789138
19	0.11358461770178933
20	0.11733274450692356
21	0.32625716018605133
22	0.6045810297425015
23	0.5484731728386649
24	0.05044600800408382
25	0.06331764666180247
26	0.11175569566235762
27	0.5396417421912961
28	0.6144752151203868
29	0.5224031981891384
30	0.5574491330158785
31	0.6144752151203868
32	0.0981455994042323
33	0.009174704819918203
34	0.22098538275893354
35	0.14968112689163143
36	0.25993340216897254
37	0.8501615448993989
38	0.8364723744993591
39	0.8230036250150332
40	0.8230036250150332
41	0.8501615448993989
42	0.25993340216897254
43	0.19724888986614852
44	0.2037578156903402
45	0.18187177108593688
46	0.32625716018605133
47	0.8364723744993591
48	0.8782156365502277
49	0.9524680951766531
50	0.9680555771461302
51	0.9524680951766531
52	0.9220420515895036
53	0.7227746524257325
54	0.809751747262771
55	0.9524680951766531
56	0.9220420515895036
57	0.9220420515895036
58	0.9680555771461302
59	0.9680555771461302
60	0.6245313223904277
61	0.4162055494255547
62	0.3370231708678045
63	0.6045810297425015
64	0.5396417421912961
65	0.5484731728386649
66	0.5139915422627543
67	0.6996860333005862
68	0.7111366461700436
69	0.4162055494255547
70	0.6664286233595222
71	0.7838846950415436
72	0.7967132492072909
73	0.5139915422627543
74	0.5948461590153626
75	0.5948461590153626
76	0.6347520014624433
77	0.6451399456130033
78	0.8925879504044915
79	0.585268037678979
80	0.4299397258291108
81	0.42301690250931745
82	0.40950387170122554
83	0.11544347070631776
84	0.44412711003286787
85	0.277371291338266
86	0.4975723790934038
87	0.8925879504044915
88	0.23581040555488145
89	0.060308038307035364
90	0.030997821620274597
91	0.017001473575158972
92	0.01311260248634491
93	0.009174704819918203
94	0.01672771846330001
95	1.0
96	0.6556978921951059
97	0.3596327033558797
98	0.7111366461700436
99	0.9838981538483119
100	0.018740694914959985
101	0.015423659850312976
102	0.09501039487561698
103	1.0
104	0.9838981538483119
105	0.9838981538483119
106	1.0
107	1.0
108	0.09501039487561698
109	0.010278768401209682
110	0.016458371314135432
111	1.0
112	1.0
113	0.3837590186752777
114	0.3481444442077991
115	1.0
116	1.0
117	0.013766972933527003
118	0.006739766775034847
119	0.004565079704726418
120	0.019359110527732683
121	0.026353155917208635
122	0.05560654736795805
123	0.21742711012397725
124	0.6664286233595222
125	0.40291010336057753
126	0.48167771661523806
127	0.566571988000511
128	0.5057153295259742
129	0.35384195289533266
130	0.4513954094697245
131	0.40291010336057753
132	0.6144752151203868
133	0.3370231708678045
134	0.2959790185358493
135	0.3008228213237163
136	0.3370231708678045
137	0.5948461590153626
138	0.7712627042813326
139	0.7588439508744704
140	0.8501615448993989
141	0.6045810297425015
142	0.6245313223904277
143	0.8364723744993591
144	0.4299397258291108
145	0.35384195289533266
146	0.43697584363532793
147	0.18187177108593688
148	0.13579004060925667
149	0.5224031981891384
150	0.6996860333005862
151	0.9220420515895036
152	0.8925879504044915
153	0.9071954723294354
154	0.8782156365502277
155	0.8230036250150332
156	0.8640747434825015
157	0.7227746524257325
158	0.7588439508744704
159	0.7588439508744704
160	0.7466251623243612
161	0.7588439508744704
162	0.9071954723294354
163	0.9071954723294354
164	0.7111366461700436
165	0.43697584363532793
166	0.14968112689163143
167	0.07819389939674361
168	0.06756537356313776
169	0.24757827243667166
170	0.09197534264619713
171	0.09501039487561698
172	0.2865241396118667
173	0.15213071221465754
174	0.809751747262771
175	0.8230036250150332
176	0.10995622264422901
177	0.018438935128663837
178	0.005114431247540004
179	0.003142691241050572
180	0.028121083425988597
181	0.05838153282986846
182	0.809751747262771
183	0.006015834611932644
184	0.006214348384488035
185	0.0876035794134446
186	0.21392613224755788
187	0.1649932472736998
188	0.48956054519591236
189	0.46629079995639433
190	0.2037578156903402
191	0.31074953590015025
192	0.7838846950415436
193	0.585268037678979
194	0.8230036250150332
195	1.0
196	0.9680555771461302
197	0.9838981538483119
198	0.9838981538483119
199	1.0
200	1.0
