1	0.239669527412524
2	0.08343961441458023
3	0.025100540218357052
4	0.023907463729683342
5	0.02352250942683125
6	0.029524436113288616
7	0.006524468815236764
8	0.029049038185277508
9	0.9838981538483259
10	0.8501615448993988
11	0.8230036250150331
12	0.210481526578285
13	0.09975178733729258
14	0.09197534264619842
15	0.09348055211451997
16	0.23201342268367284
17	0.9371316004437338
18	0.8230036250150331
19	0.9680555771461302
20	0.08619300005539335
21	0.10818572446379085
22	0.9838981538483259
23	0.2641873055176467
24	0.1272531380804723
25	0.8501615448993988
26	0.15972263321475563
27	0.03646109590141792
28	0.24359180518339563
29	0.02168874285044938
30	0.002897693479410673
31	0.0016153167178432559
32	0.00030844131559534116
33	0.0008859578853748352
34	0.21392613224755788
35	1.0
36	1.0
37	1.0
38	1.0
39	0.21392613224755788
40	0.001994829555235368
41	0.0010764932965619026
42	0.0017805608241138406
43	0.002805128333603477
44	0.019047393108381876
45	0.9838981538483259
46	0.7838846950415547
47	0.109956222644229
48	0.27737129133826594
49	0.20047693868989175
50	0.8640747434825014
51	0.29121320991526145
52	0.2959790185358493
53	0.9220420515895035
54	0.8782156365502402
55	0.03529636723622752
56	0.08077418408895645
57	0.746625162324361
58	0.09197534264619842
59	0.02766828206704493
60	0.09814559940423298
61	0.04084874312373918
62	0.1252041276287828
63	0.9524680951766531
64	0.09197534264619842
65	0.08343961441458023
66	0.08619300005539335
67	0.0876035794134446
68	0.08619300005539335
69	0.06647744631284372
70	0.08480513362914895
71	0.20709238541955047
72	0.6884197964379049
73	0.6556978921951151
74	0.5948461590153628
75	0.9071954723294353
76	0.09975178733729258
77	0.0005356333306484069
78	0.00010395187020857982
79	0.006631244087325071
80	0.06331764666180247
81	0.9838981538483259
82	0.9838981538483259
83	0.040191002946470905
84	0.027222771645920248
85	0.019047393108381876
86	0.018142034232021265
87	0.018740694914959985
88	0.09348055211451997
89	0.09975178733729258
90	0.07947357060372907
91	0.09501039487561698
92	0.17606198232518677
93	0.809751747262771
94	0.8364723744993591
95	0.9838981538483259
96	0.9838981538483259
97	0.9524680951766531
98	0.9371316004437338
99	0.9371316004437338
100	0.9680555771461302
101	0.9838981538483259
102	0.6144752151203867
103	0.5057153295259742
104	0.4895605451959193
105	0.4895605451959193
106	0.4895605451959193
107	0.4895605451959193
108	0.4895605451959193
109	0.5057153295259742
110	0.6556978921951151
111	0.6773349667878901
112	0.9680555771461302
113	0.5948461590153628
114	0.5057153295259742
115	0.4895605451959193
116	0.002271457569431753
117	0.03587400494469134
118	0.3210038175868511
119	0.5057153295259742
120	0.5057153295259742
121	0.5139915422627543
122	0.5309525138815105
123	0.34253867592860504
124	0.6664286233595222
125	0.6664286233595222
126	0.6556978921951151
127	0.5057153295259742
128	0.809751747262771
129	0.5139915422627543
130	0.5224031981891422
131	0.809751747262771
132	0.8640747434825014
133	0.8782156365502402
134	0.8782156365502402
135	0.004074735137074924
136	0.10644373457266748
137	0.09975178733729258
138	0.8925879504044915
139	0.9220420515895035
140	0.9838981538483259
141	0.9838981538483259
142	0.9838981538483259
143	0.9220420515895035
144	0.809751747262771
145	0.8364723744993591
146	0.054711179297213405
147	0.10818572446379085
148	0.11925293695084131
149	0.9838981538483259
150	0.9680555771461302
151	0.9838981538483259
152	0.9838981538483259
153	0.9838981538483259
154	0.9680555771461302
155	0.9680555771461302
156	0.9680555771461302
157	0.9680555771461302
158	0.9838981538483259
159	0.9680555771461302
160	0.9838981538483259
161	0.13579004060925667
162	0.040191002946470905
163	0.022771096439116737
164	0.019047393108381876
165	0.020995908477665783
166	0.09501039487561698
167	0.31583506350196755
168	0.31074953590015464
169	0.31583506350196755
170	0.011895693606067884
171	0.034728030561276796
172	0.9838981538483259
173	0.9838981538483259
174	0.10644373457266748
175	0.06331764666180247
176	0.03587400494469134
177	0.04963373414423594
178	0.15213071221465752
179	0.9371316004437338
180	0.8782156365502402
181	0.6773349667878901
182	0.6996860333005911
183	0.7111366461700436
184	0.9371316004437338
185	0.9071954723294353
186	0.9220420515895035
187	0.9680555771461302
188	0.9680555771461302
189	0.9524680951766531
190	0.9524680951766531
191	0.9524680951766531
192	0.9838981538483259
193	0.9680555771461302
194	0.9680555771461302
195	0.9680555771461302
196	0.9680555771461302
197	0.9680555771461302
198	0.9680555771461302
199	0.9680555771461302
200	0.9680555771461302
