1	0.9838981538483259
2	0.9838981538483259
3	0.9838981538483259
4	0.3964225068633104
5	0.40950387170123137
6	0.6045810297425099
7	0.5139915422627617
8	0.4975723790934073
9	0.8925879504044977
10	0.5758441417787878
11	0.505715329525985
12	0.6884197964379146
13	0.5396417421913039
14	0.5396417421913039
15	0.48167771661524483
16	0.11358461770179094
17	0.10995622264422977
18	0.11925293695084299
19	0.5948461590153669
20	0.5758441417787878
21	0.0794735706037302
22	0.09975178733729399
23	1.0
24	0.02352250942683158
25	0.0007058543855178155
26	0.00047040156643291924
27	0.007191910689857912
28	0.03828064801966493
29	0.07693483325865776
30	0.1472709844146142
31	0.15213071221465968
32	0.3425386759286099
33	0.35963270335588476
34	0.458782657233562
35	0.444127110032871
36	0.4513954094697309
37	0.15213071221465968
38	0.5758441417787878
39	0.10995622264422977
40	0.18787327440651988
41	0.6773349667879045
42	0.7712627042813435
43	0.6451399456130125
44	0.8364723744993591
45	0.7227746524257427
46	0.5758441417787878
47	0.5948461590153669
48	0.7227746524257427
49	0.6144752151203954
50	0.7346031188276455
51	0.7346031188276455
52	0.7346031188276455
53	0.7838846950415601
54	0.7712627042813435
55	0.5758441417787878
56	0.14489964968096447
57	0.20709238541955194
58	0.24359180518339907
59	0.24757827243667163
60	0.2641873055176485
61	0.29121320991526145
62	0.8230036250150449
63	0.746625162324361
64	0.09197534264619907
65	0.30082282132372057
66	0.29597901853584924
67	0.30082282132372057
68	0.3315964756209417
69	0.23581040555488308
70	0.8782156365502402
71	0.8501615448994109
72	0.8501615448994109
73	0.8640747434825137
74	0.8925879504044977
75	0.7227746524257427
76	0.7227746524257427
77	0.7346031188276455
78	0.699686033300596
79	0.699686033300596
80	0.699686033300596
81	0.6556978921951152
82	0.6664286233595269
83	0.746625162324361
84	0.7838846950415601
85	0.9371316004437404
86	0.9524680951766531
87	0.31074953590015686
88	0.30574589468138624
89	0.05651656845829486
90	0.018438935128663837
91	0.24757827243667163
92	0.10304345090533457
93	0.6556978921951152
94	0.6045810297425099
95	0.05296346225091008
96	0.012489335512977756
97	0.30082282132372057
98	0.05383022830539301
99	0.13360357026643874
100	0.22827757824649697
101	0.9838981538483259
102	0.8925879504044977
103	0.8364723744993591
104	0.8640747434825137
105	0.968055577146144
106	0.9524680951766531
107	0.8097517472627824
108	0.5852680376789872
109	0.31583506350196977
110	0.17894329980858117
111	0.18787327440651988
112	0.20047693868989602
113	0.22460188780169513
114	0.8782156365502402
115	0.968055577146144
116	0.8230036250150449
117	0.7712627042813435
118	0.746625162324361
119	0.17894329980858117
120	0.3775797899972563
121	0.47392181612760975
122	0.35963270335588476
123	0.29121320991526145
124	0.30574589468138624
125	0.7838846950415601
126	0.29121320991526145
127	0.32625716018605594
128	0.505715329525985
129	0.4975723790934073
130	0.41620554942555765
131	0.7712627042813435
132	0.7712627042813435
133	0.7967132492072965
134	0.8501615448994109
135	0.48956054519592274
136	0.3715000583087337
137	0.23201342268367448
138	0.566571988000519
139	0.6144752151203954
140	0.6347520014624433
141	0.09656527406216217
142	0.3425386759286099
143	0.7588439508744812
144	0.3715000583087337
145	0.2037578156903431
146	0.6245313223904276
147	0.8230036250150449
148	0.8364723744993591
149	0.9524680951766531
150	0.9524680951766531
151	0.48167771661524483
152	0.25162997965624895
153	0.04288725609876025
154	0.06647744631284465
155	0.24359180518339907
156	0.32625716018605594
157	0.29121320991526145
158	0.48956054519592274
159	0.2729051014782479
160	0.5396417421913039
161	0.4975723790934073
162	0.5309525138815105
163	0.5484731728386727
164	0.9371316004437404
165	0.41620554942555765
166	0.05560654736795804
167	0.027668282067045125
168	0.016458371314135432
169	0.015932618141390912
170	0.022043686905619652
171	0.968055577146144
172	0.028121083425989193
173	0.029524436113289032
174	0.8782156365502402
175	0.8501615448994109
176	0.36551822152450847
177	0.3775797899972563
178	0.3964225068633104
179	0.26851082552023625
180	0.04084874312373918
181	0.09049436982916181
182	0.5139915422627617
183	0.20047693868989602
184	0.46629079995640094
185	0.43697584363533404
186	0.6045810297425099
187	0.7111366461700436
188	0.8782156365502402
189	0.9220420515895231
190	0.5309525138815105
191	0.458782657233562
192	0.6045810297425099
193	0.8230036250150449
194	0.9371316004437404
195	0.9220420515895231
196	0.48167771661524483
197	0.47392181612760975
198	0.5224031981891458
199	0.5224031981891458
200	0.8501615448994109
