1	0.9220420515895165
2	0.9220420515895165
3	0.7838846950415601
4	0.9071954723294546
5	0.9680555771461438
6	0.08903724340857931
7	0.05651656845829485
8	0.0009004569039077773
9	0.0004337300253847311
10	0.01619336115132798
11	0.6347520014624477
12	0.30574589468138835
13	0.24757827243666988
14	0.27737129133826594
15	0.9838981538483188
16	0.10995622264422976
17	0.03202070454638331
18	0.006631244087325165
19	0.0028976934794107344
20	0.014221262971401534
21	0.0395438536003459
22	0.11358461770179092
23	0.10138426111191928
24	0.03705779481220513
25	0.018142034232021265
26	0.01700147357515921
27	0.03890712455342798
28	0.23201342268367284
29	0.15715080394779132
30	0.7712627042813435
31	0.06647744631284419
32	0.14027091400017713
33	0.154620385880011
34	0.16769342093829853
35	0.1909478879208092
36	0.3370231708678092
37	0.9524680951766598
38	0.8925879504044913
39	0.8640747434825136
40	0.9524680951766598
41	0.9071954723294546
42	0.8640747434825136
43	0.8640747434825136
44	0.9524680951766598
45	0.9838981538483188
46	0.31583506350196977
47	0.17322705937262783
48	0.14489964968096344
49	0.14968112689163354
50	0.0061142859028680595
51	0.032544734860148215
52	0.8501615448994048
53	0.0290490381852773
54	0.013112602486345095
55	1.0
56	0.9838981538483188
57	0.8782156365502464
58	0.823003625015039
59	0.9524680951766598
60	0.9838981538483188
61	0.05838153282986845
62	0.025511319561055717
63	0.02678443476505567
64	0.034728030561276546
65	0.07447719441285175
66	0.9838981538483188
67	0.0769348332586583
68	0.019359110527732818
69	0.009324852154700492
70	0.00707610765039319
71	0.01248933551297767
72	0.02204368690561965
73	0.09348055211451997
74	0.9680555771461438
75	0.27737129133826594
76	0.24757827243666988
77	0.24757827243666988
78	0.8782156365502464
79	0.8782156365502464
80	0.9838981538483188
81	1.0
82	0.4513954094697308
83	0.2246018878016951
84	0.0045650797047264175
85	0.02099590847766593
86	0.04963373414423629
87	0.746625162324361
88	0.6245313223904276
89	0.6773349667879045
90	0.9838981538483188
91	0.4587826572335586
92	0.12725313808047503
93	0.3775797899972562
94	0.8925879504044913
95	1.0
96	1.0
97	1.0
98	0.4513954094697308
99	0.3655182215245085
100	0.6664286233595221
101	0.8640747434825136
102	0.9838981538483188
103	0.6884197964379097
104	0.6556978921951198
105	0.41620554942555466
106	0.5948461590153626
107	0.9524680951766598
108	0.6347520014624477
109	0.823003625015039
110	0.6245313223904276
111	0.746625162324361
112	0.7588439508744756
113	0.5574491330158785
114	0.6245313223904276
115	0.5665719880005149
116	0.030498699465507893
117	0.0017518905076602735
118	0.0010088158858740138
119	0.0007174059456835025
120	0.01469054391828043
121	0.11175569566235917
122	0.06979493239667436
123	0.015932618141390912
124	0.0058236622472702445
125	0.9680555771461438
126	0.8501615448994048
127	0.9071954723294546
128	0.21048152657828498
129	0.16769342093829853
130	0.18187177108593947
131	0.9680555771461438
132	0.9838981538483188
133	0.0675653735631387
134	0.05933696755250705
135	0.9680555771461438
136	0.15715080394779132
137	0.14968112689163354
138	0.10138426111191928
139	0.03766425891466563
140	0.06647744631284419
141	0.8097517472627824
142	0.8925879504044913
143	0.823003625015039
144	0.9838981538483188
145	0.10818572446379238
146	0.12933568132305998
147	0.08077418408895759
148	0.2037578156903431
149	0.15715080394779132
150	0.003353521788788837
151	0.012693727967806582
152	0.8097517472627824
153	0.9371316004437404
154	0.08619300005539272
155	0.04963373414423629
156	0.21392613224755938
157	0.9524680951766598
158	0.10995622264422976
159	0.10644373457266974
160	0.10644373457266974
161	0.10304345090533383
162	0.05838153282986845
163	0.003881055214359185
164	0.0025038237499127474
165	0.11733274450692355
166	0.11544347070631855
167	0.5758441417787837
168	0.4975723790934037
169	0.3262571601860559
170	0.15715080394779132
171	0.3775797899972562
172	0.3775797899972562
173	1.0
174	0.9838981538483188
175	0.9371316004437404
176	0.8925879504044913
177	0.9071954723294546
178	0.9071954723294546
179	0.9371316004437404
180	0.9838981538483188
181	0.9371316004437404
182	0.8925879504044913
183	0.9524680951766598
184	0.5309525138815067
185	0.21392613224755938
186	0.022771096439116734
187	0.020325206299054217
188	0.02678443476505567
189	0.823003625015039
190	0.08480513362915015
191	0.04288725609876024
192	0.2641873055176485
193	0.19407281858793524
194	0.15213071221465968
195	0.9680555771461438
196	0.9071954723294546
197	0.9680555771461438
198	0.9838981538483188
199	0.9838981538483188
200	1.0
