1	0.6996860333005861
2	0.6556978921951104
3	0.5948461590153711
4	0.09049436982916118
5	0.07447719441285175
6	0.6451399456130124
7	0.677334966787895
8	0.047274548216865137
9	0.019047393108381737
10	0.01619336115132798
11	0.022404439747548983
12	0.2912132099152594
13	0.22827757824649536
14	0.23581040555488308
15	0.8925879504045041
16	0.9071954723294418
17	0.9220420515895166
18	0.8501615448994048
19	0.6996860333005861
20	0.746625162324361
21	0.14968112689163351
22	0.09197534264619842
23	0.09975178733729329
24	0.34814444420780155
25	0.7712627042813435
26	0.823003625015039
27	0.9838981538483188
28	0.11925293695084216
29	0.09197534264619842
30	0.28191057199709757
31	0.9071954723294418
32	0.9524680951766598
33	0.9838981538483188
34	0.9838981538483188
35	0.5758441417787837
36	0.746625162324361
37	0.5396417421912961
38	0.031505112088108786
39	0.008189230970777055
40	0.15213071221465857
41	0.04084874312373889
42	0.04019100294647119
43	0.09348055211452064
44	0.2599334021689743
45	0.25162997965624717
46	0.20047693868989316
47	0.6996860333005861
48	0.17606198232518924
49	0.08209608258032106
50	0.05744148237014259
51	0.17043778391330164
52	0.677334966787895
53	0.677334966787895
54	0.6884197964379097
55	0.7227746524257325
56	0.21048152657828648
57	0.25162997965624717
58	0.28652413961186873
59	0.31074953590015464
60	0.823003625015039
61	0.7346031188276402
62	0.29597901853585135
63	0.27737129133826594
64	0.24757827243666986
65	0.24757827243666986
66	0.25574799451756824
67	0.2599334021689743
68	0.26851082552023436
69	0.25574799451756824
70	0.5484731728386688
71	0.8640747434825136
72	0.6556978921951104
73	0.9838981538483188
74	0.783884695041549
75	0.746625162324361
76	0.05211065273008555
77	0.05211065273008555
78	0.33702317086780686
79	0.9838981538483188
80	0.9838981538483188
81	0.33702317086780686
82	0.24359180518339735
83	0.12318811002814868
84	0.15715080394779246
85	0.823003625015039
86	0.7111366461700487
87	0.823003625015039
88	0.8501615448994048
89	0.7967132492073021
90	0.823003625015039
91	0.17606198232518924
92	0.14256649781436806
93	0.23966952741252567
94	0.25162997965624717
95	0.3008228213237184
96	0.31074953590015464
97	0.25574799451756824
98	0.8364723744993591
99	0.7967132492073021
100	0.2209853827589351
101	0.2599334021689743
102	0.9371316004437271
103	0.9680555771461301
104	0.8782156365502338
105	0.7967132492073021
106	0.7712627042813435
107	0.7712627042813435
108	0.0769348332586572
109	0.016727718463300126
110	0.02099590847766593
111	0.09814559940423367
112	0.12933568132305998
113	0.08343961441458081
114	0.10818572446379239
115	0.20047693868989316
116	0.9524680951766598
117	0.6664286233595317
118	0.9071954723294418
119	0.9071954723294418
120	0.07209806342155774
121	0.06867110513305662
122	0.03766425891466563
123	0.03202070454638309
124	0.34814444420780155
125	0.9071954723294418
126	0.39642250686331315
127	0.8501615448994048
128	0.9371316004437271
129	0.9838981538483188
130	0.8501615448994048
131	0.8782156365502338
132	0.5484731728386688
133	0.6996860333005861
134	0.12318811002814868
135	0.14968112689163351
136	0.01784991398793885
137	0.030498699465507675
138	0.0769348332586572
139	0.9524680951766598
140	0.9680555771461301
141	0.6347520014624477
142	0.9524680951766598
143	0.22827757824649536
144	0.18484816784601352
145	0.1818717710859382
146	0.1252041276287837
147	0.07947357060372963
148	0.15715080394779246
149	0.1472709844146142
150	0.08343961441458081
151	0.8364723744993591
152	0.823003625015039
153	0.9524680951766598
154	0.8364723744993591
155	0.4299397258291168
156	0.3538419528953351
157	0.48956054519591574
158	0.4162055494255546
159	0.566571988000515
160	0.9524680951766598
161	0.8640747434825136
162	0.746625162324361
163	0.7967132492073021
164	0.8364723744993591
165	0.6451399456130124
166	0.5948461590153711
167	0.5948461590153711
168	0.614475215120391
169	0.07327797408660665
170	0.08343961441458081
171	0.04804821315291624
172	0.16499324727369863
173	0.9371316004437271
174	0.12725313808047412
175	0.03766425891466563
176	0.03587400494469159
177	0.06867110513305662
178	0.9680555771461301
179	0.9371316004437271
180	0.9371316004437271
181	0.9524680951766598
182	0.9838981538483188
183	0.031505112088108786
184	0.006739766775034895
185	0.01843893512866397
186	0.1252041276287837
187	0.9838981538483188
188	0.31074953590015464
189	0.012090370898187257
190	0.01061795277448002
191	0.31074953590015464
192	0.823003625015039
193	0.6347520014624477
194	0.677334966787895
195	0.7111366461700487
196	0.9220420515895166
197	0.9220420515895166
198	0.8501615448994048
199	0.8501615448994048
200	0.8925879504045041
