1	0.9524680951766463
2	0.9524680951766463
3	0.9838981538483328
4	1.0
5	0.0047157206801953155
6	0.0008168904262529344
7	0.0020606560225769396
8	0.0006300371192533686
9	0.027222771645920248
10	0.43697584363533404
11	1.0
12	1.0
13	1.0
14	0.4299397258291168
15	0.02812108342598899
16	0.0007058543855178155
17	0.002463507565100727
18	0.00025800263964974307
19	0.004141419638950891
20	0.04358912142584555
21	0.0290490381852773
22	0.0008859578853748351
23	0.007429233258549036
24	0.04358912142584555
25	0.9680555771461439
26	0.9838981538483328
27	0.5758441417787838
28	0.5758441417787838
29	0.3262571601860559
30	0.28652413961186873
31	0.0686711051330571
32	0.0686711051330571
33	0.07327797408660716
34	0.07327797408660716
35	0.7712627042813435
36	0.6556978921951198
37	0.9838981538483328
38	0.9838981538483328
39	0.07327797408660716
40	0.07447719441285175
41	1.0
42	0.4739218161276131
43	1.0
44	0.055606547367958434
45	0.011147830387442922
46	0.01469054391828022
47	0.01619336115132821
48	0.09814559940423298
49	0.9838981538483328
50	0.9838981538483328
51	1.0
52	1.0
53	0.9838981538483328
54	0.9838981538483328
55	0.9838981538483328
56	1.0
57	0.10995622264422977
58	0.03529636723622802
59	0.019359110527732818
60	0.017279708787603047
61	0.05838153282986845
62	0.9371316004437404
63	0.1030434509053353
64	0.008597905811488843
65	0.3107495359001546
66	0.9220420515895166
67	0.699686033300596
68	0.6045810297425099
69	0.9220420515895166
70	0.08209608258032164
71	0.0011302145468318856
72	0.00024976089423135706
73	0.0013511678105428593
74	0.045764390058400266
75	0.03646109590141791
76	0.22827757824649858
77	0.2599334021689762
78	0.24359180518339907
79	0.2599334021689762
80	0.3008228213237205
81	0.8925879504044913
82	0.9524680951766463
83	0.9371316004437404
84	0.9838981538483328
85	0.9371316004437404
86	0.21048152657828498
87	0.15715080394779135
88	0.10472979393476874
89	0.1732270593726278
90	0.2037578156903431
91	0.26851082552023625
92	0.6664286233595221
93	0.466290799956401
94	0.1909478879208119
95	0.26851082552023625
96	0.37150005830873106
97	0.3538419528953351
98	0.9071954723294546
99	0.3315964756209393
100	0.7227746524257427
101	0.10818572446379239
102	0.1472709844146142
103	0.08480513362915015
104	0.08343961441457963
105	0.14027091400017713
106	0.10644373457266976
107	0.13145230613269226
108	0.1357900406092586
109	0.1496811268916314
110	0.24757827243667338
111	0.11733274450692355
112	0.22827757824649858
113	0.9524680951766463
114	0.9371316004437404
115	0.9680555771461439
116	0.9220420515895166
117	0.9071954723294546
118	0.9071954723294546
119	0.9071954723294546
120	0.9524680951766463
121	0.3370231708678044
122	0.3315964756209393
123	0.24359180518339907
124	0.8925879504044913
125	0.9838981538483328
126	0.9371316004437404
127	0.9371316004437404
128	0.9371316004437404
129	0.9371316004437404
130	0.9071954723294546
131	0.8782156365502464
132	0.9524680951766463
133	0.9680555771461439
134	0.9524680951766463
135	0.9220420515895166
136	0.9524680951766463
137	0.9524680951766463
138	0.9371316004437404
139	0.1472709844146142
140	0.04651334071458727
141	0.05211065273008481
142	0.04430247303072529
143	0.7967132492072908
144	0.14489964968096344
145	0.025511319561055717
146	0.013992274382953425
147	0.015175310452307482
148	0.4299397258291168
149	1.0
150	0.9680555771461439
151	0.9838981538483328
152	0.30574589468138835
153	0.007191910689857911
154	0.013545299253376991
155	0.01189569360606805
156	0.020325206299054217
157	0.8782156365502464
158	0.12933568132305998
159	0.09975178733729329
160	0.17043778391330405
161	0.1909478879208119
162	0.31583506350196977
163	0.9371316004437404
164	0.43697584363533404
165	0.01619336115132821
166	0.0019311058764015325
167	0.004565079704726418
168	0.4299397258291168
169	0.6664286233595221
170	0.027222771645920248
171	0.0047157206801953155
172	0.008597905811488843
173	0.011147830387442922
174	0.04288725609876024
175	1.0
176	1.0
177	1.0
178	1.0
179	0.2819105719970956
180	0.1425664978143701
181	0.000393477915242362
182	6.598365767066062e-05
183	4.8471800716522645e-05
184	3.799630272278663e-05
185	0.003246395470718101
186	0.07209806342155774
187	1.0
188	1.0
189	1.0
190	1.0
191	1.0
192	1.0
193	0.07327797408660716
194	0.0031941225103010833
195	3.1782857560725795e-05
196	5.430478945470508e-05
197	5.430478945470508e-05
198	0.0003999173224417049
199	0.1425664978143701
200	0.2819105719970956
