1	0.12725313808047503
2	0.04883453939311235
3	0.06030803830703665
4	0.9220420515895298
5	0.9371316004437404
6	0.8640747434825137
7	0.04019100294647176
8	0.16233655139003358
9	0.18187177108593947
10	0.5139915422627653
11	0.32100381758686025
12	0.3158350635019698
13	0.4162055494255547
14	0.9071954723294547
15	0.505715329525985
16	0.2599334021689762
17	0.06867110513305712
18	0.07693483325865831
19	0.7838846950415602
20	0.30082282132372057
21	0.0622981156565685
22	0.02099590847766623
23	0.045764390058400266
24	0.1425664978143701
25	0.9371316004437404
26	0.9371316004437404
27	0.9371316004437404
28	0.9524680951766599
29	0.8782156365502464
30	0.15715080394779135
31	0.10472979393476875
32	0.10472979393476875
33	0.15972263321475902
34	0.2819105719970956
35	0.6664286233595317
36	0.505715329525985
37	0.0890372434085806
38	0.08343961441458082
39	0.1676934209382986
40	0.3715000583087364
41	0.6664286233595317
42	0.7712627042813435
43	0.7967132492073021
44	0.7838846950415602
45	0.7712627042813435
46	0.60458102974251
47	0.6245313223904277
48	0.6556978921951199
49	0.2865241396118728
50	0.05296346225091007
51	0.02352250942683158
52	0.06331764666180337
53	0.17894329980858248
54	0.8640747434825137
55	0.12725313808047503
56	0.08209608258032164
57	0.3425386759286123
58	0.7227746524257428
59	0.008597905811488844
60	0.07327797408660718
61	0.004951053693111611
62	0.002163490864431252
63	0.0008302591310470713
64	0.00024178242661367338
65	0.002715520127955534
66	0.014221262971401534
67	1.0
68	0.2037578156903431
69	0.19407281858793526
70	0.2475782724366734
71	0.9071954723294547
72	0.3715000583087364
73	0.9071954723294547
74	1.0
75	0.05933696755250705
76	0.034728030561277046
77	1.0
78	0.09814559940423298
79	0.058381532829869284
80	0.01814203423202152
81	0.02099590847766623
82	1.0
83	0.9524680951766599
84	0.12725313808047503
85	0.1293356813230618
86	0.13801229332339257
87	0.9838981538483329
88	0.9838981538483329
89	1.0
90	1.0
91	1.0
92	1.0
93	0.1472709844146142
94	0.14027091400017716
95	0.15715080394779135
96	0.9838981538483329
97	0.9371316004437404
98	0.01727970878760305
99	0.008738613623635734
100	0.011147830387442924
101	0.12318811002815044
102	0.9838981538483329
103	0.041517247454899237
104	0.05560654736795844
105	1.0
106	0.9680555771461439
107	0.505715329525985
108	0.15462038588001323
109	0.10644373457266976
110	0.1013842611119193
111	1.0
112	1.0
113	0.009174704819918202
114	0.007674387126047693
115	0.004715720680195383
116	0.007927630713798602
117	0.004419250868277081
118	0.004209195456615671
119	0.019047393108381876
120	0.052110652730085555
121	0.9371316004437404
122	0.4369758436353341
123	0.23581040555488308
124	0.2819105719970956
125	0.8097517472627825
126	0.2475782724366734
127	0.1357900406092586
128	0.041517247454899237
129	0.11925293695084385
130	0.2557479945175719
131	0.2773712913382699
132	0.3057458946813884
133	0.3425386759286123
134	0.6245313223904277
135	0.3775797899972562
136	0.3964225068633132
137	0.44412711003287414
138	0.6144752151203998
139	0.6556978921951199
140	0.699686033300596
141	0.7227746524257428
142	0.7346031188276507
143	0.8230036250150506
144	0.9838981538483329
145	0.9680555771461439
146	0.8364723744993591
147	0.8364723744993591
148	0.8925879504044915
149	0.505715329525985
150	0.4095038717012343
151	0.4095038717012343
152	0.030997821620274812
153	0.05296346225091007
154	0.013766972933527001
155	0.02390746372968385
156	0.03646109590141792
157	0.15715080394779135
158	0.09348055211452132
159	0.9524680951766599
160	0.8097517472627825
161	0.7712627042813435
162	0.7838846950415602
163	0.9071954723294547
164	1.0
165	0.8364723744993591
166	0.8097517472627825
167	0.006114285902868147
168	0.008597905811488844
169	0.21392613224756243
170	0.21742711012398036
171	0.22827757824649864
172	0.05933696755250705
173	0.025928821455018843
174	0.5574491330158786
175	0.8097517472627825
176	0.8782156365502464
177	0.8925879504044915
178	0.8925879504044915
179	0.9071954723294547
180	0.8501615448994169
181	0.7111366461700486
182	0.12520412762878458
183	0.022043686905619655
184	0.04502749889045503
185	0.05744148237014341
186	0.14489964968096344
187	0.4162055494255547
188	0.48956054519592274
189	0.7227746524257428
190	0.12725313808047503
191	0.18787327440651988
192	0.2209853827589351
193	0.23966952741252912
194	0.3900393726467364
195	0.6347520014624477
196	0.699686033300596
197	0.9220420515895298
198	0.8501615448994169
199	0.8364723744993591
200	1.0
