1	0.8364723744993591
2	0.6664286233595317
3	0.6556978921951199
4	1.0
5	0.3370231708678045
6	0.1212045540327608
7	0.04084874312373918
8	0.007799981223697675
9	0.00047040156643291924
10	3.8618125843789594e-05
11	0.0008302591310470831
12	0.0005443991622033087
13	7.888324788986942e-05
14	0.0016153167178432556
15	0.013545299253377184
16	1.0
17	1.0
18	1.0
19	1.0
20	0.013545299253377184
21	0.0016153167178432556
22	3.678253276172629e-05
23	0.0005019589204015528
24	0.0008037369822866172
25	2.791220248407822e-05
26	0.00011836713659178142
27	0.006962169253653824
28	0.026353155917208635
29	0.058381532829869284
30	0.18187177108593688
31	0.6556978921951199
32	0.37150005830873634
33	0.37150005830873634
34	0.513991542262758
35	0.7111366461700487
36	0.7588439508744758
37	0.699686033300596
38	0.699686033300596
39	0.699686033300596
40	0.8925879504045041
41	0.7967132492073022
42	0.7111366461700487
43	0.699686033300596
44	0.699686033300596
45	0.746625162324361
46	0.7967132492073022
47	0.513991542262758
48	0.40291010336057753
49	0.3837590186752804
50	0.3900393726467364
51	0.40291010336057753
52	0.4587826572335587
53	0.5574491330158785
54	0.6451399456130125
55	0.677334966787895
56	0.46629079995640105
57	0.22098538275893512
58	0.5224031981891458
59	0.5309525138815142
60	0.614475215120391
61	0.6884197964379097
62	0.5396417421912961
63	0.8782156365502464
64	0.9071954723294419
65	0.9371316004437404
66	1.0
67	0.5852680376789872
68	0.1732270593726303
69	0.060308038307035794
70	0.04151724745489924
71	0.04804821315291693
72	0.024696375181437153
73	0.05383022830539263
74	0.06331764666180248
75	0.04804821315291693
76	0.051271575016962036
77	0.1030434509053353
78	0.23201342268367614
79	0.4513954094697245
80	0.1212045540327608
81	0.1972488898661499
82	0.08619300005539395
83	0.03890712455342854
84	0.02858129504156406
85	0.10818572446379393
86	0.5224031981891458
87	1.0
88	1.0
89	0.10644373457266824
90	0.019675929314445374
91	0.009790198959862228
92	0.007309608887594928
93	0.022404439747548983
94	0.13360357026643777
95	0.9524680951766599
96	0.8364723744993591
97	0.9838981538483328
98	0.18484816784601618
99	0.210481526578285
100	0.9524680951766599
101	0.39642250686331315
102	0.42301690250932045
103	0.8782156365502464
104	0.8925879504045041
105	0.9220420515895167
106	0.9524680951766599
107	0.2819105719970956
108	0.2435918051833991
109	0.05933696755250621
110	0.027222771645920636
111	0.030997821620274816
112	0.05560654736795844
113	0.10644373457266824
114	0.6556978921951199
115	0.37757978999725095
116	0.677334966787895
117	0.9524680951766599
118	0.22098538275893512
119	0.018740694914960117
120	0.9838981538483328
121	0.11175569566235918
122	0.08619300005539395
123	0.08480513362914896
124	0.1472709844146142
125	0.8230036250150506
126	0.27737129133826993
127	0.9220420515895167
128	0.09049436982916181
129	0.004871332588256415
130	0.0006403479026656426
131	0.0003455584578030299
132	0.06979493239667536
133	1.0
134	1.0
135	1.0
136	1.0
137	0.06979493239667536
138	0.0004198747700494216
139	0.00024178242661367335
140	0.004565079704726483
141	0.013992274382953428
142	1.0
143	0.10138426111191785
144	0.6884197964379097
145	0.03472803056127704
146	0.04358912142584617
147	0.08480513362914896
148	0.5224031981891458
149	0.2685108255202363
150	0.06979493239667536
151	0.9680555771461301
152	0.9680555771461301
153	0.34814444420780405
154	0.3370231708678045
155	0.9071954723294419
156	0.9220420515895167
157	0.9371316004437404
158	0.164993247273701
159	0.11358461770178932
160	0.11358461770178932
161	0.09656527406216286
162	0.08077418408895759
163	0.18787327440651988
164	0.2282775782464954
165	0.9220420515895167
166	0.9371316004437404
167	0.9371316004437404
168	0.5309525138815142
169	0.5396417421912961
170	0.9071954723294419
171	0.21742711012398036
172	0.1425664978143681
173	0.9524680951766599
174	0.8501615448994049
175	0.9680555771461301
176	0.11925293695084214
177	0.014453999040223764
178	0.011704150977755607
179	0.0021988971683392176
180	0.0035208757183271744
181	0.10472979393476876
182	0.9838981538483328
183	0.9838981538483328
184	0.10138426111191785
185	0.015423659850313085
186	0.006962169253653824
187	0.003299523896879449
188	0.06129500098272679
189	0.39642250686331315
190	0.22460188780169513
191	0.7227746524257325
192	0.9680555771461301
193	0.18187177108593688
194	0.03254473486014869
195	0.022771096439116734
196	0.037664258914665634
197	0.03254473486014869
198	0.01133026862977681
199	0.04358912142584617
200	0.8925879504045041
