1	1.0
2	0.983898153848333
3	0.9680555771461301
4	0.809751747262771
5	0.746625162324361
6	0.746625162324361
7	0.7838846950415602
8	0.9220420515895167
9	0.8925879504044916
10	0.8925879504044916
11	0.9220420515895167
12	0.9524680951766599
13	0.9524680951766599
14	0.9680555771461301
15	0.9524680951766599
16	0.6996860333005961
17	0.6884197964379098
18	0.6996860333005961
19	0.7712627042813436
20	0.9680555771461301
21	0.983898153848333
22	0.983898153848333
23	0.3057458946813841
24	0.27737129133826793
25	0.3715000583087337
26	0.9071954723294418
27	0.8925879504044916
28	0.9371316004437406
29	0.3715000583087337
30	0.25162997965624717
31	0.27737129133826793
32	0.9680555771461301
33	0.9680555771461301
34	0.9071954723294418
35	0.9071954723294418
36	0.9071954723294418
37	0.9371316004437406
38	0.9680555771461301
39	0.983898153848333
40	0.983898153848333
41	0.9524680951766599
42	0.239669527412524
43	0.012693727967806673
44	0.04804821315291693
45	0.02766828206704513
46	0.011704150977755607
47	0.01619336115132821
48	0.20047693868989316
49	0.8782156365502465
50	0.8640747434825015
51	0.850161544899405
52	0.746625162324361
53	0.7346031188276507
54	0.9220420515895167
55	0.7838846950415602
56	0.809751747262771
57	0.6996860333005961
58	0.9371316004437406
59	0.4739218161276132
60	0.006962169253653824
61	0.0029451152724262676
62	0.0022348829091087073
63	0.0050320794624388356
64	1.0
65	0.9524680951766599
66	0.9524680951766599
67	0.9524680951766599
68	0.0443024730307253
69	0.04084874312373947
70	0.004074735137074952
71	0.0038185630603913673
72	0.4662907999564043
73	0.8782156365502465
74	0.8364723744993592
75	0.8640747434825015
76	0.809751747262771
77	0.8364723744993592
78	0.5574491330158785
79	0.6045810297425014
80	0.8364723744993592
81	0.015423659850313085
82	0.02904903818527751
83	0.01645837131413555
84	0.10644373457266824
85	0.27737129133826793
86	0.7967132492073021
87	0.33702317086780686
88	0.35384195289533515
89	0.9680555771461301
90	0.9680555771461301
91	0.9680555771461301
92	0.9680555771461301
93	0.9524680951766599
94	0.6664286233595222
95	0.3775797899972509
96	0.6451399456130033
97	0.062298115656568065
98	0.09656527406216218
99	0.1252041276287837
100	0.03890712455342826
101	0.05383022830539301
102	0.06435386265758218
103	0.030997821620274812
104	0.07093715149650967
105	0.07947357060372963
106	0.15972263321475677
107	0.4816777166152449
108	0.09049436982916118
109	0.04219669209918996
110	0.11175569566235839
111	0.08077418408895817
112	0.1972488898661499
113	0.32625716018605594
114	0.3775797899972509
115	0.4230169025093205
116	0.6996860333005961
117	0.3057458946813841
118	0.6451399456130033
119	0.18484816784601615
120	0.057441482370143404
121	0.1047297939347695
122	0.07327797408660716
123	0.07093715149650967
124	0.04358912142584587
125	0.8782156365502465
126	0.8364723744993592
127	0.8640747434825015
128	0.9371316004437406
129	0.8925879504044916
130	0.9220420515895167
131	0.34814444420780655
132	0.2819105719970956
133	0.8925879504044916
134	0.35384195289533515
135	0.3900393726467363
136	0.33702317086780686
137	0.3596327033558822
138	0.9220420515895167
139	0.26851082552023436
140	0.6556978921951199
141	0.1972488898661499
142	0.12725313808047323
143	0.1252041276287837
144	0.1252041276287837
145	0.9680555771461301
146	0.3057458946813841
147	0.3315964756209417
148	0.3964225068633132
149	0.1571508039477925
150	0.9680555771461301
151	0.9220420515895167
152	0.513991542262758
153	0.4587826572335587
154	0.44412711003287103
155	0.4369758436353341
156	0.4230169025093205
157	0.4230169025093205
158	0.1448996496809645
159	0.4369758436353341
160	0.9371316004437406
161	0.42993972582911383
162	0.40950387170123426
163	0.6884197964379098
164	0.30082282132371846
165	0.239669527412524
166	0.2912132099152615
167	0.5758441417787837
168	0.6451399456130033
169	0.8782156365502465
170	0.8640747434825015
171	0.7838846950415602
172	0.6245313223904277
173	0.28652413961186873
174	0.4029101033605804
175	0.7111366461700487
176	0.26851082552023436
177	0.1336035702664378
178	0.04727454821686514
179	0.09049436982916118
180	0.08209608258032165
181	0.12933568132306092
182	0.1472709844146142
183	0.2435918051833991
184	0.2641873055176485
185	0.34814444420780655
186	0.7967132492073021
187	0.42993972582911383
188	0.17894329980857865
189	0.25574799451756824
190	0.25574799451756824
191	0.272905101478248
192	0.19407281858793665
193	0.7712627042813436
194	0.022771096439116897
195	0.0016686198147892288
196	0.001751890507660249
197	0.00032383375060782187
198	0.00511443124754004
199	0.06756537356313823
200	0.29597901853585135
