1	0.7588439508744756
2	0.6347520014624477
3	0.6451399456130031
4	0.6884197964379097
5	0.6884197964379097
6	0.6664286233595221
7	0.6451399456130031
8	0.5484731728386766
9	0.5396417421912961
10	0.29597901853585135
11	0.25993340216897615
12	0.5758441417787755
13	0.6347520014624477
14	0.8501615448994048
15	0.8097517472627709
16	0.8097517472627709
17	0.3262571601860559
18	0.10138426111191784
19	0.12318811002815042
20	0.21742711012398033
21	0.23581040555488306
22	0.9220420515895166
23	0.9371316004437403
24	0.9220420515895166
25	0.8501615448994048
26	0.7838846950415601
27	0.1789432998085799
28	0.2246018878016919
29	0.8640747434825012
30	0.9071954723294418
31	0.8097517472627709
32	0.8097517472627709
33	0.8501615448994048
34	0.746625162324361
35	0.18484816784601615
36	0.1789432998085799
37	0.28191057199709557
38	0.24359180518339904
39	0.30082282132371624
40	0.305745894681384
41	0.2209853827589351
42	0.746625162324361
43	0.746625162324361
44	0.7588439508744756
45	0.5948461590153711
46	0.5852680376789872
47	0.18484816784601615
48	0.1909478879208092
49	0.7967132492072908
50	1.0
51	0.30082282132371624
52	0.29597901853585135
53	0.0997517873372933
54	0.030007614098887924
55	0.5948461590153711
56	0.5948461590153711
57	0.746625162324361
58	0.6773349667878948
59	0.0769348332586583
60	0.2209853827589351
61	0.23966952741252567
62	0.25993340216897615
63	0.8230036250150506
64	0.8230036250150506
65	0.3425386759286075
66	0.15972263321475674
67	0.8230036250150506
68	0.8640747434825012
69	0.6884197964379097
70	0.8097517472627709
71	0.9371316004437403
72	0.10818572446379239
73	0.1732270593726278
74	0.13579004060925665
75	0.21048152657828498
76	0.32100381758685564
77	0.9680555771461301
78	0.5139915422627579
79	0.699686033300596
80	0.41620554942555466
81	0.19407281858793524
82	0.2209853827589351
83	0.20709238541955338
84	0.09348055211451997
85	0.14968112689163351
86	0.28652413961186873
87	0.21742711012398033
88	0.06030803830703579
89	0.11925293695084214
90	0.11733274450692355
91	0.0997517873372933
92	0.29121320991526145
93	0.12933568132305998
94	0.08619300005539395
95	0.09656527406216149
96	0.09049436982916052
97	0.18787327440651988
98	0.9838981538483328
99	0.04883453939311235
100	0.010791719379643227
101	0.010791719379643227
102	0.013766972933527001
103	0.699686033300596
104	0.6556978921951198
105	0.7111366461700487
106	0.7111366461700487
107	0.699686033300596
108	0.6451399456130031
109	0.020657835589543778
110	0.0058236622472702445
111	0.022404439747548983
112	0.3370231708678044
113	1.0
114	0.3370231708678044
115	0.03646109590141791
116	0.03472803056127704
117	0.005114431247540003
118	0.29597901853585135
119	0.08343961441458081
120	0.07947357060372963
121	0.31583506350196977
122	0.8364723744993591
123	0.16233655139003353
124	0.14027091400017713
125	0.27737129133826594
126	0.05838153282986845
127	0.746625162324361
128	0.9680555771461301
129	0.032544734860148215
130	0.002851035264810493
131	0.0008716923278076609
132	0.0020606560225769105
133	0.03416884515602847
134	0.3370231708678044
135	0.5758441417787755
136	0.5057153295259778
137	0.2641873055176485
138	0.41620554942555466
139	0.2246018878016919
140	0.024298717947761457
141	0.03472803056127704
142	0.10995622264422976
143	0.6556978921951198
144	0.8925879504044913
145	0.9220420515895166
146	0.9524680951766599
147	0.4029101033605775
148	0.3425386759286075
149	0.36551822152450847
150	0.28652413961186873
151	0.7227746524257325
152	0.1546203858800132
153	0.20709238541955338
154	0.5139915422627579
155	0.6451399456130031
156	0.08480513362914895
157	0.03646109590141791
158	0.024696375181437153
159	0.6451399456130031
160	0.7227746524257325
161	1.0
162	0.7588439508744756
163	0.7227746524257325
164	0.3370231708678044
165	0.16499324727370096
166	0.5057153295259778
167	1.0
168	0.38375901867528034
169	0.2246018878016919
170	0.18484816784601615
171	0.1272531380804732
172	0.11925293695084214
173	0.5139915422627579
174	0.5139915422627579
175	0.7111366461700487
176	1.0
177	0.7111366461700487
178	0.6773349667878948
179	0.05651656845829405
180	0.06435386265758217
181	0.09049436982916052
182	0.1425664978143681
183	0.10995622264422976
184	0.10644373457266823
185	0.05651656845829405
186	0.35384195289533515
187	0.10995622264422976
188	0.19407281858793524
189	0.3900393726467363
190	0.7712627042813325
191	0.8782156365502464
192	0.7588439508744756
193	0.746625162324361
194	0.4299397258291168
195	0.305745894681384
196	0.31583506350196977
197	0.331596475620944
198	0.40950387170122843
199	0.6773349667878948
200	0.9220420515895166
