1	0.5139915422627507
2	0.34814444420779905
3	0.2396695274125223
4	0.06331764666180247
5	0.07569604040982107
6	0.17606198232518677
7	0.1818717710859369
8	0.3008228213237163
9	0.28191057199709363
10	0.17894329980857737
11	0.18787327440651988
12	0.342538675928605
13	0.3775797899972482
14	0.4095038717012256
15	0.47392181612760975
16	0.5484731728386649
17	0.2599334021689725
18	0.47392181612760975
19	0.44412711003286787
20	0.16499324727369746
21	0.207092385419549
22	0.5948461590153626
23	0.342538675928605
24	0.43697584363532477
25	0.2865241396118667
26	0.30574589468138186
27	0.17894329980857737
28	0.12120455403275908
29	0.6664286233595222
30	0.8230036250150331
31	0.8364723744993472
32	0.7111366461700385
33	0.6556978921951058
34	0.8097517472627652
35	0.8230036250150331
36	0.2475782724366681
37	0.277371291338264
38	0.3775797899972482
39	0.4587826572335554
40	0.5665719880005109
41	0.27290510147824215
42	0.41620554942554877
43	0.5396417421912961
44	0.2516299796562454
45	0.29121320991525734
46	0.342538675928605
47	0.7466251623243504
48	0.7967132492072908
49	0.42301690250931745
50	0.3837590186752777
51	0.277371291338264
52	0.20375781569033877
53	0.49757237909339663
54	0.14727098441461106
55	0.2396695274125223
56	0.15715080394779024
57	0.5665719880005109
58	0.7967132492072908
59	0.7588439508744704
60	0.8782156365502277
61	0.8925879504044913
62	0.8364723744993472
63	0.8364723744993472
64	0.8925879504044913
65	0.17606198232518677
66	0.08619300005539211
67	0.207092385419549
68	0.15213071221465643
69	0.08619300005539211
70	0.31583506350196755
71	0.3008228213237163
72	0.5665719880005109
73	0.2516299796562454
74	0.21392613224755785
75	0.6144752151203867
76	0.6045810297424971
77	0.6451399456130033
78	0.6773349667878901
79	0.6664286233595222
80	0.9371316004437272
81	0.6996860333005861
82	0.6556978921951058
83	0.22827757824649375
84	0.23201342268366953
85	0.27290510147824215
86	0.21742711012397725
87	0.05744148237014218
88	0.02390746372968334
89	0.10644373457266748
90	0.9524680951766462
91	0.7967132492072908
92	0.7588439508744704
93	0.7838846950415435
94	0.6884197964379
95	0.7466251623243504
96	0.09814559940423159
97	0.019997932954225524
98	0.03000761409888771
99	0.09197534264619711
100	0.9371316004437272
101	0.9371316004437272
102	0.9680555771461302
103	0.9680555771461302
104	0.9838981538483119
105	0.07569604040982107
106	0.07947357060372907
107	0.04288725609875933
108	0.05651656845829405
109	0.8640747434825012
110	0.8925879504044913
111	0.6996860333005861
112	0.5665719880005109
113	0.23201342268366953
114	0.24359180518339563
115	0.342538675928605
116	0.5309525138815068
117	0.7838846950415435
118	0.7967132492072908
119	0.8230036250150331
120	0.8364723744993472
121	0.2516299796562454
122	0.03587400494469133
123	0.007076107650393089
124	0.00832325067258884
125	0.01567607357528453
126	0.04804821315291591
127	0.7346031188276351
128	0.9680555771461302
129	0.7712627042813326
130	0.7466251623243504
131	0.7466251623243504
132	0.07693483325865666
133	0.04804821315291591
134	0.04651334071458662
135	0.028121083425988593
136	0.2557479945175664
137	0.2865241396118667
138	0.8097517472627652
139	0.3210038175868511
140	0.3370231708678044
141	0.331596475620937
142	0.8782156365502277
143	0.36551822152450075
144	0.2475782724366681
145	0.15462038588000993
146	0.13801229332338963
147	0.49757237909339663
148	0.5224031981891384
149	0.5309525138815068
150	0.6664286233595222
151	0.8640747434825012
152	0.5852680376789747
153	0.2516299796562454
154	0.37150005830872584
155	0.36551822152450075
156	0.34814444420779905
157	0.6245313223904189
158	0.9071954723294354
159	0.8097517472627652
160	0.8097517472627652
161	0.8501615448993989
162	0.3964225068633104
163	0.3775797899972482
164	0.39003937264673083
165	0.9071954723294354
166	0.5309525138815068
167	0.43697584363532477
168	0.7111366461700385
169	0.7838846950415435
170	0.8097517472627652
171	0.7466251623243504
172	0.5057153295259742
173	0.5396417421912961
174	0.36551822152450075
175	0.30574589468138186
176	0.3538419528953326
177	0.8782156365502277
178	0.7466251623243504
179	0.7466251623243504
180	0.8925879504044913
181	0.7466251623243504
182	0.7227746524257325
183	0.5665719880005109
184	0.8364723744993472
185	0.6245313223904189
186	0.6245313223904189
187	0.6451399456130033
188	0.6773349667878901
189	0.6884197964379
190	0.7466251623243504
191	0.7227746524257325
192	0.1818717710859369
193	0.21392613224755785
194	0.30574589468138186
195	0.8640747434825012
196	0.8364723744993472
197	0.8501615448993989
198	0.8230036250150331
199	0.9371316004437272
200	0.9838981538483119
