1	0.8925879504044913
2	0.8640747434825136
3	0.9838981538483189
4	0.9838981538483189
5	0.9524680951766462
6	0.836472374499359
7	0.8640747434825136
8	0.9220420515895166
9	0.8640747434825136
10	0.9680555771461439
11	0.7227746524257428
12	0.783884695041549
13	0.758843950874465
14	0.783884695041549
15	0.783884695041549
16	0.8782156365502339
17	0.7346031188276402
18	0.7712627042813434
19	0.4230169025093144
20	0.5948461590153626
21	0.6773349667878948
22	0.1099562226442282
23	0.04804821315291624
24	0.034728030561276546
25	0.052963462250909324
26	0.1909478879208092
27	0.25574799451756824
28	0.7967132492072908
29	0.6996860333005959
30	0.7712627042813434
31	0.13801229332339057
32	0.15972263321475677
33	0.15715080394779135
34	0.9071954723294418
35	0.7227746524257428
36	0.1472709844146121
37	0.01814203423202126
38	0.019997932954225667
39	0.06647744631284323
40	0.8230036250150389
41	0.9838981538483189
42	0.809751747262771
43	0.809751747262771
44	0.06129500098272679
45	0.045027498890454376
46	0.014453999040223556
47	0.08760357941344458
48	0.7466251623243609
49	0.8230036250150389
50	0.6996860333005959
51	0.024696375181437153
52	0.02352250942683158
53	0.045764390058400266
54	0.6451399456130124
55	0.09197534264619776
56	0.2037578156903402
57	0.21048152657828498
58	0.20709238541955044
59	0.1972488898661471
60	0.1704377839133016
61	0.6773349667878948
62	0.22098538275893193
63	0.0061142859028680595
64	0.005546852487609716
65	0.0069621692536538235
66	0.2037578156903402
67	0.09975178733729187
68	0.10304345090533383
69	0.14027091400017713
70	0.5758441417787837
71	0.7712627042813434
72	0.7712627042813434
73	0.9071954723294418
74	0.6347520014624386
75	0.5139915422627579
76	0.1972488898661471
77	0.09814559940423297
78	0.10138426111191927
79	0.05383022830539263
80	0.13801229332339057
81	0.38375901867528034
82	0.7967132492072908
83	0.9680555771461439
84	0.9524680951766462
85	0.8925879504044913
86	0.7111366461700385
87	0.6664286233595221
88	0.614475215120391
89	0.13801229332339057
90	0.09975178733729187
91	0.10138426111191927
92	0.19407281858793524
93	0.4975723790934037
94	0.8782156365502339
95	0.7227746524257428
96	0.7111366461700385
97	0.1099562226442282
98	0.06331764666180337
99	0.3538419528953301
100	0.836472374499359
101	0.5484731728386688
102	0.7111366461700385
103	0.06540703669975811
104	0.08343961441457963
105	0.26851082552023625
106	0.16769342093829617
107	0.17606198232518802
108	0.8230036250150389
109	0.0395438536003459
110	0.014453999040223556
111	0.027222771645920248
112	0.017279708787602804
113	0.02858129504156406
114	0.14027091400017713
115	0.09814559940423297
116	0.6347520014624386
117	0.7466251623243609
118	0.9524680951766462
119	0.3370231708678045
120	0.32100381758685564
121	0.42993972582911677
122	0.9680555771461439
123	0.6884197964379097
124	0.6884197964379097
125	0.6884197964379097
126	0.7466251623243609
127	0.8501615448993927
128	0.9838981538483189
129	0.809751747262771
130	0.17606198232518802
131	0.16769342093829617
132	0.19407281858793524
133	0.09501039487561763
134	0.08760357941344458
135	0.08480513362915014
136	0.23581040555488306
137	0.19407281858793524
138	0.21392613224755938
139	0.16769342093829617
140	0.18187177108593947
141	0.13801229332339057
142	0.09049436982916181
143	0.08343961441457963
144	0.16233655139003356
145	0.8782156365502339
146	0.45139540946973084
147	0.45139540946973084
148	0.1972488898661471
149	0.3538419528953301
150	0.34814444420780405
151	0.9220420515895166
152	0.9524680951766462
153	0.8782156365502339
154	0.9524680951766462
155	0.9371316004437404
156	0.31583506350196977
157	0.27290510147824404
158	0.6996860333005959
159	0.9838981538483189
160	0.8925879504044913
161	0.9680555771461439
162	0.9220420515895166
163	0.9524680951766462
164	0.9524680951766462
165	0.8925879504044913
166	0.9371316004437404
167	0.9680555771461439
168	0.8782156365502339
169	0.7967132492072908
170	0.9680555771461439
171	0.9838981538483189
172	0.8640747434825136
173	0.8925879504044913
174	0.48956054519591574
175	0.22827757824649536
176	0.1789432998085799
177	0.22460188780169194
178	0.2959790185358471
179	0.25574799451756824
180	0.16499324727369863
181	0.2865241396118687
182	0.3370231708678045
183	0.045027498890454376
184	0.012489335512977668
185	0.025511319561055717
186	0.9680555771461439
187	0.25574799451756824
188	0.9371316004437404
189	0.8501615448993927
190	0.8501615448993927
191	0.8640747434825136
192	0.4369758436353278
193	0.1972488898661471
194	0.04219669209919026
195	0.18187177108593947
196	0.1732270593726278
197	0.2912132099152615
198	0.47392181612760637
199	0.614475215120391
200	0.8782156365502339
