1	0.7838846950415491
2	0.6045810297425014
3	0.771262704281338
4	0.6556978921951104
5	0.5396417421912961
6	0.3107495359001525
7	0.1546203858800099
8	0.12933568132305906
9	0.19094788792080922
10	0.7227746524257325
11	0.45878265723355544
12	0.3775797899972509
13	0.40291010336057753
14	0.9838981538483118
15	0.7588439508744758
16	0.6556978921951104
17	0.6045810297425014
18	0.036461095901417655
19	0.2641873055176486
20	0.3837590186752777
21	0.92204205158951
22	0.9524680951766531
23	0.9838981538483118
24	0.8925879504044978
25	0.5852680376789788
26	0.6144752151203867
27	0.566571988000515
28	0.5852680376789788
29	0.809751747262771
30	0.9071954723294419
31	0.44412711003287103
32	0.03705779481220461
33	0.01904739310838174
34	0.018438935128663837
35	0.007429233258548931
36	0.032544734860147986
37	0.3655182215245033
38	0.9524680951766531
39	0.8230036250150331
40	0.8640747434825076
41	0.5224031981891384
42	0.12318811002814868
43	0.11175569566235839
44	0.020325206299054075
45	0.01493095993810043
46	0.10304345090533384
47	0.3596327033558822
48	0.8640747434825076
49	0.9680555771461302
50	0.9680555771461302
51	0.9680555771461302
52	0.9371316004437271
53	0.92204205158951
54	0.9680555771461302
55	0.9680555771461302
56	0.9838981538483118
57	0.9838981538483118
58	0.7588439508744758
59	0.7466251623243558
60	0.7346031188276403
61	0.027222771645920053
62	0.030498699465507678
63	0.2641873055176486
64	0.26851082552023436
65	0.05127157501696131
66	0.1425664978143681
67	0.7967132492072965
68	0.9371316004437271
69	0.17043778391330164
70	0.03890712455342826
71	0.036461095901417655
72	0.239669527412524
73	0.4513954094697245
74	0.8925879504044978
75	0.3900393726467308
76	0.16499324727369863
77	0.03828064801966439
78	0.2819105719970956
79	0.5852680376789788
80	0.5139915422627543
81	0.40291010336057753
82	0.9071954723294419
83	0.9680555771461302
84	0.9524680951766531
85	0.771262704281338
86	0.7227746524257325
87	0.7967132492072965
88	0.6347520014624433
89	0.7346031188276403
90	0.7967132492072965
91	0.031505112088108786
92	0.2004769386898932
93	0.0029451152724262472
94	0.0068500654754495745
95	0.8230036250150331
96	0.8230036250150331
97	0.8230036250150331
98	0.45878265723355544
99	1.0
100	0.40291010336057753
101	0.22098538275893195
102	0.22460188780169354
103	0.4513954094697245
104	0.7588439508744758
105	0.7588439508744758
106	0.809751747262771
107	0.6884197964379049
108	0.3964225068633104
109	0.31583506350196977
110	0.3481444442078016
111	0.5139915422627543
112	0.207092385419549
113	0.018142034232021136
114	0.01999793295422567
115	0.04430247303072529
116	0.10304345090533384
117	1.0
118	0.9838981538483118
119	0.1496811268916325
120	0.24359180518339563
121	0.9838981538483118
122	1.0
123	0.9680555771461302
124	0.23201342268367117
125	0.1546203858800099
126	0.9838981538483118
127	0.9838981538483118
128	0.09975178733729259
129	0.05744148237014259
130	0.05044600800408418
131	0.01493095993810043
132	0.1252041276287837
133	0.6996860333005861
134	0.5758441417787797
135	0.37150005830872845
136	0.7227746524257325
137	0.10472979393476876
138	0.02133951404984792
139	0.027222771645920053
140	0.2475782724366681
141	0.2729051014782441
142	0.22827757824649536
143	0.9371316004437271
144	0.8925879504044978
145	0.8501615448993988
146	0.8364723744993472
147	0.8501615448993988
148	0.9680555771461302
149	0.9071954723294419
150	0.7346031188276403
151	0.6556978921951104
152	0.37150005830872845
153	0.5057153295259778
154	0.44412711003287103
155	0.3655182215245033
156	0.210481526578285
157	0.4895605451959158
158	0.771262704281338
159	0.809751747262771
160	0.6144752151203867
161	0.6556978921951104
162	0.5948461590153669
163	0.6556978921951104
164	0.7838846950415491
165	0.8925879504044978
166	0.9071954723294419
167	0.9680555771461302
168	0.7227746524257325
169	0.5396417421912961
170	0.2729051014782441
171	0.48167771661524145
172	0.48167771661524145
173	0.1496811268916325
174	0.4975723790934002
175	0.6996860333005861
176	0.7838846950415491
177	0.7227746524257325
178	0.6347520014624433
179	0.6556978921951104
180	0.6664286233595269
181	0.5309525138815105
182	0.5309525138815105
183	0.6347520014624433
184	0.92204205158951
185	0.9838981538483118
186	0.7466251623243558
187	0.6884197964379049
188	0.47392181612760975
189	0.40291010336057753
190	0.5139915422627543
191	0.6884197964379049
192	0.7588439508744758
193	0.7346031188276403
194	0.5484731728386688
195	0.5139915422627543
196	0.6451399456130079
197	0.6773349667878948
198	0.8364723744993472
199	0.8782156365502339
200	0.92204205158951
