1	0.3481444442078041
2	0.009950419076984587
3	0.009477456704464872
4	0.008057369233584964
5	0.0019000115066771079
6	0.00611428590286806
7	0.9838981538483189
8	0.10472979393476875
9	0.10472979393476875
10	0.1117556956623592
11	0.13579004060925862
12	0.210481526578285
13	0.9371316004437406
14	0.677334966787895
15	0.7838846950415602
16	0.9524680951766463
17	0.9680555771461441
18	0.9524680951766463
19	0.9071954723294418
20	0.6144752151203912
21	0.6884197964379098
22	0.17043778391330164
23	0.08903724340857933
24	0.07327797408660718
25	0.029049038185277303
26	0.04219669209919026
27	0.5574491330158785
28	0.513991542262758
29	0.5309525138815068
30	0.4299397258291169
31	0.40291010336058325
32	0.0017805608241138408
33	0.000198987813567983
34	0.0011675099792966507
35	0.0005533084497353728
36	0.013766972933527003
37	0.03705779481220461
38	0.0965652740621615
39	0.44412711003286787
40	0.8925879504044916
41	0.2641873055176485
42	0.07093715149651068
43	0.009174704819918203
44	0.0009925720876842986
45	0.005546852487609716
46	0.3775797899972563
47	0.9071954723294418
48	0.9071954723294418
49	1.0
50	0.5758441417787838
51	0.566571988000515
52	0.5574491330158785
53	0.566571988000515
54	0.5948461590153628
55	0.677334966787895
56	0.6347520014624387
57	0.5484731728386689
58	0.5484731728386689
59	0.5758441417787838
60	0.6451399456130125
61	0.60458102974251
62	0.566571988000515
63	0.5574491330158785
64	0.4895605451959158
65	0.4299397258291169
66	0.5396417421913039
67	0.513991542262758
68	0.40291010336058325
69	0.8640747434825137
70	0.8097517472627825
71	0.7967132492072909
72	0.8782156365502339
73	0.2599334021689762
74	0.15213071221465968
75	0.08480513362915015
76	0.028121083425988992
77	0.05044600800408454
78	0.05127157501696203
79	0.02429871794776146
80	0.01967592931444537
81	0.02722277164592025
82	0.210481526578285
83	0.23966952741252573
84	0.24757827243666988
85	0.2685108255202363
86	0.9524680951766463
87	0.10138426111191928
88	0.0997517873372933
89	0.09049436982916183
90	0.008597905811488844
91	0.004209195456615611
92	0.0028051283336034973
93	0.0017805608241138408
94	0.0025447997235481246
95	0.005283200023099469
96	0.9371316004437406
97	0.9680555771461441
98	1.0
99	0.9680555771461441
100	0.9680555771461441
101	0.9838981538483189
102	0.9838981538483189
103	0.10304345090533383
104	0.1117556956623592
105	0.03307734111793637
106	0.02168874285044923
107	0.09197534264619778
108	0.019359110527732547
109	0.03307734111793637
110	0.004419250868277081
111	0.013992274382953428
112	0.8364723744993592
113	0.8097517472627825
114	0.8501615448994049
115	0.2557479945175683
116	0.2070923854195505
117	0.20375781569034312
118	0.2358104055548831
119	0.9220420515895166
120	0.9220420515895166
121	0.8501615448994049
122	0.17322705937262783
123	0.020657835589543778
124	0.038907124553427985
125	0.8782156365502339
126	0.8782156365502339
127	0.9071954723294418
128	0.9524680951766463
129	0.8782156365502339
130	0.8782156365502339
131	0.9371316004437406
132	0.8782156365502339
133	0.05744148237014259
134	0.06867110513305712
135	0.17894329980857993
136	0.007309608887594824
137	0.015932618141390915
138	0.05383022830539263
139	0.1117556956623592
140	0.043589121425845555
141	0.03254473486014822
142	0.05296346225091009
143	0.10304345090533383
144	0.2685108255202363
145	0.9071954723294418
146	0.8364723744993592
147	0.8925879504044916
148	0.8501615448994049
149	0.8364723744993592
150	0.7712627042813436
151	0.5948461590153628
152	0.5948461590153628
153	0.9071954723294418
154	0.8925879504044916
155	0.8501615448994049
156	0.7588439508744758
157	0.7588439508744758
158	0.7712627042813436
159	0.4095038717012285
160	0.39642250686330754
161	0.3837590186752804
162	0.40291010336058325
163	0.45139540946973095
164	0.32625716018605594
165	0.32625716018605594
166	0.44412711003286787
167	0.5224031981891458
168	0.5948461590153628
169	0.5309525138815068
170	0.5484731728386689
171	0.5948461590153628
172	0.24757827243666988
173	0.08619300005539272
174	0.06867110513305712
175	0.03416884515602848
176	0.02952443611328904
177	0.4739218161276064
178	0.4895605451959158
179	0.0547111792972134
180	0.08903724340857933
181	0.09814559940423298
182	0.9680555771461441
183	0.9680555771461441
184	0.9680555771461441
185	0.9220420515895166
186	0.04651334071458662
187	0.009950419076984587
188	0.04502749889045438
189	0.005114431247540004
190	0.043589121425845555
191	0.007191910689857912
192	0.04502749889045438
193	0.0876035794134446
194	0.2599334021689762
195	0.003520875718327175
196	0.001225773320081767
197	0.0019948295552353686
198	0.005823662247270245
199	0.009174704819918203
200	0.35384195289533016
