1	0.5396417421912961
2	0.1649932472736963
3	0.2641873055176448
4	0.3481444442077991
5	0.15213071221465752
6	0.18484816784601088
7	0.5758441417787755
8	0.5758441417787755
9	0.5665719880005069
10	0.548473172838661
11	0.6347520014624387
12	0.9071954723294289
13	0.9220420515895035
14	0.9371316004437271
15	0.9220420515895035
16	0.9071954723294289
17	0.6773349667878853
18	0.6451399456130031
19	0.2599334021689725
20	0.17322705937262536
21	0.4162055494255487
22	0.5309525138815068
23	0.2819105719970956
24	0.6045810297425014
25	0.2516299796562454
26	0.49757237909339663
27	0.18484816784601088
28	0.37757978999725084
29	0.9680555771461301
30	0.8782156365502215
31	0.8501615448993928
32	0.8640747434825012
33	0.4369758436353278
34	0.3057458946813797
35	0.3057458946813797
36	0.548473172838661
37	0.5309525138815068
38	0.2819105719970956
39	0.2599334021689725
40	0.6664286233595221
41	0.6045810297425014
42	0.1704377839132992
43	0.49757237909339663
44	0.7227746524257325
45	0.6996860333005861
46	0.6996860333005861
47	0.5852680376789788
48	0.4162055494255487
49	0.3158350635019653
50	0.3262571601860513
51	0.9371316004437271
52	0.9371316004437271
53	0.1909478879208065
54	0.13801229332338863
55	0.05560654736795765
56	0.04576439005839962
57	0.14027091400017713
58	0.4162055494255487
59	0.1448996496809614
60	0.5948461590153626
61	0.5665719880005069
62	0.5574491330158705
63	0.6045810297425014
64	0.9524680951766462
65	0.48167771661523795
66	0.10472979393476875
67	0.1448996496809614
68	0.5139915422627507
69	0.3107495359001502
70	0.6045810297425014
71	0.5948461590153626
72	0.5224031981891384
73	0.6045810297425014
74	0.5057153295259705
75	0.6245313223904189
76	0.02510054021835687
77	0.277371291338262
78	0.1909478879208065
79	0.13360357026643588
80	0.12933568132305814
81	0.8364723744993472
82	0.20047693868989175
83	0.16233655139003125
84	0.2435918051833956
85	0.7227746524257325
86	0.7227746524257325
87	0.7712627042813326
88	0.783884695041549
89	0.29121320991525734
90	0.05838153282986845
91	0.042887256098759034
92	0.6773349667878853
93	0.8230036250150272
94	0.8782156365502215
95	0.3158350635019653
96	0.1649932472736963
97	0.9524680951766462
98	0.05744148237014177
99	0.04963373414423558
100	0.01935911052773227
101	0.001395754378613407
102	0.10472979393476875
103	0.9371316004437271
104	0.9220420515895035
105	0.9838981538483049
106	1.0
107	1.0
108	0.9371316004437271
109	0.9371316004437271
110	0.11733274450692356
111	0.019675929314445093
112	0.052963462250909324
113	0.005369661486237395
114	0.005369661486237395
115	0.9071954723294289
116	0.15972263321475447
117	0.3481444442077991
118	0.9838981538483049
119	0.24757827243666633
120	0.2435918051833956
121	0.23581040555487973
122	0.22460188780169194
123	0.3057458946813797
124	0.6773349667878853
125	0.9680555771461301
126	0.9680555771461301
127	0.9838981538483049
128	0.9838981538483049
129	0.04358912142584493
130	0.04219669209918966
131	0.07447719441285068
132	0.002163490864431252
133	0.0011487109132294472
134	0.0008859578853748227
135	0.0028976934794106932
136	0.0020606560225769105
137	0.0017805608241138152
138	0.0005019589204015456
139	0.006316048424505908
140	0.12933568132305814
141	1.0
142	1.0
143	1.0
144	1.0
145	1.0
146	1.0
147	0.12933568132305814
148	0.005546852487609637
149	0.0003455584578030249
150	0.001418596399590929
151	0.0010591597671173317
152	0.0019000115066770806
153	0.0005809207180139168
154	0.0004553748598836568
155	0.0018393167356805956
156	1.0
157	0.05744148237014177
158	0.03705779481220408
159	0.04576439005839962
160	0.9524680951766462
161	0.9071954723294289
162	0.7712627042813326
163	0.3481444442077991
164	0.2599334021689725
165	0.08760357941344458
166	0.06756537356313774
167	0.47392181612760637
168	0.5852680376789788
169	0.9838981538483049
170	0.1272531380804714
171	0.02133951404984792
172	0.02635315591720863
173	0.025511319561055356
174	0.0190473931083816
175	0.007799981223697564
176	0.9220420515895035
177	0.9371316004437271
178	0.9371316004437271
179	0.9220420515895035
180	0.9838981538483049
181	0.9838981538483049
182	1.0
183	0.9838981538483049
184	0.07819389939674361
185	0.020657835589543483
186	0.012489335512977493
187	0.00963255868241604
188	0.011147830387442607
189	0.15462038588000881
190	0.9838981538483049
191	0.277371291338262
192	0.3057458946813797
193	0.3158350635019653
194	0.3370231708678044
195	0.3964225068633075
196	0.783884695041549
197	0.6884197964378999
198	0.5665719880005069
199	0.7227746524257325
200	0.809751747262771
