1	0.7466251623243612
2	0.45878265723355866
3	0.41620554942555466
4	0.5665719880005149
5	0.9220420515895166
6	0.5484731728386688
7	0.466290799956401
8	0.45139540946972445
9	0.4029101033605832
10	0.26418730551764474
11	0.20709238541955044
12	0.31074953590015464
13	0.14489964968096344
14	0.3262571601860513
15	0.5852680376789788
16	0.6245313223904277
17	0.14256649781436806
18	0.22460188780169513
19	0.305745894681384
20	0.35963270335588476
21	0.8925879504044913
22	0.3837590186752804
23	0.09197534264619776
24	0.08903724340857933
25	0.1099562226442282
26	0.5396417421913038
27	0.5484731728386688
28	0.5852680376789788
29	0.1380122933233906
30	0.18484816784601352
31	0.305745894681384
32	0.3315964756209393
33	0.5852680376789788
34	0.25993340216897615
35	0.30082282132372057
36	0.19724888986614708
37	0.6144752151203912
38	0.6245313223904277
39	0.7967132492072908
40	0.45878265723355866
41	0.513991542262758
42	0.513991542262758
43	0.3370231708678044
44	0.2320134226836728
45	0.21048152657828498
46	0.21048152657828498
47	0.22827757824649536
48	0.27290510147824404
49	0.8925879504044913
50	0.5484731728386688
51	0.3538419528953301
52	0.25162997965624895
53	0.6144752151203912
54	0.4029101033605832
55	0.25993340216897615
56	0.2396695274125257
57	0.4369758436353278
58	0.16769342093829856
59	0.01700147357515921
60	0.002198897168339217
61	0.004074735137074894
62	0.0083232506725889
63	0.003578496112179884
64	0.0028976934794106937
65	0.003757077145472426
66	0.0025864462836876503
67	0.014221262971401534
68	0.11925293695084214
69	1.0
70	1.0
71	1.0
72	1.0
73	0.04883453939311235
74	0.0046397888713085094
75	0.011515692539375738
76	0.003142691241050594
77	0.007927630713798602
78	0.010278768401209682
79	1.0
80	0.9838981538483188
81	1.0
82	1.0
83	1.0
84	1.0
85	1.0
86	1.0
87	1.0
88	1.0
89	0.027222771645920248
90	0.00947745670446487
91	0.006015834611932685
92	0.008189230970776997
93	0.002628774404719928
94	0.03954385360034535
95	1.0
96	0.9838981538483188
97	1.0
98	1.0
99	0.12120455403276079
100	0.015932618141390915
101	0.005546852487609716
102	0.004951053693111611
103	0.0010764932965619026
104	0.00039991732244170497
105	0.007550815325235631
106	0.004009124378788922
107	0.005637628717885326
108	0.03890712455342798
109	0.25993340216897615
110	0.9524680951766462
111	0.9371316004437271
112	0.9220420515895166
113	0.8640747434825136
114	0.8230036250150389
115	0.8640747434825136
116	0.8782156365502339
117	0.9071954723294418
118	0.9680555771461439
119	0.9524680951766462
120	0.9071954723294418
121	0.7712627042813435
122	0.6045810297425014
123	0.25574799451756824
124	0.2959790185358471
125	0.32100381758685564
126	0.25574799451756824
127	0.06435386265758125
128	0.12120455403276079
129	0.5574491330158785
130	0.5665719880005149
131	0.4299397258291168
132	0.37150005830873106
133	0.3655182215245033
134	0.21048152657828498
135	0.20709238541955044
136	0.22827757824649536
137	0.24757827243666986
138	0.24757827243666986
139	0.2396695274125257
140	0.21392613224755938
141	0.2819105719970956
142	0.2819105719970956
143	0.2819105719970956
144	0.5948461590153626
145	0.8364723744993591
146	0.6045810297425014
147	0.6144752151203912
148	0.8640747434825136
149	0.18187177108593947
150	0.020325206299054217
151	0.029049038185277303
152	0.699686033300596
153	0.6556978921951104
154	0.9220420515895166
155	0.9071954723294418
156	0.9371316004437271
157	0.4095038717012285
158	0.3538419528953301
159	0.3655182215245033
160	0.8501615448994049
161	0.5758441417787838
162	0.5665719880005149
163	0.6664286233595221
164	0.6556978921951104
165	0.699686033300596
166	0.8364723744993591
167	0.5852680376789788
168	0.08619300005539272
169	0.03202070454638286
170	0.09814559940423298
171	0.10304345090533383
172	0.0547111792972134
173	0.06647744631284419
174	0.24359180518339907
175	0.3775797899972509
176	1.0
177	0.8640747434825136
178	0.15972263321475677
179	0.05560654736795765
180	0.05744148237014259
181	0.011704150977755607
182	0.022043686905619652
183	0.0547111792972134
184	0.6451399456130124
185	0.8230036250150389
186	0.8782156365502339
187	0.8782156365502339
188	0.8782156365502339
189	0.8364723744993591
190	0.4029101033605832
191	0.513991542262758
192	0.513991542262758
193	0.5396417421913038
194	0.5396417421913038
195	0.5574491330158785
196	0.6347520014624387
197	0.48956054519591574
198	0.9524680951766462
199	0.8364723744993591
200	0.8782156365502339
