1	1.0
2	1.0
3	0.9838981538483327
4	0.42301690250932045
5	0.23581040555488306
6	0.23581040555488306
7	0.24757827243667335
8	0.5948461590153711
9	0.6451399456130124
10	0.9524680951766596
11	0.28191057199709557
12	0.4975723790934108
13	0.35963270335588476
14	0.024696375181437153
15	0.025100540218357226
16	0.06435386265758125
17	0.9838981538483327
18	0.9838981538483327
19	0.9838981538483327
20	0.9838981538483327
21	0.96805557714613
22	0.9838981538483327
23	0.9838981538483327
24	0.07569604040982214
25	0.027668282067045122
26	0.03472803056127704
27	0.015676073575284756
28	0.23966952741252567
29	0.7712627042813435
30	0.9220420515895167
31	0.96805557714613
32	0.46629079995640094
33	0.31583506350196977
34	0.3655182215245033
35	0.5574491330158864
36	0.11925293695084214
37	0.1336035702664378
38	0.5758441417787837
39	0.006214348384488034
40	0.005457537922228154
41	0.011330268629776808
42	0.01096832973761928
43	0.2516299796562454
44	0.892587950404504
45	0.9524680951766596
46	0.18187177108593688
47	0.1472709844146142
48	0.043589121425846165
49	0.03890712455342853
50	0.08077418408895759
51	1.0
52	0.32100381758685564
53	0.13579004060925667
54	0.7838846950415602
55	1.0
56	0.96805557714613
57	0.9071954723294416
58	0.892587950404504
59	0.9524680951766596
60	0.96805557714613
61	0.96805557714613
62	0.9838981538483327
63	0.305745894681384
64	0.37150005830873634
65	0.96805557714613
66	0.6773349667878948
67	0.6556978921951198
68	0.05838153282986928
69	0.06129500098272679
70	0.07569604040982214
71	0.07947357060372963
72	0.14489964968096344
73	0.9524680951766596
74	0.7346031188276402
75	0.03587400494469159
76	0.02858129504156365
77	0.42301690250932045
78	0.35963270335588476
79	0.17043778391330164
80	0.2435918051833956
81	0.7346031188276402
82	0.2246018878016951
83	0.18187177108593688
84	0.5852680376789872
85	0.9524680951766596
86	0.6773349667878948
87	0.6347520014624477
88	0.6245313223904277
89	0.9071954723294416
90	1.0
91	0.892587950404504
92	0.8640747434825136
93	0.014690543918280431
94	0.013112602486345095
95	0.14027091400017913
96	0.892587950404504
97	0.18484816784601615
98	0.04219669209919026
99	0.03202070454638286
100	0.027668282067045122
101	0.003092088110185005
102	0.04963373414423628
103	0.07209806342155774
104	0.0472745482168648
105	0.9071954723294416
106	0.7838846950415602
107	0.8364723744993591
108	0.8097517472627709
109	0.9220420515895167
110	0.9220420515895167
111	0.9220420515895167
112	0.7967132492073021
113	0.9220420515895167
114	0.7967132492073021
115	0.9220420515895167
116	0.014221262971401534
117	0.02551131956105572
118	0.020657835589543774
119	0.07209806342155774
120	0.08209608258032164
121	0.11544347070632019
122	0.12120455403276077
123	0.2209853827589351
124	0.9838981538483327
125	0.12725313808047323
126	0.11733274450692356
127	0.1293356813230618
128	0.5948461590153711
129	0.5574491330158864
130	0.5852680376789872
131	0.6045810297425014
132	0.11544347070632019
133	0.2004769386898946
134	0.18187177108593688
135	0.5396417421912961
136	0.5758441417787837
137	0.5948461590153711
138	0.9838981538483327
139	0.14489964968096344
140	0.004278080449843506
141	0.005283200023099468
142	0.027668282067045122
143	0.02858129504156365
144	0.031505112088109015
145	0.16233655139003356
146	0.9071954723294416
147	0.4739218161276131
148	0.2773712913382699
149	0.3775797899972509
150	0.699686033300596
151	0.699686033300596
152	0.5665719880005149
153	0.23966952741252567
154	0.3262571601860513
155	0.5948461590153711
156	0.5484731728386688
157	0.46629079995640094
158	0.09197534264619907
159	0.04651334071458728
160	0.009790198959862228
161	0.02204368690561934
162	0.043589121425846165
163	0.5484731728386688
164	0.5758441417787837
165	0.8364723744993591
166	0.23201342268367614
167	0.16233655139003356
168	0.2004769386898946
169	0.6556978921951198
170	0.746625162324361
171	0.5057153295259776
172	0.3964225068633132
173	0.4739218161276131
174	0.9071954723294416
175	0.513991542262758
176	0.4441271100328741
177	0.6347520014624477
178	0.9071954723294416
179	0.8364723744993591
180	0.5057153295259776
181	0.6245313223904277
182	0.8501615448994049
183	0.6884197964379097
184	0.6347520014624477
185	0.5484731728386688
186	0.31583506350196977
187	0.42301690250932045
188	0.746625162324361
189	0.8640747434825136
190	0.9071954723294416
191	0.8782156365502464
192	0.8097517472627709
193	0.823003625015039
194	0.8640747434825136
195	1.0
196	1.0
197	1.0
198	0.9838981538483327
199	1.0
200	1.0
