1	1.0
2	0.9680555771461439
3	0.31074953590015464
4	0.305745894681384
5	0.28652413961186873
6	0.32100381758685564
7	0.48956054519591574
8	0.9838981538483188
9	0.9371316004437404
10	0.9071954723294418
11	0.9071954723294418
12	0.9680555771461439
13	0.7712627042813435
14	0.7712627042813435
15	0.7967132492072908
16	0.020657835589543774
17	0.015423659850313085
18	0.05744148237014259
19	0.05560654736795765
20	0.06030803830703579
21	0.2004769386898946
22	1.0
23	0.25162997965624895
24	0.08343961441457963
25	0.8782156365502339
26	0.18787327440651988
27	0.19407281858793526
28	0.22098538275893195
29	0.3262571601860559
30	0.746625162324361
31	0.16769342093829856
32	0.06867110513305712
33	0.07093715149651067
34	0.9838981538483188
35	0.9838981538483188
36	1.0
37	1.0
38	0.9524680951766462
39	0.019997932954225667
40	0.016458371314135432
41	0.1732270593726278
42	0.8097517472627825
43	0.9680555771461439
44	0.9071954723294418
45	0.9220420515895166
46	0.9680555771461439
47	0.9680555771461439
48	0.8782156365502339
49	0.8640747434825136
50	0.8501615448994049
51	0.002805128333603497
52	0.0034641831191915295
53	0.09501039487561899
54	0.013992274382953425
55	0.8925879504044915
56	0.8925879504044915
57	0.9220420515895166
58	0.9220420515895166
59	0.03202070454638286
60	0.024696375181437153
61	0.09656527406216149
62	0.09975178733729329
63	0.35384195289533016
64	0.06030803830703579
65	0.0018393167356806218
66	0.002851035264810493
67	0.0030422997831473205
68	0.013545299253376991
69	0.03828064801966494
70	1.0
71	0.15213071221465968
72	0.04430247303072529
73	0.029524436113289032
74	0.1380122933233906
75	1.0
76	0.0876035794134446
77	0.01967592931444537
78	1.0
79	1.0
80	1.0
81	1.0
82	1.0
83	0.016458371314135432
84	0.08480513362915015
85	0.9838981538483188
86	0.14489964968096344
87	0.030997821620274372
88	0.04883453939311235
89	0.16769342093829856
90	0.9838981538483188
91	1.0
92	0.03416884515602847
93	0.010278768401209684
94	0.002128654667381612
95	0.0034641831191915295
96	0.0030422997831473205
97	0.0612950009827268
98	0.1252041276287828
99	0.3008228213237205
100	0.1252041276287828
101	0.07327797408660716
102	0.06867110513305712
103	0.8501615448994049
104	0.16233655139003356
105	0.22827757824649536
106	0.9838981538483188
107	0.18787327440651988
108	0.17043778391330164
109	0.16769342093829856
110	0.16769342093829856
111	0.16769342093829856
112	0.1732270593726278
113	0.08077418408895759
114	0.019359110527732544
115	0.00414141963895089
116	9.741658249768639e-05
117	0.0008302591310470713
118	0.0026717952406334006
119	0.001206036106664975
120	3.738449210201109e-05
121	0.0003034748409848094
122	2.978472017255798e-05
123	0.00016917178699911355
124	0.48167771661524483
125	0.5224031981891458
126	0.04358912142584555
127	0.001286944230771775
128	0.00048592413239298047
129	1.0
130	1.0
131	1.0
132	1.0
133	1.0
134	1.0
135	0.004009124378788922
136	0.001286944230771775
137	0.04358912142584555
138	0.0063160484245059975
139	0.00017475420935834793
140	2.4118229201461526e-05
141	0.0002985883357843618
142	3.6782532761726284e-05
143	0.001186616698822083
144	0.0026717952406334006
145	0.000803736982286617
146	7.392398434323364e-05
147	0.004565079704726418
148	0.02390746372968385
149	0.08209608258032164
150	0.9838981538483188
151	0.8782156365502339
152	0.8364723744993591
153	0.8640747434825136
154	0.9524680951766462
155	0.9524680951766462
156	0.3262571601860559
157	0.04430247303072529
158	0.01248933551297767
159	0.010968329737619126
160	0.023522509426831584
161	0.5758441417787837
162	0.823003625015039
163	0.7111366461700385
164	0.6664286233595221
165	0.8640747434825136
166	0.9680555771461439
167	0.9220420515895166
168	0.9220420515895166
169	0.7588439508744758
170	0.6347520014624387
171	0.5758441417787837
172	0.6347520014624387
173	0.466290799956401
174	0.48956054519591574
175	0.5396417421913038
176	0.746625162324361
177	0.5484731728386688
178	0.7588439508744758
179	0.6347520014624387
180	0.8782156365502339
181	0.47392181612760637
182	0.7346031188276403
183	0.6664286233595221
184	0.746625162324361
185	0.7346031188276403
186	0.823003625015039
187	0.8640747434825136
188	0.5758441417787837
189	0.5309525138815068
190	0.3775797899972563
191	0.6451399456130124
192	0.5574491330158785
193	0.7588439508744758
194	0.513991542262758
195	0.5057153295259778
196	0.677334966787895
197	0.7838846950415602
198	0.8364723744993591
199	0.9680555771461439
200	0.9371316004437404
