1	1.0
2	1.0
3	1.0
4	1.0
5	0.9371316004437137
6	0.9371316004437137
7	0.9071954723294289
8	0.9371316004437137
9	0.38375901867527495
10	0.3315964756209346
11	0.29121320991525734
12	0.277371291338262
13	0.7227746524257325
14	0.8097517472627594
15	0.5758441417787756
16	0.45878265723355216
17	0.23581040555487973
18	0.17322705937262536
19	0.6245313223904188
20	0.7227746524257325
21	1.0
22	0.9680555771461301
23	0.5852680376789705
24	0.5948461590153628
25	0.6556978921951012
26	0.9220420515895035
27	0.0036965812672960317
28	0.002271457569431737
29	0.04576439005839962
30	0.03828064801966384
31	0.016727718463299887
32	0.0036965812672960317
33	0.013327194928720445
34	0.9838981538483048
35	0.05560654736795764
36	0.04651334071458662
37	0.09814559940423158
38	1.0
39	0.005823662247270162
40	0.002346412357984714
41	0.007076107650393088
42	0.0023086307871880737
43	0.0012869442307717569
44	0.016727718463299887
45	0.2282775782464921
46	0.24757827243666636
47	0.5758441417787756
48	0.3715000583087258
49	0.03049869946550746
50	0.08209608258031931
51	0.09975178733729187
52	0.2599334021689725
53	0.9371316004437137
54	0.9838981538483048
55	0.8640747434825014
56	0.21392613224755633
57	0.0744771944128507
58	0.5224031981891384
59	0.4299397258291107
60	0.11925293695084045
61	0.31074953590015025
62	1.0
63	0.010113261253784499
64	0.0059189685685373875
65	0.0015637163575655233
66	0.0005443991622033009
67	0.011330268629776485
68	1.0
69	1.0
70	1.0
71	0.02510054021835687
72	0.00040646211284928576
73	0.0014418122384338217
74	1.0
75	1.0
76	1.0
77	1.0
78	0.00135116781054284
79	0.00032383375060781954
80	0.014221262971401331
81	1.0
82	1.0
83	0.015175310452307267
84	0.002586446283687614
85	0.003353521788788742
86	0.004141419638950831
87	0.035874004944691076
88	0.8230036250150272
89	0.8501615448993928
90	0.3008228213237163
91	0.13579004060925667
92	0.04883453939311166
93	0.3210038175868511
94	0.2320134226836695
95	0.8925879504044913
96	0.1760619823251855
97	0.33702317086779965
98	0.14256649781436606
99	0.1597226332147545
100	0.481677716615238
101	0.3715000583087258
102	0.0364610959014174
103	0.018142034232021008
104	0.016727718463299887
105	0.004209195456615552
106	0.0050320794624386924
107	0.007309608887594823
108	0.004074735137074894
109	0.008597905811488723
110	1.0
111	0.08903724340857806
112	0.0364610959014174
113	0.039543853600344785
114	0.9838981538483048
115	0.02510054021835687
116	0.017279708787602804
117	0.02510054021835687
118	0.47392181612760637
119	0.5574491330158706
120	0.09656527406216012
121	0.04804821315291556
122	0.03361866366814501
123	0.7227746524257325
124	0.9371316004437137
125	0.9524680951766463
126	0.5396417421912962
127	0.2516299796562454
128	0.20047693868989175
129	0.21392613224755633
130	0.15213071221465535
131	0.05471117929721262
132	0.014453999040223353
133	0.11544347070631693
134	0.9071954723294289
135	0.15213071221465535
136	0.20047693868989175
137	0.9838981538483048
138	0.03254473486014776
139	0.02204368690561934
140	0.02678443476505491
141	0.029524436113288196
142	0.9524680951766463
143	0.9680555771461301
144	1.0
145	1.0
146	0.06647744631284323
147	0.07093715149650866
148	0.042196692099189664
149	0.04358912142584492
150	0.5139915422627507
151	1.0
152	0.2435918051833956
153	0.24757827243666636
154	0.4095038717012226
155	0.36551822152449814
156	0.02678443476505491
157	0.00020891808825478355
158	0.008738613623635485
159	0.02722277164591986
160	0.023143753598938943
161	0.12520412762878277
162	1.0
163	1.0
164	1.0
165	1.0
166	0.9838981538483048
167	0.09975178733729187
168	0.00832325067258878
169	0.029524436113288196
170	0.03416884515602799
171	0.024696375181436803
172	0.007309608887594823
173	0.023522509426831248
174	0.08480513362914895
175	0.3158350635019653
176	0.9680555771461301
177	0.5574491330158706
178	0.6556978921951012
179	0.8782156365502215
180	0.45139540946971807
181	0.1940728185879325
182	0.08343961441457963
183	0.1173327445069219
184	0.9680555771461301
185	0.9680555771461301
186	0.008881624169591297
187	0.01311260248634491
188	0.06435386265758034
189	0.010446984132459453
190	0.9524680951766463
191	0.9371316004437137
192	0.05211065273008481
193	0.05838153282986845
194	0.9371316004437137
195	0.05744148237014177
196	0.06030803830703493
197	0.12933568132305814
198	0.3008228213237163
199	1.0
200	1.0
