1	0.9371316004437404
2	0.9524680951766462
3	0.8364723744993591
4	0.8782156365502464
5	0.6556978921951199
6	0.6045810297425099
7	0.6045810297425099
8	0.7227746524257428
9	0.699686033300596
10	0.9071954723294547
11	0.8925879504044915
12	0.9371316004437404
13	0.2959790185358514
14	0.2912132099152615
15	0.41620554942555466
16	0.25993340216897615
17	0.4299397258291168
18	0.28652413961186873
19	0.9071954723294547
20	0.8925879504044915
21	0.823003625015039
22	0.8364723744993591
23	0.44412711003286787
24	0.45878265723355866
25	0.11175569566235918
26	0.024298717947761457
27	0.02510054021835723
28	0.0006198923584893026
29	0.0013957543786134268
30	0.002128654667381612
31	0.04883453939311236
32	0.9524680951766462
33	0.9838981538483189
34	0.9838981538483189
35	0.9838981538483189
36	0.9838981538483189
37	1.0
38	0.9838981538483189
39	0.005729890533725346
40	0.0034641831191915295
41	0.0022714575694317693
42	0.0007291465512741581
43	0.0008859578853748352
44	0.03472803056127704
45	0.11925293695084216
46	0.968055577146144
47	0.45878265723355866
48	0.3481444442078041
49	0.746625162324361
50	0.968055577146144
51	0.39642250686331315
52	0.2037578156903431
53	0.18787327440651988
54	0.30574589468138835
55	0.35963270335588476
56	0.8640747434825136
57	0.3775797899972563
58	0.18484816784601352
59	0.18787327440651988
60	0.2435918051833991
61	0.746625162324361
62	0.8640747434825136
63	0.1789432998085799
64	0.19094788792081194
65	0.0290490381852773
66	0.023143753598939273
67	0.0370577948122046
68	0.9838981538483189
69	0.015932618141390915
70	0.014453999040223764
71	0.051271575016962036
72	0.9838981538483189
73	0.9838981538483189
74	0.014221262971401534
75	0.0023086307871881062
76	0.002346412357984781
77	0.023907463729683852
78	0.1425664978143701
79	0.9838981538483189
80	0.9838981538483189
81	0.8925879504044915
82	0.045027498890454376
83	0.012090370898187429
84	0.004951053693111611
85	0.041517247454899237
86	1.0
87	0.003520875718327174
88	0.004278080449843506
89	0.009632558682416179
90	0.03472803056127704
91	0.03472803056127704
92	0.08343961441457964
93	0.3262571601860559
94	0.4739218161276131
95	0.27737129133826594
96	0.6884197964379097
97	0.746625162324361
98	0.968055577146144
99	1.0
100	0.6664286233595222
101	0.28652413961186873
102	0.44412711003286787
103	0.2959790185358514
104	0.49757237909340374
105	0.1357900406092586
106	0.1336035702664378
107	0.9071954723294547
108	0.01727970878760305
109	0.00873861362363561
110	0.0022348829091087073
111	0.009632558682416179
112	0.051271575016962036
113	0.9838981538483189
114	0.7967132492072908
115	0.014453999040223764
116	0.010617952774480095
117	0.0001304758899290419
118	0.004491573493650815
119	0.9371316004437404
120	0.06540703669975813
121	0.03646109590141792
122	0.06331764666180337
123	0.0001283749872229026
124	0.00044082817280252407
125	0.009324852154700492
126	0.9371316004437404
127	0.9371316004437404
128	0.9371316004437404
129	0.9371316004437404
130	0.9371316004437404
131	0.07209806342155774
132	0.062298115656567614
133	0.0612950009827268
134	0.06331764666180337
135	0.062298115656567614
136	0.0033535217887888376
137	0.9371316004437404
138	0.005114431247540004
139	0.0007780620682611712
140	0.012090370898187429
141	0.08480513362915015
142	0.8640747434825136
143	0.7967132492072908
144	0.03828064801966493
145	0.0612950009827268
146	0.0023086307871881062
147	0.0008576564720537133
148	0.004419250868277081
149	0.7588439508744865
150	0.012288234154010974
151	0.010278768401209682
152	0.7838846950415602
153	0.8501615448994048
154	0.9838981538483189
155	0.7346031188276403
156	0.6556978921951199
157	0.31583506350196977
158	0.17043778391330405
159	0.23581040555488308
160	0.43697584363533404
161	0.968055577146144
162	0.9371316004437404
163	0.45139540946973084
164	0.03202070454638331
165	0.11925293695084216
166	0.012901465378461817
167	0.007674387126047693
168	0.008597905811488844
169	0.0030920881101850054
170	0.002851035264810493
171	0.9838981538483189
172	0.9838981538483189
173	0.04019100294647118
174	0.004009124378788922
175	0.01189569360606805
176	0.08343961441457964
177	0.9838981538483189
178	0.8925879504044915
179	0.9371316004437404
180	0.9838981538483189
181	0.1357900406092586
182	0.01700147357515921
183	0.00021581208061492306
184	0.00020224432050175637
185	0.02510054021835723
186	0.9838981538483189
187	0.9838981538483189
188	0.04288725609876024
189	0.002805128333603537
190	0.0021634908644312515
191	0.02168874285044923
192	0.005823662247270328
193	0.012901465378461817
194	0.9838981538483189
195	0.2037578156903431
196	0.2209853827589351
197	0.505715329525985
198	0.45878265723355866
199	0.5224031981891458
200	0.7346031188276403
