1	0.9071954723294418
2	0.9071954723294418
3	0.8230036250150273
4	0.7712627042813326
5	0.7466251623243612
6	0.9071954723294418
7	0.33159647562093936
8	0.3210038175868511
9	0.22827757824649536
10	0.17322705937262783
11	0.1496811268916314
12	0.18187177108593688
13	0.1380122933233906
14	0.11358461770178932
15	0.176061982325188
16	0.18187177108593688
17	0.23201342268367284
18	0.4095038717012285
19	0.9838981538483188
20	1.0
21	1.0
22	0.7967132492072908
23	0.20709238541955047
24	0.017849913987938726
25	0.0009301706690873581
26	0.21742711012397725
27	0.22827757824649536
28	0.25574799451756824
29	0.35384195289533515
30	0.6664286233595221
31	0.9680555771461302
32	0.7111366461700385
33	0.7712627042813326
34	0.7466251623243612
35	0.7588439508744759
36	0.9680555771461302
37	0.9680555771461302
38	0.9680555771461302
39	0.9524680951766463
40	0.9371316004437404
41	1.0
42	0.7227746524257325
43	0.2685108255202324
44	0.17043778391330164
45	0.15972263321475674
46	0.006316048424505908
47	0.010617952774479944
48	0.6773349667878948
49	0.4299397258291107
50	0.4095038717012285
51	0.699686033300596
52	0.6144752151203824
53	0.36551822152450336
54	0.27290510147824404
55	0.2516299796562454
56	0.210481526578285
57	0.22098538275893506
58	0.9680555771461302
59	0.9838981538483188
60	1.0
61	0.9838981538483188
62	0.7712627042813326
63	0.7466251623243612
64	0.7588439508744759
65	0.7967132492072908
66	0.44412711003286787
67	0.39642250686330754
68	0.22098538275893506
69	0.2037578156903402
70	0.18187177108593688
71	0.6664286233595221
72	0.5758441417787756
73	0.6245313223904277
74	0.5484731728386688
75	0.6884197964379001
76	0.27290510147824404
77	0.22098538275893506
78	0.1972488898661499
79	0.18787327440651988
80	0.18484816784601352
81	0.210481526578285
82	0.06647744631284419
83	0.7967132492072908
84	0.20047693868989172
85	0.5758441417787756
86	0.8782156365502464
87	0.836472374499359
88	0.809751747262771
89	0.33159647562093936
90	0.176061982325188
91	0.7588439508744759
92	0.05744148237014259
93	0.10644373457266824
94	0.164993247273701
95	0.1972488898661499
96	0.1972488898661499
97	0.03361866366814501
98	0.004141419638950831
99	0.23581040555488308
100	0.08209608258032164
101	0.9071954723294418
102	0.06756537356313776
103	0.04219669209918966
104	0.13360357026643588
105	0.04963373414423629
106	0.12120455403275907
107	0.6664286233595221
108	0.9838981538483188
109	0.9680555771461302
110	0.9524680951766463
111	0.9524680951766463
112	0.5574491330158785
113	0.0876035794134446
114	0.004141419638950831
115	0.016458371314135432
116	0.02204368690561934
117	0.09348055211451997
118	1.0
119	0.06229811565656762
120	0.0472745482168648
121	0.39642250686330754
122	0.22460188780169194
123	0.09348055211451997
124	0.09656527406216012
125	0.06540703669975811
126	0.04651334071458662
127	0.02766828206704513
128	0.18187177108593688
129	0.9371316004437404
130	1.0
131	1.0
132	0.1496811268916314
133	0.18187177108593688
134	0.210481526578285
135	0.17043778391330164
136	0.16233655139003125
137	0.08619300005539272
138	0.481677716615238
139	0.7588439508744759
140	0.8782156365502464
141	0.7466251623243612
142	0.5309525138815067
143	0.5139915422627507
144	0.4895605451959158
145	0.6773349667878948
146	0.6245313223904277
147	0.8501615448993928
148	0.5758441417787756
149	0.41620554942555466
150	0.37757978999725084
151	0.2516299796562454
152	0.5309525138815067
153	0.9220420515895035
154	0.9838981538483188
155	0.9071954723294418
156	0.8230036250150273
157	0.34253867592860743
158	0.27737129133826594
159	0.4895605451959158
160	0.8782156365502464
161	0.9838981538483188
162	0.9838981538483188
163	0.9680555771461302
164	0.5139915422627507
165	0.2641873055176485
166	0.28191057199709557
167	0.9371316004437404
168	1.0
169	1.0
170	0.836472374499359
171	0.7967132492072908
172	0.6045810297425014
173	0.6245313223904277
174	0.9524680951766463
175	0.9220420515895035
176	0.7588439508744759
177	0.836472374499359
178	0.7712627042813326
179	0.5758441417787756
180	0.5309525138815067
181	0.4895605451959158
182	0.7346031188276403
183	0.7712627042813326
184	0.9524680951766463
185	0.9071954723294418
186	0.9680555771461302
187	0.9071954723294418
188	0.1252041276287828
189	0.15715080394779135
190	0.1496811268916314
191	0.09049436982916052
192	0.15213071221465752
193	0.2959790185358471
194	0.2516299796562454
195	0.27290510147824404
196	0.2685108255202324
197	0.4513954094697244
198	0.9524680951766463
199	0.9680555771461302
200	1.0
