1	1.0
2	1.0
3	1.0
4	0.9838981538483189
5	1.0
6	1.0
7	1.0
8	1.0
9	1.0
10	1.0
11	0.10138426111191928
12	0.030007614098887928
13	0.017849913987938726
14	0.007550815325235631
15	0.00707610765039319
16	0.005729890533725346
17	0.013112602486345095
18	0.3715000583087311
19	0.47392181612760637
20	1.0
21	0.023522509426831584
22	0.012090370898187257
23	0.023522509426831584
24	0.004419250868277081
25	0.005918968568537472
26	0.9838981538483189
27	0.9838981538483189
28	1.0
29	1.0
30	1.0
31	0.02858129504156366
32	0.025928821455018472
33	0.004074735137074894
34	0.00011092558415419818
35	0.0007907953330514216
36	0.9838981538483189
37	0.823003625015039
38	0.7227746524257428
39	0.6664286233595222
40	0.6451399456130124
41	0.823003625015039
42	0.19094788792080922
43	0.001225773320081767
44	0.0013732801563434583
45	0.003578496112179884
46	0.012090370898187257
47	0.022771096439116737
48	0.09501039487561766
49	0.1972488898661471
50	0.034728030561276546
51	0.006524468815236718
52	0.0016686198147892288
53	0.005457537922228077
54	1.0
55	0.3900393726467363
56	0.466290799956401
57	0.9524680951766462
58	0.8501615448993927
59	0.03416884515602848
60	0.012901465378461633
61	0.0031941225103010833
62	0.00039347791524235634
63	0.005114431247540004
64	1.0
65	0.0014893899404870398
66	0.002198897168339217
67	0.0007780620682611711
68	0.012288234154010976
69	0.0076743871260476935
70	0.003696581267296084
71	0.09501039487561766
72	0.7588439508744758
73	0.7967132492072908
74	0.28652413961186873
75	0.17606198232518802
76	0.34814444420780405
77	0.2641873055176448
78	0.48956054519591574
79	0.5852680376789788
80	0.21048152657828498
81	0.09501039487561766
82	0.22098538275893198
83	0.12725313808047323
84	0.22827757824649533
85	0.5574491330158786
86	0.5948461590153626
87	0.5758441417787837
88	0.5948461590153626
89	0.809751747262771
90	0.6556978921951105
91	0.5057153295259778
92	0.27737129133826594
93	0.10818572446379238
94	0.09656527406216149
95	0.2912132099152615
96	0.9524680951766462
97	0.8925879504044915
98	0.614475215120391
99	0.8640747434825137
100	0.8640747434825137
101	0.9220420515895167
102	0.513991542262758
103	0.5396417421913038
104	0.5309525138815068
105	0.3425386759286075
106	0.3715000583087311
107	0.16769342093829617
108	0.41620554942555466
109	0.6664286233595222
110	0.6451399456130124
111	0.6451399456130124
112	0.6884197964379098
113	0.3837590186752804
114	0.05383022830539263
115	0.33159647562093936
116	0.3210038175868557
117	0.466290799956401
118	0.7346031188276403
119	0.614475215120391
120	0.513991542262758
121	0.6245313223904277
122	0.9371316004437271
123	0.8501615448993927
124	0.9371316004437271
125	0.823003625015039
126	0.8782156365502338
127	0.7111366461700386
128	0.7712627042813435
129	0.1314523061326923
130	0.11544347070631857
131	0.23201342268367284
132	0.23201342268367284
133	0.31583506350196533
134	0.8640747434825137
135	0.7227746524257428
136	0.7967132492072908
137	0.7227746524257428
138	0.3425386759286075
139	0.35384195289533016
140	0.5309525138815068
141	0.5484731728386688
142	0.10472979393476876
143	0.513991542262758
144	0.5057153295259778
145	0.513991542262758
146	0.5574491330158786
147	1.0
148	0.9838981538483189
149	0.5057153295259778
150	0.49757237909340374
151	0.09814559940423298
152	0.06867110513305613
153	0.1212045540327608
154	0.39642250686330754
155	0.34814444420780405
156	0.44412711003286787
157	0.1972488898661471
158	0.1940728185879353
159	0.20709238541955047
160	0.8364723744993591
161	0.8501615448993927
162	0.8364723744993591
163	0.8640747434825137
164	0.9071954723294419
165	0.9680555771461439
166	0.9838981538483189
167	0.1212045540327608
168	0.004951053693111611
169	0.00963255868241604
170	0.010791719379643074
171	0.0011487109132294635
172	0.002163490864431252
173	0.003142691241050594
174	1.0
175	0.008057369233584964
176	0.0006403479026656334
177	0.01999793295422567
178	0.031505112088109015
179	0.1336035702664378
180	0.9524680951766462
181	0.9524680951766462
182	0.9220420515895167
183	0.9071954723294419
184	0.39642250686330754
185	0.3900393726467363
186	0.003637059484442844
187	0.002851035264810493
188	0.006214348384488035
189	0.035296367236228025
190	0.1972488898661471
191	1.0
192	0.9838981538483189
193	1.0
194	1.0
195	1.0
196	1.0
197	1.0
198	0.9838981538483189
199	0.9838981538483189
200	0.9838981538483189
