1	0.9838981538483258
2	0.4739218161276097
3	0.17894329980857862
4	0.02858129504156406
5	0.002198897168339201
6	0.0017236818362313128
7	9.901083980761667e-05
8	0.001395754378613407
9	0.004009124378788921
10	0.0038185630603913396
11	0.005198130749138962
12	0.01935911052773268
13	1.0
14	1.0
15	1.0
16	1.0
17	1.0
18	0.02099590847766578
19	0.005032079462438799
20	0.0032995238968794257
21	0.0032463954707180774
22	0.0016417519552458341
23	0.0006000902548658376
24	0.0036965812672960312
25	0.004491573493650783
26	0.03646109590141791
27	0.17894329980857862
28	0.4230169025093174
29	0.8640747434825012
30	0.8230036250150448
31	0.809751747262771
32	0.7111366461700435
33	0.7588439508744703
34	0.9680555771461301
35	0.92204205158951
36	0.92204205158951
37	0.9371316004437403
38	0.8364723744993591
39	0.8501615448993987
40	0.8230036250150448
41	0.7967132492072965
42	0.9680555771461301
43	1.0
44	0.01756249741908432
45	0.004009124378788921
46	0.00456507970472645
47	0.013545299253377087
48	0.03954385360034535
49	0.03361866366814525
50	0.04883453939311235
51	0.9838981538483258
52	0.9680555771461301
53	1.0
54	1.0
55	1.0
56	1.0
57	0.952468095176653
58	0.9838981538483258
59	0.06030803830703536
60	0.03587400494469133
61	0.0401910029464709
62	0.03416884515602847
63	0.0401910029464709
64	0.044302473030725285
65	0.052963462250909324
66	0.8364723744993591
67	0.809751747262771
68	0.8364723744993591
69	0.14727098441461314
70	0.08619300005539333
71	0.05044600800408417
72	0.046513340714586945
73	0.14256649781436706
74	0.9371316004437403
75	0.8925879504044913
76	0.2320134226836728
77	0.18187177108593688
78	0.07569604040982106
79	0.09049436982916054
80	0.87821563655024
81	0.15972263321475563
82	0.10472979393476875
83	0.07447719441285122
84	0.05651656845829405
85	0.07947357060372962
86	0.952468095176653
87	0.8925879504044913
88	0.4299397258291138
89	0.5139915422627543
90	0.0472745482168648
91	0.03529636723622752
92	0.03472803056127679
93	0.09656527406216217
94	0.1972488898661485
95	0.13579004060925667
96	0.2516299796562454
97	0.7111366461700435
98	0.12933568132305998
99	0.027222771645920248
100	0.010968329737619124
101	0.017279708787602925
102	0.8364723744993591
103	0.8230036250150448
104	0.952468095176653
105	0.9680555771461301
106	0.9838981538483258
107	0.92204205158951
108	0.8230036250150448
109	0.92204205158951
110	0.9838981538483258
111	0.9838981538483258
112	0.952468095176653
113	0.6884197964379049
114	0.444127110032871
115	0.6664286233595221
116	0.6773349667878948
117	0.6451399456130031
118	0.8925879504044913
119	0.6347520014624431
120	0.5665719880005109
121	0.8501615448993987
122	0.952468095176653
123	0.8230036250150448
124	0.4230169025093174
125	0.32100381758685337
126	0.34253867592860504
127	0.5665719880005109
128	0.8230036250150448
129	0.34253867592860504
130	0.7838846950415546
131	0.7588439508744703
132	0.6664286233595221
133	0.8925879504044913
134	0.8230036250150448
135	0.7838846950415546
136	0.6556978921951151
137	0.6884197964379049
138	0.3964225068633103
139	0.5574491330158785
140	0.5665719880005109
141	0.5665719880005109
142	0.45139540946972445
143	0.37150005830873367
144	0.2773712913382679
145	0.18484816784601485
146	0.23966952741252398
147	0.3964225068633103
148	0.9680555771461301
149	0.28191057199709557
150	0.21742711012398033
151	0.19094788792080786
152	0.21742711012398033
153	0.21392613224755785
154	0.21742711012398033
155	0.3837590186752776
156	0.8230036250150448
157	0.2865241396118666
158	0.9071954723294418
159	0.8925879504044913
160	0.8501615448993987
161	0.8230036250150448
162	0.2320134226836728
163	0.01935911052773268
164	0.02390746372968351
165	0.05383022830539224
166	0.06331764666180247
167	0.1972488898661485
168	0.2004769386898932
169	0.21392613224755785
170	0.2773712913382679
171	1.0
172	0.8230036250150448
173	0.011515692539375738
174	0.014221262971401532
175	0.011147830387442765
176	0.03472803056127679
177	0.09656527406216217
178	0.5948461590153669
179	0.43697584363533093
180	0.809751747262771
181	0.025511319561055717
182	0.0612950009827268
183	0.06867110513305662
184	0.09348055211452064
185	0.9838981538483258
186	0.9680555771461301
187	0.952468095176653
188	0.9071954723294418
189	0.0037570771454724524
190	0.0070761076503931385
191	0.022043686905619336
192	0.08619300005539333
193	0.952468095176653
194	0.5758441417787797
195	0.5852680376789829
196	0.8640747434825012
197	0.8925879504044913
198	0.8925879504044913
199	0.9071954723294418
200	1.0
