1	0.42301690250932045
2	0.005114431247540003
3	0.0043480927706904
4	0.07327797408660716
5	1.0
6	0.04883453939311235
7	0.025511319561055724
8	0.016458371314135432
9	0.015676073575284756
10	0.030007614098887924
11	0.9524680951766598
12	0.9838981538483329
13	0.8230036250150508
14	0.7588439508744758
15	0.8640747434825014
16	0.8364723744993591
17	0.8230036250150508
18	0.8925879504044915
19	0.9680555771461302
20	0.9524680951766598
21	0.9524680951766598
22	0.9524680951766598
23	0.7967132492072908
24	0.7967132492072908
25	0.8640747434825014
26	0.8925879504044915
27	0.9371316004437404
28	0.7712627042813325
29	0.8925879504044915
30	0.9838981538483329
31	0.06435386265758218
32	0.042196692099189664
33	0.052963462250909324
34	0.016727718463300126
35	0.014221262971401534
36	0.05560654736795844
37	0.0547111792972134
38	0.3900393726467364
39	0.677334966787895
40	0.10304345090533532
41	0.07093715149650967
42	0.011704150977755607
43	0.00022293356467316313
44	0.0011675099792966342
45	0.0007058543855178155
46	3.738449210201162e-05
47	0.0004131140110991192
48	2.0839952710505337e-05
49	8.417520853263029e-05
50	0.0059189685685373875
51	0.06979493239667438
52	0.12933568132306
53	1.0
54	0.9220420515895167
55	0.809751747262771
56	0.850161544899405
57	0.9220420515895167
58	0.9680555771461302
59	0.03890712455342853
60	0.05560654736795844
61	0.6045810297425014
62	1.0
63	1.0
64	1.0
65	1.0
66	0.5948461590153711
67	0.0370577948122046
68	0.03529636723622752
69	0.850161544899405
70	1.0
71	0.8230036250150508
72	0.03954385360034535
73	0.017849913987938726
74	0.0058236622472702445
75	5.609676834340231e-05
76	2.5321823716298357e-05
77	0.0004198747700494216
78	4.188325877026483e-05
79	0.0007174059456835026
80	0.001206036106664975
81	0.0002843958634265
82	0.011895693606067884
83	0.45139540946972445
84	0.5057153295259778
85	0.9371316004437404
86	0.9071954723294419
87	0.6556978921951198
88	0.6884197964379097
89	0.08480513362914896
90	0.08480513362914896
91	0.05744148237014341
92	0.8925879504044915
93	0.8640747434825014
94	0.9071954723294419
95	0.9838981538483329
96	0.07819389939674361
97	0.0058236622472702445
98	0.0014654080128054562
99	0.006214348384488035
100	0.020325206299054217
101	0.23201342268367284
102	1.0
103	1.0
104	1.0
105	0.23201342268367284
106	0.024696375181437157
107	0.008597905811488844
108	0.006739766775034991
109	0.00611428590286806
110	0.07327797408660716
111	0.9838981538483329
112	0.5396417421912962
113	0.5309525138815143
114	0.5057153295259778
115	0.8925879504044915
116	0.9524680951766598
117	1.0
118	1.0
119	1.0
120	0.052110652730085555
121	0.030997821620274812
122	0.052110652730085555
123	1.0
124	1.0
125	1.0
126	1.0
127	0.0547111792972134
128	0.03254473486014822
129	0.01493095993810043
130	0.5758441417787756
131	0.5758441417787756
132	0.18187177108593947
133	0.5396417421912962
134	0.5484731728386767
135	0.18187177108593947
136	0.17322705937262783
137	1.0
138	0.05651656845829405
139	0.014453999040223764
140	0.00037477516042497033
141	0.0020606560225769105
142	8.281983227505338e-05
143	9.584799567368608e-05
144	0.011704150977755607
145	0.0538302283053934
146	1.0
147	1.0
148	0.020657835589543774
149	0.00023405882653929142
150	0.000871692327807661
151	0.0019000115066771346
152	0.0015637163575655455
153	0.0031426912410506386
154	0.006015834611932771
155	0.00049387645509079
156	0.0020274756563298706
157	0.0031941225103010837
158	1.0
159	0.0029451152724262676
160	0.0009453932456821844
161	1.0
162	1.0
163	1.0
164	1.0
165	1.0
166	1.0
167	0.0009765898446339532
168	0.0028976934794106937
169	1.0
170	0.0029451152724262676
171	0.0022714575694317693
172	0.0005019589204015528
173	0.006015834611932771
174	0.0031426912410506386
175	0.001538537637351158
176	0.0019000115066771346
177	0.0008576564720537133
178	0.00018952954375246506
179	0.02766828206704513
180	1.0
181	1.0
182	0.052963462250909324
183	0.010617952774480096
184	0.00010063118771018779
185	7.888324788986941e-05
186	0.0030920881101849616
187	0.0018097003405784804
188	0.015175310452307482
189	0.05933696755250621
190	0.20047693868989175
191	0.1472709844146142
192	0.9838981538483329
193	0.5484731728386767
194	0.1314523061326923
195	0.9838981538483329
196	0.07947357060372963
197	0.008189230970776997
198	0.008597905811488844
199	0.42301690250932045
200	1.0
