1	0.9371316004437406
2	0.011895693606067882
3	0.017001473575158972
4	0.014690543918280221
5	1.0
6	1.0
7	0.9838981538483049
8	0.9838981538483049
9	0.0101132612537845
10	0.006739766775034895
11	0.020995908477665633
12	0.6664286233595222
13	0.6556978921951104
14	0.9371316004437406
15	1.0
16	0.9838981538483049
17	0.49757237909340374
18	0.10818572446379085
19	0.016458371314135432
20	0.0016686198147892052
21	0.002851035264810493
22	0.000976589844633953
23	1.0
24	1.0
25	1.0
26	1.0
27	0.002503823749912712
28	0.00042674617124461537
29	0.0047928951403666395
30	0.3655182215245033
31	0.39642250686330754
32	0.5139915422627507
33	1.0
34	0.5139915422627507
35	0.0037570771454724255
36	0.001962709116638142
37	0.001695927376489869
38	0.001962709116638142
39	0.0023464123579847477
40	0.000960864945202363
41	0.0019948295552353395
42	0.009477456704464737
43	0.01170415097775544
44	0.054711179297213405
45	0.2599334021689725
46	0.7227746524257325
47	0.07569604040982106
48	0.0876035794134446
49	0.210481526578285
50	0.003042299783147321
51	0.0016153167178432556
52	0.05560654736795764
53	0.35384195289533515
54	0.1972488898661499
55	0.015423659850313085
56	0.004074735137074894
57	0.03587400494469159
58	1.0
59	1.0
60	1.0
61	0.060308038307034934
62	0.07327797408660718
63	1.0
64	0.012901465378461817
65	0.017562497419084194
66	1.0
67	0.0017236818362313128
68	0.000650827425746295
69	0.01248933551297767
70	0.03766425891466509
71	1.0
72	0.08209608258032164
73	0.0013957543786134073
74	0.0015385376373511577
75	0.0022714575694317367
76	0.0012257733200817494
77	0.0037570771454724255
78	1.0
79	0.10472979393476876
80	0.0047928951403666395
81	0.007799981223697675
82	0.7838846950415491
83	1.0
84	0.49757237909340374
85	0.18484816784601352
86	0.22460188780169196
87	0.9838981538483049
88	0.746625162324361
89	1.0
90	1.0
91	1.0
92	1.0
93	1.0
94	0.42301690250932045
95	0.15462038588000881
96	1.0
97	0.2641873055176485
98	0.7588439508744758
99	1.0
100	0.06756537356313774
101	0.0101132612537845
102	0.015423659850313085
103	1.0
104	0.35963270335587966
105	0.07947357060372963
106	0.01311260248634491
107	6.927650175875156e-05
108	4.397339814568434e-05
109	0.0018393167356805958
110	1.0
111	1.0
112	1.0
113	1.0
114	1.0
115	1.0
116	0.0018097003405784804
117	1.6603466437312995e-05
118	0.00010395187020857834
119	0.01311260248634491
120	0.08209608258032164
121	0.3655182215245033
122	0.8925879504044915
123	0.9220420515895035
124	0.0037570771454724255
125	0.0012869442307717569
126	0.0022714575694317367
127	0.001465408012805456
128	0.0013080055346563406
129	1.0
130	0.08209608258032164
131	1.0
132	0.02510054021835687
133	0.0002890501037268329
134	0.0006198923584892937
135	0.014221262971401331
136	0.01814203423202126
137	0.011515692539375738
138	1.0
139	0.040191002946470614
140	0.04358912142584555
141	0.9838981538483049
142	0.027222771645920248
143	0.020995908477665633
144	0.03254473486014822
145	0.054711179297213405
146	0.7967132492072907
147	0.05044600800408382
148	0.0058236622472702445
149	0.00034555845780302497
150	0.004209195456615611
151	0.8097517472627709
152	0.5758441417787755
153	0.3481444442077991
154	0.29121320991525734
155	0.8925879504044915
156	0.22460188780169196
157	0.011330268629776487
158	0.013992274382953229
159	0.008459463654885485
160	1.0
161	0.0007907953330514216
162	0.000650827425746295
163	0.001962709116638142
164	0.0016153167178432556
165	0.0016686198147892052
166	0.0010591597671173467
167	0.0017805608241138152
168	0.49757237909340374
169	0.14968112689163143
170	0.12933568132305814
171	0.18787327440651988
172	1.0
173	1.0
174	1.0
175	1.0
176	0.6884197964379
177	0.9838981538483049
178	1.0
179	1.0
180	1.0
181	0.9838981538483049
182	0.9071954723294419
183	0.9838981538483049
184	0.9524680951766462
185	0.9220420515895035
186	0.6664286233595222
187	0.6773349667878948
188	0.6884197964379
189	0.6773349667878948
190	0.44412711003286787
191	0.45878265723355216
192	0.7967132492072907
193	1.0
194	1.0
195	1.0
196	1.0
197	0.9838981538483049
198	0.9524680951766462
199	0.8925879504044915
200	1.0
