1	0.9680555771461439
2	0.39642250686331887
3	0.04019100294647176
4	0.05296346225091007
5	0.3900393726467364
6	0.9371316004437539
7	0.6045810297425099
8	0.6245313223904277
9	0.17606198232519052
10	0.1676934209382986
11	0.5574491330158786
12	0.2475782724366734
13	0.17894329980858248
14	0.06540703669975813
15	0.006631244087325166
16	0.003944570074838764
17	0.0009453932456821844
18	3.5034188915335026e-05
19	0.0011302145468318856
20	0.0011302145468318856
21	0.00016113072972067733
22	0.0015893071365663276
23	0.0005715668219861488
24	3.989246770070527e-05
25	0.0015137643410159801
26	1.0
27	1.0
28	1.0
29	1.0
30	0.0016417519552458695
31	0.00017475420935834793
32	0.0005715668219861488
33	0.0015893071365663276
34	0.00015347187921147654
35	0.0011302145468318856
36	0.0011120160060804226
37	4.469303857690138e-05
38	3.4470073795370876e-05
39	0.0007291465512741581
40	0.0006614784499805435
41	0.02551131956105572
42	0.08903724340858059
43	0.19407281858793526
44	0.6045810297425099
45	0.575844141778792
46	0.251629979656249
47	0.2865241396118728
48	0.49757237909341084
49	0.5396417421913039
50	0.8640747434825137
51	0.6144752151203998
52	0.4162055494255606
53	0.3775797899972563
54	0.4816777166152449
55	0.5396417421913039
56	0.5852680376789872
57	0.5396417421913039
58	0.6245313223904277
59	0.47392181612761985
60	0.6884197964379196
61	0.7838846950415713
62	0.8364723744993591
63	0.8640747434825137
64	0.8925879504045041
65	0.0076743871260476935
66	0.011515692539375738
67	0.06867110513305712
68	0.07447719441285282
69	0.07819389939674472
70	0.15972263321475902
71	0.575844141778792
72	0.9838981538483469
73	0.9220420515895298
74	0.9371316004437539
75	0.9838981538483469
76	0.505715329525985
77	0.09049436982916183
78	0.007927630713798602
79	0.0030920881101850054
80	0.008459463654885726
81	0.014690543918280431
82	0.08077418408895874
83	0.9838981538483469
84	0.9838981538483469
85	0.9071954723294418
86	0.8097517472627824
87	0.8640747434825137
88	0.7588439508744865
89	0.9220420515895298
90	0.9680555771461439
91	0.3837590186752859
92	0.019047393108381876
93	0.03000761409888835
94	0.023522509426831584
95	0.0005356333306484221
96	0.0010591597671173619
97	0.6556978921951199
98	0.8925879504045041
99	0.9371316004437539
100	0.9680555771461439
101	0.09656527406216288
102	0.04084874312373918
103	0.0005019589204015527
104	0.00196270911663817
105	0.002423840545294007
106	0.0538302283053934
107	0.9680555771461439
108	0.7712627042813436
109	0.48956054519592274
110	0.575844141778792
111	0.8097517472627824
112	0.9371316004437539
113	0.9220420515895298
114	0.9524680951766599
115	0.9371316004437539
116	0.9220420515895298
117	0.8640747434825137
118	0.505715329525985
119	0.5396417421913039
120	0.9524680951766599
121	0.7588439508744865
122	0.8230036250150624
123	0.8640747434825137
124	0.12318811002815044
125	0.003408403375565057
126	0.0005715668219861488
127	0.0029933131400918323
128	0.0006614784499805435
129	0.005918968568537472
130	0.005823662247270328
131	0.022404439747549302
132	0.1293356813230618
133	0.8925879504045041
134	0.850161544899417
135	0.8782156365502464
136	0.6773349667879046
137	0.6664286233595316
138	0.746625162324361
139	0.2037578156903431
140	0.1676934209382986
141	0.2475782724366734
142	0.6045810297425099
143	0.6347520014624568
144	0.272905101478248
145	0.2773712913382699
146	0.2912132099152615
147	0.2557479945175719
148	0.2773712913382699
149	0.6144752151203998
150	0.850161544899417
151	0.47392181612761985
152	0.48956054519592274
153	0.8640747434825137
154	0.8097517472627824
155	0.6664286233595316
156	0.7712627042813436
157	0.6245313223904277
158	0.6347520014624568
159	0.8230036250150624
160	0.7588439508744865
161	0.9220420515895298
162	0.4095038717012343
163	0.1314523061326923
164	0.019047393108381876
165	0.0014654080128054768
166	0.003944570074838764
167	0.02551131956105572
168	0.010446984132459751
169	0.9838981538483469
170	0.5309525138815219
171	1.0
172	1.0
173	1.0
174	1.0
175	0.5224031981891458
176	0.11733274450692524
177	0.11358461770179094
178	0.11544347070632022
179	0.11544347070632022
180	0.1425664978143701
181	0.058381532829869284
182	0.14968112689163568
183	0.2475782724366734
184	0.2475782724366734
185	0.9220420515895298
186	0.9371316004437539
187	0.6451399456130124
188	0.050446008004085253
189	0.07947357060373077
190	0.0934805521145213
191	0.08209608258032165
192	0.5948461590153795
193	0.6451399456130124
194	0.6245313223904277
195	0.6245313223904277
196	0.6144752151203998
197	0.6245313223904277
198	0.6556978921951199
199	1.0
200	0.9838981538483469
