1	0.7588439508744703
2	0.2516299796562454
3	0.3481444442077991
4	0.466290799956401
5	0.5396417421912961
6	0.9071954723294353
7	0.7712627042813326
8	0.7588439508744703
9	0.8230036250150331
10	0.9680555771461302
11	0.8782156365502277
12	0.8925879504044915
13	0.9838981538483119
14	0.9838981538483119
15	0.9838981538483119
16	0.9838981538483119
17	0.9838981538483119
18	0.9524680951766463
19	0.9371316004437338
20	0.9680555771461302
21	0.9220420515895036
22	0.29597901853584924
23	0.23581040555488142
24	0.19407281858793252
25	0.20709238541955047
26	0.8640747434825014
27	0.8501615448993988
28	0.9524680951766463
29	0.8640747434825014
30	0.9071954723294353
31	0.24757827243666988
32	0.1272531380804723
33	0.09975178733729259
34	0.12120455403275908
35	0.8501615448993988
36	0.8925879504044915
37	0.36551822152450075
38	0.8925879504044915
39	0.17606198232518674
40	0.14027091400017716
41	0.08077418408895645
42	0.055606547367958045
43	0.9524680951766463
44	0.7588439508744703
45	0.009950419076984445
46	0.09656527406216082
47	0.15972263321475563
48	0.7466251623243612
49	0.7227746524257325
50	0.9220420515895036
51	0.8097517472627652
52	0.7838846950415435
53	0.7838846950415435
54	0.8097517472627652
55	0.5574491330158785
56	0.13801229332339157
57	0.11358461770178933
58	0.14027091400017716
59	0.9838981538483119
60	0.9838981538483119
61	0.0876035794134446
62	0.22827757824649375
63	0.08343961441457964
64	0.009026975134420728
65	0.7466251623243612
66	0.22460188780169194
67	0.9071954723294353
68	0.8782156365502277
69	0.1496811268916314
70	0.17043778391330044
71	0.21742711012397728
72	0.3715000583087311
73	0.9524680951766463
74	0.8501615448993988
75	0.7967132492072909
76	0.07447719441285122
77	0.10818572446379086
78	0.05838153282986846
79	0.32100381758685115
80	0.03646109590141792
81	0.1676934209382962
82	0.25574799451756647
83	0.5852680376789747
84	0.7838846950415435
85	0.8364723744993532
86	0.6245313223904277
87	0.6144752151203867
88	0.8364723744993532
89	0.3596327033558797
90	0.4739218161276098
91	0.45878265723355544
92	0.6451399456130033
93	0.7712627042813326
94	0.9220420515895036
95	0.6045810297425014
96	0.5224031981891385
97	0.5057153295259742
98	0.5139915422627543
99	0.9071954723294353
100	0.7346031188276351
101	0.6556978921951059
102	0.3481444442077991
103	0.481677716615238
104	0.07093715149650917
105	0.022404439747548823
106	0.030007614098887712
107	0.10304345090533311
108	0.6045810297425014
109	0.36551822152450075
110	0.33159647562093936
111	0.5309525138815105
112	0.3158350635019676
113	0.34253867592860504
114	0.35384195289533266
115	0.8097517472627652
116	0.8364723744993532
117	0.9838981538483119
118	0.5224031981891385
119	0.3596327033558797
120	0.17606198232518674
121	0.1818717710859369
122	0.22098538275893354
123	0.31074953590015464
124	0.2641873055176467
125	0.35384195289533266
126	0.6451399456130033
127	0.6144752151203867
128	0.6245313223904277
129	0.6773349667878901
130	0.6144752151203867
131	0.7588439508744703
132	0.7838846950415435
133	0.8782156365502277
134	0.8925879504044915
135	0.3715000583087311
136	0.13801229332339157
137	0.10818572446379086
138	0.09049436982916054
139	0.08077418408895645
140	0.06129500098272636
141	0.9524680951766463
142	0.030997821620274594
143	0.09975178733729259
144	0.8501615448993988
145	0.17606198232518674
146	0.2685108255202324
147	0.9838981538483119
148	0.9838981538483119
149	0.9680555771461302
150	0.3481444442077991
151	0.2516299796562454
152	0.8097517472627652
153	0.049633734144235934
154	0.023143753598939106
155	0.008881624169591297
156	0.01904739310838161
157	0.014690543918280223
158	0.06129500098272636
159	0.08619300005539211
160	0.3596327033558797
161	0.02352250942683125
162	0.005032079462438728
163	0.004009124378788865
164	0.008459463654885545
165	0.006316048424505954
166	0.01079171937964315
167	0.017562497419084194
168	0.05127157501696094
169	0.6884197964379
170	0.6996860333005911
171	0.9680555771461302
172	0.9838981538483119
173	1.0
174	1.0
175	0.9838981538483119
176	0.6884197964379
177	0.6884197964379
178	0.7346031188276351
179	0.109956222644229
180	0.07819389939674362
181	0.06979493239667438
182	0.06867110513305565
183	0.007927630713798489
184	0.003578496112179884
185	0.00487133258825638
186	0.013992274382953328
187	0.9220420515895036
188	0.4739218161276098
189	0.28191057199709363
190	0.5852680376789747
191	0.19094788792080786
192	0.060308038307034934
193	0.09049436982916054
194	0.3715000583087311
195	0.10644373457266748
196	0.566571988000511
197	0.1972488898661485
198	0.4299397258291107
199	0.6245313223904277
200	0.7346031188276351
