1	0.19094788792080647
2	0.0032995238968794023
3	0.0025447997235481246
4	0.0015637163575655455
5	0.0026717952406334006
6	0.003944570074838709
7	0.007674387126047692
8	0.1272531380804732
9	1.0
10	0.011704150977755439
11	0.0046397888713085094
12	0.009950419076984445
13	1.0
14	0.5574491330158785
15	0.5309525138815068
16	0.5574491330158785
17	0.5665719880005069
18	0.11544347070631857
19	0.056516568458294045
20	0.01814203423202126
21	0.003944570074838709
22	0.0010088158858740138
23	0.001962709116638114
24	0.00180970034057848
25	0.0007291465512741477
26	3.1271094878021746e-05
27	0.002805128333603497
28	0.677334966787895
29	0.3837590186752749
30	0.7227746524257325
31	1.0
32	1.0
33	1.0
34	0.7346031188276403
35	0.6884197964379097
36	0.371500058308731
37	1.0
38	0.002851035264810493
39	2.8833264476781597e-05
40	0.000493876455090783
41	2.083995271050504e-05
42	3.076757251930165e-05
43	0.005198130749138962
44	0.012288234154010973
45	0.027668282067045125
46	0.26418730551764474
47	0.4029101033605775
48	0.9371316004437403
49	0.41620554942555466
50	0.42301690250932045
51	0.42301690250932045
52	0.42993972582911066
53	0.43697584363533404
54	0.26418730551764474
55	0.699686033300596
56	0.21048152657828498
57	0.16769342093829614
58	0.5852680376789788
59	0.5758441417787755
60	0.5574491330158785
61	0.7227746524257325
62	0.9838981538483187
63	0.7712627042813434
64	0.5309525138815068
65	0.7111366461700384
66	0.7227746524257325
67	0.9838981538483187
68	0.6045810297425014
69	0.42993972582911066
70	0.48167771661523795
71	0.9371316004437403
72	0.96805557714613
73	0.8640747434825012
74	1.0
75	0.6451399456130033
76	0.16233655139003353
77	0.21392613224755636
78	0.699686033300596
79	0.16769342093829614
80	0.16233655139003353
81	0.42301690250932045
82	0.41620554942555466
83	0.15715080394779135
84	0.15972263321475447
85	0.9838981538483187
86	0.96805557714613
87	0.9838981538483187
88	0.00902697513442079
89	0.0007174059456835025
90	0.002993313140091832
91	1.0
92	0.12933568132305998
93	0.009174704819918202
94	0.005369661486237472
95	0.003944570074838709
96	0.002384812237737442
97	0.00346418311919148
98	0.0037570771454724255
99	0.19094788792080647
100	0.42301690250932045
101	0.42301690250932045
102	0.2557479945175646
103	0.2396695274125223
104	0.3008228213237163
105	1.0
106	1.0
107	1.0
108	1.0
109	1.0
110	1.0
111	1.0
112	0.2959790185358471
113	0.24359180518339907
114	0.06647744631284323
115	0.6451399456130033
116	0.013327194928720823
117	0.009632558682416177
118	0.48167771661523795
119	0.5309525138815068
120	0.7466251623243609
121	0.677334966787895
122	0.9071954723294418
123	0.8097517472627709
124	0.8097517472627709
125	0.176061982325188
126	0.15972263321475447
127	0.9371316004437403
128	0.056516568458294045
129	0.026353155917208628
130	0.025928821455018472
131	0.010446984132459453
132	0.02812108342598859
133	0.9838981538483187
134	0.1472709844146121
135	0.09197534264619775
136	0.20709238541955047
137	1.0
138	1.0
139	0.9220420515895166
140	0.9220420515895166
141	1.0
142	0.1252041276287828
143	0.0008576564720537011
144	0.0006403479026656334
145	3.861812584378904e-05
146	0.0002265819524116397
147	0.015932618141390915
148	0.011330268629776647
149	0.07447719441285068
150	0.96805557714613
151	0.9838981538483187
152	0.9838981538483187
153	0.9838981538483187
154	0.96805557714613
155	0.96805557714613
156	0.9838981538483187
157	1.0
158	0.1135846177017893
159	0.029049038185277303
160	0.007429233258548929
161	0.005369661486237472
162	0.008189230970776996
163	0.0009151932040789071
164	0.0009608649452023629
165	0.1252041276287828
166	0.9838981538483187
167	0.06331764666180247
168	0.01700147357515921
169	0.04963373414423558
170	0.9071954723294418
171	0.9071954723294418
172	0.9071954723294418
173	0.96805557714613
174	1.0
175	1.0
176	0.14489964968096344
177	0.1252041276287828
178	0.11733274450692356
179	0.9838981538483187
180	0.9220420515895166
181	0.9071954723294418
182	0.19407281858793526
183	0.03646109590141791
184	0.06540703669975811
185	0.9071954723294418
186	0.0069621692536538235
187	0.02812108342598859
188	0.0007780620682611711
189	0.0006833062745535662
190	0.0472745482168648
191	0.9524680951766462
192	0.09501039487561765
193	0.16233655139003353
194	0.6451399456130033
195	0.45878265723355866
196	0.40950387170122843
197	0.34814444420780405
198	0.45878265723355866
199	0.614475215120391
200	0.783884695041549
