1	0.8640747434825137
2	0.8230036250150506
3	0.8230036250150506
4	0.4513954094697309
5	0.6245313223904277
6	0.4816777166152449
7	0.2282775782464986
8	0.13360357026643968
9	0.09197534264619907
10	0.03000761409888835
11	0.01967592931444537
12	0.9220420515895297
13	0.8782156365502464
14	0.8925879504045041
15	0.9838981538483329
16	0.21048152657828498
17	0.13360357026643968
18	0.11175569566236077
19	0.07327797408660718
20	0.9220420515895297
21	0.9071954723294547
22	0.1357900406092586
23	0.0997517873372947
24	0.10472979393477024
25	0.11358461770179093
26	0.127253138080475
27	0.15213071221465968
28	0.2139261322475624
29	0.15715080394779135
30	0.5852680376789872
31	0.25993340216897987
32	0.176061982325188
33	0.17322705937263028
34	0.14027091400017913
35	0.2320134226836761
36	0.4513954094697309
37	0.42301690250932644
38	0.6347520014624567
39	0.33702317086780925
40	0.2865241396118728
41	0.2865241396118728
42	0.7227746524257427
43	0.6045810297425099
44	0.4029101033605832
45	0.44412711003287414
46	0.48956054519592274
47	0.4739218161276131
48	0.6664286233595316
49	0.6664286233595316
50	0.4816777166152449
51	0.7967132492073021
52	0.44412711003287414
53	0.6144752151203998
54	0.5948461590153712
55	0.6347520014624567
56	0.1972488898661499
57	0.08480513362915015
58	0.4029101033605832
59	0.14489964968096553
60	0.17043778391330405
61	0.08480513362915015
62	0.2819105719970996
63	0.48956054519592274
64	0.5852680376789872
65	0.30082282132372057
66	0.13360357026643968
67	0.0934805521145213
68	0.08903724340858057
69	0.10995622264422977
70	0.25993340216897987
71	0.9371316004437404
72	0.9680555771461439
73	0.9680555771461439
74	0.9220420515895297
75	0.9071954723294547
76	0.8925879504045041
77	0.8782156365502464
78	0.4513954094697309
79	0.4513954094697309
80	0.44412711003287414
81	0.4513954094697309
82	0.5139915422627652
83	0.3655182215245085
84	0.6773349667879045
85	0.9680555771461439
86	0.48956054519592274
87	0.43697584363533404
88	0.6556978921951199
89	0.9680555771461439
90	0.8640747434825137
91	0.8925879504045041
92	0.9071954723294547
93	0.2070923854195534
94	0.0876035794134446
95	0.1357900406092586
96	0.8925879504045041
97	0.20047693868989744
98	0.0997517873372947
99	0.07819389939674472
100	0.13360357026643968
101	0.9524680951766733
102	0.9680555771461439
103	0.045764390058400266
104	0.010113261253784788
105	0.8501615448994169
106	0.8501615448994169
107	0.8640747434825137
108	0.8925879504045041
109	0.9524680951766733
110	0.9220420515895297
111	0.07947357060373075
112	0.18484816784601615
113	1.0
114	1.0
115	0.1676934209382986
116	0.11925293695084384
117	0.13801229332339254
118	0.16499324727370096
119	0.13801229332339254
120	0.08480513362915015
121	0.1546203858800132
122	0.48956054519592274
123	0.1909478879208119
124	0.09814559940423298
125	0.11733274450692356
126	0.7838846950415602
127	0.07093715149651068
128	0.06647744631284512
129	0.08077418408895874
130	0.9838981538483329
131	0.9838981538483329
132	1.0
133	0.7967132492073021
134	0.7967132492073021
135	0.0876035794134446
136	0.05933696755250705
137	0.03705779481220513
138	0.9371316004437404
139	0.12318811002815044
140	0.08619300005539395
141	0.01999793295422595
142	0.4587826572335652
143	0.16499324727370096
144	0.429939725829123
145	0.35963270335588476
146	0.5948461590153712
147	0.575844141778792
148	0.3158350635019698
149	0.12120455403276079
150	0.2320134226836761
151	0.6144752151203998
152	0.3715000583087364
153	0.43697584363533404
154	0.38375901867528583
155	0.15213071221465968
156	0.3057458946813884
157	0.17894329980858245
158	0.1314523061326923
159	0.09049436982916183
160	0.10818572446379393
161	0.16233655139003356
162	0.3900393726467364
163	0.310749535900159
164	0.12520412762878458
165	0.0997517873372947
166	0.09501039487561899
167	0.09197534264619907
168	0.09814559940423298
169	0.04288725609876025
170	0.0744771944128528
171	0.8925879504045041
172	0.9220420515895297
173	0.0876035794134446
174	0.03254473486014868
175	0.03646109590141843
176	0.12120455403276079
177	0.9838981538483329
178	0.8501615448994169
179	0.0034641831191915295
180	0.0009004569039077837
181	0.0010764932965619102
182	0.014690543918280431
183	0.045764390058400266
184	0.10818572446379393
185	0.310749535900159
186	0.5948461590153712
187	0.6144752151203998
188	0.5852680376789872
189	0.5852680376789872
190	0.6144752151203998
191	0.9071954723294547
192	0.9071954723294547
193	0.9071954723294547
194	0.9071954723294547
195	0.6144752151203998
196	0.5948461590153712
197	0.575844141778792
198	0.5948461590153712
199	0.6884197964379195
200	0.9680555771461439
