1	0.8364723744993591
2	0.6773349667878853
3	0.666428623359522
4	0.666428623359522
5	0.6884197964379098
6	0.9524680951766462
7	0.9524680951766462
8	0.9680555771461301
9	0.05560654736795764
10	0.02099590847766593
11	0.0358740049446916
12	0.9680555771461301
13	0.25574799451756824
14	0.23581040555487973
15	1.0
16	0.10472979393476875
17	0.03000761409888792
18	0.008881624169591424
19	0.008738613623635485
20	0.011704150977755439
21	0.022771096439116734
22	0.031505112088109015
23	0.0675653735631387
24	0.154620385880011
25	0.05744148237014259
26	0.00495105369311161
27	0.05933696755250536
28	0.08480513362914895
29	0.9838981538483189
30	0.027222771645920248
31	0.000976589844633953
32	0.00018952954375246238
33	0.012901465378461633
34	0.06979493239667438
35	0.9838981538483189
36	0.9838981538483189
37	1.0
38	0.9838981538483189
39	0.9838981538483189
40	1.0
41	0.07693483325865721
42	0.017279708787602804
43	0.01354529925337699
44	0.012693727967806583
45	0.030498699465507893
46	0.9838981538483189
47	0.07693483325865721
48	0.0032995238968794487
49	0.006524468815236718
50	0.11925293695084216
51	0.8640747434825136
52	0.823003625015039
53	0.9680555771461301
54	0.9838981538483189
55	0.27737129133826594
56	0.13579004060925667
57	0.14027091400017713
58	0.9838981538483189
59	0.9838981538483189
60	0.8925879504044913
61	0.9071954723294418
62	0.9524680951766462
63	0.9524680951766462
64	0.08480513362914895
65	0.08209608258032047
66	0.22827757824649536
67	0.23581040555487973
68	0.09049436982916183
69	0.023907463729683505
70	0.017279708787602804
71	0.015676073575284756
72	0.010617952774480095
73	0.012489335512977668
74	0.0358740049446916
75	0.09975178733729187
76	0.9524680951766462
77	0.9371316004437271
78	0.22460188780169194
79	0.2435918051833956
80	0.9524680951766462
81	0.03307734111793543
82	0.0047157206801953155
83	0.06435386265758125
84	0.9838981538483189
85	0.29121320991526145
86	0.07327797408660716
87	0.02032520629905422
88	0.01354529925337699
89	0.018438935128663837
90	0.0547111792972134
91	0.9838981538483189
92	0.9524680951766462
93	0.05933696755250536
94	0.04151724745489865
95	0.08619300005539272
96	0.05744148237014259
97	0.16233655139003356
98	1.0
99	0.016727718463300126
100	0.0007291465512741478
101	0.0006300371192533596
102	0.001186616698822083
103	0.008881624169591424
104	0.0023464123579847473
105	0.0022714575694317367
106	0.0023086307871880737
107	0.034728030561276546
108	1.0
109	1.0
110	1.0
111	1.0
112	1.0
113	1.0
114	1.0
115	1.0
116	0.034728030561276546
117	0.002503823749912712
118	0.0027155201279554955
119	0.0020943793974173754
120	0.012693727967806583
121	1.0
122	1.0
123	1.0
124	1.0
125	1.0
126	0.0006833062745535662
127	0.00011836713659177974
128	0.0005270086451645937
129	0.014221262971401534
130	0.9220420515895166
131	0.8640747434825136
132	0.9220420515895166
133	0.9524680951766462
134	0.9371316004437271
135	1.0
136	1.0
137	1.0
138	0.9838981538483189
139	1.0
140	0.35963270335588476
141	0.1676934209382962
142	0.07947357060372963
143	0.06435386265758125
144	0.09348055211451997
145	0.9838981538483189
146	0.9838981538483189
147	0.04358912142584555
148	0.012090370898187255
149	0.010446984132459602
150	0.025928821455018472
151	0.08480513362914895
152	0.3008228213237163
153	0.29121320991526145
154	0.09197534264619775
155	0.33159647562093936
156	0.746625162324361
157	0.9524680951766462
158	0.5574491330158785
159	0.48167771661524483
160	0.09501039487561765
161	0.03361866366814549
162	0.0358740049446916
163	0.513991542262758
164	0.9838981538483189
165	0.9838981538483189
166	0.6347520014624387
167	0.062298115656567614
168	0.025100540218357226
169	0.029524436113288612
170	0.48167771661524483
171	0.5758441417787837
172	0.9680555771461301
173	0.9838981538483189
174	0.09975178733729187
175	0.0512715750169613
176	0.06331764666180247
177	0.6245313223904276
178	0.49757237909340374
179	0.05044600800408453
180	0.01967592931444509
181	0.02099590847766593
182	0.07093715149650967
183	0.4230169025093144
184	0.23581040555487973
185	0.48956054519591574
186	0.6045810297425014
187	0.6045810297425014
188	0.9838981538483189
189	0.9838981538483189
190	0.9680555771461301
191	0.46629079995640094
192	0.4230169025093144
193	0.07947357060372963
194	0.08343961441457963
195	0.08760357941344458
196	0.11544347070631857
197	0.27737129133826594
198	0.48167771661524483
199	1.0
200	1.0
