1	0.9838981538483329
2	0.9371316004437403
3	0.9071954723294418
4	0.9524680951766598
5	0.8501615448994048
6	0.6045810297425013
7	0.5948461590153711
8	0.6045810297425013
9	0.96805557714613
10	0.6664286233595221
11	0.7111366461700486
12	0.96805557714613
13	0.7227746524257325
14	0.7227746524257325
15	0.7588439508744758
16	0.96805557714613
17	0.96805557714613
18	0.9838981538483329
19	0.41620554942555466
20	0.3008228213237163
21	0.2819105719970956
22	0.3370231708678045
23	0.9371316004437403
24	0.8925879504044913
25	0.9071954723294418
26	0.8925879504044913
27	0.8925879504044913
28	0.34814444420780405
29	0.331596475620944
30	0.3775797899972509
31	0.4587826572335652
32	1.0
33	0.8925879504044913
34	0.25162997965624717
35	0.25162997965624717
36	0.24757827243667163
37	0.3370231708678045
38	0.06756537356313919
39	0.09814559940423298
40	0.9371316004437403
41	0.6664286233595221
42	0.13579004060925862
43	0.15972263321475674
44	0.5309525138815143
45	0.5484731728386767
46	1.0
47	1.0
48	0.9838981538483329
49	0.9838981538483329
50	0.7712627042813435
51	0.8925879504044913
52	0.4230169025093204
53	0.003194122510301106
54	0.0010764932965619102
55	0.0017518905076602737
56	0.1314523061326923
57	0.746625162324361
58	0.5758441417787838
59	0.6245313223904277
60	0.6347520014624477
61	0.6884197964379097
62	0.47392181612761314
63	0.24757827243667163
64	0.07327797408660716
65	0.017849913987938976
66	0.3775797899972509
67	0.7838846950415601
68	0.8230036250150506
69	0.746625162324361
70	0.3837590186752804
71	0.3008228213237163
72	0.0035208757183271995
73	0.010968329737619204
74	0.5484731728386767
75	0.5484731728386767
76	0.5758441417787838
77	0.8640747434825014
78	0.8640747434825014
79	0.331596475620944
80	0.3425386759286123
81	0.44412711003287414
82	0.47392181612761314
83	0.9524680951766598
84	0.9838981538483329
85	0.9838981538483329
86	0.746625162324361
87	0.37150005830873106
88	0.3538419528953351
89	0.3370231708678045
90	0.3425386759286123
91	0.699686033300596
92	0.585268037678987
93	0.41620554942555466
94	0.3655182215245085
95	0.35963270335587966
96	0.22460188780169354
97	0.05044600800408417
98	0.024696375181437153
99	0.0083232506725889
100	0.007309608887594875
101	0.23581040555488308
102	0.466290799956401
103	1.0
104	0.809751747262771
105	0.3425386759286123
106	0.017279708787603047
107	0.008189230970777055
108	0.02858129504156406
109	0.746625162324361
110	0.1272531380804732
111	0.32625716018605594
112	0.32625716018605594
113	0.2641873055176485
114	0.2641873055176485
115	0.331596475620944
116	0.9371316004437403
117	0.9371316004437403
118	1.0
119	0.8640747434825014
120	0.02812108342598879
121	0.000303474840984805
122	0.0006300371192533686
123	0.0018097003405784802
124	0.746625162324361
125	0.7588439508744758
126	1.0
127	1.0
128	0.7838846950415601
129	0.7838846950415601
130	0.8501615448994048
131	0.14968112689163246
132	0.004715720680195349
133	0.0069621692536538235
134	0.02510054021835705
135	0.014690543918280325
136	0.07209806342155825
137	0.007191910689857912
138	0.022043686905619496
139	0.1314523061326923
140	0.16769342093829737
141	0.7967132492073021
142	0.16499324727370096
143	0.15213071221465968
144	0.21392613224755938
145	0.17322705937262906
146	0.18187177108593947
147	0.20047693868989316
148	0.176061982325188
149	0.17322705937262906
150	0.2641873055176485
151	0.3655182215245085
152	0.8230036250150506
153	0.7227746524257325
154	0.7227746524257325
155	0.3370231708678045
156	0.32625716018605594
157	0.4299397258291168
158	0.3775797899972509
159	0.331596475620944
160	0.513991542262758
161	0.5309525138815143
162	0.5484731728386767
163	0.5758441417787838
164	0.3370231708678045
165	0.31583506350196977
166	0.31583506350196977
167	0.585268037678987
168	0.9371316004437403
169	0.96805557714613
170	0.9838981538483329
171	1.0
172	0.9838981538483329
173	0.9524680951766598
174	0.96805557714613
175	0.14968112689163246
176	0.14256649781436806
177	0.2729051014782479
178	0.2729051014782479
179	0.176061982325188
180	0.48956054519592274
181	0.6884197964379097
182	0.809751747262771
183	0.8230036250150506
184	0.6664286233595221
185	0.7111366461700486
186	0.41620554942555466
187	0.4029101033605775
188	0.4299397258291168
189	0.32625716018605594
190	0.699686033300596
191	0.6884197964379097
192	0.25993340216897803
193	0.21742711012398033
194	0.22827757824649858
195	0.3775797899972509
196	0.39642250686331315
197	0.5484731728386767
198	0.96805557714613
199	0.9838981538483329
200	1.0
