1	1.0
2	1.0
3	0.21392613224756243
4	0.1472709844146142
5	0.05211065273008555
6	0.023143753598939273
7	0.09197534264619907
8	0.210481526578285
9	0.10472979393477024
10	0.026784434765055674
11	0.06030803830703665
12	0.194072818587938
13	0.21392613224756243
14	0.10995622264422977
15	0.6884197964379195
16	0.6884197964379195
17	0.0769348332586583
18	0.2396695274125291
19	0.8501615448994048
20	0.9838981538483329
21	0.7838846950415602
22	0.7588439508744758
23	0.15213071221465965
24	0.3008228213237205
25	0.9838981538483329
26	0.9838981538483329
27	0.23201342268367614
28	0.21392613224756243
29	0.2070923854195534
30	0.2070923854195534
31	0.1972488898661499
32	0.20047693868989458
33	0.9371316004437404
34	0.210481526578285
35	0.02812108342598939
36	0.8097517472627824
37	0.022043686905619336
38	0.020657835589543774
39	0.07327797408660716
40	0.1546203858800132
41	0.9371316004437404
42	0.9220420515895297
43	0.9220420515895297
44	0.7967132492073021
45	0.7838846950415602
46	0.2865241396118728
47	0.0612950009827268
48	0.04019100294647176
49	0.05651656845829485
50	0.16233655139003356
51	0.210481526578285
52	0.25574799451757185
53	1.0
54	0.9371316004437404
55	0.8782156365502465
56	0.6144752151203998
57	0.6451399456130124
58	0.9524680951766599
59	0.9220420515895297
60	0.8501615448994048
61	0.09501039487561899
62	0.0769348332586583
63	0.12120455403276079
64	0.21742711012398033
65	0.1357900406092586
66	0.2246018878016951
67	0.836472374499359
68	0.836472374499359
69	0.9371316004437404
70	0.8097517472627824
71	0.40950387170123426
72	0.5484731728386766
73	0.03202070454638332
74	0.030007614098888354
75	0.05044600800408525
76	0.4816777166152449
77	0.04502749889045502
78	0.058381532829869284
79	0.1789432998085799
80	0.5139915422627653
81	0.5224031981891458
82	0.5309525138815143
83	0.25574799451757185
84	0.42993972582912293
85	0.4029101033605832
86	0.1972488898661499
87	0.09814559940423298
88	0.09814559940423298
89	0.4587826572335652
90	0.9838981538483329
91	0.8097517472627824
92	0.836472374499359
93	0.06540703669975904
94	0.0007410792960859246
95	0.00011646120716896636
96	0.0012257733200817843
97	0.0017236818362313252
98	0.0018393167356806348
99	0.002945115272426289
100	0.004792895140366673
101	0.02032520629905451
102	1.0
103	1.0
104	1.0
105	1.0
106	0.020657835589543774
107	0.004715720680195382
108	0.002897693479410714
109	0.00180970034057848
110	0.0016959273764898934
111	0.0012060361066649834
112	7.273367172042011e-05
113	0.000619892358489307
114	0.06331764666180337
115	0.9071954723294419
116	0.9071954723294419
117	0.8782156365502465
118	0.9071954723294419
119	0.9524680951766599
120	0.5665719880005149
121	0.210481526578285
122	0.210481526578285
123	0.4816777166152449
124	0.35384195289533515
125	0.46629079995640094
126	0.1789432998085799
127	0.04288725609876025
128	0.42993972582912293
129	0.5309525138815143
130	0.4816777166152449
131	0.4739218161276131
132	0.5396417421913038
133	0.9071954723294419
134	0.46629079995640094
135	0.5309525138815143
136	0.3775797899972509
137	0.44412711003287414
138	0.42301690250932045
139	0.8782156365502465
140	0.8925879504045041
141	0.5309525138815143
142	0.5224031981891458
143	0.4369758436353341
144	0.42993972582912293
145	0.42993972582912293
146	0.5396417421913038
147	0.6451399456130124
148	0.10138426111191928
149	0.03202070454638332
150	0.01814203423202152
151	0.011895693606068136
152	0.00707610765039324
153	0.009950419076984586
154	0.017562497419084444
155	1.0
156	1.0
157	0.07569604040982214
158	0.016727718463300362
159	0.029049038185277716
160	1.0
161	0.9838981538483329
162	0.9838981538483329
163	1.0
164	1.0
165	1.0
166	1.0
167	0.9838981538483329
168	0.030007614098888354
169	0.022771096439116734
170	0.08209608258032164
171	1.0
172	0.012090370898187429
173	0.0067397667750349905
174	0.012090370898187429
175	0.009324852154700492
176	0.012693727967806672
177	0.017562497419084444
178	0.08760357941344458
179	0.29121320991526145
180	0.08343961441458082
181	0.052963462250909324
182	0.04963373414423629
183	0.1546203858800132
184	0.1909478879208119
185	0.7588439508744758
186	0.7712627042813545
187	0.9071954723294419
188	0.8925879504045041
189	0.7967132492073021
190	0.7227746524257427
191	0.06756537356313966
192	0.09975178733729329
193	0.2037578156903431
194	0.07093715149651067
195	0.07093715149651067
196	0.09197534264619907
197	0.31583506350196977
198	0.968055577146144
199	0.8230036250150506
200	0.9524680951766599
