1	1.0
2	0.9371316004437271
3	0.809751747262771
4	0.513991542262758
5	0.5309525138815143
6	0.7838846950415491
7	1.0
8	0.7588439508744758
9	0.5852680376789788
10	0.5309525138815143
11	0.8364723744993472
12	0.08343961441458082
13	0.09501039487561765
14	0.23966952741252573
15	0.2070923854195505
16	0.7712627042813326
17	0.7838846950415491
18	0.9524680951766599
19	0.9838981538483189
20	0.7838846950415491
21	0.7838846950415491
22	0.06129500098272593
23	0.02635315591720863
24	0.10304345090533384
25	0.2282775782464954
26	0.9524680951766599
27	0.6144752151203912
28	0.49757237909340374
29	0.5484731728386688
30	0.6664286233595222
31	0.8782156365502339
32	0.4895605451959158
33	0.2685108255202325
34	0.04576439005839963
35	0.03254473486014822
36	0.01445399904022356
37	0.029049038185277307
38	0.9838981538483189
39	0.011330268629776647
40	0.00719191068985781
41	0.014690543918280221
42	0.9071954723294419
43	0.01593261814139069
44	0.023143753598939273
45	0.6884197964379097
46	0.4029101033605776
47	0.5574491330158706
48	0.6884197964379097
49	0.677334966787895
50	0.19407281858793252
51	0.39003937264673083
52	0.15972263321475677
53	0.08903724340857934
54	0.060308038307035794
55	0.07947357060372963
56	0.2729051014782441
57	0.030997821620274816
58	0.6664286233595222
59	0.6664286233595222
60	0.7346031188276403
61	0.9071954723294419
62	0.06647744631284419
63	0.00932485215470036
64	0.009026975134420794
65	0.009950419076984445
66	0.006015834611932686
67	1.0
68	0.9371316004437271
69	1.0
70	1.0
71	1.0
72	0.9371316004437271
73	1.0
74	0.007927630713798489
75	0.0006403479026656426
76	0.004792895140366572
77	0.00719191068985781
78	0.08343961441458082
79	1.0
80	0.809751747262771
81	0.7838846950415491
82	0.7111366461700487
83	0.8782156365502339
84	0.3158350635019698
85	0.3538419528953352
86	0.4095038717012285
87	0.8230036250150391
88	0.9371316004437271
89	0.8782156365502339
90	0.8364723744993472
91	0.49757237909340374
92	0.49757237909340374
93	0.6884197964379097
94	0.1314523061326923
95	0.000765533832541571
96	0.0007058543855178055
97	0.0004267461712446215
98	0.0003747751604249651
99	0.021339514049847925
100	0.1448996496809614
101	1.0
102	1.0
103	1.0
104	1.0
105	0.1425664978143681
106	0.020995908477665932
107	5.889621776044657e-05
108	0.00023029004732391277
109	0.0007907953330514216
110	0.0026717952406333633
111	0.17894329980857993
112	0.9524680951766599
113	0.7712627042813326
114	0.7712627042813326
115	0.23966952741252573
116	0.17606198232518802
117	0.22098538275893198
118	0.9071954723294419
119	0.14968112689163143
120	0.05044600800408382
121	0.04358912142584555
122	0.15972263321475677
123	0.9371316004437271
124	0.9371316004437271
125	0.0876035794134446
126	0.08903724340857934
127	0.04502749889045438
128	0.05383022830539263
129	0.9371316004437271
130	0.9071954723294419
131	0.9524680951766599
132	0.9838981538483189
133	0.9838981538483189
134	0.9838981538483189
135	0.9838981538483189
136	0.04288725609875964
137	0.06331764666180247
138	0.026784434765055293
139	0.07693483325865721
140	0.9838981538483189
141	0.0965652740621615
142	0.05383022830539263
143	0.1380122933233906
144	0.2037578156903402
145	0.25574799451756824
146	0.21742711012397728
147	0.4029101033605776
148	0.8230036250150391
149	0.17606198232518802
150	0.2959790185358514
151	0.9371316004437271
152	1.0
153	1.0
154	0.9524680951766599
155	0.15462038588001104
156	0.09814559940423159
157	0.7838846950415491
158	0.3057458946813841
159	0.14727098441461212
160	0.030997821620274816
161	0.2599334021689725
162	0.0408487431237386
163	0.6556978921951105
164	0.566571988000515
165	0.33159647562093936
166	0.5484731728386688
167	0.6144752151203912
168	0.5484731728386688
169	0.8782156365502339
170	0.028121083425988992
171	0.031505112088108564
172	0.9071954723294419
173	0.011895693606067884
174	0.010278768401209684
175	0.004871332588256416
176	0.007799981223697675
177	0.00873861362363561
178	0.010278768401209684
179	0.018142034232021265
180	0.0654070366997572
181	0.17894329980857993
182	0.5758441417787756
183	0.5852680376789788
184	0.5224031981891385
185	0.4369758436353278
186	0.39003937264673083
187	0.6045810297425015
188	0.6996860333005861
189	0.37757978999725095
190	0.37757978999725095
191	0.8501615448994049
192	0.9371316004437271
193	0.6347520014624477
194	0.5484731728386688
195	0.7466251623243505
196	0.9071954723294419
197	0.9680555771461301
198	0.9838981538483189
199	1.0
200	1.0
