1	0.7712627042813436
2	0.44412711003287103
3	0.3837590186752804
4	0.44412711003287103
5	0.8501615448993989
6	0.8364723744993592
7	0.968055577146137
8	0.9838981538483258
9	0.8925879504044978
10	0.5758441417787838
11	0.5396417421913
12	0.3315964756209417
13	0.3315964756209417
14	0.2139261322475594
15	0.5224031981891458
16	0.699686033300596
17	0.5852680376789872
18	0.699686033300596
19	0.6884197964379097
20	0.7227746524257376
21	0.29597901853584924
22	0.23581040555488308
23	0.3900393726467364
24	0.30574589468138624
25	0.44412711003287103
26	0.7227746524257376
27	0.6347520014624431
28	0.466290799956401
29	0.466290799956401
30	0.47392181612761314
31	0.7111366461700437
32	0.3715000583087338
33	0.5057153295259813
34	0.5948461590153669
35	0.4587826572335587
36	0.40291010336058036
37	0.3900393726467364
38	0.4975723790934073
39	0.4369758436353341
40	0.29597901853584924
41	0.5396417421913
42	0.7346031188276403
43	0.8364723744993592
44	0.5574491330158825
45	0.5309525138815105
46	0.5484731728386728
47	0.5224031981891458
48	0.4895605451959193
49	0.6045810297425057
50	0.2865241396118688
51	0.23201342268367448
52	0.27737129133826793
53	0.5758441417787838
54	0.6144752151203912
55	0.5309525138815105
56	0.9371316004437404
57	0.9071954723294483
58	0.8230036250150391
59	0.6884197964379097
60	0.7111366461700437
61	0.1252041276287837
62	0.1972488898661499
63	0.30082282132371846
64	0.09814559940423298
65	0.08343961441458023
66	0.6556978921951198
67	0.968055577146137
68	1.0
69	0.7227746524257376
70	0.5057153295259813
71	0.2641873055176485
72	0.20709238541955197
73	0.5948461590153669
74	0.9838981538483258
75	0.8097517472627768
76	0.8501615448993989
77	0.9838981538483258
78	1.0
79	0.9838981538483258
80	0.9838981538483258
81	0.9838981538483258
82	0.9838981538483258
83	0.7588439508744812
84	0.20375781569034165
85	0.17606198232518802
86	0.7227746524257376
87	0.8925879504044978
88	0.9071954723294483
89	0.6556978921951198
90	0.7227746524257376
91	0.2599334021689762
92	0.3596327033558848
93	0.5396417421913
94	0.9220420515895167
95	0.8925879504044978
96	0.7588439508744812
97	0.7111366461700437
98	0.40291010336058036
99	0.3775797899972509
100	0.6045810297425057
101	0.5948461590153669
102	0.8782156365502402
103	0.44412711003287103
104	0.33702317086780686
105	0.03202070454638309
106	0.09348055211452065
107	0.32625716018605366
108	0.8925879504044978
109	0.6245313223904277
110	0.6664286233595269
111	0.8782156365502402
112	0.27290510147824604
113	0.17043778391330286
114	0.2516299796562454
115	0.9371316004437404
116	0.9220420515895167
117	0.106443734572669
118	0.1472709844146142
119	0.7588439508744812
120	0.40291010336058036
121	0.3900393726467364
122	0.7838846950415603
123	0.7111366461700437
124	0.27290510147824604
125	0.7967132492072965
126	0.2865241396118688
127	0.35384195289533515
128	0.35384195289533515
129	0.3964225068633104
130	0.7838846950415603
131	0.8097517472627768
132	0.8640747434825076
133	0.7588439508744812
134	0.45139540946972767
135	0.2599334021689762
136	0.07093715149651017
137	0.17043778391330286
138	0.5396417421913
139	0.5484731728386728
140	0.8230036250150391
141	0.8230036250150391
142	0.4369758436353341
143	0.3775797899972509
144	0.9220420515895167
145	0.9371316004437404
146	0.10304345090533458
147	0.15462038588001212
148	0.31074953590015686
149	0.9524680951766531
150	0.7712627042813436
151	0.746625162324361
152	0.8097517472627768
153	0.3315964756209417
154	0.08343961441458023
155	0.02314375359893927
156	0.024696375181437157
157	0.8640747434825076
158	1.0
159	0.9371316004437404
160	0.8925879504044978
161	0.8640747434825076
162	0.8925879504044978
163	0.04502749889045438
164	0.03529636723622777
165	0.058381532829868875
166	0.2516299796562454
167	0.6245313223904277
168	0.5484731728386728
169	0.6451399456130124
170	0.6664286233595269
171	0.6664286233595269
172	1.0
173	0.9524680951766531
174	0.9838981538483258
175	0.5484731728386728
176	0.35384195289533515
177	0.3158350635019698
178	0.33702317086780686
179	0.3596327033558848
180	0.3964225068633104
181	0.42301690250932045
182	0.15715080394779138
183	0.15462038588001212
184	0.5057153295259813
185	0.5852680376789872
186	0.2174271101239788
187	0.6451399456130124
188	0.513991542262758
189	0.7838846950415603
190	0.7227746524257376
191	0.6556978921951198
192	0.4369758436353341
193	0.45139540946972767
194	0.7838846950415603
195	0.9071954723294483
196	0.8097517472627768
197	0.3837590186752804
198	0.3900393726467364
199	0.466290799956401
200	0.8097517472627768
