1	0.9524680951766461
2	0.8925879504044913
3	0.8782156365502464
4	0.9220420515895167
5	0.8230036250150389
6	0.8364723744993591
7	0.9524680951766461
8	0.9071954723294418
9	0.8782156365502464
10	0.8925879504044913
11	0.9371316004437404
12	0.9838981538483189
13	0.9524680951766461
14	0.8782156365502464
15	0.7111366461700385
16	0.8097517472627709
17	0.9220420515895167
18	0.8230036250150389
19	0.8640747434825014
20	0.8501615448994048
21	0.9371316004437404
22	0.8925879504044913
23	0.8230036250150389
24	0.9220420515895167
25	0.9220420515895167
26	0.8782156365502464
27	0.9524680951766461
28	0.7588439508744758
29	0.6884197964379097
30	0.6773349667878948
31	0.7227746524257325
32	0.9220420515895167
33	0.9071954723294418
34	0.8925879504044913
35	0.9220420515895167
36	0.6884197964379097
37	0.699686033300596
38	0.7111366461700385
39	0.746625162324361
40	0.9371316004437404
41	0.9680555771461301
42	0.9371316004437404
43	0.9220420515895167
44	0.11175569566235759
45	0.001351167810542859
46	0.00048592413239297353
47	0.009950419076984443
48	0.1357900406092586
49	0.1380122933233906
50	0.1496811268916314
51	0.21392613224755938
52	0.48956054519592274
53	0.37150005830873106
54	1.0
55	1.0
56	0.9838981538483189
57	0.9838981538483189
58	0.9838981538483189
59	0.9838981538483189
60	0.9838981538483189
61	0.3964225068633075
62	0.06867110513305712
63	0.023907463729683845
64	0.015676073575284534
65	0.011147830387442765
66	0.010968329737619126
67	0.02168874285044923
68	0.022404439747548983
69	0.12120455403276079
70	0.9838981538483189
71	0.3655182215245085
72	0.05383022830539262
73	0.12318811002815044
74	0.9838981538483189
75	0.12120455403276079
76	0.07569604040982106
77	0.11733274450692356
78	0.9680555771461301
79	0.9524680951766461
80	0.23581040555488308
81	0.027668282067045125
82	0.012489335512977668
83	0.007309608887594822
84	0.004491573493650815
85	0.059336967552506205
86	0.9838981538483189
87	1.0
88	0.9071954723294418
89	0.9220420515895167
90	1.0
91	0.25574799451756824
92	0.1357900406092586
93	0.07209806342155774
94	0.0076743871260476935
95	3.6190266078127803e-05
96	4.926505911911206e-05
97	4.256869332099702e-05
98	8.534041321022445e-06
99	6.083970709003627e-05
100	0.0007907953330514216
101	5.172357937089251e-05
102	0.00010738213038866469
103	0.0013294115143323941
104	0.012901465378461815
105	0.09049436982916181
106	0.9838981538483189
107	0.9071954723294418
108	1.0
109	1.0
110	0.3964225068633075
111	0.3900393726467363
112	0.34814444420780405
113	0.34814444420780405
114	0.9371316004437404
115	0.7588439508744758
116	0.7838846950415602
117	0.8925879504044913
118	0.9680555771461301
119	0.9838981538483189
120	0.9838981538483189
121	0.9680555771461301
122	0.9524680951766461
123	0.9220420515895167
124	0.9371316004437404
125	0.9838981538483189
126	0.9680555771461301
127	0.18484816784601352
128	0.18187177108593947
129	0.35384195289533515
130	0.3370231708678044
131	0.9220420515895167
132	0.9371316004437404
133	1.0
134	1.0
135	1.0
136	0.9071954723294418
137	0.9838981538483189
138	0.10138426111191784
139	0.016458371314135432
140	0.0013732801563434388
141	9.901083980761737e-05
142	5.172357937089251e-05
143	0.0007907953330514216
144	6.083970709003627e-05
145	8.534041321022445e-06
146	4.256869332099702e-05
147	4.469303857690074e-05
148	6.492119896632246e-05
149	0.002715520127955534
150	0.022404439747548983
151	0.05211065273008481
152	0.22827757824649536
153	1.0
154	0.04804821315291624
155	0.014221262971401532
156	0.01517531045230748
157	0.01170415097775544
158	0.017562497419084194
159	0.19407281858793524
160	0.07209806342155774
161	0.06756537356313774
162	0.176061982325188
163	0.9524680951766461
164	0.9680555771461301
165	0.08760357941344458
166	0.10995622264422977
167	0.12725313808047323
168	0.12933568132305998
169	0.02858129504156406
170	0.004951053693111541
171	4.469303857690074e-05
172	5.343038208960598e-05
173	3.6190266078127803e-05
174	8.673703967878451e-06
175	3.678253276172629e-05
176	0.006850065475449525
177	0.0612950009827268
178	0.2641873055176485
179	1.0
180	1.0
181	1.0
182	0.2641873055176485
183	0.062298115656567614
184	0.0061142859028680595
185	3.6190266078127803e-05
186	8.534041321022445e-06
187	3.6190266078127803e-05
188	4.326534525397591e-05
189	3.3915041970280234e-05
190	0.0001263079129289136
191	0.020657835589543774
192	0.09656527406216149
193	0.5396417421912961
194	0.8097517472627709
195	0.8097517472627709
196	0.9371316004437404
197	0.9680555771461301
198	0.9680555771461301
199	0.9680555771461301
200	0.9838981538483189
