1	0.7346031188276507
2	0.6773349667879045
3	0.5852680376789872
4	0.9220420515895167
5	0.850161544899417
6	0.5396417421913038
7	0.8640747434825259
8	0.38375901867528583
9	0.3596327033558848
10	0.4895605451959228
11	0.6347520014624478
12	0.566571988000523
13	0.8640747434825259
14	0.8640747434825259
15	0.8230036250150508
16	0.9071954723294676
17	0.9220420515895167
18	0.8925879504045041
19	0.5396417421913038
20	0.3315964756209441
21	0.2819105719970956
22	0.34253867592861237
23	0.6245313223904365
24	0.40950387170123426
25	0.014930959938100643
26	0.013327194928720823
27	0.030007614098888354
28	0.010791719379643381
29	0.009950419076984586
30	0.2557479945175719
31	0.9838981538483329
32	1.0
33	0.7588439508744758
34	0.044302473030725924
35	0.031505112088109015
36	0.009950419076984586
37	0.968055577146144
38	0.7111366461700486
39	0.34253867592861237
40	0.013992274382953626
41	0.0012060361066649921
42	5.2570054297374356e-05
43	0.0004131140110991192
44	1.9529778236767735e-05
45	4.256869332099762e-05
46	4.616784369824964e-05
47	0.0008302591310470713
48	1.0
49	1.0
50	0.0008438466194897228
51	0.0003569613831694986
52	0.00032913340607583605
53	0.003408403375565057
54	1.0
55	0.968055577146144
56	0.21742711012398036
57	0.095010394875619
58	0.17606198232519052
59	1.0
60	1.0
61	0.022404439747549302
62	0.005198130749139036
63	0.009324852154700494
64	0.007927630713798602
65	1.0
66	1.0
67	1.0
68	1.0
69	1.0
70	1.0
71	0.009026975134421049
72	0.0017236818362313376
73	0.00196270911663817
74	0.014930959938100643
75	0.1818717710859395
76	0.15972263321475905
77	0.21742711012398036
78	0.9220420515895167
79	0.9838981538483329
80	0.0006099109471023136
81	7.761308196840292e-05
82	0.000351213645895617
83	0.0008302591310470713
84	1.0
85	1.0
86	0.0008037369822866285
87	4.616784369824964e-05
88	4.256869332099762e-05
89	1.9529778236767735e-05
90	0.0004131140110991192
91	5.172357937089251e-05
92	0.0011866166988221
93	0.013992274382953626
94	0.05296346225091008
95	1.0
96	0.0033535217887888376
97	0.0019000115066771348
98	0.04358912142584617
99	0.028121083425988992
100	0.015676073575284756
101	0.010113261253784787
102	0.02390746372968385
103	0.11175569566235918
104	0.1704377839133065
105	1.0
106	1.0
107	1.0
108	0.18484816784601618
109	0.0007532073245460905
110	0.0009004569039077902
111	0.0010421053394971877
112	0.0006198923584893026
113	1.0
114	1.0
115	0.009632558682416316
116	0.00023788928317816326
117	0.0035784961121799346
118	1.0
119	1.0
120	1.0
121	1.0
122	0.0043480927706904616
123	0.001780560824113866
124	0.011330268629776647
125	1.0
126	1.0
127	0.0009925720876842986
128	0.0017236818362313376
129	0.001076493296561918
130	0.0014185963995909697
131	0.1878732744065199
132	1.0
133	0.9838981538483329
134	0.9838981538483329
135	0.968055577146144
136	0.8364723744993591
137	0.9524680951766599
138	0.575844141778792
139	1.0
140	0.020995908477665932
141	0.014690543918280431
142	0.012090370898187602
143	0.011704150977755607
144	0.017562497419084444
145	0.9838981538483329
146	0.9838981538483329
147	0.6451399456130125
148	0.3715000583087311
149	0.8097517472627825
150	0.1081857244637924
151	0.06867110513305809
152	0.004209195456615671
153	0.007429233258549036
154	0.019997932954225955
155	0.06647744631284513
156	0.9838981538483329
157	0.045027498890454376
158	0.003408403375565057
159	0.01096832973761928
160	0.968055577146144
161	0.30082282132372057
162	0.9838981538483329
163	0.9838981538483329
164	0.9838981538483329
165	0.968055577146144
166	0.968055577146144
167	0.31583506350197427
168	0.9838981538483329
169	0.02766828206704552
170	0.006962169253653923
171	0.05296346225091008
172	0.9838981538483329
173	0.05744148237014341
174	0.018740694914960384
175	0.15213071221465965
176	0.40291010336058897
177	0.4587826572335652
178	0.07093715149651068
179	0.210481526578288
180	0.9838981538483329
181	0.8782156365502464
182	0.5852680376789872
183	0.40950387170123426
184	0.8230036250150508
185	0.9838981538483329
186	1.0
187	1.0
188	0.015932618141390915
189	0.008597905811488967
190	0.007429233258549036
191	0.011147830387442924
192	0.020995908477665932
193	0.4369758436353403
194	0.44412711003287414
195	0.7838846950415713
196	0.7967132492073022
197	0.2358104055548831
198	0.203757815690346
199	0.4369758436353403
200	0.8925879504045041
