1	0.46629079995640094
2	0.37150005830873106
3	0.3596327033558797
4	0.3596327033558797
5	0.46629079995640094
6	0.2959790185358471
7	0.5224031981891384
8	0.513991542262758
9	0.9680555771461301
10	0.22827757824649536
11	0.05838153282986845
12	0.04883453939311236
13	0.045764390058399614
14	0.0004704015664329125
15	0.0006000902548658376
16	0.02204368690561934
17	0.18787327440651988
18	0.7967132492072908
19	0.05211065273008481
20	0.026784434765055293
21	0.024696375181436803
22	0.030498699465507893
23	0.07819389939674361
24	0.7838846950415491
25	0.9680555771461301
26	0.9838981538483188
27	0.39642250686330754
28	0.4029101033605775
29	0.9220420515895167
30	0.9220420515895167
31	0.9838981538483188
32	0.9680555771461301
33	0.19724888986614708
34	0.1212045540327608
35	0.699686033300586
36	0.7712627042813435
37	0.7967132492072908
38	0.7967132492072908
39	0.12933568132305998
40	0.2685108255202325
41	0.19094788792080922
42	0.1496811268916314
43	0.16499324727369863
44	0.013545299253376991
45	0.000803736982286617
46	0.0036965812672960312
47	0.0050320794624387636
48	0.004009124378788865
49	0.0050320794624387636
50	0.010791719379643072
51	0.03646109590141792
52	0.1818717710859369
53	0.9680555771461301
54	0.6556978921951104
55	0.9838981538483188
56	0.9838981538483188
57	0.0053696614862373945
58	0.0015137643410159584
59	0.00034555845780302985
60	0.00048592413239297353
61	0.021339514049847925
62	0.009477456704464872
63	0.008057369233584962
64	0.014221262971401534
65	0.9838981538483188
66	0.9838981538483188
67	0.9071954723294289
68	0.9838981538483188
69	0.20709238541955047
70	0.04084874312373918
71	0.0051981307491388885
72	0.0006198923584893026
73	0.0026717952406334006
74	1.0
75	0.6884197964379097
76	1.0
77	1.0
78	1.0
79	0.9838981538483188
80	0.6884197964379097
81	0.9838981538483188
82	0.002715520127955496
83	0.0008576564720537011
84	0.004074735137074894
85	0.03954385360034535
86	0.13579004060925667
87	1.0
88	1.0
89	0.01619336115132798
90	0.0062143483844879464
91	0.004419250868277081
92	0.9838981538483188
93	0.022771096439116737
94	0.00022293356467315996
95	0.00018347513186353528
96	0.00206065602257691
97	0.00346418311919148
98	0.9838981538483188
99	0.9838981538483188
100	0.9838981538483188
101	0.9838981538483188
102	0.9838981538483188
103	0.6245313223904276
104	0.9838981538483188
105	0.17894329980857737
106	0.03646109590141792
107	0.0051981307491388885
108	0.0014185963995909496
109	0.0023464123579847473
110	0.015423659850312866
111	0.01493095993810043
112	0.013766972933527003
113	0.019047393108381605
114	0.9838981538483188
115	0.8364723744993471
116	0.9220420515895167
117	0.7227746524257325
118	0.6773349667878852
119	0.8925879504044913
120	0.9071954723294289
121	0.9371316004437271
122	0.699686033300586
123	0.6664286233595221
124	0.02635315591720863
125	0.009632558682416041
126	0.005457537922228077
127	0.0061142859028680595
128	0.007309608887594823
129	0.010278768401209682
130	0.004715720680195316
131	0.004792895140366572
132	0.012288234154010974
133	0.03361866366814549
134	0.9680555771461301
135	0.8097517472627593
136	0.823003625015039
137	0.9680555771461301
138	0.9838981538483188
139	0.9838981538483188
140	0.9838981538483188
141	0.823003625015039
142	0.823003625015039
143	0.9838981538483188
144	0.03705779481220407
145	0.015932618141390686
146	0.00033451979230623877
147	0.0002937805123388755
148	0.010446984132459453
149	0.0018694178137101689
150	0.003757077145472426
151	0.012288234154010974
152	0.017562497419084194
153	0.02812108342598859
154	0.23581040555487975
155	0.19724888986614708
156	0.29121320991525734
157	0.06435386265758125
158	0.05838153282986845
159	0.05296346225090857
160	0.05560654736795764
161	0.9680555771461301
162	0.9524680951766462
163	0.9838981538483188
164	0.9680555771461301
165	0.019675929314445093
166	0.013545299253376991
167	0.002897693479410653
168	0.05744148237014259
169	0.28191057199709163
170	0.8925879504044913
171	0.8925879504044913
172	0.20047693868989178
173	0.17894329980857737
174	0.9071954723294289
175	0.8640747434825012
176	0.11733274450692356
177	0.045764390058399614
178	0.027222771645920248
179	0.007927630713798602
180	0.03361866366814549
181	0.03307734111793543
182	0.08903724340857805
183	0.25574799451756824
184	0.9680555771461301
185	0.5309525138815067
186	0.44412711003286787
187	0.5758441417787837
188	0.7712627042813435
189	0.22460188780169194
190	0.1314523061326904
191	0.10644373457266672
192	0.21742711012397725
193	0.42301690250931445
194	0.49757237909340374
195	0.9524680951766462
196	0.9071954723294289
197	0.6884197964379097
198	0.6664286233595221
199	0.7111366461700385
200	0.7967132492072908
