1	0.746625162324361
2	0.614475215120391
3	0.25574799451756824
4	0.06435386265758127
5	0.01967592931444537
6	0.006962169253653824
7	0.016727718463300126
8	0.3775797899972509
9	0.6556978921951105
10	0.48167771661524483
11	0.614475215120391
12	0.7588439508744758
13	0.7588439508744758
14	0.783884695041549
15	0.26851082552023625
16	0.0014893899404870398
17	0.020657835589543778
18	0.010113261253784644
19	0.7111366461700486
20	0.7111366461700486
21	0.7111366461700486
22	0.7227746524257325
23	0.02204368690561934
24	0.15213071221465752
25	0.154620385880011
26	0.2004769386898946
27	0.8364723744993591
28	0.823003625015039
29	0.7588439508744758
30	0.7588439508744758
31	0.9220420515895167
32	0.7227746524257325
33	0.7111366461700486
34	0.42301690250932045
35	0.28191057199709557
36	0.019997932954225667
37	0.010278768401209682
38	0.01700147357515921
39	0.2641873055176485
40	0.4587826572335587
41	0.7111366461700486
42	0.8925879504045041
43	0.12318811002815044
44	0.1676934209382986
45	0.7111366461700486
46	0.5224031981891384
47	0.48956054519591574
48	0.3837590186752804
49	0.7712627042813435
50	0.783884695041549
51	0.4299397258291168
52	0.23201342268367284
53	0.14727098441461417
54	0.466290799956401
55	0.3775797899972509
56	0.614475215120391
57	0.6045810297425014
58	0.6664286233595316
59	0.28191057199709557
60	0.2729051014782441
61	0.41620554942555466
62	0.41620554942555466
63	0.40950387170122843
64	0.34253867592860743
65	0.7346031188276403
66	0.783884695041549
67	0.809751747262771
68	0.8925879504045041
69	0.062298115656568495
70	0.0512715750169613
71	0.305745894681384
72	0.3596327033558848
73	0.6347520014624478
74	0.48956054519591574
75	0.9220420515895167
76	0.9371316004437404
77	0.32100381758685564
78	0.13145230613269226
79	0.0593369675525062
80	0.04883453939311235
81	0.0370577948122046
82	0.0512715750169613
83	0.6773349667878948
84	0.25574799451756824
85	0.3775797899972509
86	0.47392181612761314
87	0.3837590186752804
88	0.06979493239667536
89	0.06331764666180247
90	0.28652413961186873
91	0.5224031981891384
92	0.5057153295259778
93	0.6996860333005861
94	0.746625162324361
95	0.7346031188276403
96	0.6664286233595316
97	0.23201342268367284
98	0.23966952741252573
99	0.08760357941344458
100	0.10818572446379239
101	0.6664286233595316
102	0.566571988000515
103	0.783884695041549
104	0.5758441417787838
105	0.6556978921951105
106	0.6451399456130124
107	0.6556978921951105
108	0.6773349667878948
109	0.8501615448994049
110	0.7588439508744758
111	0.17043778391330164
112	0.15972263321475674
113	0.3538419528953351
114	0.154620385880011
115	0.12318811002815044
116	0.16499324727370096
117	0.34253867592860743
118	0.3370231708678045
119	0.32100381758685564
120	0.331596475620944
121	0.15715080394779135
122	0.15972263321475674
123	0.24757827243667335
124	0.22460188780169513
125	0.8782156365502339
126	0.1972488898661499
127	0.20709238541955047
128	0.20709238541955047
129	0.12933568132306
130	0.07569604040982215
131	0.08480513362914895
132	0.26851082552023625
133	0.9680555771461302
134	0.9838981538483188
135	0.8640747434825136
136	0.8640747434825136
137	0.15213071221465752
138	0.210481526578285
139	0.04651334071458728
140	0.016458371314135432
141	0.012090370898187257
142	0.012489335512977668
143	0.025511319561055356
144	0.7346031188276403
145	0.746625162324361
146	0.614475215120391
147	0.823003625015039
148	0.5484731728386688
149	0.48167771661524483
150	0.24757827243667335
151	0.1676934209382986
152	0.03472803056127704
153	0.019047393108381876
154	0.566571988000515
155	0.7588439508744758
156	0.8782156365502339
157	0.29121320991525734
158	0.18787327440651988
159	0.10472979393477024
160	0.15213071221465752
161	0.154620385880011
162	0.5852680376789788
163	0.5948461590153712
164	0.22827757824649536
165	0.07209806342155774
166	0.07819389939674472
167	0.5484731728386688
168	0.1818717710859369
169	0.331596475620944
170	0.8501615448994049
171	0.04288725609875964
172	0.025511319561055356
173	0.03890712455342853
174	0.041517247454899237
175	0.041517247454899237
176	0.03954385360034535
177	0.0330773411179359
178	0.21742711012398036
179	0.746625162324361
180	0.6664286233595316
181	1.0
182	0.9838981538483188
183	0.9838981538483188
184	0.9371316004437404
185	0.614475215120391
186	0.04430247303072529
187	0.0058236622472702445
188	0.03890712455342853
189	0.08209608258032164
190	0.05044600800408453
191	0.03529636723622752
192	0.037664258914665634
193	0.045764390058399614
194	0.9071954723294419
195	0.9071954723294419
196	0.9371316004437404
197	0.8640747434825136
198	0.8640747434825136
199	0.8925879504045041
200	0.9838981538483188
