1	0.07947357060373075
2	0.06331764666180337
3	0.09814559940423298
4	0.2320134226836761
5	0.2819105719970956
6	0.25993340216897615
7	0.24757827243667335
8	0.2959790185358514
9	0.9524680951766598
10	0.9680555771461438
11	0.8230036250150506
12	0.8364723744993591
13	0.8364723744993591
14	0.09975178733729471
15	0.002463507565100762
16	0.0020606560225769396
17	0.0021286546673816424
18	0.0034641831191915295
19	8.555276600875523e-05
20	0.001286944230771775
21	0.5396417421913039
22	0.8097517472627824
23	0.8925879504045041
24	0.9838981538483329
25	0.9680555771461438
26	0.9371316004437406
27	0.9071954723294547
28	0.8782156365502464
29	0.746625162324361
30	0.8097517472627824
31	0.9220420515895297
32	0.8230036250150506
33	0.7227746524257428
34	0.7838846950415602
35	0.018740694914960387
36	0.03646109590141792
37	0.02812108342598939
38	0.027222771645920633
39	0.02551131956105572
40	0.0037570771454724793
41	0.9680555771461438
42	0.9371316004437406
43	1.0
44	1.0
45	0.9680555771461438
46	0.9680555771461438
47	0.9371316004437406
48	0.9680555771461438
49	1.0
50	1.0
51	0.02390746372968385
52	0.023143753598939273
53	0.02812108342598939
54	0.029524436113289036
55	0.006015834611932771
56	0.004871332588256415
57	0.9371316004437406
58	0.8640747434825136
59	0.9680555771461438
60	0.9838981538483329
61	0.9680555771461438
62	0.23966952741252912
63	0.15715080394779135
64	0.15213071221465965
65	0.04804821315291693
66	0.012693727967806583
67	0.02551131956105572
68	0.03890712455342853
69	0.23966952741252912
70	0.9838981538483329
71	0.9524680951766598
72	0.9838981538483329
73	0.6451399456130124
74	0.05933696755250705
75	0.007191910689857912
76	0.0004553748598836698
77	0.00040646211284929725
78	0.01727970878760305
79	1.0
80	0.9680555771461438
81	0.006316048424506089
82	0.0009301706690873714
83	0.00014382334778855946
84	0.005283200023099544
85	0.03254473486014868
86	0.32625716018605594
87	1.0
88	1.0
89	1.0
90	0.32625716018605594
91	0.03202070454638331
92	0.005198130749139036
93	4.542445618186491e-05
94	0.0010591597671173619
95	0.006214348384488123
96	1.0
97	0.9680555771461438
98	0.017562497419084444
99	0.0005533084497353806
100	0.0003569613831694986
101	0.0036370594844428957
102	0.051271575016962036
103	0.04219669209919026
104	0.17043778391330405
105	0.05744148237014341
106	0.008881624169591422
107	0.002993313140091832
108	0.008189230970777112
109	0.04084874312373918
110	0.25993340216897615
111	0.5309525138815143
112	0.058381532829869284
113	0.0547111792972134
114	0.04651334071458728
115	0.11925293695084384
116	0.9071954723294547
117	0.8501615448994048
118	0.8501615448994048
119	0.9371316004437406
120	0.9371316004437406
121	0.12933568132306184
122	0.12318811002815044
123	0.09814559940423298
124	0.17043778391330405
125	0.08760357941344458
126	0.004074735137074952
127	0.0029451152724263097
128	0.003408403375565057
129	0.0043480927706904
130	0.0067397667750349905
131	0.006419412822152425
132	0.10138426111191928
133	0.9838981538483329
134	0.9838981538483329
135	0.9371316004437406
136	0.9680555771461438
137	0.9071954723294547
138	0.8501615448994048
139	0.8640747434825136
140	0.19407281858793526
141	0.14256649781437009
142	0.12933568132306184
143	0.2004769386898946
144	0.8925879504045041
145	0.14027091400017713
146	0.15715080394779135
147	0.49757237909341073
148	0.24359180518339907
149	0.6144752151203998
150	0.8782156365502464
151	0.9071954723294547
152	0.9838981538483329
153	0.9838981538483329
154	0.9220420515895297
155	0.8364723744993591
156	0.8364723744993591
157	0.11358461770179093
158	0.07093715149651068
159	0.05296346225091008
160	0.10138426111191928
161	0.0358740049446921
162	0.12318811002815044
163	0.2516299796562454
164	0.38375901867528583
165	0.5139915422627653
166	0.4095038717012343
167	0.2773712913382699
168	0.2865241396118728
169	0.4739218161276131
170	0.9524680951766598
171	0.9838981538483329
172	0.9838981538483329
173	0.7712627042813435
174	0.746625162324361
175	0.22460188780169513
176	0.4816777166152449
177	0.13801229332339257
178	0.15213071221465965
179	0.49757237909341073
180	0.746625162324361
181	0.17894329980858245
182	0.06030803830703664
183	0.051271575016962036
184	0.044302473030725924
185	0.052110652730085555
186	0.06331764666180337
187	0.9371316004437406
188	0.29121320991526145
189	0.06331764666180337
190	0.29121320991526145
191	0.3210038175868602
192	0.8925879504045041
193	0.8925879504045041
194	0.8501615448994048
195	0.8230036250150506
196	0.8230036250150506
197	0.35384195289533515
198	0.22460188780169513
199	0.2865241396118728
200	0.4513954094697309
