1	0.8925879504044915
2	0.9680555771461301
3	0.35963270335587966
4	0.10138426111191785
5	0.10644373457266672
6	0.21392613224755636
7	1.0
8	0.7346031188276299
9	0.9371316004437271
10	0.041517247454898654
11	0.04651334071458662
12	0.10472979393476876
13	0.14256649781436606
14	0.878215636550234
15	0.8501615448993929
16	0.9220420515895036
17	0.09348055211451999
18	0.09348055211451999
19	0.11175569566235759
20	0.08903724340857806
21	0.18484816784601354
22	0.5396417421912961
23	0.466290799956401
24	0.1676934209382962
25	0.1597226332147545
26	0.907195472329429
27	0.9371316004437271
28	0.9524680951766463
29	0.7227746524257325
30	0.7346031188276299
31	0.983898153848305
32	0.983898153848305
33	0.8640747434825014
34	0.3964225068633076
35	0.44412711003286787
36	0.5139915422627507
37	0.5139915422627507
38	0.983898153848305
39	0.6245313223904277
40	0.5852680376789788
41	0.809751747262771
42	0.9371316004437271
43	0.6556978921951012
44	0.6884197964379
45	0.12120455403275908
46	0.04019100294647062
47	0.034728030561276546
48	0.04651334071458662
49	0.040848743123739185
50	0.04963373414423559
51	0.07327797408660718
52	0.026353155917208635
53	0.03254473486014822
54	0.9680555771461301
55	0.6347520014624387
56	0.9220420515895036
57	0.10304345090533384
58	0.008057369233584964
59	0.03587400494469108
60	0.3425386759286026
61	0.5665719880005069
62	0.4162055494255547
63	0.758843950874465
64	0.809751747262771
65	0.35963270335587966
66	0.06867110513305615
67	0.02352250942683125
68	0.0016153167178432556
69	0.0015637163575655457
70	0.003520875718327125
71	0.04804821315291557
72	0.6884197964379
73	0.7346031188276299
74	0.33159647562093936
75	0.5139915422627507
76	0.05127157501696131
77	0.03307734111793543
78	0.028121083425988593
79	0.022771096439116737
80	0.01445399904022356
81	0.2037578156903402
82	0.31074953590015464
83	0.3370231708678045
84	0.4162055494255547
85	0.6045810297425014
86	0.5665719880005069
87	0.5574491330158785
88	0.6045810297425014
89	0.983898153848305
90	0.5309525138815068
91	0.40950387170122265
92	0.38375901867527495
93	0.3900393726467364
94	0.4739218161276064
95	0.9680555771461301
96	0.9680555771461301
97	0.9524680951766463
98	0.9680555771461301
99	0.5758441417787756
100	0.15462038588001104
101	0.05044600800408382
102	0.02204368690561934
103	0.0744771944128507
104	0.3210038175868511
105	0.5396417421912961
106	0.1448996496809614
107	0.0950103948756163
108	0.08480513362914895
109	0.5948461590153626
110	0.9524680951766463
111	0.9680555771461301
112	1.0
113	0.4739218161276064
114	0.548473172838661
115	0.5396417421912961
116	0.5224031981891384
117	0.31583506350196533
118	0.38375901867527495
119	0.37757978999724556
120	0.4739218161276064
121	0.23581040555487975
122	0.12120455403275908
123	0.16233655139003128
124	0.6045810297425014
125	0.5852680376789788
126	0.9524680951766463
127	0.6664286233595221
128	0.3715000583087311
129	0.34814444420780405
130	0.3538419528953301
131	0.24757827243666988
132	0.37757978999724556
133	0.006419412822152426
134	0.02168874285044923
135	0.023907463729683172
136	0.1676934209382962
137	0.37757978999724556
138	0.42301690250931445
139	0.7346031188276299
140	0.9680555771461301
141	0.9220420515895036
142	0.6045810297425014
143	0.33159647562093936
144	0.06540703669975813
145	0.060308038307034934
146	0.3425386759286026
147	0.1252041276287828
148	0.6773349667878853
149	0.481677716615238
150	0.31074953590015464
151	0.2959790185358471
152	0.2912132099152574
153	0.22460188780169194
154	0.2685108255202325
155	0.05651656845829405
156	0.746625162324361
157	0.07819389939674361
158	0.060308038307034934
159	0.23581040555487975
160	0.32625716018605133
161	0.8230036250150273
162	0.7967132492072909
163	0.25574799451756464
164	0.06647744631284325
165	0.18484816784601354
166	0.04288725609875903
167	0.04804821315291557
168	0.14027091400017716
169	0.13579004060925667
170	0.5948461590153626
171	0.6144752151203824
172	0.14727098441461212
173	0.1231881100281487
174	0.23201342268367284
175	0.22098538275893195
176	0.4513954094697245
177	0.9680555771461301
178	0.983898153848305
179	0.983898153848305
180	0.6451399456130033
181	0.4369758436353279
182	0.4162055494255547
183	0.23201342268367284
184	0.1676934209382962
185	0.8364723744993591
186	0.06129500098272593
187	0.060308038307034934
188	0.02858129504156366
189	0.01843893512866384
190	0.9220420515895036
191	0.9524680951766463
192	1.0
193	1.0
194	0.08480513362914895
195	0.07327797408660718
196	0.059336967552505365
197	0.0794735706037285
198	0.9371316004437271
199	0.9371316004437271
200	0.9371316004437271
