1	1.0
2	1.0
3	0.8501615448994049
4	0.8097517472627709
5	0.8640747434825014
6	0.9220420515895166
7	0.9838981538483189
8	0.9220420515895166
9	1.0
10	0.9680555771461302
11	0.9680555771461302
12	0.3425386759286075
13	0.14489964968096344
14	0.03954385360034535
15	0.09049436982916183
16	0.8925879504044913
17	0.9071954723294419
18	0.9680555771461302
19	0.9838981538483189
20	0.9220420515895166
21	0.20709238541955047
22	0.15462038588001104
23	0.11544347070631858
24	0.09049436982916183
25	0.8501615448994049
26	0.8501615448994049
27	0.9371316004437272
28	0.9838981538483189
29	0.7967132492072909
30	0.9524680951766463
31	0.9524680951766463
32	0.8364723744993472
33	1.0
34	0.8364723744993472
35	0.27290510147824404
36	0.041517247454898654
37	0.028121083425988992
38	0.08619300005539274
39	0.16233655139003125
40	0.5948461590153628
41	0.6144752151203912
42	0.9838981538483189
43	0.9371316004437272
44	0.8782156365502339
45	0.9524680951766463
46	0.8925879504044913
47	0.7838846950415491
48	0.6451399456130031
49	0.8501615448994049
50	0.5574491330158785
51	0.5309525138815068
52	0.48167771661524483
53	0.3538419528953301
54	0.05560654736795765
55	0.3210038175868557
56	0.3210038175868557
57	0.2037578156903402
58	0.7838846950415491
59	0.7588439508744758
60	0.7967132492072909
61	0.6144752151203912
62	0.10304345090533384
63	0.1760619823251855
64	0.2004769386898946
65	0.1972488898661471
66	0.1972488898661471
67	0.1760619823251855
68	0.2819105719970916
69	0.8364723744993472
70	0.7967132492072909
71	0.9838981538483189
72	0.7967132492072909
73	0.7967132492072909
74	0.7967132492072909
75	0.08903724340857933
76	0.008881624169591299
77	0.2037578156903402
78	0.20709238541955047
79	0.1972488898661471
80	0.1425664978143681
81	0.305745894681384
82	0.8640747434825014
83	0.9220420515895166
84	0.1878732744065199
85	0.06647744631284419
86	0.05933696755250621
87	0.04963373414423629
88	0.11925293695084216
89	0.12120455403276079
90	0.8782156365502339
91	0.8782156365502339
92	0.9071954723294419
93	0.9220420515895166
94	0.9371316004437272
95	0.8925879504044913
96	0.8782156365502339
97	0.8782156365502339
98	0.05933696755250621
99	0.06129500098272593
100	0.015423659850312866
101	0.02510054021835723
102	0.07947357060372963
103	0.31074953590015464
104	0.9838981538483189
105	0.9680555771461302
106	1.0
107	1.0
108	1.0
109	0.9838981538483189
110	0.5758441417787838
111	0.9680555771461302
112	0.5948461590153628
113	0.024696375181436803
114	0.032544734860148215
115	0.5224031981891384
116	0.8640747434825014
117	0.6773349667878948
118	0.6664286233595221
119	0.746625162324361
120	0.062298115656567614
121	0.0769348332586572
122	0.062298115656567614
123	0.07447719441285175
124	0.08760357941344458
125	0.18187177108593688
126	0.9371316004437272
127	0.05744148237014259
128	0.060308038307035794
129	0.030007614098887924
130	0.032544734860148215
131	0.02858129504156366
132	0.9680555771461302
133	0.0336186636681455
134	0.6451399456130031
135	0.9838981538483189
136	0.9680555771461302
137	0.9680555771461302
138	0.6347520014624387
139	0.10818572446379239
140	0.9220420515895166
141	0.008597905811488723
142	0.008057369233584964
143	0.513991542262758
144	0.5309525138815068
145	0.008881624169591299
146	0.005032079462438764
147	0.17043778391330164
148	0.03529636723622752
149	0.027222771645920248
150	0.0028976934794106937
151	0.008597905811488723
152	0.030997821620274372
153	0.6347520014624387
154	0.4299397258291168
155	0.44412711003286787
156	0.5396417421912961
157	0.3008228213237163
158	0.31074953590015464
159	0.9524680951766463
160	1.0
161	0.29121320991525734
162	0.39003937264673083
163	0.07093715149650967
164	0.003142691241050594
165	0.0034084033755650083
166	0.6773349667878948
167	1.0
168	1.0
169	1.0
170	1.0
171	0.7712627042813435
172	0.7111366461700386
173	0.746625162324361
174	0.22460188780169194
175	0.27737129133826594
176	0.13145230613269043
177	0.2282775782464954
178	0.030007614098887924
179	0.06540703669975813
180	0.06867110513305613
181	0.018142034232021265
182	0.8364723744993472
183	0.05127157501696131
184	0.9524680951766463
185	1.0
186	0.5309525138815068
187	0.4587826572335587
188	0.9524680951766463
189	0.9524680951766463
190	0.9680555771461302
191	0.4739218161276064
192	0.46629079995639433
193	0.9838981538483189
194	1.0
195	0.1972488898661471
196	0.8782156365502339
197	0.07327797408660612
198	0.06129500098272593
199	0.05211065273008482
200	0.14489964968096344
