1	1.0
2	1.0
3	1.0
4	1.0
5	1.0
6	1.0
7	0.9680555771461301
8	0.9680555771461301
9	0.937131600443727
10	0.9524680951766462
11	0.1472709844146121
12	0.04288725609875902
13	1.0
14	0.003637059484442844
15	0.0025864462836876503
16	3.503418891533402e-05
17	0.000650827425746295
18	0.000198987813567983
19	0.04219669209918966
20	1.0
21	0.02168874285044892
22	0.02678443476505491
23	1.0
24	1.0
25	0.03587400494469108
26	0.01935911052773227
27	0.016458371314135432
28	0.002128654667381582
29	0.0016417519552458224
30	0.9838981538483049
31	0.09501039487561763
32	0.13801229332338863
33	0.018142034232021004
34	0.013545299253376799
35	0.012901465378461631
36	1.0
37	0.022043686905619336
38	0.006962169253653725
39	0.000976589844633953
40	0.0004859241323929735
41	4.054532224160886e-05
42	0.0012662220527620582
43	0.0019627091166381136
44	0.0015137643410159587
45	0.04430247303072529
46	1.0
47	0.6664286233595221
48	0.7346031188276299
49	1.0
50	1.0
51	1.0
52	0.9071954723294289
53	0.699686033300586
54	0.7967132492072908
55	0.04963373414423558
56	0.0022714575694317367
57	0.003944570074838652
58	0.003757077145472372
59	0.0002378892831781565
60	7.888324788986942e-05
61	0.00042674617124461537
62	0.003944570074838652
63	0.019997932954225382
64	1.0
65	0.012288234154010974
66	0.01079171937964292
67	0.03254473486014776
68	0.937131600443727
69	0.9524680951766462
70	0.937131600443727
71	1.0
72	0.5396417421912961
73	0.5396417421912961
74	0.6347520014624387
75	1.0
76	1.0
77	1.0
78	0.937131600443727
79	0.8782156365502214
80	0.6451399456130031
81	0.6144752151203823
82	0.6144752151203823
83	0.027668282067044733
84	0.00025800263964973944
85	0.0006944888267967083
86	0.0003569613831694935
87	0.0019627091166381136
88	0.00963255868241604
89	0.0512715750169613
90	0.005114431247540003
91	0.0001263079129289136
92	0.0018393167356805958
93	0.009790198959862089
94	0.03587400494469108
95	1.0
96	1.0
97	0.02510054021835687
98	0.0001926312627086003
99	0.00027087798631395606
100	0.00015598350155572295
101	0.01619336115132775
102	0.5758441417787755
103	1.0
104	1.0
105	0.18187177108593688
106	0.003520875718327124
107	0.007799981223697563
108	0.2557479945175646
109	0.2557479945175646
110	0.2599334021689725
111	1.0
112	1.0
113	1.0
114	0.758843950874465
115	0.7466251623243505
116	0.015423659850313085
117	0.2557479945175646
118	0.2557479945175646
119	0.25162997965624534
120	0.25162997965624534
121	0.003944570074838652
122	0.01619336115132775
123	0.00013698715011009559
124	0.000279816564987428
125	0.00020555412133940168
126	0.02510054021835687
127	1.0
128	1.0
129	0.03529636723622752
130	0.009174704819918202
131	0.0015893071365662825
132	0.0007058543855178055
133	0.004715720680195249
134	1.0
135	1.0
136	1.0
137	1.0
138	0.0512715750169613
139	0.009790198959862089
140	0.0020943793974173754
141	0.00040646211284929145
142	0.0008576564720537011
143	0.0008576564720537011
144	0.03254473486014776
145	0.16233655139003125
146	0.11175569566235759
147	0.9838981538483049
148	0.0009004569039077774
149	0.00010227805318730173
150	0.004074735137074894
151	0.019997932954225382
152	0.03705779481220407
153	1.0
154	0.9838981538483049
155	0.013112602486344908
156	0.008738613623635485
157	0.9838981538483049
158	0.038907124553427985
159	0.0004704015664329125
160	0.0006300371192533597
161	0.00011836713659177974
162	0.00010395187020857833
163	0.0010764932965619024
164	0.9838981538483049
165	0.0330773411179359
166	0.13801229332338863
167	1.0
168	0.9220420515895036
169	0.9524680951766462
170	1.0
171	0.8640747434825012
172	0.7466251623243505
173	0.809751747262771
174	1.0
175	1.0
176	1.0
177	0.8925879504044915
178	0.8640747434825012
179	0.8364723744993472
180	0.9524680951766462
181	0.9838981538483049
182	1.0
183	1.0
184	1.0
185	1.0
186	0.00742923325854893
187	0.0056376287178852465
188	0.0011866166988220661
189	0.002198897168339186
190	1.0
191	1.0
192	1.0
193	1.0
194	0.0026287744047198904
195	0.00206065602257691
196	0.004871332588256346
197	0.007076107650393089
198	1.0
199	1.0
200	1.0
