1	1.0
2	1.0
3	1.0
4	0.9371316004437271
5	0.9371316004437271
6	1.0
7	0.003578496112179833
8	0.0015637163575655344
9	0.0013511678105428498
10	0.00012837498722289987
11	0.00018647776819776188
12	0.0053696614862373945
13	1.0
14	0.04963373414423558
15	0.19407281858793252
16	0.17894329980857734
17	0.1818717710859369
18	0.2320134226836695
19	0.3538419528953301
20	0.45139540946972445
21	0.9838981538483049
22	0.8640747434825014
23	0.8501615448993928
24	0.8925879504044913
25	1.0
26	0.9680555771461302
27	0.9680555771461302
28	0.9838981538483049
29	0.2641873055176448
30	0.2641873055176448
31	0.3425386759286026
32	0.9838981538483049
33	0.9220420515895036
34	0.8782156365502214
35	0.9838981538483049
36	0.9524680951766462
37	0.9524680951766462
38	0.23581040555488308
39	0.16233655139003125
40	0.14727098441461212
41	0.836472374499359
42	0.9220420515895036
43	0.9680555771461302
44	0.9838981538483049
45	0.9838981538483049
46	0.9680555771461302
47	0.9680555771461302
48	0.8230036250150273
49	0.809751747262771
50	0.7111366461700386
51	0.746625162324361
52	0.8501615448993928
53	0.9680555771461302
54	0.8501615448993928
55	0.9071954723294418
56	0.06647744631284323
57	0.02678443476505491
58	0.024298717947761114
59	0.09197534264619776
60	0.35963270335587966
61	0.4162055494255487
62	0.31074953590015025
63	0.09814559940423298
64	0.1597226332147545
65	0.18787327440651988
66	0.07327797408660716
67	0.07327797408660716
68	0.03954385360034535
69	0.3538419528953301
70	0.2959790185358472
71	0.5139915422627507
72	0.44412711003286787
73	0.5224031981891384
74	0.44412711003286787
75	0.35963270335587966
76	0.3655182215245033
77	0.45878265723355216
78	0.5139915422627507
79	0.8925879504044913
80	0.5224031981891384
81	0.3900393726467308
82	0.4369758436353278
83	0.6347520014624386
84	0.15715080394779135
85	0.2599334021689725
86	0.23966952741252232
87	0.23581040555488308
88	0.2320134226836695
89	0.2435918051833956
90	0.2641873055176448
91	1.0
92	1.0
93	1.0
94	0.9838981538483049
95	0.017562497419084194
96	0.016193361151327752
97	0.011895693606067882
98	0.08209608258032047
99	0.14027091400017716
100	1.0
101	1.0
102	0.9371316004437271
103	0.05471117929721262
104	0.025100540218356872
105	0.07569604040982106
106	0.06756537356313776
107	0.0794735706037285
108	0.2599334021689725
109	0.24757827243666986
110	0.23581040555488308
111	0.2320134226836695
112	0.23581040555488308
113	0.24757827243666986
114	0.3775797899972509
115	0.9524680951766462
116	0.6451399456130033
117	0.6144752151203824
118	0.6144752151203824
119	0.48956054519591574
120	0.7712627042813325
121	0.7712627042813325
122	0.49757237909340374
123	0.6884197964379
124	0.6773349667878948
125	0.6556978921951104
126	0.6451399456130033
127	0.35963270335587966
128	0.6884197964379
129	0.7967132492072909
130	0.6664286233595221
131	0.8501615448993928
132	0.7967132492072909
133	0.9680555771461302
134	0.07327797408660716
135	0.06435386265758035
136	0.09975178733729187
137	0.1448996496809614
138	0.06979493239667438
139	0.01493095993810043
140	0.03705779481220407
141	0.015423659850313087
142	0.04288725609875964
143	0.0290490381852773
144	0.04963373414423558
145	0.9838981538483049
146	0.809751747262771
147	0.809751747262771
148	0.7346031188276299
149	0.758843950874465
150	0.8501615448993928
151	0.9071954723294418
152	0.42301690250931445
153	0.05127157501696131
154	0.019675929314445093
155	0.018142034232021004
156	0.017562497419084194
157	0.04883453939311235
158	1.0
159	0.005032079462438764
160	0.0004628272327807
161	0.0004704015664329092
162	0.0013732801563434388
163	0.0014185963995909392
164	0.003353521788788766
165	0.9524680951766462
166	0.809751747262771
167	0.836472374499359
168	0.4095038717012226
169	0.40291010336057753
170	1.0
171	0.9680555771461302
172	0.9371316004437271
173	0.9371316004437271
174	0.9371316004437271
175	1.0
176	0.9838981538483049
177	0.9371316004437271
178	0.2557479945175646
179	0.27737129133826205
180	0.9071954723294418
181	0.9371316004437271
182	0.8782156365502214
183	0.9524680951766462
184	0.9680555771461302
185	0.11925293695084045
186	0.1448996496809614
187	0.08903724340857805
188	0.060308038307034934
189	0.07569604040982106
190	0.8925879504044913
191	0.9838981538483049
192	0.9524680951766462
193	0.10818572446379085
194	0.1448996496809614
195	0.1099562226442282
196	0.11358461770178932
197	0.11175569566235759
198	1.0
199	0.9680555771461302
200	0.9680555771461302
