1	0.9371316004437272
2	0.8501615448993928
3	0.2912132099152615
4	0.3425386759286075
5	0.34814444420780405
6	0.3425386759286075
7	0.3964225068633076
8	0.26851082552023625
9	0.8364723744993591
10	0.7967132492072908
11	0.8364723744993591
12	0.8640747434825137
13	0.8364723744993591
14	0.9220420515895167
15	0.42301690250931445
16	0.19407281858793526
17	0.15972263321475677
18	0.14027091400017716
19	0.23581040555487975
20	0.7111366461700386
21	0.210481526578285
22	0.2037578156903402
23	0.22460188780169513
24	0.34814444420780405
25	0.9680555771461439
26	0.002805128333603497
27	7.041023655526797e-05
28	0.0005101736581558181
29	0.0008438466194896988
30	0.001962709116638142
31	0.002027475656329842
32	0.0022714575694317367
33	0.9838981538483189
34	0.6245313223904277
35	0.4369758436353279
36	0.9838981538483189
37	0.9838981538483189
38	0.9838981538483189
39	0.9838981538483189
40	1.0
41	1.0
42	0.42301690250931445
43	0.6045810297425014
44	0.9838981538483189
45	0.002805128333603497
46	0.0015637163575655457
47	0.0013080055346563406
48	0.00024573928273773744
49	0.001225773320081767
50	0.0008859578853748352
51	0.003578496112179884
52	0.9838981538483189
53	0.12725313808047323
54	0.10644373457266823
55	0.8782156365502339
56	0.32100381758685564
57	0.052963462250909324
58	0.04883453939311236
59	0.05838153282986846
60	0.2912132099152615
61	0.8925879504044915
62	0.8925879504044915
63	0.9071954723294419
64	0.9371316004437272
65	0.8925879504044915
66	0.28652413961186873
67	0.1425664978143681
68	0.2004769386898946
69	0.20709238541955047
70	0.4162055494255547
71	0.9838981538483189
72	0.04219669209919027
73	0.038907124553427985
74	0.9680555771461439
75	0.9524680951766463
76	0.5396417421913039
77	0.466290799956401
78	0.2516299796562454
79	0.1380122933233906
80	0.7111366461700386
81	0.4739218161276064
82	0.3900393726467363
83	0.36551822152450336
84	0.1972488898661471
85	0.17043778391330164
86	0.6451399456130124
87	0.5309525138815068
88	0.04151724745489865
89	0.03766425891466563
90	0.017279708787602804
91	0.1099562226442282
92	0.18484816784601354
93	0.08903724340857933
94	0.6556978921951104
95	0.746625162324361
96	0.5665719880005069
97	0.746625162324361
98	0.6664286233595222
99	0.8364723744993591
100	0.7838846950415491
101	0.8364723744993591
102	0.8640747434825137
103	0.9680555771461439
104	0.9371316004437272
105	0.6884197964379098
106	0.6664286233595222
107	0.6347520014624387
108	0.029524436113288612
109	0.010617952774480096
110	0.029049038185277303
111	0.11925293695084216
112	0.2912132099152615
113	0.9524680951766463
114	0.9524680951766463
115	0.2599334021689762
116	0.26851082552023625
117	0.9524680951766463
118	0.2037578156903402
119	0.0769348332586572
120	0.04219669209919027
121	0.029524436113288612
122	0.019997932954225667
123	0.006631244087325166
124	0.0015637163575655457
125	0.0001109255841541974
126	8.28198322750522e-05
127	0.00043373002538473116
128	0.0004553748598836633
129	0.49757237909340374
130	0.49757237909340374
131	0.0005715668219861326
132	0.00027981656498743195
133	0.014690543918280221
134	1.0
135	1.0
136	1.0
137	0.014690543918280221
138	0.0003747751604249704
139	0.0005715668219861326
140	0.00381856306039134
141	0.0004553748598836633
142	0.00043373002538473116
143	8.28198322750522e-05
144	0.00010565307984570667
145	0.001465408012805456
146	0.006524468815236717
147	0.004209195456615611
148	0.004951053693111611
149	0.025100540218357226
150	0.0574414823701426
151	0.15715080394779138
152	0.8364723744993591
153	0.823003625015039
154	0.809751747262771
155	0.15972263321475677
156	0.1314523061326923
157	0.8501615448993928
158	0.7967132492072908
159	0.823003625015039
160	0.3715000583087311
161	0.2959790185358472
162	0.20709238541955047
163	0.176061982325188
164	0.1972488898661471
165	0.6045810297425014
166	0.513991542262758
167	0.513991542262758
168	0.5484731728386688
169	0.5396417421913039
170	0.6045810297425014
171	0.8640747434825137
172	0.8782156365502339
173	0.8925879504044915
174	0.6245313223904277
175	0.5574491330158785
176	0.5224031981891458
177	0.5224031981891458
178	0.5574491330158785
179	0.6245313223904277
180	0.9220420515895167
181	0.9524680951766463
182	0.15972263321475677
183	0.10818572446379239
184	0.09501039487561766
185	0.09197534264619778
186	0.07569604040982215
187	0.10644373457266823
188	0.9371316004437272
189	0.9524680951766463
190	0.9680555771461439
191	0.9524680951766463
192	0.9524680951766463
193	0.1099562226442282
194	0.03361866366814549
195	0.029049038185277303
196	0.02722277164592025
197	0.021339514049848227
198	0.08903724340857933
199	0.9838981538483189
200	0.9680555771461439
