1	1.0
2	1.0
3	0.8925879504044913
4	0.7838846950415489
5	0.8640747434825012
6	0.9524680951766463
7	0.9524680951766463
8	0.17606198232518674
9	0.15213071221465643
10	0.5396417421912961
11	0.5852680376789788
12	0.2959790185358471
13	0.33159647562093936
14	0.11358461770178852
15	0.12120455403275905
16	0.07693483325865776
17	0.07819389939674361
18	0.03766425891466509
19	0.01517531045230748
20	0.9220420515895035
21	0.03646109590141792
22	0.0401910029464709
23	0.07447719441285122
24	0.1117556956623576
25	0.31074953590015464
26	0.8925879504044913
27	0.47392181612760637
28	0.30574589468137964
29	0.11544347070631858
30	0.38375901867527495
31	0.9524680951766463
32	0.9371316004437403
33	0.6884197964379
34	0.6884197964379
35	0.26418730551764474
36	0.4895605451959158
37	0.5139915422627507
38	0.05651656845829405
39	0.2209853827589335
40	0.12120455403275905
41	0.19094788792080786
42	0.9680555771461301
43	0.9680555771461301
44	0.9524680951766463
45	0.5057153295259778
46	0.7227746524257325
47	0.8501615448993928
48	0.8640747434825012
49	0.746625162324361
50	0.5396417421912961
51	0.8501615448993928
52	0.42993972582911066
53	0.40291010336057753
54	0.466290799956401
55	0.6144752151203823
56	0.6451399456130031
57	0.746625162324361
58	0.9680555771461301
59	0.8640747434825012
60	0.9071954723294418
61	0.8782156365502339
62	0.9071954723294418
63	0.8640747434825012
64	0.8097517472627709
65	0.746625162324361
66	0.7712627042813325
67	0.5139915422627507
68	0.5139915422627507
69	0.08343961441457963
70	0.03766425891466509
71	0.005283200023099393
72	0.002851035264810493
73	0.007927630713798489
74	0.008459463654885485
75	0.023143753598939106
76	0.1649932472736998
77	0.16769342093829617
78	0.1448996496809614
79	0.3596327033558796
80	0.8097517472627709
81	0.6664286233595221
82	0.6884197964379
83	0.9680555771461301
84	0.9680555771461301
85	0.9680555771461301
86	0.9838981538483188
87	0.9680555771461301
88	0.7967132492072907
89	0.6884197964379
90	0.24757827243666986
91	0.4975723790934037
92	0.47392181612760637
93	0.47392181612760637
94	0.8501615448993928
95	0.8364723744993591
96	0.016458371314135432
97	0.00611428590286806
98	0.005283200023099393
99	0.8364723744993591
100	0.7967132492072907
101	1.0
102	0.9680555771461301
103	0.8640747434825012
104	0.8782156365502339
105	0.8640747434825012
106	0.8501615448993928
107	0.07327797408660665
108	0.08343961441457963
109	0.06756537356313774
110	0.8097517472627709
111	0.7967132492072907
112	0.6664286233595221
113	0.2819105719970956
114	0.27290510147824404
115	0.09348055211451997
116	0.04430247303072497
117	0.1252041276287828
118	0.1380122933233906
119	0.15213071221465643
120	0.18787327440651988
121	0.18187177108593688
122	0.08903724340857869
123	0.10138426111191784
124	0.09197534264619842
125	0.154620385880011
126	0.2209853827589335
127	0.31074953590015464
128	0.3210038175868511
129	0.31074953590015464
130	0.3596327033558796
131	0.44412711003286787
132	0.5396417421912961
133	0.7838846950415489
134	0.7712627042813325
135	0.758843950874465
136	0.8640747434825012
137	0.6347520014624387
138	0.8501615448993928
139	0.9838981538483188
140	0.9838981538483188
141	0.7227746524257325
142	0.7227746524257325
143	0.7346031188276299
144	0.9220420515895035
145	0.8230036250150272
146	0.39642250686330754
147	0.5224031981891458
148	0.5309525138815068
149	0.5139915422627507
150	0.5665719880005069
151	0.6884197964379
152	0.9838981538483188
153	0.6884197964379
154	0.27737129133826594
155	0.14727098441461314
156	0.3210038175868511
157	0.34814444420780405
158	0.6347520014624387
159	0.21742711012397725
160	0.06331764666180247
161	0.014453999040223662
162	0.02204368690561934
163	0.07447719441285122
164	0.8925879504044913
165	0.002198897168339186
166	0.0010253255196467437
167	0.003757077145472399
168	0.004491573493650783
169	0.01727970878760293
170	0.16233655139003125
171	0.9838981538483188
172	0.37150005830873106
173	0.37757978999725084
174	1.0
175	0.6045810297425014
176	0.5665719880005069
177	0.9680555771461301
178	1.0
179	0.8925879504044913
180	0.45139540946972445
181	0.31074953590015464
182	0.2819105719970956
183	0.3425386759286026
184	0.8640747434825012
185	0.9838981538483188
186	1.0
187	0.34814444420780405
188	0.3262571601860513
189	0.9680555771461301
190	1.0
191	1.0
192	1.0
193	0.9838981538483188
194	1.0
195	1.0
196	0.9838981538483188
197	0.2320134226836728
198	0.23966952741252232
199	0.758843950874465
200	0.9220420515895035
