1	0.8782156365502339
2	0.8364723744993591
3	0.8782156365502339
4	0.8782156365502339
5	0.9220420515895166
6	0.7346031188276403
7	0.5309525138815068
8	0.4587826572335587
9	0.23581040555488308
10	0.3008228213237163
11	0.5224031981891458
12	0.6045810297425099
13	0.41620554942555466
14	0.25574799451756824
15	0.42301690250932045
16	0.5484731728386688
17	0.5758441417787838
18	0.44412711003286787
19	0.28652413961186873
20	0.2729051014782479
21	0.18787327440651988
22	0.1972488898661499
23	0.2070923854195505
24	0.8925879504044915
25	0.9838981538483189
26	0.968055577146144
27	0.7967132492072909
28	0.7588439508744758
29	0.2729051014782479
30	0.22827757824649536
31	0.14489964968096344
32	0.14027091400017716
33	0.3370231708678045
34	0.968055577146144
35	0.8925879504044915
36	0.9220420515895166
37	0.9838981538483189
38	0.8782156365502339
39	0.9220420515895166
40	0.7111366461700385
41	0.11544347070631858
42	0.04502749889045438
43	0.0574414823701426
44	0.9071954723294419
45	0.47392181612761314
46	0.5665719880005149
47	0.9838981538483189
48	0.8925879504044915
49	0.968055577146144
50	0.9220420515895166
51	0.9838981538483189
52	0.9838981538483189
53	0.026784434765055487
54	0.03646109590141792
55	0.06756537356313871
56	0.09348055211451997
57	0.3107495359001547
58	0.0574414823701426
59	0.0034084033755650326
60	0.0010253255196467513
61	0.000960864945202363
62	0.0008302591310470714
63	0.1252041276287828
64	1.0
65	1.0
66	1.0
67	0.1252041276287828
68	0.0013294115143323943
69	0.00018647776819776454
70	0.00048592413239297705
71	0.002384812237737442
72	0.17043778391330405
73	0.968055577146144
74	0.968055577146144
75	0.968055577146144
76	0.7712627042813435
77	0.7588439508744758
78	0.7111366461700385
79	0.7227746524257428
80	0.7111366461700385
81	0.823003625015039
82	0.968055577146144
83	0.49757237909340374
84	0.2729051014782479
85	0.2435918051833991
86	0.2641873055176485
87	0.49757237909340374
88	0.5224031981891458
89	0.0574414823701426
90	0.164993247273701
91	0.1336035702664359
92	0.9371316004437404
93	0.9838981538483189
94	0.9371316004437404
95	0.9371316004437404
96	0.968055577146144
97	0.20375781569034312
98	0.15972263321475677
99	0.16233655139003356
100	0.8501615448993929
101	0.7967132492072909
102	0.6451399456130124
103	0.6045810297425099
104	0.5574491330158786
105	0.513991542262758
106	0.32625716018605594
107	0.23581040555488308
108	0.2685108255202363
109	0.21392613224755938
110	0.5224031981891458
111	0.5224031981891458
112	0.5309525138815068
113	0.7227746524257428
114	0.7588439508744758
115	0.8097517472627824
116	0.7967132492072909
117	0.7838846950415602
118	0.15715080394779135
119	0.08343961441457963
120	0.060308038307035794
121	0.2685108255202363
122	0.15972263321475677
123	0.10304345090533384
124	0.0807741840889576
125	0.0876035794134446
126	0.14027091400017716
127	0.03587400494469185
128	0.03890712455342826
129	0.1972488898661499
130	0.15462038588001104
131	0.20047693868989178
132	0.7712627042813435
133	0.016193361151328096
134	0.04151724745489924
135	0.08480513362915017
136	0.2396695274125257
137	0.17043778391330405
138	0.17894329980857993
139	0.6347520014624388
140	0.614475215120391
141	0.5852680376789872
142	0.7588439508744758
143	0.968055577146144
144	0.8925879504044915
145	0.17606198232518802
146	0.2641873055176485
147	0.2516299796562454
148	0.2070923854195505
149	0.9371316004437404
150	0.9838981538483189
151	0.9220420515895166
152	0.1972488898661499
153	0.14489964968096344
154	0.19094788792080922
155	1.0
156	1.0
157	1.0
158	0.7838846950415602
159	0.7712627042813435
160	0.21742711012398036
161	0.06867110513305712
162	0.10304345090533384
163	0.2641873055176485
164	0.09975178733729188
165	0.034728030561276796
166	0.05211065273008481
167	0.7712627042813435
168	0.823003625015039
169	0.9838981538483189
170	0.5948461590153628
171	0.6045810297425099
172	0.7967132492072909
173	0.7838846950415602
174	0.3655182215245085
175	0.6556978921951105
176	0.2729051014782479
177	0.45139540946972445
178	0.6664286233595221
179	0.9220420515895166
180	0.5396417421913039
181	0.5574491330158786
182	0.5948461590153628
183	0.6996860333005961
184	0.7967132492072909
185	0.5948461590153628
186	0.2070923854195505
187	0.1818717710859395
188	0.8364723744993591
189	0.11733274450692356
190	0.02032520629905422
191	0.013766972933527003
192	0.1013842611119193
193	0.11544347070631858
194	0.25574799451756824
195	0.9838981538483189
196	0.9838981538483189
197	0.1472709844146142
198	0.1252041276287828
199	0.3715000583087311
200	0.8640747434825137
