1	1.0
2	1.0
3	1.0
4	0.9838981538483328
5	1.0
6	0.2037578156903431
7	0.07209806342155774
8	0.029524436113288612
9	0.9680555771461439
10	0.008057369233585077
11	0.002993313140091832
12	0.0016417519552458576
13	0.0009608649452023697
14	0.007076107650393189
15	0.09814559940423298
16	0.1030434509053353
17	0.07093715149651067
18	0.0675653735631387
19	0.06647744631284418
20	0.09197534264619907
21	0.11733274450692356
22	0.9220420515895166
23	0.8640747434825136
24	0.4895605451959227
25	0.48167771661524483
26	0.1030434509053353
27	0.05651656845829486
28	0.07447719441285174
29	0.513991542262758
30	0.5224031981891457
31	0.48167771661524483
32	0.48167771661524483
33	0.4895605451959227
34	0.513991542262758
35	0.9371316004437404
36	0.5396417421913038
37	0.513991542262758
38	0.5396417421913038
39	0.05296346225091007
40	0.010278768401209682
41	0.012693727967806583
42	0.05838153282986845
43	0.15213071221465968
44	0.9071954723294546
45	0.9220420515895166
46	0.9371316004437404
47	0.6045810297425099
48	0.6045810297425099
49	0.6347520014624476
50	0.9680555771461439
51	0.09501039487561899
52	0.08209608258032164
53	0.08077418408895759
54	0.07947357060373075
55	0.07093715149651067
56	0.9680555771461439
57	0.0675653735631387
58	0.12725313808047503
59	0.6144752151203909
60	0.5057153295259778
61	0.48167771661524483
62	0.4895605451959227
63	0.4895605451959227
64	0.20709238541955047
65	0.45878265723355866
66	0.4513954094697244
67	0.5224031981891457
68	0.05838153282986845
69	0.06030803830703578
70	0.4441271100328678
71	0.41620554942555466
72	0.4029101033605832
73	0.9220420515895166
74	0.5057153295259778
75	0.4975723790934037
76	0.5396417421913038
77	0.8782156365502464
78	0.5484731728386766
79	0.4029101033605832
80	0.4230169025093204
81	0.18484816784601615
82	0.28652413961186873
83	0.28652413961186873
84	0.4230169025093204
85	0.4513954094697244
86	0.4895605451959227
87	0.4029101033605832
88	0.9071954723294546
89	0.8782156365502464
90	0.836472374499359
91	0.8501615448994048
92	0.35384195289533515
93	0.20047693868989172
94	0.154620385880011
95	0.13360357026643777
96	0.1496811268916314
97	0.26851082552023625
98	0.699686033300596
99	0.28191057199709557
100	0.06030803830703578
101	0.015676073575284753
102	0.019047393108381872
103	0.020325206299054217
104	0.04288725609876024
105	0.4895605451959227
106	0.5396417421913038
107	0.08619300005539272
108	0.0290490381852773
109	0.03000761409888792
110	0.9838981538483328
111	0.9838981538483328
112	0.9838981538483328
113	1.0
114	0.04651334071458728
115	0.042196692099190254
116	0.07947357060373075
117	0.014453999040223764
118	0.02635315591720863
119	0.019047393108381872
120	0.014221262971401534
121	0.003142691241050616
122	0.050446008004084525
123	0.27737129133826594
124	0.9220420515895166
125	0.9220420515895166
126	0.9220420515895166
127	0.9524680951766462
128	0.9071954723294546
129	0.3370231708678045
130	0.13145230613269226
131	0.0547111792972134
132	0.020995908477665932
133	0.014930959938100641
134	0.8501615448994048
135	0.6884197964379096
136	0.1425664978143701
137	0.12318811002815043
138	0.12120455403276077
139	0.12120455403276077
140	0.14027091400017716
141	0.1909478879208119
142	0.8925879504044913
143	0.8782156365502464
144	0.8782156365502464
145	0.8782156365502464
146	0.8782156365502464
147	0.8925879504044913
148	0.9071954723294546
149	0.9838981538483328
150	0.16769342093829614
151	0.11175569566235759
152	0.07447719441285174
153	0.06540703669975813
154	0.07947357060373075
155	0.04883453939311235
156	0.8782156365502464
157	0.6347520014624476
158	0.08903724340857931
159	0.10138426111191928
160	0.11925293695084214
161	0.12725313808047503
162	0.29597901853585135
163	0.9680555771461439
164	0.09501039487561899
165	0.06129500098272679
166	0.035296367236228025
167	0.04084874312373918
168	0.04430247303072529
169	0.03150511208810901
170	0.06540703669975813
171	0.9220420515895166
172	0.9524680951766462
173	0.9680555771461439
174	0.37150005830873106
175	0.23581040555488308
176	0.25993340216897615
177	0.9371316004437404
178	1.0
179	0.9680555771461439
180	0.9371316004437404
181	0.9220420515895166
182	0.9220420515895166
183	0.9071954723294546
184	0.9071954723294546
185	0.23966952741252567
186	0.21742711012398033
187	0.36551822152450847
188	0.9838981538483328
189	0.008459463654885604
190	0.0003084413155953456
191	0.0007058543855178105
192	0.0010421053394971875
193	0.010968329737619124
194	1.0
195	1.0
196	0.05296346225091007
197	0.08903724340857931
198	0.176061982325188
199	0.9680555771461439
200	0.9680555771461439
