1	0.9838981538483188
2	0.0934805521145213
3	0.0020606560225769396
4	0.0020943793974173754
5	0.0003084413155953434
6	5.257005429737361e-05
7	0.001186616698822083
8	0.002628774404719928
9	0.0012257733200817667
10	0.00028439586342649995
11	0.026353155917208635
12	0.9838981538483188
13	0.07327797408660612
14	0.016727718463300126
15	0.009477456704464872
16	0.011515692539375738
17	0.018438935128663837
18	0.019359110527732818
19	0.03766425891466563
20	0.11358461770178932
21	0.9680555771461301
22	0.9680555771461301
23	0.9838981538483188
24	0.937131600443727
25	0.9220420515895166
26	0.9220420515895166
27	0.8925879504044915
28	0.513991542262758
29	0.5396417421912961
30	0.46629079995639433
31	0.783884695041549
32	0.3481444442077991
33	0.41620554942555466
34	0.6045810297425013
35	0.4975723790934108
36	0.24359180518339563
37	0.2209853827589351
38	0.11733274450692358
39	0.783884695041549
40	0.823003625015039
41	0.783884695041549
42	0.8364723744993471
43	0.9220420515895166
44	0.004491573493650752
45	0.010113261253784643
46	0.010113261253784643
47	0.013766972933527001
48	0.008057369233584962
49	0.0023464123579847473
50	0.0010088158858740138
51	0.0034084033755650564
52	0.005114431247540004
53	0.004871332588256415
54	0.004209195456615611
55	0.0058236622472702445
56	0.010617952774479945
57	0.9838981538483188
58	0.01469054391828022
59	0.010278768401209682
60	0.010617952774479945
61	0.01248933551297767
62	0.2819105719970956
63	0.29121320991525734
64	0.29121320991525734
65	0.25993340216897615
66	0.9524680951766598
67	0.331596475620944
68	0.8364723744993471
69	0.7712627042813435
70	0.7712627042813435
71	0.8364723744993471
72	0.9838981538483188
73	0.9838981538483188
74	0.29597901853585135
75	0.8364723744993471
76	0.07947357060372963
77	0.06331764666180247
78	0.12933568132306
79	0.31074953590015464
80	0.9838981538483188
81	0.9838981538483188
82	0.9524680951766598
83	0.9838981538483188
84	0.9838981538483188
85	0.9680555771461301
86	0.9838981538483188
87	0.007550815325235632
88	0.005369661486237395
89	0.002715520127955534
90	0.01096832973761928
91	0.9838981538483188
92	0.013327194928720634
93	0.008189230970777112
94	0.007927630713798602
95	0.00441925086827708
96	0.00335352178878879
97	0.00028439586342649995
98	0.009950419076984445
99	0.027668282067045125
100	0.823003625015039
101	0.9838981538483188
102	0.9524680951766598
103	0.16233655139003125
104	0.0066312440873250705
105	0.009477456704464872
106	0.0020274756563298706
107	0.01445399904022356
108	0.9838981538483188
109	1.0
110	0.9838981538483188
111	0.9220420515895166
112	0.9524680951766598
113	0.9838981538483188
114	0.22827757824649533
115	0.20375781569034018
116	0.22827757824649533
117	0.16769342093829617
118	0.5057153295259778
119	0.5948461590153711
120	0.937131600443727
121	0.9838981538483188
122	0.5574491330158785
123	0.5224031981891383
124	0.5574491330158785
125	0.09814559940423298
126	0.026784434765055293
127	0.013327194928720634
128	0.010791719379643074
129	0.007550815325235632
130	0.00742923325854893
131	0.018438935128663837
132	0.09049436982916181
133	0.02858129504156366
134	0.0019627091166381414
135	0.0031941225103010833
136	0.0046397888713085094
137	0.0017518905076602488
138	0.00032913340607583133
139	0.0005356333306484145
140	0.0003569613831694986
141	0.004871332588256415
142	0.10138426111191785
143	0.9838981538483188
144	0.9838981538483188
145	0.4441271100328742
146	0.937131600443727
147	0.614475215120391
148	0.8097517472627709
149	0.29597901853585135
150	0.31583506350196977
151	0.9838981538483188
152	0.937131600443727
153	0.02858129504156366
154	0.013766972933527001
155	0.012288234154010976
156	0.05044600800408453
157	0.04963373414423629
158	0.05127157501696131
159	0.13360357026643777
160	0.937131600443727
161	0.614475215120391
162	0.8925879504044915
163	0.9524680951766598
164	0.9838981538483188
165	1.0
166	0.9524680951766598
167	0.9524680951766598
168	0.8925879504044915
169	0.9071954723294418
170	0.746625162324361
171	0.9680555771461301
172	0.09501039487561765
173	0.019359110527732818
174	0.02099590847766593
175	0.02510054021835723
176	0.05044600800408453
177	0.05044600800408453
178	0.07947357060372963
179	0.9838981538483188
180	1.0
181	0.3262571601860513
182	0.15715080394779135
183	0.8640747434825012
184	0.9524680951766598
185	0.823003625015039
186	0.6664286233595221
187	0.6664286233595221
188	0.8501615448994048
189	0.8640747434825012
190	0.8925879504044915
191	1.0
192	0.9838981538483188
193	1.0
194	0.9838981538483188
195	0.8097517472627709
196	0.7712627042813435
197	0.9680555771461301
198	0.9838981538483188
199	0.9838981538483188
200	1.0
