1	1.0
2	0.9680555771461371
3	0.7967132492072908
4	0.746625162324361
5	0.6245313223904277
6	0.6144752151203954
7	0.5574491330158785
8	0.7111366461700487
9	0.6664286233595221
10	0.688419796437905
11	0.7346031188276455
12	0.8640747434825076
13	0.8782156365502402
14	0.513991542262758
15	0.14027091400017813
16	0.466290799956401
17	0.06979493239667438
18	0.09197534264619842
19	0.1521307122146586
20	0.5484731728386727
21	0.5948461590153626
22	0.8782156365502402
23	0.9220420515895167
24	0.952468095176653
25	0.9838981538483259
26	0.9838981538483259
27	0.566571988000515
28	0.09348055211452064
29	0.012693727967806583
30	0.002715520127955515
31	0.03202070454638309
32	0.042887256098759936
33	0.08077418408895759
34	0.12725313808047323
35	0.12725313808047323
36	0.239669527412524
37	0.8640747434825076
38	0.8501615448994049
39	0.823003625015039
40	0.9071954723294419
41	0.8501615448994049
42	0.771262704281338
43	0.4587826572335587
44	0.45139540946972767
45	0.0622981156565685
46	0.466290799956401
47	0.1732270593726278
48	0.6664286233595221
49	0.9371316004437338
50	0.9838981538483259
51	0.952468095176653
52	0.9371316004437338
53	0.9220420515895167
54	0.5057153295259778
55	0.47392181612761314
56	0.4230169025093204
57	0.8782156365502402
58	0.8782156365502402
59	0.771262704281338
60	0.8782156365502402
61	0.8782156365502402
62	0.9220420515895167
63	0.9838981538483259
64	0.9838981538483259
65	0.5484731728386727
66	0.47392181612761314
67	0.4587826572335587
68	0.23581040555488142
69	0.44412711003287103
70	0.746625162324361
71	0.20047693868989316
72	0.21742711012398036
73	0.17606198232518674
74	0.45139540946972767
75	0.8925879504044915
76	0.8925879504044915
77	0.9220420515895167
78	0.9071954723294419
79	0.3008228213237184
80	0.25574799451756824
81	0.24359180518339735
82	0.24359180518339735
83	0.24359180518339735
84	0.5484731728386727
85	0.6556978921951152
86	0.9071954723294419
87	0.8364723744993591
88	0.7838846950415547
89	0.8640747434825076
90	0.9071954723294419
91	0.9680555771461371
92	0.1521307122146586
93	0.15715080394779135
94	0.1732270593726278
95	0.17606198232518674
96	0.26851082552023436
97	0.7227746524257377
98	0.7227746524257377
99	0.8364723744993591
100	0.8925879504044915
101	0.8640747434825076
102	0.8782156365502402
103	0.8364723744993591
104	0.7967132492072908
105	0.952468095176653
106	0.9371316004437338
107	0.40950387170123137
108	0.31583506350196977
109	0.29597901853584924
110	0.305745894681384
111	0.31583506350196977
112	0.1909478879208092
113	0.002271457569431753
114	0.0026287744047199277
115	0.00873861362363561
116	0.12725313808047323
117	1.0
118	0.03529636723622777
119	0.0003034748409848072
120	0.0006198923584893025
121	0.0023464123579847477
122	1.0
123	1.0
124	1.0
125	1.0
126	1.0
127	1.0
128	1.0
129	1.0
130	1.0
131	0.002945115272426268
132	0.0015137643410159693
133	0.0015637163575655457
134	0.0370577948122046
135	1.0
136	0.12933568132305998
137	0.011515692539375738
138	0.005918968568537429
139	0.006419412822152425
140	0.1909478879208092
141	1.0
142	0.20709238541955047
143	0.04963373414423629
144	0.006214348384488035
145	0.00014150752636944632
146	0.001395754378613427
147	0.0036965812672960577
148	0.02168874285044938
149	1.0
150	1.0
151	1.0
152	1.0
153	0.0220436869056195
154	0.0033535217887888137
155	0.00015347187921147437
156	0.0004938764550907864
157	0.007799981223697674
158	0.056516568458294454
159	0.2104815265782865
160	0.9838981538483259
161	0.9838981538483259
162	0.9680555771461371
163	0.9680555771461371
164	0.6347520014624478
165	0.5758441417787797
166	0.5309525138815105
167	0.5396417421913
168	0.49757237909340374
169	0.8501615448994049
170	0.7967132492072908
171	0.7838846950415547
172	0.746625162324361
173	0.746625162324361
174	0.8925879504044915
175	0.9680555771461371
176	0.5309525138815105
177	0.513991542262758
178	0.49757237909340374
179	0.6245313223904277
180	0.5574491330158785
181	0.7588439508744758
182	0.7111366461700487
183	0.27737129133826594
184	0.08903724340857933
185	0.15715080394779135
186	0.2037578156903402
187	0.677334966787895
188	0.7111366461700487
189	0.9071954723294419
190	0.8640747434825076
191	0.8782156365502402
192	0.8925879504044915
193	0.8782156365502402
194	0.42993972582911383
195	0.45139540946972767
196	0.45139540946972767
197	0.4895605451959193
198	0.9220420515895167
199	0.8925879504044915
200	0.952468095176653
