1	0.5852680376789788
2	0.13579004060925665
3	0.16499324727370096
4	0.5484731728386688
5	0.5484731728386688
6	0.3900393726467308
7	0.37150005830873106
8	0.14027091400017713
9	0.17322705937262536
10	0.16499324727370096
11	0.23581040555488306
12	0.9220420515895036
13	0.9220420515895036
14	0.6556978921951104
15	0.9838981538483187
16	0.9220420515895036
17	0.004141419638950831
18	0.0012662220527620944
19	0.0061142859028680595
20	0.062298115656567614
21	0.9838981538483187
22	0.96805557714613
23	0.030997821620274812
24	0.011147830387442765
25	0.010617952774479945
26	0.9524680951766462
27	0.9220420515895036
28	0.9524680951766462
29	0.9524680951766462
30	0.9524680951766462
31	0.9838981538483187
32	0.9838981538483187
33	0.045764390058399614
34	0.0033535217887887894
35	0.006214348384488034
36	0.9524680951766462
37	0.9524680951766462
38	0.022404439747548983
39	0.06867110513305613
40	0.03361866366814549
41	0.0044192508682770176
42	0.8925879504044913
43	0.8782156365502339
44	0.699686033300596
45	0.8925879504044913
46	0.7227746524257324
47	0.35963270335587966
48	0.3655182215245033
49	0.3775797899972509
50	0.45878265723355866
51	0.666428623359522
52	0.14027091400017713
53	0.0014893899404870186
54	0.00013261117466143403
55	0.0006000902548658375
56	0.0001242741223471923
57	0.000976589844633953
58	0.38375901867528034
59	1.0
60	1.0
61	0.2819105719970956
62	0.746625162324361
63	0.18484816784601352
64	0.07327797408660716
65	0.0043480927706904
66	0.0037570771454724255
67	0.8925879504044913
68	0.9524680951766462
69	0.07569604040982106
70	0.055606547367958434
71	0.15715080394779135
72	0.96805557714613
73	1.0
74	1.0
75	0.006631244087325071
76	0.014221262971401331
77	0.48167771661523795
78	0.48167771661523795
79	0.016727718463300126
80	0.009324852154700358
81	4.32653452539759e-05
82	0.002384812237737442
83	0.006850065475449524
84	1.0
85	1.0
86	0.032544734860148215
87	0.000976589844633953
88	0.0006944888267967083
89	0.024696375181437153
90	0.8364723744993591
91	0.9838981538483187
92	0.7967132492072908
93	1.0
94	0.001465408012805456
95	0.0005101736581558181
96	0.11733274450692356
97	1.0
98	1.0
99	1.0
100	1.0
101	0.11733274450692356
102	0.07209806342155774
103	0.003042299783147364
104	0.9220420515895036
105	0.9838981538483187
106	0.8097517472627709
107	0.8364723744993591
108	0.9071954723294418
109	0.09975178733729329
110	0.0006833062745535759
111	0.0001957837424078519
112	0.03202070454638285
113	1.0
114	0.9838981538483187
115	0.9838981538483187
116	0.008323250672588899
117	0.011515692539375738
118	0.0005019589204015527
119	0.009324852154700358
120	0.0012060361066649748
121	0.00388105521435913
122	0.0017236818362313128
123	0.007076107650393089
124	1.0
125	1.0
126	0.11925293695084216
127	0.05744148237014259
128	0.026353155917208628
129	0.8925879504044913
130	1.0
131	0.0038185630603913396
132	0.004278080449843506
133	0.00388105521435913
134	0.006214348384488034
135	0.5852680376789788
136	0.08480513362914895
137	0.000960864945202363
138	5.7014812075813265e-05
139	0.0005270086451645937
140	0.001931105876401532
141	0.004074735137074894
142	0.3481444442077991
143	0.9838981538483187
144	0.9371316004437404
145	0.7346031188276402
146	0.41620554942555466
147	0.48167771661523795
148	0.7111366461700385
149	0.8364723744993591
150	0.30082282132371624
151	0.22827757824649536
152	0.0781938993967436
153	0.03529636723622752
154	0.07093715149650966
155	0.18484816784601352
156	0.5948461590153626
157	0.1272531380804732
158	0.46629079995640094
159	0.4230169025093204
160	0.8640747434825014
161	0.9371316004437404
162	0.5396417421912961
163	0.12120455403275905
164	0.176061982325188
165	0.5484731728386688
166	0.5852680376789788
167	0.9524680951766462
168	0.18484816784601352
169	0.13801229332339254
170	0.1336035702664378
171	0.5139915422627507
172	0.8097517472627709
173	0.5396417421912961
174	0.06331764666180247
175	0.1336035702664378
176	0.8640747434825014
177	0.96805557714613
178	0.9524680951766462
179	0.9524680951766462
180	0.9838981538483187
181	0.8501615448994049
182	0.23581040555488306
183	0.2516299796562454
184	0.9524680951766462
185	0.9838981538483187
186	0.96805557714613
187	0.9371316004437404
188	0.9220420515895036
189	0.9371316004437404
190	0.9838981538483187
191	0.783884695041549
192	0.3481444442077991
193	0.41620554942555466
194	0.42993972582911066
195	0.5396417421912961
196	1.0
197	1.0
198	0.9838981538483187
199	1.0
200	1.0
