1	1.0
2	0.3481444442078041
3	0.037664258914665634
4	0.010617952774480096
5	0.10304345090533458
6	1.0
7	0.06435386265758127
8	0.011147830387442846
9	0.00873861362363561
10	0.01874069491496012
11	0.9838981538483189
12	0.0013732801563434583
13	0.0022714575694317528
14	0.015676073575284756
15	0.566571988000519
16	0.06540703669975813
17	0.3008228213237184
18	0.9838981538483189
19	0.3481444442078041
20	0.006316048424505998
21	0.00611428590286806
22	0.004871332588256415
23	0.00832325067258896
24	0.006962169253653875
25	0.01096832973761928
26	0.9838981538483189
27	0.8640747434825075
28	0.9838981538483189
29	0.9838981538483189
30	0.5948461590153626
31	0.5574491330158785
32	1.0
33	0.5309525138815068
34	0.46629079995639766
35	0.5309525138815068
36	1.0
37	1.0
38	0.07569604040982161
39	0.004491573493650784
40	0.00040646211284929443
41	0.000900456903907771
42	0.007191910689857861
43	0.018142034232021265
44	0.007674387126047693
45	0.024298717947761457
46	0.035296367236227776
47	1.0
48	0.9838981538483189
49	0.9838981538483189
50	1.0
51	1.0
52	1.0
53	1.0
54	1.0
55	0.02390746372968368
56	0.007550815325235631
57	0.26418730551764663
58	0.2599334021689762
59	0.2599334021689762
60	0.24359180518339735
61	0.0008716923278076672
62	0.0003455584578030299
63	0.0051981307491389996
64	0.0794735706037302
65	0.8640747434825075
66	0.7838846950415547
67	0.513991542262758
68	0.6347520014624478
69	0.513991542262758
70	0.746625162324361
71	0.9371316004437338
72	0.8501615448994049
73	0.8501615448994049
74	0.9220420515895166
75	0.9371316004437338
76	0.01874069491496012
77	0.013766972933526906
78	0.01645837131413555
79	0.01619336115132798
80	0.017562497419084444
81	0.0159326181413908
82	0.12725313808047412
83	0.585268037678983
84	0.3481444442078041
85	0.566571988000519
86	0.23581040555488142
87	0.14968112689163354
88	0.15715080394779024
89	0.22098538275893354
90	0.7838846950415547
91	0.056516568458294454
92	0.06540703669975813
93	0.7346031188276403
94	0.5574491330158785
95	0.7838846950415547
96	0.23581040555488142
97	0.07327797408660665
98	0.08077418408895759
99	0.14027091400017813
100	0.11733274450692274
101	0.7712627042813435
102	0.8230036250150391
103	0.968055577146137
104	0.31583506350197205
105	0.29597901853584924
106	0.09656527406216149
107	0.08903724340857931
108	0.7967132492072909
109	0.8230036250150391
110	0.8782156365502402
111	0.1878732744065212
112	0.29597901853584924
113	0.12520412762878458
114	0.0876035794134446
115	0.746625162324361
116	0.585268037678983
117	0.746625162324361
118	0.22098538275893354
119	0.24757827243666986
120	0.8364723744993532
121	0.277371291338266
122	0.2004769386898946
123	0.2174271101239788
124	0.8782156365502402
125	0.6773349667878997
126	0.9371316004437338
127	0.26418730551764663
128	0.26851082552023625
129	0.9371316004437338
130	0.29121320991525945
131	0.2599334021689762
132	0.26418730551764663
133	0.22098538275893354
134	0.9838981538483189
135	0.9838981538483189
136	0.9371316004437338
137	0.5309525138815068
138	0.513991542262758
139	0.5758441417787838
140	0.746625162324361
141	0.01645837131413555
142	0.012288234154011063
143	0.9371316004437338
144	0.0034641831191915048
145	0.0035784961121798583
146	0.0018097003405784674
147	0.9838981538483189
148	0.01784991398793885
149	0.007927630713798603
150	0.010113261253784644
151	0.06331764666180291
152	1.0
153	0.10138426111191857
154	0.0050320794624388
155	0.029524436113288824
156	0.3107495359001547
157	0.3057458946813862
158	0.10304345090533458
159	0.09656527406216149
160	0.04963373414423629
161	0.03587400494469185
162	0.005546852487609676
163	0.01904739310838174
164	0.26418730551764663
165	0.8501615448994049
166	0.8097517472627768
167	0.0794735706037302
168	0.01874069491496012
169	0.00707610765039319
170	0.00832325067258896
171	0.9838981538483189
172	0.09197534264619843
173	0.04084874312373889
174	0.031505112088109015
175	0.07569604040982161
176	0.3425386759286075
177	0.968055577146137
178	0.9838981538483189
179	0.9838981538483189
180	0.6556978921951151
181	0.18484816784601354
182	0.04219669209919026
183	0.027222771645920248
184	0.07819389939674361
185	0.513991542262758
186	0.009026975134420856
187	0.017562497419084444
188	0.027222771645920248
189	0.17322705937262783
190	0.8925879504044915
191	0.585268037678983
192	0.8925879504044915
193	0.17322705937262783
194	0.04151724745489924
195	0.06867110513305663
196	0.06867110513305663
197	0.08077418408895759
198	0.11358461770179014
199	0.14256649781436911
200	0.35963270335588476
