1	0.9071954723294419
2	0.9071954723294419
3	0.9220420515895167
4	0.8230036250150508
5	0.7838846950415602
6	0.7346031188276403
7	0.6664286233595222
8	0.513991542262758
9	0.22827757824649536
10	0.4441271100328678
11	0.46629079995640094
12	0.8782156365502338
13	0.9071954723294419
14	0.9371316004437406
15	0.4095038717012285
16	0.9071954723294419
17	0.0370577948122046
18	0.015175310452307482
19	0.02551131956105572
20	0.0076743871260476935
21	0.02032520629905422
22	0.0021988971683392176
23	0.9838981538483328
24	0.0016417519552458459
25	0.002384812237737442
26	0.002851035264810493
27	0.2070923854195505
28	0.176061982325188
29	0.0358740049446916
30	0.020657835589543778
31	0.02032520629905422
32	0.0016686198147892288
33	0.8782156365502338
34	0.9838981538483328
35	0.9838981538483328
36	0.9838981538483328
37	1.0
38	0.9838981538483328
39	0.9838981538483328
40	0.005457537922228155
41	0.002897693479410694
42	0.01874069491496012
43	0.021339514049848227
44	0.08619300005539272
45	0.968055577146144
46	0.9838981538483328
47	0.9838981538483328
48	0.968055577146144
49	0.9838981538483328
50	0.07327797408660716
51	0.03361866366814549
52	0.030498699465507893
53	0.02858129504156406
54	0.0005101736581558181
55	0.015932618141390915
56	0.1972488898661471
57	0.9524680951766463
58	0.9524680951766463
59	0.9838981538483328
60	0.210481526578285
61	0.030498699465507893
62	0.029524436113289036
63	0.016727718463300126
64	0.0015637163575655455
65	0.004141419638950891
66	0.034728030561277046
67	0.9371316004437406
68	0.019047393108381876
69	0.02168874285044923
70	0.018142034232021265
71	0.018438935128663837
72	1.0
73	1.0
74	1.0
75	1.0
76	1.0
77	0.9838981538483328
78	0.9838981538483328
79	0.9838981538483328
80	0.0058236622472702445
81	0.022043686905619655
82	0.0015385376373511796
83	0.009477456704464872
84	0.9838981538483328
85	1.0
86	0.19407281858793804
87	0.0016686198147892288
88	0.0026717952406334006
89	0.005918968568537472
90	1.0
91	0.023907463729683512
92	0.006015834611932686
93	0.007076107650393189
94	0.006419412822152426
95	0.019359110527732544
96	0.0807741840889576
97	0.8097517472627709
98	0.25993340216897615
99	0.4369758436353341
100	0.4095038717012285
101	0.5574491330158786
102	0.2070923854195505
103	0.23966952741252573
104	0.16233655139003586
105	0.6347520014624387
106	0.22098538275893512
107	0.41620554942556054
108	0.13579004060925862
109	0.3715000583087311
110	0.513991542262758
111	0.6996860333005961
112	0.5852680376789788
113	0.5574491330158786
114	0.5574491330158786
115	0.7466251623243717
116	0.16769342093829856
117	0.3057458946813884
118	0.04651334071458728
119	0.3775797899972509
120	0.2773712913382699
121	0.566571988000515
122	0.6996860333005961
123	0.7712627042813435
124	0.5574491330158786
125	0.2819105719970956
126	0.2641873055176486
127	0.35384195289533016
128	0.5309525138815068
129	0.513991542262758
130	0.3775797899972509
131	0.3210038175868511
132	0.513991542262758
133	0.8097517472627709
134	0.5484731728386766
135	0.47392181612761314
136	0.45139540946973095
137	0.19407281858793804
138	0.30082282132372057
139	0.7466251623243717
140	0.6884197964379195
141	0.513991542262758
142	0.25162997965624895
143	0.1909478879208092
144	0.2435918051833991
145	0.2912132099152615
146	0.5948461590153712
147	0.6245313223904366
148	0.6556978921951199
149	0.5758441417787756
150	0.5948461590153712
151	0.5758441417787756
152	0.6996860333005961
153	0.5852680376789788
154	0.677334966787895
155	0.7346031188276403
156	0.7712627042813435
157	0.8782156365502338
158	0.39642250686331315
159	0.35384195289533016
160	0.331596475620944
161	0.41620554942556054
162	0.12933568132306
163	0.6347520014624387
164	0.24757827243666988
165	0.1314523061326923
166	0.0934805521145213
167	0.0807741840889576
168	0.07327797408660716
169	0.00346418311919153
170	0.0018097003405784802
171	0.001186616698822083
172	2.532182371629836e-05
173	8.959923554646298e-06
174	2.0174232448866305e-05
175	0.00031348906834405315
176	0.0005904276939048648
177	1.0
178	1.0
179	1.0
180	1.0
181	1.0
182	1.0
183	0.0005904276939048648
184	0.00031348906834405315
185	2.0174232448866305e-05
186	8.673703967878328e-06
187	2.4512932672073774e-05
188	0.0011675099792966342
189	0.0018097003405784802
190	0.00346418311919153
191	0.006631244087325165
192	0.011330268629776647
193	0.01967592931444537
194	0.04151724745489924
195	0.12933568132306
196	0.5396417421913038
197	0.5224031981891458
198	0.5224031981891458
199	0.4895605451959158
200	0.8364723744993591
