1	0.9371316004437404
2	0.968055577146144
3	0.9838981538483329
4	0.968055577146144
5	0.968055577146144
6	0.003299523896879449
7	0.0017236818362313378
8	0.002897693479410735
9	0.0012257733200817845
10	3.678253276172629e-05
11	0.0003034748409848094
12	1.9529778236767593e-05
13	2.187994833216978e-05
14	0.0013080055346563594
15	0.00014617706845573543
16	0.0010591597671173619
17	0.001839316735680622
18	0.01935911052773282
19	0.10995622264422979
20	1.0
21	1.0
22	1.0
23	1.0
24	0.10995622264422979
25	0.01935911052773282
26	0.001751890507660274
27	0.0010591597671173619
28	0.00014856930860576711
29	0.0013080055346563594
30	2.4512932672073953e-05
31	1.9529778236767593e-05
32	0.0003034748409848094
33	3.678253276172629e-05
34	0.0012257733200817845
35	0.0028510352648105338
36	0.0016417519552458693
37	0.003696581267296084
38	0.00707610765039319
39	0.010278768401209684
40	0.005198130749139036
41	0.01209037089818743
42	0.505715329525985
43	0.505715329525985
44	0.021339514049848227
45	0.010113261253784787
46	0.007927630713798602
47	0.009174704819918202
48	0.009790198959862228
49	0.037664258914665634
50	0.18787327440652257
51	0.5852680376789872
52	0.566571988000523
53	0.5396417421913039
54	0.5758441417787838
55	0.8640747434825137
56	0.9371316004437404
57	0.9838981538483329
58	0.9524680951766734
59	0.7466251623243612
60	0.8364723744993592
61	0.5948461590153712
62	0.15213071221465968
63	0.06435386265758218
64	0.055606547367959225
65	0.08619300005539396
66	0.2557479945175719
67	0.8230036250150508
68	1.0
69	0.9838981538483329
70	0.8782156365502465
71	0.4369758436353341
72	0.34814444420780405
73	0.3315964756209441
74	0.3715000583087364
75	0.4739218161276132
76	0.2819105719970996
77	0.5139915422627653
78	0.8097517472627825
79	0.566571988000523
80	0.4739218161276132
81	0.4299397258291169
82	0.31074953590015464
83	0.39642250686331326
84	0.699686033300596
85	0.9524680951766734
86	0.9838981538483329
87	0.9838981538483329
88	0.5396417421913039
89	0.505715329525985
90	0.968055577146144
91	0.7838846950415603
92	0.7967132492073022
93	0.7838846950415603
94	0.7967132492073022
95	0.7967132492073022
96	0.8097517472627825
97	0.9838981538483329
98	0.5309525138815143
99	0.4299397258291169
100	0.9524680951766734
101	0.9524680951766734
102	0.9371316004437404
103	0.9524680951766734
104	0.9371316004437404
105	0.9371316004437404
106	0.9371316004437404
107	0.5224031981891458
108	0.18787327440652257
109	0.0031941225103010837
110	0.002384812237737442
111	0.006850065475449526
112	0.005918968568537472
113	0.019047393108381876
114	0.01700147357515921
115	0.022404439747549302
116	0.008189230970777114
117	0.00479289514036664
118	0.010446984132459751
119	0.9838981538483329
120	0.7227746524257428
121	0.6884197964379195
122	0.6884197964379195
123	0.7111366461700487
124	0.9524680951766734
125	0.9838981538483329
126	0.2819105719970996
127	0.05838153282986846
128	0.037664258914665634
129	0.044302473030725924
130	0.9838981538483329
131	0.9838981538483329
132	0.005114431247540004
133	0.0037570771454724797
134	0.0026287744047199654
135	0.003246395470718147
136	0.0019000115066771348
137	0.0020606560225769396
138	0.005114431247540004
139	0.030997821620274816
140	0.1314523061326923
141	0.9838981538483329
142	0.968055577146144
143	0.7838846950415603
144	1.0
145	0.6773349667879046
146	1.0
147	1.0
148	0.9838981538483329
149	0.9838981538483329
150	0.8925879504044915
151	0.6556978921951199
152	0.9524680951766734
153	0.968055577146144
154	0.09814559940423298
155	0.01209037089818743
156	0.004141419638950891
157	0.0021634908644312827
158	0.003696581267296084
159	0.005546852487609716
160	0.004639788871308576
161	0.00294511527242631
162	0.0016417519552458693
163	1.0
164	1.0
165	0.045764390058400266
166	0.04358912142584617
167	0.06435386265758218
168	0.28652413961187284
169	0.8230036250150508
170	0.5309525138815143
171	0.5574491330158785
172	0.5484731728386766
173	0.7466251623243612
174	0.16233655139003358
175	0.018740694914960387
176	0.06331764666180337
177	0.2641873055176486
178	0.8640747434825137
179	1.0
180	0.8925879504044915
181	0.8925879504044915
182	0.7588439508744865
183	0.3900393726467363
184	0.15972263321475905
185	0.32625716018605594
186	0.4975723790934108
187	0.6451399456130125
188	0.9220420515895167
189	0.27737129133826993
190	0.1425664978143701
191	0.2685108255202363
192	0.8097517472627825
193	0.850161544899417
194	0.9838981538483329
195	0.9524680951766734
196	0.8364723744993592
197	0.2641873055176486
198	0.1314523061326923
199	0.17322705937263028
200	0.968055577146144
