1	1.0
2	0.8364723744993591
3	0.19724888986614988
4	0.00528320002309943
5	0.006114285902868104
6	0.014690543918280325
7	0.7967132492072908
8	0.8097517472627709
9	0.9524680951766463
10	1.0
11	0.8230036250150389
12	0.8230036250150389
13	0.8230036250150389
14	0.8230036250150389
15	0.8364723744993591
16	0.00591896856853743
17	0.015932618141390686
18	0.013545299253377087
19	0.23581040555488306
20	0.3775797899972509
21	0.47392181612760975
22	0.4587826572335554
23	0.746625162324361
24	0.585268037678987
25	0.5224031981891457
26	0.17322705937262906
27	0.20709238541955194
28	0.746625162324361
29	0.677334966787895
30	0.7967132492072908
31	0.342538675928605
32	0.4369758436353278
33	0.4299397258291138
34	0.4369758436353278
35	0.5224031981891457
36	0.5224031981891457
37	0.5484731728386688
38	0.8364723744993591
39	0.7712627042813326
40	0.7967132492072908
41	0.8097517472627709
42	0.8640747434825012
43	0.8782156365502464
44	0.3837590186752776
45	0.18187177108593688
46	0.03416884515602848
47	0.0015385376373511686
48	0.00151376434101598
49	0.0047928951403666395
50	1.0
51	0.24757827243667163
52	0.14489964968096242
53	0.1272531380804732
54	0.13145230613269226
55	0.26851082552023436
56	0.9838981538483188
57	1.0
58	0.9524680951766463
59	0.9371316004437404
60	0.9220420515895035
61	0.9071954723294418
62	0.9680555771461301
63	0.7838846950415601
64	0.1272531380804732
65	0.09975178733729258
66	0.12318811002814956
67	0.13145230613269226
68	0.17894329980857862
69	0.7588439508744758
70	0.05296346225090932
71	0.0547111792972134
72	0.10995622264422977
73	0.045764390058400266
74	0.0472745482168648
75	0.09656527406216081
76	0.22827757824649536
77	0.0686711051330571
78	0.07693483325865776
79	0.10995622264422977
80	0.176061982325188
81	0.6451399456130078
82	0.585268037678987
83	0.8230036250150389
84	0.4230169025093204
85	0.37150005830873367
86	0.3596327033558822
87	0.4299397258291138
88	0.7227746524257325
89	0.5484731728386688
90	0.6664286233595269
91	0.677334966787895
92	0.2557479945175664
93	0.3262571601860513
94	0.2435918051833956
95	0.18187177108593688
96	0.6347520014624433
97	0.8782156365502464
98	0.5224031981891457
99	0.5665719880005149
100	0.5574491330158785
101	0.9524680951766463
102	0.07447719441285122
103	0.06979493239667486
104	0.5396417421912961
105	0.3655182215245033
106	0.07693483325865776
107	0.40950387170122843
108	0.40950387170122843
109	0.14968112689163246
110	0.5665719880005149
111	0.5139915422627543
112	0.466290799956401
113	0.5139915422627543
114	0.11358461770178932
115	0.44412711003287103
116	0.0401910029464709
117	0.176061982325188
118	0.4230169025093204
119	0.746625162324361
120	0.27737129133826793
121	0.45139540946972445
122	0.5139915422627543
123	0.6451399456130078
124	0.239669527412524
125	0.21392613224755785
126	0.31583506350196977
127	0.9838981538483188
128	1.0
129	1.0
130	0.9220420515895035
131	0.7967132492072908
132	0.8097517472627709
133	0.14489964968096242
134	0.13579004060925665
135	0.07819389939674416
136	0.9371316004437404
137	0.6556978921951104
138	0.31583506350196977
139	0.16769342093829734
140	0.176061982325188
141	0.18484816784601485
142	0.5758441417787797
143	0.5224031981891457
144	0.5948461590153669
145	0.6144752151203867
146	0.585268037678987
147	0.677334966787895
148	0.4299397258291138
149	0.013112602486345002
150	0.02812108342598879
151	0.04963373414423629
152	0.6347520014624433
153	0.6347520014624433
154	0.13579004060925665
155	0.44412711003287103
156	0.9371316004437404
157	0.5948461590153669
158	0.1425664978143681
159	0.14727098441461417
160	0.45139540946972445
161	0.08480513362914895
162	0.16769342093829734
163	0.31583506350196977
164	0.14027091400017716
165	0.5224031981891457
166	0.5396417421912961
167	0.699686033300596
168	0.14968112689163246
169	0.13579004060925665
170	0.5224031981891457
171	0.2729051014782441
172	0.6245313223904276
173	0.25993340216897615
174	0.27737129133826793
175	0.3262571601860513
176	0.7227746524257325
177	0.8501615448994049
178	0.8501615448994049
179	0.8364723744993591
180	0.7838846950415601
181	0.4816777166152414
182	0.5057153295259778
183	0.5057153295259778
184	0.47392181612760975
185	0.7227746524257325
186	0.8501615448994049
187	0.8097517472627709
188	0.44412711003287103
189	0.27737129133826793
190	0.26851082552023436
191	0.3900393726467364
192	0.6556978921951104
193	0.677334966787895
194	0.8364723744993591
195	0.8230036250150389
196	0.5224031981891457
197	0.342538675928605
198	0.45139540946972445
199	0.6347520014624433
200	1.0
