1	0.6996860333005961
2	0.6664286233595221
3	0.7346031188276507
4	0.05651656845829406
5	0.007927630713798489
6	0.0029933131400918323
7	0.004141419638950832
8	0.008881624169591297
9	0.01209037089818743
10	0.02204368690561934
11	0.030997821620274812
12	0.06030803830703579
13	0.9524680951766599
14	0.9524680951766599
15	1.0
16	1.0
17	1.0
18	0.9838981538483189
19	0.9524680951766599
20	0.051271575016962036
21	0.017849913987938726
22	0.02510054021835723
23	0.012901465378461817
24	0.0038810552143591303
25	0.0012869442307717569
26	0.0003512136458956121
27	0.003092088110184961
28	0.1013842611119193
29	1.0
30	0.850161544899417
31	0.850161544899417
32	0.9220420515895167
33	0.9371316004437272
34	0.8230036250150391
35	0.8364723744993591
36	0.8364723744993591
37	0.12725313808047503
38	0.0012662220527620944
39	0.001668619814789229
40	0.002198897168339217
41	0.0005185228330395475
42	0.0076743871260476935
43	0.08480513362915017
44	0.017001473575159215
45	0.005729890533725346
46	0.004715720680195383
47	0.0024238405452939728
48	0.0016959273764898934
49	0.010278768401209684
50	0.40291010336057753
51	0.6556978921951105
52	1.0
53	1.0
54	0.5852680376789872
55	0.35384195289533515
56	0.009632558682416177
57	0.0020274756563298706
58	0.010617952774480096
59	0.002805128333603537
60	0.9371316004437272
61	0.9524680951766599
62	0.39642250686330754
63	0.4739218161276199
64	0.6884197964379097
65	0.05383022830539339
66	0.04883453939311235
67	0.052110652730085555
68	1.0
69	0.07819389939674362
70	0.04576439005840027
71	1.0
72	1.0
73	0.9680555771461439
74	0.9680555771461439
75	0.9680555771461439
76	0.0358740049446921
77	0.030498699465507897
78	0.00873861362363561
79	0.04019100294647119
80	0.21742711012398036
81	0.9220420515895167
82	0.8230036250150391
83	1.0
84	0.9838981538483189
85	0.9524680951766599
86	0.3210038175868557
87	0.4441271100328742
88	1.0
89	0.9680555771461439
90	1.0
91	0.011895693606067884
92	0.0008438466194897108
93	0.010617952774480096
94	0.010968329737619126
95	0.004419250868277018
96	0.0006000902548658376
97	0.010617952774480096
98	0.0013080055346563406
99	0.0021286546673816124
100	0.0047928951403666395
101	0.004419250868277018
102	0.015932618141390915
103	0.08343961441458082
104	1.0
105	1.0
106	0.9838981538483189
107	0.34253867592861237
108	0.2004769386898946
109	0.16233655139003128
110	0.21742711012398036
111	0.9371316004437272
112	1.0
113	0.9838981538483189
114	0.9838981538483189
115	0.9838981538483189
116	1.0
117	0.2819105719970956
118	0.22460188780169196
119	0.21048152657828798
120	0.37150005830873106
121	1.0
122	1.0
123	0.006214348384488035
124	0.0009608649452023631
125	4.3265345253976524e-05
126	0.0008438466194897108
127	0.0007058543855178155
128	0.022404439747548986
129	0.32625716018605594
130	0.3210038175868557
131	0.7227746524257325
132	1.0
133	0.9838981538483189
134	0.03150511208810857
135	0.0001534718792114744
136	0.0005101736581558181
137	0.0008037369822866172
138	4.2568693320997025e-05
139	0.0013080055346563406
140	0.01999793295422567
141	0.06647744631284419
142	0.9838981538483189
143	0.9838981538483189
144	0.9680555771461439
145	0.04651334071458728
146	0.07209806342155775
147	0.09049436982916054
148	0.024696375181437157
149	8.148628007745244e-05
150	2.1181006010625977e-05
151	0.0015137643410159801
152	7.513377685901219e-05
153	9.901083980761738e-05
154	0.03361866366814549
155	0.5574491330158786
156	1.0
157	1.0
158	1.0
159	0.5574491330158786
160	0.037664258914665634
161	0.00013698715011009559
162	0.00011458596672849179
163	0.0015137643410159801
164	2.1879948332169627e-05
165	8.837588257170863e-05
166	0.024696375181437157
167	0.9838981538483189
168	0.06331764666180248
169	0.03416884515602848
170	0.08343961441458082
171	0.0547111792972134
172	0.009632558682416177
173	0.0013080055346563406
174	4.3265345253976524e-05
175	0.0008037369822866172
176	0.0005101736581558181
177	0.00015598350155572518
178	0.012901465378461817
179	1.0
180	1.0
181	0.06229811565656851
182	0.32625716018605594
183	0.7967132492072909
184	0.16769342093829856
185	0.0003809084903342008
186	0.0008037369822866172
187	0.0006403479026656426
188	0.016193361151328214
189	0.021688742850449538
190	0.9371316004437272
191	0.9371316004437272
192	0.9371316004437272
193	1.0
194	0.009950419076984445
195	0.0011120160060804068
196	0.0021286546673816124
197	0.0017805608241138406
198	0.001206036106664975
199	0.1252041276287828
200	1.0
