1	0.9838981538483328
2	0.9838981538483328
3	0.9680555771461439
4	0.9838981538483328
5	0.9680555771461439
6	0.9838981538483328
7	0.7588439508744759
8	0.7466251623243612
9	0.7712627042813435
10	0.20047693868989458
11	0.12318811002815043
12	0.016458371314135432
13	0.011704150977755607
14	0.00873861362363561
15	0.0019627091166381557
16	0.0019311058764015462
17	0.0051144312475400406
18	0.022404439747549302
19	0.11544347070632022
20	0.9838981538483328
21	0.10472979393476875
22	0.00479289514036664
23	0.002503823749912748
24	0.0024635075651007446
25	0.0009453932456821843
26	0.0004628272327807099
27	0.0018694178137101955
28	0.0031426912410506386
29	0.00707610765039324
30	0.1676934209382962
31	0.9524680951766598
32	0.7466251623243612
33	0.6664286233595222
34	0.7227746524257427
35	0.6664286233595222
36	0.6347520014624478
37	0.5758441417787838
38	0.5852680376789873
39	0.9371316004437404
40	0.9838981538483328
41	0.9838981538483328
42	0.2557479945175719
43	0.2912132099152615
44	0.44412711003287414
45	0.6664286233595222
46	0.9524680951766598
47	0.9371316004437404
48	0.8782156365502465
49	0.8640747434825137
50	0.9524680951766598
51	0.9680555771461439
52	0.8501615448994049
53	0.7466251623243612
54	0.5396417421913038
55	0.3964225068633132
56	0.5139915422627653
57	0.9371316004437404
58	0.9838981538483328
59	0.9838981538483328
60	0.9371316004437404
61	0.9071954723294418
62	0.9220420515895167
63	0.9680555771461439
64	0.9220420515895167
65	0.9071954723294418
66	0.8925879504044913
67	0.7588439508744759
68	0.8364723744993591
69	0.8364723744993591
70	0.9838981538483328
71	0.9838981538483328
72	0.9680555771461439
73	0.9680555771461439
74	0.9680555771461439
75	0.9680555771461439
76	0.9838981538483328
77	0.9838981538483328
78	0.9838981538483328
79	0.5852680376789873
80	0.42301690250932045
81	0.3900393726467363
82	0.4299397258291168
83	0.47392181612761314
84	0.6556978921951199
85	0.14027091400017716
86	0.015423659850313087
87	0.0001242741223471932
88	3.619026607812806e-05
89	0.0011866166988220915
90	0.0026287744047199467
91	0.0007780620682611711
92	3.619026607812806e-05
93	0.0004859241323929804
94	5.794787992315236e-05
95	0.01189569360606805
96	0.0358740049446921
97	0.08343961441458082
98	0.9680555771461439
99	0.9680555771461439
100	0.9838981538483328
101	0.1030434509053353
102	0.0370577948122046
103	1.0
104	0.028121083425988992
105	0.004491573493650815
106	0.01700147357515921
107	1.0
108	1.0
109	0.9838981538483328
110	0.9838981538483328
111	0.015676073575284756
112	0.004009124378788922
113	0.028121083425988992
114	0.9524680951766598
115	0.08209608258032165
116	0.08343961441458082
117	0.0769348332586583
118	0.02635315591720863
119	0.002060656022576925
120	6.183537071603809e-05
121	0.0004859241323929804
122	3.619026607812806e-05
123	0.0007907953330514328
124	0.0026287744047199467
125	0.0011866166988220915
126	2.7912202484078224e-05
127	0.0005443991622033164
128	0.01619336115132821
129	0.176061982325188
130	0.9838981538483328
131	0.8364723744993591
132	0.7838846950415602
133	0.3057458946813884
134	0.2641873055176485
135	0.3315964756209441
136	0.34814444420780405
137	0.42301690250932045
138	0.5758441417787838
139	0.7967132492073021
140	0.7967132492073021
141	0.8501615448994049
142	0.8782156365502465
143	0.9838981538483328
144	0.9838981538483328
145	0.9680555771461439
146	0.9371316004437404
147	0.8782156365502465
148	0.8925879504044913
149	0.9680555771461439
150	0.9680555771461439
151	0.16233655139003356
152	0.011330268629776808
153	0.014453999040223764
154	0.01843893512866384
155	0.34814444420780405
156	0.2516299796562454
157	0.3775797899972509
158	0.9838981538483328
159	0.9838981538483328
160	0.9838981538483328
161	0.9838981538483328
162	0.3775797899972509
163	0.29597901853585135
164	0.27737129133826993
165	0.9838981538483328
166	0.026784434765055674
167	0.028581295041564064
168	0.04804821315291693
169	0.17894329980857993
170	0.9680555771461439
171	0.9220420515895167
172	0.9220420515895167
173	0.8925879504044913
174	0.8925879504044913
175	0.14968112689163354
176	0.0015137643410159801
177	0.0020274756563298706
178	0.0013294115143324037
179	4.1883258770264526e-05
180	0.0005443991622033164
181	0.0019627091166381557
182	0.0020943793974174054
183	0.0045650797047264505
184	0.10644373457266974
185	0.9838981538483328
186	0.11544347070632022
187	0.021688742850449538
188	0.004419250868277112
189	0.001441812238433832
190	0.002384812237737459
191	0.0021634908644312515
192	0.005546852487609716
193	0.029049038185277716
194	0.0010591597671173619
195	0.10472979393476875
196	0.7712627042813435
197	0.7588439508744759
198	0.9680555771461439
199	0.9838981538483328
200	0.9524680951766598
