1	0.9680555771461371
2	1.0
3	1.0
4	0.9838981538483259
5	0.9838981538483259
6	1.0
7	0.9838981538483259
8	0.8782156365502402
9	0.9524680951766598
10	0.020995908477665932
11	0.01935911052773268
12	0.031505112088109015
13	0.044302473030725605
14	0.9371316004437404
15	1.0
16	0.1789432998085799
17	0.9220420515895231
18	0.10818572446379317
19	0.06756537356313919
20	0.037057794812204864
21	0.023143753598939273
22	0.033077341117936136
23	0.836472374499359
24	0.7967132492073022
25	0.3837590186752804
26	0.31074953590015686
27	0.2685108255202363
28	0.34253867592860987
29	0.8501615448994049
30	0.8640747434825076
31	0.8097517472627767
32	0.8782156365502402
33	0.8925879504045041
34	0.12933568132306092
35	0.08619300005539333
36	0.08343961441458082
37	0.04358912142584586
38	0.035296367236227776
39	0.008459463654885667
40	0.009324852154700426
41	0.015932618141390915
42	0.017001473575159333
43	0.07693483325865776
44	0.25162997965624717
45	0.20375781569034312
46	0.11925293695084216
47	0.1425664978143691
48	0.24359180518339907
49	0.11925293695084216
50	0.8230036250150449
51	0.8640747434825076
52	0.9838981538483259
53	0.9371316004437404
54	0.9371316004437404
55	0.9371316004437404
56	0.23201342268367448
57	0.2104815265782865
58	0.2070923854195519
59	0.17606198232518924
60	0.030997821620274812
61	0.17606198232518924
62	0.836472374499359
63	0.836472374499359
64	0.9220420515895231
65	0.8782156365502402
66	0.8925879504045041
67	0.03828064801966494
68	0.052110652730085555
69	0.01874069491496012
70	0.008881624169591424
71	0.010113261253784716
72	0.005823662247270286
73	0.012489335512977758
74	0.022404439747548983
75	0.04651334071458728
76	0.16233655139003356
77	0.466290799956401
78	0.17606198232518924
79	0.18484816784601485
80	0.2104815265782865
81	0.40291010336058036
82	0.3057458946813862
83	0.0622981156565685
84	0.2004769386898946
85	0.17606198232518924
86	0.2819105719970976
87	0.9680555771461371
88	0.9371316004437404
89	0.9371316004437404
90	0.9524680951766598
91	0.9371316004437404
92	0.25162997965624717
93	0.1425664978143691
94	0.13801229332339157
95	0.566571988000519
96	0.45878265723356193
97	0.49757237909340724
98	0.2641873055176504
99	0.22460188780169513
100	0.41620554942555765
101	0.35963270335588476
102	0.699686033300596
103	0.8230036250150449
104	0.7967132492073022
105	0.8501615448994049
106	0.8925879504045041
107	0.9680555771461371
108	0.9680555771461371
109	0.9371316004437404
110	0.9371316004437404
111	0.7712627042813489
112	0.7588439508744811
113	0.7346031188276455
114	0.9524680951766598
115	0.9680555771461371
116	0.9838981538483259
117	0.5224031981891458
118	0.3715000583087337
119	0.34814444420780405
120	0.37757978999725356
121	0.47392181612761314
122	0.8501615448994049
123	0.8640747434825076
124	0.836472374499359
125	0.7967132492073022
126	0.6347520014624477
127	0.699686033300596
128	0.35384195289533515
129	0.2641873055176504
130	0.31583506350197205
131	0.06540703669975813
132	0.06331764666180291
133	0.5396417421913
134	0.5758441417787838
135	0.9524680951766598
136	0.746625162324361
137	0.4513954094697277
138	0.34814444420780405
139	0.37757978999725356
140	0.836472374499359
141	0.9071954723294483
142	0.9220420515895231
143	0.2139261322475594
144	0.12318811002815044
145	0.1676934209382986
146	0.6773349667878997
147	0.8782156365502402
148	0.8925879504045041
149	0.836472374499359
150	0.8640747434825076
151	0.8501615448994049
152	0.9680555771461371
153	0.9838981538483259
154	0.9220420515895231
155	0.8925879504045041
156	0.8925879504045041
157	0.8230036250150449
158	0.35384195289533515
159	0.3837590186752804
160	0.39642250686331315
161	0.8097517472627767
162	0.7838846950415602
163	0.5309525138815142
164	0.7111366461700487
165	0.22460188780169513
166	0.22460188780169513
167	0.19094788792081058
168	0.31583506350197205
169	0.9838981538483259
170	0.021339514049848227
171	0.01967592931444537
172	0.007076107650393239
173	0.006631244087325117
174	0.007309608887594927
175	0.031505112088109015
176	0.9220420515895231
177	0.9524680951766598
178	0.08343961441458082
179	0.029524436113288827
180	0.02904903818527751
181	0.02904903818527751
182	0.7838846950415602
183	0.6451399456130124
184	0.9524680951766598
185	0.8640747434825076
186	0.8501615448994049
187	0.9680555771461371
188	0.9680555771461371
189	0.9680555771461371
190	0.9838981538483259
191	0.9680555771461371
192	0.7838846950415602
193	0.9071954723294483
194	0.7712627042813489
195	0.9220420515895231
196	0.8097517472627767
197	0.8925879504045041
198	0.9838981538483259
199	0.9371316004437404
200	0.9680555771461371
