1	0.7967132492072908
2	0.7967132492072908
3	0.8925879504044913
4	0.9838981538483048
5	0.9838981538483048
6	0.9838981538483048
7	0.5852680376789788
8	0.36551822152449814
9	0.39003937264673083
10	0.907195472329429
11	0.3837590186752749
12	0.2037578156903402
13	0.23581040555487973
14	0.2865241396118647
15	0.5665719880005069
16	0.37757978999724556
17	0.3158350635019653
18	0.9838981538483048
19	0.02168874285044923
20	0.0034641831191914553
21	0.0008302591310470595
22	0.008459463654885487
23	1.0
24	0.9838981538483048
25	0.9680555771461301
26	1.0
27	0.005114431247540003
28	0.004715720680195249
29	0.017279708787602925
30	0.04804821315291556
31	0.9680555771461301
32	0.07693483325865612
33	0.09049436982916052
34	0.22098538275893193
35	0.08903724340857806
36	0.11544347070631693
37	0.7712627042813326
38	0.7346031188276297
39	0.6664286233595222
40	0.9220420515895036
41	0.9524680951766462
42	0.29121320991525734
43	0.3210038175868511
44	0.4299397258291108
45	0.3315964756209393
46	0.5224031981891384
47	0.6996860333005861
48	0.6884197964379
49	0.7111366461700385
50	0.9680555771461301
51	0.9371316004437271
52	0.9524680951766462
53	0.907195472329429
54	0.907195472329429
55	0.03587400494469108
56	0.019359110527732544
57	0.10818572446379085
58	0.1314523061326904
59	0.10138426111191785
60	0.004792895140366606
61	0.042196692099189664
62	0.1472709844146121
63	0.22460188780169194
64	0.9371316004437271
65	0.9680555771461301
66	0.9524680951766462
67	0.9220420515895036
68	0.7967132492072908
69	0.8230036250150272
70	0.8364723744993591
71	0.8364723744993591
72	0.3315964756209393
73	0.24757827243666988
74	0.3425386759286026
75	0.9371316004437271
76	0.1099562226442282
77	0.12120455403275907
78	0.7111366461700385
79	0.6996860333005861
80	0.9220420515895036
81	0.08619300005539149
82	0.06867110513305615
83	0.08077418408895645
84	0.9838981538483048
85	0.35963270335587966
86	0.9371316004437271
87	0.25574799451756464
88	0.23581040555487973
89	0.3210038175868511
90	0.9680555771461301
91	0.9680555771461301
92	0.18787327440651988
93	0.004715720680195249
94	0.007309608887594824
95	0.04883453939311236
96	0.3057458946813797
97	0.8364723744993591
98	0.7466251623243612
99	0.24757827243666988
100	0.9680555771461301
101	0.9371316004437271
102	0.9524680951766462
103	0.9680555771461301
104	0.9524680951766462
105	0.9680555771461301
106	0.8640747434825014
107	0.5948461590153626
108	0.9838981538483048
109	0.809751747262771
110	0.17322705937262536
111	0.025928821455018472
112	0.024298717947761457
113	0.03529636723622752
114	0.018438935128663705
115	0.809751747262771
116	0.22460188780169194
117	0.13579004060925667
118	0.15462038588001104
119	0.8925879504044913
120	0.15462038588001104
121	0.8640747434825014
122	0.029524436113288616
123	0.009026975134420792
124	0.05044600800408382
125	0.8364723744993591
126	0.8230036250150272
127	0.783884695041549
128	0.2396695274125223
129	0.11925293695084047
130	0.7967132492072908
131	0.27737129133826594
132	0.18187177108593688
133	0.12933568132305814
134	0.8230036250150272
135	0.9524680951766462
136	0.9680555771461301
137	0.9680555771461301
138	0.9680555771461301
139	0.1760619823251855
140	0.20047693868989175
141	0.9371316004437271
142	0.6996860333005861
143	0.7227746524257325
144	0.7466251623243612
145	0.8230036250150272
146	0.8501615448993927
147	0.07693483325865612
148	0.09197534264619776
149	0.9524680951766462
150	0.9838981538483048
151	0.9838981538483048
152	0.9680555771461301
153	0.8782156365502214
154	0.29121320991525734
155	0.23581040555487973
156	0.2959790185358472
157	0.8230036250150272
158	0.09975178733729188
159	0.03307734111793543
160	0.019359110527732544
161	0.1099562226442282
162	0.14256649781436606
163	0.1496811268916314
164	0.8782156365502214
165	0.06647744631284325
166	0.05383022830539186
167	0.08343961441457963
168	0.5057153295259705
169	0.5758441417787755
170	0.5948461590153626
171	0.9838981538483048
172	0.8230036250150272
173	0.5758441417787755
174	0.758843950874465
175	0.8501615448993927
176	0.07819389939674361
177	0.31074953590015464
178	0.09049436982916052
179	0.09975178733729188
180	0.8230036250150272
181	0.9838981538483048
182	0.9838981538483048
183	0.9838981538483048
184	0.9371316004437271
185	0.7967132492072908
186	0.481677716615238
187	0.2516299796562454
188	0.26418730551764474
189	0.4299397258291108
190	0.19724888986614708
191	0.7967132492072908
192	0.9220420515895036
193	0.9524680951766462
194	0.9680555771461301
195	0.907195472329429
196	0.21742711012397728
197	0.21742711012397728
198	0.34814444420780405
199	0.783884695041549
200	0.9838981538483048
