1	0.6664286233595221
2	0.5139915422627507
3	0.5057153295259778
4	0.5852680376789872
5	0.8640747434825012
6	0.47392181612761314
7	0.34814444420780405
8	0.45139540946972445
9	0.29597901853584924
10	0.15462038588001212
11	0.18787327440651988
12	0.5057153295259778
13	0.7466251623243612
14	0.7227746524257324
15	0.6245313223904277
16	0.7346031188276402
17	0.11358461770178932
18	0.10304345090533458
19	0.09049436982916118
20	0.3370231708678045
21	0.3655182215245033
22	0.466290799956401
23	0.40950387170122843
24	0.6884197964379
25	0.9524680951766463
26	0.9680555771461301
27	0.9680555771461301
28	0.9680555771461301
29	0.9680555771461301
30	0.23201342268367284
31	0.22827757824649533
32	0.5948461590153626
33	0.823003625015039
34	0.6045810297425013
35	0.5309525138815068
36	0.49757237909340374
37	0.10138426111191784
38	0.03049869946550789
39	0.5057153295259778
40	0.9838981538483189
41	0.9524680951766463
42	0.48956054519592274
43	0.14968112689163246
44	0.3775797899972509
45	0.305745894681384
46	0.5224031981891458
47	0.6884197964379
48	0.5758441417787756
49	0.47392181612761314
50	0.614475215120391
51	0.239669527412524
52	0.35963270335588227
53	0.8640747434825012
54	0.7466251623243612
55	0.7838846950415602
56	0.2865241396118667
57	0.44412711003286787
58	0.5139915422627507
59	0.8640747434825012
60	0.5309525138815068
61	0.5948461590153626
62	0.9071954723294418
63	0.9680555771461301
64	0.5574491330158785
65	0.5057153295259778
66	0.8925879504044915
67	0.9838981538483189
68	0.7838846950415602
69	0.6664286233595221
70	0.16769342093829617
71	0.26418730551764663
72	0.35384195289533266
73	0.2557479945175664
74	0.48956054519592274
75	0.6451399456130033
76	0.5948461590153626
77	0.7227746524257324
78	1.0
79	0.5139915422627507
80	0.18484816784601482
81	0.176061982325188
82	0.18484816784601482
83	0.29121320991526145
84	0.9838981538483189
85	0.09501039487561765
86	0.20375781569034018
87	0.836472374499359
88	0.5139915422627507
89	0.6996860333005961
90	0.7346031188276402
91	0.9838981538483189
92	0.9371316004437404
93	0.8501615448994048
94	0.8640747434825012
95	0.8782156365502464
96	0.7967132492072908
97	0.8640747434825012
98	0.15715080394779135
99	0.07569604040982106
100	0.823003625015039
101	0.11544347070631938
102	0.03646109590141791
103	0.07569604040982106
104	0.07327797408660716
105	0.06979493239667486
106	0.3655182215245033
107	0.45139540946972445
108	0.1972488898661485
109	0.2773712913382679
110	0.1972488898661485
111	0.052963462250909324
112	0.013992274382953326
113	0.0045650797047264505
114	0.008323250672588899
115	0.2557479945175664
116	0.9680555771461301
117	0.9838981538483189
118	0.6451399456130033
119	0.305745894681384
120	0.07947357060372963
121	0.06331764666180247
122	0.32100381758685337
123	0.8640747434825012
124	0.8925879504044915
125	0.8925879504044915
126	0.8640747434825012
127	0.8925879504044915
128	1.0
129	0.9838981538483189
130	0.16769342093829617
131	0.05383022830539225
132	0.015932618141390686
133	0.07327797408660716
134	0.836472374499359
135	0.9071954723294418
136	0.7227746524257324
137	0.9371316004437404
138	0.9838981538483189
139	0.11544347070631938
140	0.11358461770178932
141	0.10472979393476875
142	0.1293356813230609
143	0.07819389939674361
144	0.4299397258291108
145	0.8925879504044915
146	0.9220420515895035
147	0.4299397258291108
148	0.23581040555488306
149	0.21048152657828498
150	0.8501615448994048
151	0.8925879504044915
152	0.23201342268367284
153	0.11175569566235838
154	0.11358461770178932
155	0.09814559940423298
156	0.15715080394779135
157	0.45139540946972445
158	0.677334966787895
159	0.7346031188276402
160	0.8925879504044915
161	0.8925879504044915
162	0.9524680951766463
163	0.9680555771461301
164	0.9524680951766463
165	0.8501615448994048
166	0.8097517472627709
167	0.823003625015039
168	0.9220420515895035
169	0.8925879504044915
170	0.7111366461700386
171	0.5396417421912961
172	0.5852680376789872
173	0.677334966787895
174	0.6884197964379
175	0.6245313223904277
176	0.29597901853584924
177	0.6664286233595221
178	0.9371316004437404
179	0.305745894681384
180	0.13579004060925667
181	0.24757827243667163
182	0.176061982325188
183	0.0330773411179359
184	0.7227746524257324
185	0.7712627042813325
186	0.7838846950415602
187	0.9524680951766463
188	0.823003625015039
189	0.09975178733729258
190	0.09814559940423298
191	0.005823662247270204
192	0.21048152657828498
193	0.23581040555488306
194	0.8640747434825012
195	0.9838981538483189
196	0.41620554942555466
197	0.7466251623243612
198	0.7346031188276402
199	0.9071954723294418
200	1.0
