1	0.8925879504044915
2	0.08619300005539272
3	0.0104469841324596
4	0.025928821455018475
5	0.9838981538483188
6	0.010968329737619282
7	0.012288234154010974
8	0.09348055211451999
9	1.0
10	0.8782156365502465
11	0.7712627042813435
12	0.9220420515895167
13	0.9220420515895167
14	0.9524680951766598
15	0.9220420515895167
16	0.9071954723294546
17	0.9220420515895167
18	0.9071954723294546
19	0.8364723744993591
20	0.7712627042813435
21	0.9680555771461439
22	0.8364723744993591
23	0.055606547367958434
24	0.04219669209919026
25	0.08343961441458081
26	0.16233655139003356
27	0.047274548216865483
28	0.10818572446379238
29	1.0
30	0.9680555771461439
31	1.0
32	0.9220420515895167
33	0.9838981538483188
34	0.9371316004437404
35	0.585268037678987
36	0.5758441417787837
37	0.5665719880005149
38	1.0
39	0.7838846950415602
40	1.0
41	0.9838981538483188
42	0.585268037678987
43	0.5309525138815067
44	0.9524680951766598
45	1.0
46	1.0
47	0.5948461590153626
48	0.15213071221465965
49	0.0547111792972134
50	0.49757237909340374
51	0.9524680951766598
52	0.7967132492072908
53	0.5574491330158785
54	0.21742711012398036
55	0.059336967552507044
56	0.41620554942555466
57	0.7967132492072908
58	0.7712627042813435
59	0.5396417421913038
60	0.4299397258291169
61	0.6996860333005961
62	0.22460188780169513
63	0.3837590186752804
64	0.0290490381852773
65	0.03766425891466563
66	0.1336035702664378
67	0.614475215120391
68	0.8230036250150389
69	0.6996860333005961
70	0.3596327033558848
71	0.513991542262758
72	0.8640747434825136
73	0.9680555771461439
74	0.505715329525985
75	0.43697584363533404
76	0.35384195289533515
77	0.32100381758685564
78	0.3837590186752804
79	0.7967132492072908
80	0.4230169025093204
81	0.5224031981891457
82	0.5396417421913038
83	0.23581040555488306
84	0.4299397258291169
85	0.1336035702664378
86	0.513991542262758
87	0.5574491330158785
88	0.513991542262758
89	0.2037578156903431
90	0.01784991398793898
91	0.03587400494469159
92	0.5574491330158785
93	0.48956054519592274
94	0.009632558682416177
95	0.12933568132305998
96	0.013112602486345095
97	0.01999793295422595
98	0.4739218161276131
99	0.8501615448994049
100	0.8640747434825136
101	0.8501615448994049
102	0.4299397258291169
103	0.04019100294647118
104	0.08077418408895759
105	0.43697584363533404
106	0.5396417421913038
107	0.27737129133826594
108	0.37150005830873106
109	0.21048152657828498
110	0.2209853827589351
111	0.6245313223904277
112	0.48956054519592274
113	0.41620554942555466
114	0.4029101033605832
115	0.41620554942555466
116	0.4299397258291169
117	0.04084874312373918
118	0.48167771661524483
119	0.505715329525985
120	0.7838846950415602
121	0.9838981538483188
122	0.9838981538483188
123	0.9838981538483188
124	0.8640747434825136
125	0.18187177108593947
126	0.23581040555488306
127	0.24757827243666986
128	0.08077418408895759
129	0.11544347070631858
130	0.6245313223904277
131	0.8782156365502465
132	0.4739218161276131
133	0.45139540946973084
134	0.0612950009827268
135	0.1425664978143681
136	0.11925293695084214
137	0.15972263321475677
138	0.14968112689163354
139	0.45878265723355866
140	0.6045810297425099
141	0.24757827243666986
142	0.038907124553427985
143	0.02858129504156406
144	0.14027091400017713
145	0.10818572446379238
146	0.0067397667750349905
147	0.020657835589543774
148	0.8501615448994049
149	0.8501615448994049
150	0.8501615448994049
151	0.8501615448994049
152	0.24359180518339907
153	0.23201342268367284
154	0.25574799451756824
155	0.8782156365502465
156	0.8097517472627824
157	0.8230036250150389
158	0.8782156365502465
159	1.0
160	0.9838981538483188
161	0.9838981538483188
162	0.9680555771461439
163	0.33702317086780925
164	0.11358461770179093
165	0.27737129133826594
166	0.9220420515895167
167	0.9071954723294546
168	0.9524680951766598
169	0.9371316004437404
170	0.8925879504044915
171	0.04502749889045438
172	0.04651334071458662
173	0.05744148237014341
174	0.06331764666180337
175	0.07819389939674361
176	0.14968112689163354
177	0.3775797899972562
178	0.9220420515895167
179	0.9220420515895167
180	0.5665719880005149
181	0.09814559940423298
182	0.09348055211451999
183	0.08760357941344458
184	0.34253867592860743
185	0.0547111792972134
186	0.5309525138815067
187	0.513991542262758
188	0.5309525138815067
189	0.19724888986614988
190	0.5484731728386688
191	0.43697584363533404
192	0.1357900406092586
193	0.513991542262758
194	0.1909478879208092
195	0.11733274450692356
196	0.11175569566235917
197	0.513991542262758
198	0.5758441417787837
199	0.9838981538483188
200	0.9680555771461439
