1	0.9838981538483189
2	0.21392613224755938
3	0.06129500098272637
4	0.030498699465507893
5	0.031505112088109015
6	0.03472803056127679
7	0.03202070454638309
8	0.07569604040982161
9	0.26851082552023625
10	0.25162997965624717
11	0.29121320991525945
12	0.35384195289533266
13	0.8097517472627768
14	0.9680555771461371
15	1.0
16	0.9838981538483189
17	0.9371316004437338
18	0.9524680951766599
19	0.8364723744993532
20	0.31583506350196755
21	0.2599334021689762
22	0.07209806342155774
23	0.14489964968096344
24	0.5309525138815068
25	0.5574491330158785
26	0.8364723744993532
27	0.9371316004437338
28	0.9371316004437338
29	0.9680555771461371
30	0.8640747434825075
31	0.14727098441461314
32	0.15462038588001104
33	0.19407281858793526
34	0.0997517873372933
35	0.8364723744993532
36	0.02168874285044923
37	0.057441482370143
38	0.07327797408660665
39	0.5057153295259813
40	0.49757237909340374
41	0.05471117929721301
42	0.09814559940423229
43	0.13801229332339157
44	0.9838981538483189
45	0.9524680951766599
46	0.9524680951766599
47	1.0
48	0.9838981538483189
49	1.0
50	0.08343961441458082
51	0.0050320794624388
52	0.05211065273008481
53	0.013992274382953427
54	0.07093715149651017
55	0.06030803830703579
56	0.038280648019664666
57	0.7967132492072908
58	0.04219669209919026
59	0.006214348384488079
60	0.007429233258548984
61	0.08343961441458082
62	1.0
63	1.0
64	0.15972263321475677
65	0.011147830387442844
66	0.005283200023099469
67	0.037664258914665634
68	0.04883453939311236
69	0.05933696755250663
70	0.09348055211451999
71	0.10818572446379239
72	0.0997517873372933
73	0.12318811002814956
74	0.04651334071458662
75	0.04288725609875994
76	0.7712627042813435
77	0.7712627042813435
78	0.7712627042813435
79	0.7712627042813435
80	0.7712627042813435
81	0.7967132492072908
82	0.2641873055176467
83	0.11175569566235917
84	0.23201342268367284
85	0.23581040555488142
86	0.22827757824649697
87	0.39003937264673355
88	0.3964225068633104
89	0.40291010336058036
90	0.3964225068633104
91	0.37757978999725356
92	0.20709238541955047
93	0.23201342268367284
94	0.13801229332339157
95	0.5574491330158785
96	0.24757827243666988
97	0.09049436982916181
98	0.17043778391330286
99	0.6451399456130124
100	0.7588439508744812
101	0.746625162324361
102	0.7967132492072908
103	0.4299397258291169
104	0.4587826572335587
105	0.466290799956401
106	0.5396417421913
107	1.0
108	0.9524680951766599
109	0.08077418408895759
110	0.13579004060925765
111	0.1336035702664378
112	1.0
113	0.9371316004437338
114	0.8097517472627768
115	0.9524680951766599
116	0.9838981538483189
117	0.9838981538483189
118	0.9838981538483189
119	0.9838981538483189
120	0.6664286233595221
121	0.9838981538483189
122	0.9680555771461371
123	0.11925293695084216
124	0.13579004060925765
125	0.22827757824649697
126	0.9680555771461371
127	0.6556978921951152
128	0.34814444420780405
129	0.33159647562093936
130	0.3262571601860536
131	0.3262571601860536
132	0.33702317086780686
133	0.9220420515895166
134	0.8364723744993532
135	0.7712627042813435
136	0.7588439508744812
137	0.9071954723294483
138	0.8925879504044915
139	0.6347520014624477
140	0.614475215120391
141	0.20375781569034165
142	0.37757978999725356
143	0.9838981538483189
144	0.8364723744993532
145	0.823003625015039
146	0.8501615448994048
147	0.9680555771461371
148	0.6045810297425057
149	0.585268037678983
150	0.9220420515895166
151	0.9524680951766599
152	0.9220420515895166
153	0.8097517472627768
154	0.7838846950415547
155	0.6347520014624477
156	0.5224031981891422
157	0.8501615448994048
158	0.2104815265782835
159	0.26851082552023625
160	0.3057458946813862
161	0.27737129133826594
162	0.06867110513305663
163	0.37150005830873106
164	0.7712627042813435
165	1.0
166	0.9071954723294483
167	0.823003625015039
168	0.8925879504044915
169	0.9371316004437338
170	0.9220420515895166
171	0.9220420515895166
172	0.9220420515895166
173	0.8925879504044915
174	0.6245313223904233
175	0.5309525138815068
176	0.4587826572335587
177	0.6773349667878996
178	0.5309525138815068
179	0.6045810297425057
180	0.6045810297425057
181	0.7111366461700385
182	0.9680555771461371
183	1.0
184	0.7838846950415547
185	0.7588439508744812
186	0.6884197964379097
187	0.7588439508744812
188	0.823003625015039
189	0.10304345090533458
190	0.0050320794624388
191	0.004951053693111576
192	0.9838981538483189
193	0.0011120160060804065
194	0.013545299253376991
195	0.05127157501696167
196	0.20709238541955047
197	1.0
198	0.9838981538483189
199	1.0
200	1.0
