1	0.9371316004437271
2	0.9220420515895035
3	0.3107495359001502
4	0.16233655139003125
5	0.09814559940423159
6	0.5396417421912961
7	0.5396417421912961
8	0.4299397258291107
9	0.3964225068633103
10	0.37757978999724817
11	0.2599334021689725
12	0.699686033300586
13	0.21742711012397725
14	0.2475782724366681
15	0.9371316004437271
16	0.9680555771461301
17	0.04883453939311166
18	0.05560654736795804
19	0.052963462250908956
20	0.07209806342155724
21	0.2516299796562454
22	0.4230169025093174
23	0.30574589468138186
24	0.3964225068633103
25	0.15972263321475563
26	0.019359110527732405
27	0.11925293695084131
28	0.11925293695084131
29	0.010791719379642996
30	0.8230036250150332
31	0.481677716615238
32	0.481677716615238
33	0.9071954723294354
34	0.9838981538483119
35	0.9838981538483119
36	0.9680555771461301
37	0.5057153295259741
38	0.08619300005539211
39	0.5665719880005109
40	0.07693483325865666
41	0.06756537356313776
42	0.2819105719970936
43	0.5396417421912961
44	0.4299397258291107
45	0.3837590186752776
46	0.04288725609875933
47	0.05044600800408381
48	0.07569604040982107
49	0.3481444442077991
50	0.3370231708678045
51	0.3481444442077991
52	0.39003937264673083
53	0.46629079995639433
54	0.5574491330158706
55	0.4369758436353247
56	0.4162055494255487
57	0.37150005830872584
58	0.36551822152450075
59	0.3481444442077991
60	0.31583506350196755
61	0.46629079995639433
62	0.2729051014782421
63	0.4739218161276097
64	0.5574491330158706
65	0.39003937264673083
66	0.8097517472627652
67	0.9371316004437271
68	0.6773349667878901
69	0.6245313223904189
70	0.7466251623243505
71	0.8640747434825014
72	0.6451399456130031
73	0.6556978921951058
74	0.5665719880005109
75	0.3481444442077991
76	0.3538419528953326
77	0.39003937264673083
78	0.4230169025093174
79	0.7227746524257325
80	0.7967132492072908
81	0.5665719880005109
82	0.6347520014624433
83	0.9680555771461301
84	0.3596327033558797
85	0.22098538275893037
86	0.2557479945175664
87	0.7588439508744703
88	0.7712627042813325
89	0.9371316004437271
90	0.8782156365502277
91	0.33159647562093697
92	0.16499324727369746
93	0.11925293695084131
94	0.4739218161276097
95	0.2599334021689725
96	0.3481444442077991
97	0.16499324727369746
98	0.05211065273008481
99	0.12318811002814782
100	0.2557479945175664
101	0.342538675928605
102	0.4739218161276097
103	0.9071954723294354
104	0.3210038175868511
105	0.3107495359001502
106	0.8501615448993988
107	0.8097517472627652
108	0.8364723744993472
109	0.9524680951766462
110	0.6556978921951058
111	0.481677716615238
112	0.12120455403275908
113	0.08619300005539211
114	0.07693483325865666
115	0.5139915422627507
116	0.46629079995639433
117	0.7111366461700386
118	0.9838981538483119
119	0.9524680951766462
120	0.9071954723294354
121	0.7588439508744703
122	0.7838846950415435
123	0.4369758436353247
124	0.37757978999724817
125	0.5574491330158706
126	0.9371316004437271
127	0.9524680951766462
128	0.9371316004437271
129	0.9220420515895035
130	0.7346031188276351
131	0.009477456704464737
132	0.006524468815236764
133	0.02390746372968334
134	0.012693727967806401
135	0.024298717947761284
136	0.024696375181436976
137	0.02812108342598859
138	0.035296367236227526
139	0.9838981538483119
140	0.9838981538483119
141	1.0
142	1.0
143	1.0
144	1.0
145	0.9838981538483119
146	0.04358912142584493
147	0.014690543918280223
148	0.006419412822152334
149	0.00206065602257691
150	0.0009151932040789136
151	0.0024238405452939554
152	0.004792895140366571
153	0.017279708787602925
154	0.9220420515895035
155	0.6884197964379
156	0.5484731728386649
157	0.48956054519591224
158	0.7111366461700386
159	0.6144752151203867
160	0.6664286233595221
161	0.6773349667878901
162	0.9071954723294354
163	0.4739218161276097
164	0.09197534264619711
165	0.10472979393476875
166	0.5574491330158706
167	0.6884197964379
168	0.9838981538483119
169	0.9371316004437271
170	0.7967132492072908
171	0.7838846950415435
172	0.3262571601860513
173	0.48956054519591224
174	0.36551822152450075
175	0.7967132492072908
176	0.6773349667878901
177	0.5758441417787755
178	0.5484731728386649
179	0.8364723744993472
180	0.9371316004437271
181	0.7227746524257325
182	0.1496811268916314
183	0.2685108255202325
184	0.9524680951766462
185	0.9680555771461301
186	0.9838981538483119
187	0.4095038717012256
188	0.4095038717012256
189	0.7588439508744703
190	0.9524680951766462
191	0.9071954723294354
192	0.8097517472627652
193	0.4441271100328678
194	0.5484731728386649
195	0.9220420515895035
196	0.9071954723294354
197	0.9371316004437271
198	0.9680555771461301
199	0.9680555771461301
200	1.0
