1	0.8364723744993531
2	0.5758441417787797
3	0.5309525138815068
4	0.48167771661524145
5	0.12120455403275994
6	0.14027091400017813
7	0.08480513362914895
8	0.8364723744993531
9	0.566571988000515
10	0.47392181612761314
11	0.7111366461700437
12	0.2819105719970956
13	0.36551822152450597
14	0.47392181612761314
15	0.29597901853584924
16	0.305745894681384
17	0.9371316004437339
18	0.17322705937262783
19	0.19724888986614852
20	0.24757827243666988
21	0.9838981538483189
22	0.952468095176653
23	0.9071954723294418
24	0.8782156365502402
25	0.8782156365502402
26	0.9071954723294418
27	0.92204205158951
28	0.9071954723294418
29	0.9071954723294418
30	0.9071954723294418
31	0.9680555771461301
32	0.8782156365502402
33	0.8640747434825076
34	0.8925879504044915
35	0.3900393726467336
36	0.29597901853584924
37	0.3262571601860536
38	0.9838981538483189
39	0.436975843635331
40	0.92204205158951
41	0.952468095176653
42	0.9838981538483189
43	0.9371316004437339
44	0.3425386759286075
45	0.9371316004437339
46	0.2819105719970956
47	0.21392613224755788
48	0.3900393726467336
49	0.9838981538483189
50	0.9680555771461301
51	0.8782156365502402
52	0.8501615448993989
53	0.8640747434825076
54	0.9680555771461301
55	0.21392613224755788
56	0.023907463729683512
57	0.04502749889045406
58	0.9371316004437339
59	0.952468095176653
60	0.9680555771461301
61	0.9838981538483189
62	0.1940728185879353
63	0.19724888986614852
64	0.29121320991525945
65	0.7967132492072908
66	0.6884197964379049
67	0.7111366461700437
68	0.7227746524257325
69	0.677334966787895
70	0.823003625015039
71	1.0
72	0.2729051014782441
73	0.08480513362914895
74	0.060308038307035364
75	0.059336967552506205
76	0.014221262971401432
77	0.010617952774480022
78	0.7227746524257325
79	0.4299397258291138
80	0.6664286233595222
81	0.239669527412524
82	0.11544347070631857
83	0.014930959938100428
84	0.004871332588256381
85	0.0876035794134446
86	0.10995622264422901
87	0.01027876840120961
88	0.09197534264619843
89	0.9680555771461301
90	0.035296367236227776
91	0.006316048424505998
92	0.03766425891466536
93	1.0
94	0.08077418408895702
95	0.022771096439116734
96	0.001395754378613407
97	0.014221262971401432
98	0.9838981538483189
99	0.6884197964379049
100	1.0
101	1.0
102	1.0
103	1.0
104	0.9838981538483189
105	0.9838981538483189
106	0.6884197964379049
107	1.0
108	0.02510054021835705
109	0.01700147357515921
110	0.019675929314445232
111	0.08209608258032106
112	0.05383022830539225
113	0.038907124553427985
114	0.06867110513305663
115	0.0981455994042323
116	0.06129500098272636
117	0.14727098441461314
118	0.13579004060925667
119	0.01248933551297767
120	0.019675929314445232
121	0.03202070454638309
122	0.1081857244637924
123	0.7227746524257325
124	0.5396417421912962
125	0.823003625015039
126	0.8782156365502402
127	0.9838981538483189
128	0.06756537356313823
129	0.06129500098272636
130	0.06129500098272636
131	0.033618663668145254
132	0.060308038307035364
133	0.2641873055176467
134	0.9838981538483189
135	0.9838981538483189
136	0.8925879504044915
137	0.9371316004437339
138	0.9371316004437339
139	0.9371316004437339
140	0.9371316004437339
141	0.92204205158951
142	0.9371316004437339
143	0.1496811268916325
144	0.030007614098887928
145	0.029524436113288616
146	0.7227746524257325
147	0.022043686905619343
148	0.013766972933526902
149	0.677334966787895
150	0.2282775782464954
151	0.46629079995639766
152	0.47392181612761314
153	0.8364723744993531
154	0.7346031188276403
155	0.7838846950415547
156	0.5574491330158785
157	0.3900393726467336
158	0.42301690250932045
159	0.7588439508744758
160	0.7588439508744758
161	0.8640747434825076
162	0.9071954723294418
163	0.9371316004437339
164	0.952468095176653
165	0.8640747434825076
166	0.8640747434825076
167	0.809751747262771
168	0.8640747434825076
169	0.8925879504044915
170	0.92204205158951
171	0.8782156365502402
172	0.8782156365502402
173	0.8925879504044915
174	0.8640747434825076
175	0.9071954723294418
176	0.9838981538483189
177	0.8640747434825076
178	0.8364723744993531
179	0.8501615448993989
180	0.8640747434825076
181	0.8925879504044915
182	0.7346031188276403
183	0.7346031188276403
184	0.809751747262771
185	0.823003625015039
186	1.0
187	1.0
188	0.9838981538483189
189	0.7466251623243612
190	0.7466251623243612
191	0.6664286233595222
192	0.7227746524257325
193	0.6347520014624433
194	0.5948461590153628
195	0.6556978921951152
196	0.585268037678983
197	0.4299397258291138
198	0.40291010336058036
199	0.48167771661524145
200	0.8640747434825076
