1	0.9680555771461439
2	0.01874069491496012
3	0.012489335512977847
4	0.04288725609876025
5	0.9680555771461439
6	0.005114431247540003
7	0.007309608887594824
8	0.00611428590286806
9	0.0612950009827268
10	1.0
11	1.0
12	1.0
13	1.0
14	1.0
15	0.07093715149651068
16	0.005032079462438836
17	0.0009151932040789202
18	0.00873861362363561
19	1.0
20	0.9838981538483189
21	0.05044600800408454
22	0.01843893512866384
23	0.04288725609876025
24	0.9680555771461439
25	0.9524680951766463
26	0.8501615448994048
27	0.37757978999725095
28	0.48956054519592274
29	0.8501615448994048
30	0.823003625015039
31	0.8640747434825137
32	0.9220420515895167
33	0.1425664978143701
34	0.1252041276287828
35	0.14489964968096347
36	0.1357900406092586
37	0.9220420515895167
38	0.24757827243666988
39	0.24359180518339907
40	0.8925879504044913
41	0.8640747434825137
42	0.08903724340857931
43	0.095010394875619
44	0.1472709844146142
45	0.6045810297425099
46	0.7967132492072908
47	0.16233655139003358
48	0.1081857244637924
49	0.11733274450692358
50	0.164993247273701
51	0.06435386265758217
52	0.8501615448994048
53	0.1357900406092586
54	0.21742711012398033
55	0.9220420515895167
56	0.5574491330158785
57	0.2004769386898946
58	0.01935911052773282
59	0.030007614098887928
60	0.08209608258032164
61	0.9524680951766463
62	0.3315964756209393
63	0.11175569566235759
64	0.09197534264619907
65	0.8640747434825137
66	0.044302473030725924
67	0.035296367236228025
68	0.0612950009827268
69	0.006316048424505998
70	0.04219669209919027
71	0.7712627042813435
72	0.3210038175868557
73	0.466290799956401
74	0.7712627042813435
75	0.7712627042813435
76	0.7588439508744866
77	0.7712627042813435
78	0.41620554942555466
79	0.5309525138815143
80	0.823003625015039
81	0.7588439508744866
82	0.7967132492072908
83	0.7346031188276507
84	0.8782156365502464
85	0.09197534264619907
86	0.1336035702664378
87	0.15462038588001104
88	0.1030434509053353
89	0.07093715149651068
90	0.09049436982916183
91	0.1676934209382962
92	0.3481444442078041
93	0.18484816784601618
94	0.12725313808047503
95	0.0876035794134446
96	0.1314523061326923
97	0.5396417421913038
98	0.8364723744993592
99	0.041517247454899237
100	0.11925293695084214
101	0.8782156365502464
102	0.0612950009827268
103	0.05744148237014341
104	0.11925293695084214
105	0.1252041276287828
106	0.2004769386898946
107	0.7967132492072908
108	0.5224031981891458
109	0.7838846950415602
110	0.09814559940423298
111	0.17043778391330405
112	0.1336035702664378
113	0.8782156365502464
114	0.8640747434825137
115	0.09814559940423298
116	0.20375781569034312
117	0.1081857244637924
118	0.014453999040223764
119	0.004951053693111612
120	0.006739766775034991
121	0.9838981538483189
122	0.9071954723294547
123	0.8782156365502464
124	0.8640747434825137
125	0.8501615448994048
126	0.823003625015039
127	0.823003625015039
128	0.9680555771461439
129	0.9838981538483189
130	0.9220420515895167
131	0.8782156365502464
132	0.8640747434825137
133	0.8782156365502464
134	0.5309525138815143
135	0.2729051014782479
136	0.07093715149651068
137	0.020325206299054217
138	0.005283200023099468
139	4.326534525397591e-05
140	4.926505911911207e-05
141	4.326534525397591e-05
142	1.1246108387881485e-05
143	0.0005185228330395549
144	1.0
145	1.0
146	1.0
147	1.0
148	1.0
149	0.0004938764550907831
150	1.1807333437027728e-05
151	4.397339814568434e-05
152	5.343038208960674e-05
153	0.0011302145468318856
154	0.007429233258549036
155	0.03202070454638332
156	0.09348055211451999
157	0.12725313808047503
158	0.10138426111191928
159	0.0547111792972134
160	0.051271575016962036
161	0.039543853600345916
162	0.02858129504156406
163	0.01727970878760305
164	0.010446984132459602
165	0.006524468815236811
166	0.03472803056127704
167	0.9524680951766463
168	0.9524680951766463
169	0.3425386759286075
170	0.4299397258291169
171	1.0
172	0.9524680951766463
173	0.9524680951766463
174	0.9371316004437406
175	0.7712627042813435
176	0.3596327033558848
177	0.566571988000515
178	0.9680555771461439
179	0.03828064801966494
180	0.006962169253653923
181	0.01967592931444537
182	0.0547111792972134
183	0.06030803830703579
184	0.0612950009827268
185	0.0612950009827268
186	0.05211065273008481
187	0.4816777166152449
188	0.7838846950415602
189	0.9524680951766463
190	0.9680555771461439
191	0.9524680951766463
192	0.9838981538483189
193	0.9838981538483189
194	1.0
195	0.9524680951766463
196	0.9371316004437406
197	0.9680555771461439
198	0.39642250686331315
199	0.41620554942555466
200	0.9071954723294547
