1	1.0
2	0.9838981538483189
3	0.8640747434825014
4	0.823003625015039
5	0.8097517472627594
6	0.7967132492072908
7	0.8925879504044915
8	0.8501615448993928
9	0.7227746524257325
10	0.22460188780169194
11	0.20709238541955047
12	0.18187177108593688
13	0.20709238541955047
14	0.21392613224755633
15	0.5665719880005069
16	0.8501615448993928
17	0.8640747434825014
18	0.8501615448993928
19	0.6556978921951104
20	0.6884197964379
21	0.8640747434825014
22	0.8364723744993472
23	0.907195472329429
24	0.12933568132305998
25	0.01593261814139069
26	0.00611428590286806
27	0.0038185630603913396
28	0.0032463954707180544
29	0.000976589844633939
30	0.00024178242661366994
31	0.0017805608241138406
32	0.004715720680195249
33	0.004278080449843506
34	0.06129500098272593
35	0.9838981538483189
36	0.9524680951766462
37	1.0
38	1.0
39	0.0050320794624387636
40	0.0025447997235481246
41	0.00012030425723314004
42	0.001589307136566305
43	0.0038185630603913396
44	0.0069621692536537255
45	0.03202070454638286
46	0.2396695274125223
47	1.0
48	1.0
49	1.0
50	0.2396695274125223
51	0.03150511208810857
52	0.007927630713798489
53	0.0048713325882563455
54	0.0019311058764015325
55	0.00018052084351760924
56	0.0009151932040789073
57	0.0032995238968794023
58	1.0
59	1.0
60	0.9680555771461302
61	0.15213071221465535
62	0.03646109590141792
63	0.0020274756563298415
64	0.07819389939674361
65	0.17606198232518552
66	0.466290799956401
67	0.16233655139003356
68	0.1336035702664359
69	0.16769342093829617
70	0.18187177108593688
71	0.9838981538483189
72	1.0
73	0.09197534264619776
74	0.5574491330158786
75	0.4587826572335522
76	0.024298717947761457
77	0.004209195456615611
78	0.0002890501037268329
79	0.0026717952406334006
80	0.01814203423202126
81	1.0
82	0.02352250942683125
83	0.004278080449843506
84	0.005457537922228077
85	0.0076743871260476935
86	0.05211065273008481
87	0.28191057199709163
88	1.0
89	1.0
90	1.0
91	0.9838981538483189
92	0.277371291338266
93	0.05044600800408382
94	0.007309608887594823
95	0.00611428590286806
96	0.02032520629905422
97	0.023143753598938943
98	0.018740694914959853
99	0.0020943793974173455
100	0.00027981656498743195
101	0.00335352178878879
102	0.024696375181436803
103	0.01170415097775544
104	0.12933568132305998
105	0.9680555771461302
106	1.0
107	0.04727454821686481
108	0.013766972933526807
109	0.0012060361066649579
110	0.03150511208810857
111	0.3158350635019653
112	0.007799981223697563
113	0.0012662220527620764
114	0.002759960588740092
115	0.15715080394778913
116	0.9838981538483189
117	1.0
118	1.0
119	1.0
120	0.1336035702664359
121	0.029049038185277303
122	0.01567607357528453
123	0.009026975134420792
124	0.01619336115132798
125	0.020657835589543483
126	1.0
127	1.0
128	1.0
129	1.0
130	0.01311260248634491
131	0.008057369233584964
132	0.010617952774479945
133	0.021688742850449232
134	0.03202070454638286
135	0.1380122933233906
136	0.06540703669975813
137	0.004278080449843506
138	0.0045650797047264175
139	0.004792895140366572
140	0.0036965812672960317
141	0.0045650797047264175
142	0.007429233258548931
143	0.008459463654885604
144	0.0069621692536537255
145	0.01619336115132798
146	0.1380122933233906
147	0.9680555771461302
148	0.7227746524257325
149	0.758843950874465
150	0.8640747434825014
151	0.907195472329429
152	0.9371316004437271
153	0.9371316004437271
154	0.5484731728386688
155	0.20375781569033732
156	0.21392613224755633
157	0.210481526578282
158	0.2865241396118646
159	0.2396695274125223
160	0.12933568132305998
161	0.17322705937262783
162	0.3057458946813797
163	0.31074953590015464
164	0.9524680951766462
165	0.823003625015039
166	0.17606198232518552
167	0.039543853600344785
168	0.04084874312373918
169	0.0512715750169613
170	0.9838981538483189
171	0.466290799956401
172	0.21742711012397728
173	0.26418730551764474
174	1.0
175	0.3715000583087311
176	0.22098538275893195
177	0.9838981538483189
178	0.9838981538483189
179	0.9838981538483189
180	0.9838981538483189
181	1.0
182	0.9838981538483189
183	0.9371316004437271
184	0.907195472329429
185	0.3057458946813797
186	0.4299397258291108
187	0.9220420515895035
188	0.3008228213237163
189	0.24359180518339563
190	0.44412711003286787
191	0.9680555771461302
192	0.04576439005839962
193	0.03529636723622752
194	0.052963462250908575
195	0.17606198232518552
196	0.1909478879208065
197	0.2959790185358471
198	0.32100381758685115
199	0.44412711003286787
200	0.5852680376789788
