1	0.9680555771461439
2	0.9371316004437404
3	0.1732270593726278
4	0.07209806342155774
5	0.07947357060372962
6	0.05383022830539262
7	0.03361866366814549
8	0.06540703669975811
9	0.15715080394779135
10	0.746625162324361
11	0.7712627042813435
12	0.21392613224755938
13	0.1496811268916314
14	0.03828064801966493
15	0.08077418408895759
16	0.9220420515895165
17	0.9071954723294418
18	0.8501615448994048
19	0.5852680376789872
20	0.4975723790934036
21	0.4513954094697244
22	0.5139915422627579
23	0.9371316004437404
24	0.7588439508744758
25	0.7588439508744758
26	0.8925879504044915
27	0.9524680951766463
28	0.9680555771461439
29	0.42993972582911677
30	0.8925879504044915
31	0.19724888986614988
32	0.1732270593726278
33	0.08903724340857933
34	0.06979493239667436
35	0.9071954723294418
36	0.9371316004437404
37	0.9524680951766463
38	0.9220420515895165
39	0.9524680951766463
40	0.7588439508744758
41	0.38375901867528034
42	0.44412711003286776
43	0.7838846950415601
44	0.9371316004437404
45	0.9220420515895165
46	0.9220420515895165
47	0.8925879504044915
48	0.9220420515895165
49	0.5484731728386688
50	0.5852680376789872
51	0.176061982325188
52	0.16769342093829617
53	0.05651656845829485
54	0.02635315591720863
55	0.38375901867528034
56	0.6996860333005959
57	0.7712627042813435
58	0.8501615448994048
59	0.9371316004437404
60	0.9371316004437404
61	0.41620554942555466
62	0.40950387170123426
63	0.5396417421912961
64	0.5484731728386688
65	0.21048152657828498
66	0.08619300005539272
67	0.7227746524257427
68	0.06331764666180335
69	0.07447719441285175
70	0.012901465378461813
71	0.01493095993810064
72	0.8640747434825136
73	0.9220420515895165
74	0.9838981538483187
75	0.13360357026643588
76	0.06435386265758125
77	0.06331764666180335
78	0.0769348332586583
79	0.9680555771461439
80	0.04084874312373917
81	0.008189230970776996
82	0.023907463729683845
83	0.16499324727370096
84	0.9680555771461439
85	0.9220420515895165
86	0.1732270593726278
87	0.2729051014782479
88	0.3596327033558796
89	0.9371316004437404
90	0.9524680951766463
91	0.9838981538483187
92	0.9524680951766463
93	0.9524680951766463
94	0.9371316004437404
95	0.8640747434825136
96	0.37150005830873106
97	0.25993340216897615
98	0.3596327033558796
99	0.17043778391330405
100	0.058381532829868445
101	0.05127157501696203
102	0.05296346225090932
103	0.022771096439116734
104	0.0025864462836876503
105	0.00381856306039134
106	0.07209806342155774
107	0.9371316004437404
108	0.9220420515895165
109	0.9220420515895165
110	0.9220420515895165
111	0.9838981538483187
112	0.9680555771461439
113	0.9680555771461439
114	0.9524680951766463
115	0.9371316004437404
116	0.9524680951766463
117	0.9680555771461439
118	0.21048152657828498
119	0.05211065273008481
120	0.011330268629776647
121	0.019047393108381872
122	0.9371316004437404
123	0.9371316004437404
124	0.348144444207804
125	0.13145230613269226
126	0.07447719441285175
127	0.06435386265758125
128	0.0593369675525062
129	0.0004859241323929804
130	0.0009004569039077773
131	0.09814559940423297
132	0.8925879504044915
133	0.7712627042813435
134	0.746625162324361
135	0.5758441417787837
136	0.6045810297425013
137	0.9524680951766463
138	0.01999793295422595
139	0.0027155201279555337
140	0.02551131956105572
141	0.02592882145501884
142	0.0358740049446921
143	1.0
144	1.0
145	1.0
146	1.0
147	0.9838981538483187
148	0.9838981538483187
149	0.013992274382953427
150	0.0006198923584893025
151	6.284732873436203e-05
152	0.0032463954707181004
153	0.007076107650393189
154	0.5665719880005149
155	0.5309525138815067
156	0.8230036250150389
157	0.9220420515895165
158	0.9371316004437404
159	0.048834539393112344
160	0.0036965812672960833
161	0.005729890533725345
162	0.0547111792972134
163	0.0593369675525062
164	0.0675653735631387
165	0.13145230613269226
166	0.3596327033558796
167	0.07819389939674361
168	0.07569604040982214
169	0.022043686905619336
170	0.14027091400017713
171	0.9680555771461439
172	0.9838981538483187
173	0.018438935128663837
174	0.013766972933527001
175	0.011147830387442922
176	0.0370577948122046
177	0.9838981538483187
178	0.020995908477665633
179	0.02592882145501884
180	0.014453999040223764
181	0.11544347070631857
182	0.18187177108593947
183	0.27737129133826594
184	0.9838981538483187
185	0.7346031188276402
186	0.746625162324361
187	0.8640747434825136
188	0.08209608258032164
189	0.0038810552143591303
190	0.001589307136566305
191	0.028121083425988992
192	0.12120455403276079
193	0.12120455403276079
194	0.21048152657828498
195	1.0
196	0.8782156365502463
197	0.8501615448994048
198	0.836472374499359
199	0.836472374499359
200	0.8782156365502463
