1	0.48956054519591574
2	0.34253867592860254
3	0.3900393726467364
4	0.004141419638950831
5	0.008738613623635485
6	0.000960864945202363
7	0.002503823749912712
8	0.0044192508682770176
9	0.0016417519552458224
10	0.0010764932965619024
11	0.04804821315291625
12	0.4513954094697244
13	0.8782156365502338
14	0.8097517472627708
15	0.8501615448993927
16	0.9220420515895035
17	0.7346031188276402
18	0.5758441417787756
19	0.47392181612760637
20	0.5309525138815068
21	0.6773349667878852
22	0.17894329980857737
23	0.040191002946470614
24	0.13579004060925665
25	0.15972263321475447
26	0.26418730551764474
27	0.10472979393476875
28	0.024696375181437157
29	0.6245313223904276
30	0.13579004060925665
31	0.05296346225090932
32	0.04651334071458662
33	0.3158350635019653
34	0.21742711012398036
35	0.6664286233595221
36	0.6451399456130031
37	0.6556978921951104
38	0.9838981538483188
39	0.9220420515895035
40	0.9680555771461301
41	0.7346031188276402
42	0.6144752151203823
43	0.6347520014624386
44	0.6664286233595221
45	0.9071954723294289
46	0.25162997965624534
47	0.045764390058400266
48	0.34253867592860254
49	0.08480513362914895
50	0.14027091400017713
51	0.1732270593726278
52	0.3158350635019653
53	0.5309525138815068
54	0.5309525138815068
55	0.9680555771461301
56	0.3655182215245033
57	0.3900393726467364
58	0.699686033300596
59	0.6451399456130031
60	0.3538419528953301
61	0.08903724340857805
62	0.05044600800408381
63	0.5224031981891458
64	0.5057153295259778
65	0.8097517472627708
66	0.8097517472627708
67	0.05838153282986846
68	0.25993340216897615
69	0.01619336115132798
70	0.04219669209918966
71	1.0
72	0.4441271100328678
73	0.5574491330158785
74	0.7466251623243609
75	0.7588439508744649
76	1.0
77	0.7111366461700385
78	0.7466251623243609
79	0.6884197964378999
80	0.008738613623635485
81	0.005918968568537387
82	0.014930959938100216
83	0.25993340216897615
84	0.4587826572335521
85	0.06867110513305613
86	0.016727718463299887
87	0.010113261253784643
88	0.03587400494469108
89	0.19407281858793524
90	0.04651334071458662
91	0.08343961441457963
92	0.006739766775034894
93	0.013545299253376991
94	0.19094788792080647
95	0.11358461770178932
96	0.5396417421912961
97	0.5758441417787756
98	0.8782156365502338
99	0.3262571601860513
100	0.4299397258291107
101	0.823003625015039
102	0.8501615448993927
103	0.9371316004437271
104	0.8097517472627708
105	0.8925879504044913
106	0.8501615448993927
107	0.9680555771461301
108	0.16769342093829617
109	0.1472709844146121
110	0.7227746524257324
111	0.8501615448993927
112	0.9838981538483188
113	1.0
114	1.0
115	0.5057153295259778
116	0.1649932472736986
117	0.10304345090533383
118	0.027222771645920248
119	0.032544734860148215
120	0.04151724745489865
121	0.5309525138815068
122	0.5309525138815068
123	0.5574491330158785
124	0.8925879504044913
125	0.9680555771461301
126	0.5852680376789788
127	0.24757827243666986
128	0.176061982325188
129	0.21048152657828498
130	0.3262571601860513
131	0.3315964756209393
132	0.3370231708678044
133	0.3315964756209393
134	0.3900393726467364
135	0.4369758436353279
136	0.5484731728386688
137	0.7111366461700385
138	0.7111366461700385
139	0.3370231708678044
140	0.08760357941344458
141	0.004715720680195249
142	0.0023086307871880733
143	0.0010088158858740138
144	0.00017475420935834793
145	0.0007291465512741477
146	0.783884695041549
147	1.0
148	1.0
149	0.823003625015039
150	0.8097517472627708
151	0.7967132492072908
152	0.05838153282986846
153	0.17043778391330164
154	0.12933568132305998
155	0.13579004060925665
156	0.024298717947761454
157	0.06229811565656761
158	0.09975178733729186
159	0.10304345090533383
160	0.25574799451756464
161	0.6245313223904276
162	0.9680555771461301
163	0.7967132492072908
164	0.7712627042813324
165	0.783884695041549
166	0.4975723790934037
167	0.7111366461700385
168	0.8364723744993591
169	0.9071954723294289
170	0.5484731728386688
171	0.17043778391330164
172	0.014453999040223557
173	0.022404439747548664
174	0.4299397258291107
175	0.4441271100328678
176	0.6045810297425013
177	0.6556978921951104
178	0.7111366461700385
179	0.6884197964378999
180	0.6556978921951104
181	0.6347520014624386
182	0.3210038175868511
183	0.35963270335587966
184	0.2282775782464921
185	0.20047693868989175
186	0.8925879504044913
187	0.9220420515895035
188	0.2959790185358471
189	0.34814444420780405
190	0.34253867592860254
191	0.18187177108593688
192	0.12520412762878277
193	0.13579004060925665
194	0.1496811268916314
195	0.48956054519591574
196	0.48167771661523795
197	0.47392181612760637
198	0.48167771661523795
199	0.6773349667878852
200	0.8782156365502338
