1	1.0
2	0.6996860333005961
3	0.5224031981891458
4	0.5758441417787838
5	0.7838846950415601
6	0.3596327033558797
7	0.07693483325865721
8	0.031505112088108564
9	0.24757827243666988
10	0.11733274450692356
11	0.1336035702664359
12	0.3837590186752804
13	0.9680555771461302
14	0.9680555771461302
15	0.9371316004437406
16	0.8230036250150391
17	0.8230036250150391
18	0.9220420515895167
19	0.4029101033605775
20	0.18484816784601354
21	0.17894329980857737
22	0.28191057199709557
23	0.8782156365502339
24	0.9838981538483189
25	0.9838981538483189
26	0.9838981538483189
27	0.9838981538483189
28	0.9838981538483189
29	1.0
30	1.0
31	0.9838981538483189
32	0.746625162324361
33	0.6451399456130033
34	0.9071954723294419
35	0.1940728185879353
36	0.10818572446379239
37	0.007309608887594823
38	0.005369661486237471
39	0.08343961441457963
40	0.08619300005539272
41	0.008597905811488844
42	0.014221262971401534
43	0.04651334071458662
44	0.746625162324361
45	0.10818572446379239
46	0.0876035794134446
47	0.0744771944128507
48	0.2516299796562454
49	0.04804821315291625
50	0.2865241396118647
51	0.2685108255202325
52	0.6245313223904277
53	0.34253867592860743
54	0.7111366461700386
55	0.2320134226836728
56	0.22460188780169196
57	0.1940728185879353
58	0.12318811002815043
59	0.0807741840889576
60	0.8640747434825136
61	0.9371316004437406
62	0.7838846950415601
63	0.7967132492072908
64	0.09501039487561765
65	0.0965652740621615
66	0.2037578156903431
67	0.24359180518339907
68	0.22460188780169196
69	0.4513954094697245
70	0.9071954723294419
71	0.8782156365502339
72	0.9220420515895167
73	0.48956054519592274
74	0.2516299796562454
75	0.09975178733729188
76	0.05560654736795764
77	0.1597226332147545
78	0.176061982325188
79	0.7967132492072908
80	0.7967132492072908
81	0.7967132492072908
82	0.05211065273008481
83	0.11925293695084216
84	0.1252041276287828
85	0.2037578156903431
86	0.2516299796562454
87	0.8782156365502339
88	0.5057153295259778
89	0.7967132492072908
90	0.3210038175868511
91	0.10304345090533384
92	0.21742711012398036
93	0.8230036250150391
94	0.3262571601860559
95	0.5758441417787838
96	0.4095038717012285
97	0.05651656845829405
98	0.03529636723622752
99	0.08480513362914895
100	0.3837590186752804
101	0.9524680951766463
102	0.9524680951766463
103	0.9680555771461302
104	0.34253867592860743
105	0.15715080394779135
106	0.025928821455018472
107	0.003353521788788837
108	0.0005715668219861325
109	0.001695927376489869
110	0.014690543918280221
111	0.2037578156903431
112	0.2865241396118647
113	0.9838981538483189
114	0.7838846950415601
115	0.7712627042813435
116	0.9680555771461302
117	0.0034084033755650083
118	0.0008576564720537012
119	0.0006198923584893025
120	0.007429233258548931
121	0.8640747434825136
122	0.012901465378461817
123	0.018740694914959853
124	0.8640747434825136
125	0.008057369233585077
126	0.11544347070631857
127	0.011330268629776647
128	0.030997821620274812
129	0.8501615448993928
130	0.8925879504044915
131	0.02722277164592025
132	0.03416884515602848
133	0.11358461770179093
134	0.06867110513305712
135	0.9524680951766463
136	0.9838981538483189
137	0.9838981538483189
138	0.9680555771461302
139	0.9524680951766463
140	0.9524680951766463
141	0.9524680951766463
142	0.0807741840889576
143	0.012489335512977668
144	0.030007614098887924
145	0.030997821620274812
146	0.8501615448993928
147	0.9680555771461302
148	0.045027498890454376
149	0.0358740049446916
150	0.8925879504044915
151	0.006316048424505998
152	0.026353155917208635
153	0.8640747434825136
154	0.01999793295422567
155	0.0876035794134446
156	0.9371316004437406
157	0.09814559940423298
158	0.004209195456615611
159	0.003578496112179884
160	0.0026287744047199277
161	0.9838981538483189
162	0.11175569566235759
163	0.007191910689857911
164	0.0003687405884503359
165	0.0010764932965619024
166	0.001025325519646744
167	0.007927630713798602
168	1.0
169	0.009950419076984587
170	0.0043480927706904
171	0.006316048424505998
172	0.043589121425845555
173	0.4029101033605775
174	1.0
175	1.0
176	1.0
177	1.0
178	0.4029101033605775
179	0.04288725609876025
180	0.005283200023099468
181	0.0037570771454724793
182	0.009632558682416177
183	1.0
184	0.008323250672588899
185	0.001695927376489869
186	0.0017805608241138406
187	0.0008716923278076733
188	0.000976589844633953
189	0.04219669209918966
190	0.1380122933233906
191	0.011330268629776647
192	0.030007614098887924
193	0.47392181612761314
194	0.8364723744993592
195	0.6884197964379097
196	0.6884197964379097
197	0.9838981538483189
198	0.9838981538483189
199	0.9838981538483189
200	1.0
