1	0.8364723744993591
2	0.8364723744993591
3	0.7588439508744759
4	0.3596327033558797
5	0.39642250686330754
6	0.44412711003286787
7	0.42301690250932045
8	0.36551822152450336
9	0.466290799956401
10	0.9371316004437406
11	0.8501615448993928
12	0.8501615448993928
13	0.4299397258291107
14	0.2037578156903402
15	0.154620385880011
16	0.1425664978143681
17	0.1448996496809614
18	0.23201342268367284
19	0.36551822152450336
20	0.12725313808047323
21	0.3370231708678045
22	0.2685108255202325
23	0.2865241396118647
24	0.7227746524257325
25	0.5574491330158785
26	0.1972488898661499
27	0.1496811268916314
28	0.34814444420780405
29	0.5139915422627508
30	0.466290799956401
31	0.35384195289533515
32	0.6045810297425014
33	0.2358104055548831
34	0.17043778391330164
35	0.02766828206704513
36	0.2435918051833956
37	0.4299397258291107
38	0.48956054519591574
39	0.5484731728386688
40	0.6664286233595221
41	0.45139540946972445
42	0.5758441417787756
43	0.5396417421912962
44	0.466290799956401
45	0.7588439508744759
46	0.6144752151203824
47	0.3262571601860513
48	0.2685108255202325
49	0.5852680376789872
50	0.7838846950415602
51	0.7227746524257325
52	0.43697584363533404
53	0.11544347070631858
54	0.17322705937262783
55	0.38375901867527495
56	0.3370231708678045
57	0.25993340216897615
58	0.566571988000515
59	0.49757237909340374
60	0.3370231708678045
61	0.677334966787895
62	0.45878265723355866
63	0.164993247273701
64	0.2959790185358471
65	0.34814444420780405
66	0.5139915422627508
67	0.466290799956401
68	0.5574491330158785
69	0.5948461590153628
70	0.7588439508744759
71	0.7588439508744759
72	0.0547111792972134
73	0.0013294115143323943
74	0.0002985883357843618
75	0.002128654667381612
76	0.0012257733200817496
77	0.003757077145472426
78	0.09501039487561765
79	0.09814559940423298
80	0.15715080394779135
81	0.14027091400017713
82	0.019359110527732547
83	0.018142034232021265
84	0.0059189685685373875
85	0.00045537485988366333
86	0.002503823749912712
87	0.09975178733729187
88	0.8364723744993591
89	0.7838846950415602
90	0.9071954723294419
91	0.2358104055548831
92	0.07093715149650967
93	0.8501615448993928
94	0.06331764666180247
95	0.18484816784601354
96	0.9680555771461301
97	0.2516299796562454
98	0.03890712455342798
99	0.0370577948122046
100	0.9071954723294419
101	0.06647744631284419
102	0.09656527406216013
103	0.04502749889045374
104	0.018740694914959853
105	0.08343961441457964
106	0.34814444420780405
107	0.007076107650393089
108	0.005546852487609637
109	0.9838981538483189
110	0.9680555771461301
111	0.9680555771461301
112	0.9838981538483189
113	0.39642250686330754
114	0.07327797408660716
115	0.03202070454638286
116	0.9071954723294419
117	0.07819389939674361
118	0.024298717947761457
119	0.08903724340857931
120	0.09348055211451997
121	0.1448996496809614
122	0.9838981538483189
123	0.10138426111191785
124	0.010617952774479945
125	0.1448996496809614
126	0.8097517472627709
127	0.022771096439116737
128	0.07327797408660716
129	0.9680555771461301
130	0.18484816784601354
131	0.052963462250909324
132	0.04084874312373918
133	0.018740694914959853
134	0.004871332588256346
135	0.00932485215470036
136	0.47392181612761314
137	0.49757237909340374
138	0.02635315591720863
139	0.043589121425845555
140	0.16233655139003125
141	1.0
142	0.9680555771461301
143	0.9838981538483189
144	1.0
145	0.10138426111191785
146	0.02766828206704513
147	0.01170415097775544
148	0.005283200023099393
149	0.007309608887594823
150	0.0010591597671173467
151	0.0015637163575655457
152	0.07819389939674361
153	0.9680555771461301
154	0.9220420515895036
155	0.8097517472627709
156	0.9071954723294419
157	0.6144752151203824
158	0.41620554942555466
159	0.6556978921951198
160	0.34814444420780405
161	0.11358461770178932
162	0.2819105719970956
163	0.2819105719970956
164	0.39642250686330754
165	0.699686033300596
166	0.9220420515895036
167	0.9371316004437406
168	0.8364723744993591
169	0.7588439508744759
170	0.7588439508744759
171	0.7588439508744759
172	0.7712627042813326
173	0.5139915422627508
174	0.7346031188276403
175	0.9680555771461301
176	0.9680555771461301
177	0.9680555771461301
178	0.03828064801966493
179	0.018438935128663837
180	0.023522509426831248
181	0.011895693606067882
182	0.009026975134420792
183	0.009950419076984445
184	0.9838981538483189
185	0.9838981538483189
186	0.5484731728386688
187	0.9838981538483189
188	0.9838981538483189
189	0.9838981538483189
190	0.9838981538483189
191	0.9838981538483189
192	0.6045810297425014
193	0.9524680951766463
194	0.9838981538483189
195	0.018438935128663837
196	0.014690543918280221
197	0.016458371314135432
198	0.022404439747548986
199	0.030997821620274812
200	0.0612950009827268
