1	0.5852680376789872
2	0.45878265723355866
3	0.4441271100328678
4	0.436975843635334
5	0.436975843635334
6	0.4441271100328678
7	0.9371316004437403
8	0.614475215120391
9	0.5396417421912961
10	0.5948461590153626
11	0.436975843635334
12	0.4513954094697244
13	0.4095038717012285
14	0.15715080394779135
15	0.03954385360034534
16	0.000262224945377342
17	1.1065025280814527e-05
18	2.1181006010625973e-05
19	0.000803736982286617
20	0.001025325519646744
21	0.0010421053394971875
22	0.0010088158858740138
23	0.0011120160060804065
24	0.004565079704726418
25	1.0
26	1.0
27	1.0
28	1.0
29	0.004565079704726418
30	0.0011120160060804065
31	0.001025325519646744
32	0.0010421053394971875
33	0.001025325519646744
34	0.000803736982286617
35	2.573622444280148e-05
36	0.0003238337506078195
37	0.0007174059456835026
38	0.06647744631284418
39	0.42301690250932045
40	0.9220420515895166
41	0.2959790185358471
42	0.3900393726467364
43	0.836472374499359
44	0.8501615448993927
45	0.8501615448993927
46	0.8640747434825137
47	0.9220420515895166
48	0.9680555771461302
49	0.27737129133826594
50	0.3538419528953351
51	0.6664286233595221
52	0.6347520014624387
53	0.614475215120391
54	0.5396417421912961
55	0.25574799451756824
56	0.1972488898661499
57	0.23201342268367284
58	0.34253867592860743
59	0.7227746524257325
60	0.5948461590153626
61	0.5139915422627579
62	0.6451399456130031
63	0.9071954723294418
64	0.37150005830873106
65	0.2685108255202324
66	0.27737129133826594
67	0.32100381758685104
68	0.2685108255202324
69	0.2396695274125223
70	0.6773349667878948
71	0.23581040555488306
72	0.09197534264619908
73	0.0744771944128507
74	0.07209806342155774
75	0.12933568132305998
76	0.022771096439116734
77	0.05044600800408453
78	0.4441271100328678
79	0.013992274382953225
80	0.012901465378461817
81	0.007674387126047693
82	0.5574491330158785
83	0.2959790185358471
84	0.5758441417787837
85	0.9071954723294418
86	0.9071954723294418
87	0.8640747434825137
88	0.9371316004437403
89	0.6556978921951198
90	0.1357900406092586
91	0.21392613224755633
92	0.9371316004437403
93	0.154620385880011
94	0.17894329980857734
95	0.17894329980857734
96	0.8501615448993927
97	0.35963270335587966
98	0.2516299796562454
99	0.17894329980857734
100	0.20709238541955047
101	0.24757827243666986
102	0.466290799956401
103	0.5484731728386688
104	0.8925879504044915
105	0.9220420515895166
106	0.7346031188276402
107	0.019675929314445093
108	0.016458371314135432
109	0.025511319561055717
110	0.057441482370142585
111	0.176061982325188
112	0.16499324727370096
113	0.9371316004437403
114	0.9680555771461302
115	0.9524680951766461
116	0.9524680951766461
117	0.12318811002815043
118	0.16233655139003356
119	0.466290799956401
120	0.9524680951766461
121	0.9524680951766461
122	0.8782156365502339
123	0.37757978999725084
124	0.22098538275893193
125	0.11358461770179093
126	0.8640747434825137
127	0.7838846950415601
128	0.7967132492072908
129	0.18187177108593947
130	0.08760357941344458
131	0.0769348332586572
132	0.10644373457266823
133	0.024298717947761457
134	0.022043686905619336
135	0.7227746524257325
136	0.04804821315291625
137	0.062298115656567614
138	0.7466251623243609
139	0.7346031188276402
140	0.0612950009827268
141	0.09656527406216148
142	0.154620385880011
143	0.25574799451756824
144	0.836472374499359
145	0.9071954723294418
146	0.8925879504044915
147	0.9524680951766461
148	0.5309525138815068
149	0.08209608258032164
150	0.12318811002815043
151	0.9220420515895166
152	0.11733274450692356
153	0.04084874312373918
154	0.022043686905619336
155	0.014453999040223764
156	0.07327797408660716
157	0.08619300005539272
158	0.8782156365502339
159	0.823003625015039
160	0.9680555771461302
161	0.9680555771461302
162	0.9838981538483189
163	0.9838981538483189
164	0.9680555771461302
165	0.9838981538483189
166	0.9838981538483189
167	0.8097517472627709
168	0.0043480927706904
169	0.0009453932456821844
170	0.0013957543786134268
171	0.009026975134420792
172	0.0290490381852773
173	0.11544347070631858
174	0.9838981538483189
175	0.5396417421912961
176	0.5758441417787837
177	0.9524680951766461
178	0.37757978999725084
179	0.3315964756209393
180	0.34814444420780405
181	0.7588439508744756
182	0.6556978921951198
183	0.7466251623243609
184	0.7967132492072908
185	0.31074953590015464
186	0.2037578156903431
187	0.10995622264422977
188	0.1272531380804732
189	0.836472374499359
190	0.8925879504044915
191	0.2037578156903431
192	0.23201342268367284
193	0.9524680951766461
194	0.9838981538483189
195	0.8640747434825137
196	0.8501615448993927
197	0.823003625015039
198	0.823003625015039
199	0.8782156365502339
200	0.9220420515895166
