1	0.9680555771461301
2	0.9524680951766463
3	0.3775797899972509
4	0.2320134226836728
5	0.2320134226836728
6	0.2865241396118647
7	0.8925879504044915
8	0.9220420515895035
9	0.3158350635019653
10	0.17894329980857737
11	0.05838153282986846
12	0.061295000982725924
13	0.03529636723622752
14	0.06331764666180247
15	0.06331764666180247
16	0.002463507565100692
17	0.012489335512977491
18	0.06756537356313774
19	0.17894329980857737
20	0.907195472329429
21	0.9220420515895035
22	0.7712627042813325
23	0.7227746524257325
24	0.5396417421912961
25	0.7712627042813325
26	0.9524680951766463
27	1.0
28	0.9371316004437272
29	0.6773349667878853
30	0.6773349667878853
31	0.9680555771461301
32	1.0
33	0.6884197964379001
34	0.6773349667878853
35	0.7346031188276299
36	0.17043778391329922
37	0.0861930000553915
38	0.04019100294647062
39	0.030498699465507893
40	0.024298717947761457
41	0.05296346225090933
42	0.1909478879208065
43	0.9680555771461301
44	0.8925879504044915
45	0.8925879504044915
46	0.783884695041549
47	0.04804821315291556
48	0.14256649781436606
49	0.05127157501696131
50	0.13579004060925667
51	0.6996860333005861
52	0.6884197964379001
53	0.8925879504044915
54	0.1099562226442282
55	0.1252041276287828
56	0.12120455403275907
57	0.3538419528953301
58	0.8782156365502214
59	0.8230036250150273
60	0.8230036250150273
61	0.8640747434825014
62	0.8925879504044915
63	0.7967132492072908
64	0.7712627042813325
65	0.7967132492072908
66	0.5758441417787756
67	0.5574491330158785
68	0.16233655139003125
69	0.17894329980857737
70	0.2282775782464921
71	0.5665719880005069
72	0.809751747262771
73	0.7967132492072908
74	0.746625162324361
75	0.5758441417787756
76	0.5309525138815068
77	0.4230169025093144
78	0.6884197964379001
79	0.6996860333005861
80	0.5852680376789788
81	0.6144752151203824
82	0.6245313223904277
83	0.6451399456130033
84	0.809751747262771
85	0.6884197964379001
86	0.31074953590015464
87	0.17043778391329922
88	0.1496811268916314
89	0.9680555771461301
90	0.9680555771461301
91	0.03828064801966439
92	0.02390746372968351
93	0.0083232506725889
94	0.1472709844146121
95	0.001042105339497173
96	0.001538537637351158
97	0.23966952741252232
98	1.0
99	0.9838981538483048
100	0.9838981538483048
101	1.0
102	0.2599334021689725
103	0.006524468815236717
104	0.0066312440873250705
105	0.1818717710859369
106	0.907195472329429
107	1.0
108	0.08077418408895645
109	0.045027498890453745
110	0.0376642589146651
111	0.9838981538483048
112	1.0
113	0.16499324727369863
114	0.0794735706037285
115	0.0014893899404870186
116	0.043589121425845555
117	0.05127157501696131
118	0.04651334071458662
119	0.05296346225090933
120	0.05560654736795764
121	0.002027475656329842
122	0.02858129504156366
123	0.39642250686330754
124	0.6556978921951012
125	0.907195472329429
126	0.9371316004437272
127	0.9524680951766463
128	0.05838153282986846
129	0.0013732801563434388
130	0.002384812237737442
131	0.029524436113288612
132	1.0
133	0.9680555771461301
134	0.9838981538483048
135	1.0
136	0.09501039487561765
137	0.0007058543855178055
138	0.0009151932040789072
139	0.0009925720876842845
140	0.0005356333306484069
141	0.0006099109471022964
142	0.005637628717885246
143	0.9524680951766463
144	0.029049038185277303
145	0.9524680951766463
146	0.8364723744993592
147	1.0
148	0.0012257733200817494
149	7.041023655526797e-05
150	0.0005270086451645937
151	0.00017475420935834547
152	0.013766972933527003
153	0.1448996496809614
154	0.9680555771461301
155	0.8782156365502214
156	0.9371316004437272
157	0.9524680951766463
158	1.0
159	1.0
160	0.9680555771461301
161	0.9838981538483048
162	0.9524680951766463
163	0.8364723744993592
164	1.0
165	0.1472709844146121
166	0.015423659850312866
167	0.00016644780891164653
168	0.0005270086451645937
169	4.1208860981214386e-05
170	0.001186616698822083
171	1.0
172	0.8230036250150273
173	1.0
174	0.0330773411179359
175	0.9524680951766463
176	0.04430247303072467
177	0.00013478140409426559
178	0.0006000902548658376
179	0.001112016006080391
180	0.001025325519646744
181	0.0009925720876842845
182	0.05744148237014177
183	0.9680555771461301
184	1.0
185	0.9680555771461301
186	0.023522509426831248
187	0.000803736982286617
188	0.0031941225103010833
189	0.08343961441457964
190	0.9680555771461301
191	0.04804821315291556
192	0.001751890507660224
193	0.05744148237014177
194	0.0019000115066771077
195	0.0006403479026656335
196	4.926505911911207e-05
197	0.0010764932965619026
198	0.21742711012397728
199	0.5139915422627507
200	0.783884695041549
