1	0.9371316004437404
2	0.9220420515895167
3	0.7967132492072908
4	0.7967132492072908
5	0.823003625015039
6	0.3655182215245085
7	0.3262571601860559
8	0.18787327440651988
9	0.19724888986614988
10	0.20375781569034312
11	0.3837590186752804
12	0.8782156365502464
13	0.1357900406092586
14	0.003881055214359185
15	0.007927630713798602
16	0.00611428590286806
17	0.010791719379643227
18	0.020995908477665932
19	0.4441271100328678
20	0.5852680376789872
21	0.05044600800408453
22	0.022771096439116734
23	0.020325206299054217
24	0.03000761409888792
25	0.2641873055176485
26	0.24359180518339907
27	0.22460188780169513
28	0.09049436982916181
29	0.12725313808047503
30	0.10995622264422976
31	0.28652413961186873
32	0.20375781569034312
33	0.24359180518339907
34	0.9220420515895167
35	0.6773349667879045
36	1.0
37	1.0
38	1.0
39	0.5057153295259849
40	0.1909478879208092
41	0.49757237909340374
42	0.0018694178137101953
43	0.0026287744047199277
44	0.49757237909340374
45	0.48956054519592274
46	0.08903724340857933
47	0.05383022830539262
48	0.13145230613269226
49	0.566571988000523
50	0.6773349667879045
51	0.9220420515895167
52	0.6884197964379097
53	0.9680555771461439
54	0.699686033300596
55	0.6451399456130125
56	0.6451399456130125
57	0.7588439508744756
58	0.9838981538483188
59	0.9680555771461439
60	0.9524680951766462
61	0.4441271100328678
62	0.7588439508744756
63	0.8640747434825136
64	0.746625162324361
65	0.13145230613269226
66	0.2729051014782479
67	0.3057458946813884
68	0.7712627042813436
69	0.14027091400017713
70	0.13801229332339254
71	0.13145230613269226
72	0.1357900406092586
73	0.1732270593726278
74	0.746625162324361
75	0.7712627042813436
76	0.7838846950415601
77	0.7111366461700385
78	0.3964225068633132
79	0.13145230613269226
80	0.4299397258291168
81	0.15972263321475677
82	0.10644373457266976
83	0.03529636723622802
84	0.02204368690561965
85	0.020325206299054217
86	0.03416884515602847
87	0.16499324727370096
88	0.017849913987938976
89	0.012693727967806583
90	0.0016686198147892288
91	9.901083980761738e-05
92	0.00013698715011009754
93	0.0067397667750349905
94	0.14968112689163354
95	0.9524680951766462
96	0.9524680951766462
97	0.7967132492072908
98	0.7111366461700385
99	0.6884197964379097
100	0.7967132492072908
101	0.8782156365502464
102	0.8364723744993591
103	0.823003625015039
104	0.7346031188276402
105	0.9071954723294546
106	0.9220420515895167
107	0.9524680951766462
108	0.7967132492072908
109	0.6045810297425099
110	0.566571988000523
111	0.5852680376789872
112	0.7227746524257427
113	0.7967132492072908
114	0.7838846950415601
115	0.9680555771461439
116	0.26851082552023625
117	0.17606198232518802
118	0.10818572446379238
119	0.8501615448994048
120	0.04651334071458661
121	0.018438935128663837
122	0.009950419076984586
123	0.00902697513442092
124	0.0020606560225769396
125	1.7717326391993755e-05
126	2.4914095606538534e-05
127	0.0011302145468318856
128	0.0007058543855178155
129	1.6336119975154778e-05
130	4.32653452539759e-05
131	6.0839707090036274e-05
132	0.0011487109132294635
133	0.009324852154700492
134	1.0
135	1.0
136	1.0
137	1.0
138	1.0
139	0.011895693606068052
140	0.0011487109132294635
141	6.183537071603809e-05
142	4.32653452539759e-05
143	1.6336119975154778e-05
144	0.0007058543855178155
145	0.0011302145468318856
146	2.4512932672073774e-05
147	4.542445618186491e-05
148	0.002198897168339217
149	0.009790198959862228
150	0.010617952774480095
151	0.03361866366814549
152	0.1357900406092586
153	0.9838981538483188
154	0.18484816784601352
155	0.09656527406216149
156	0.12933568132305998
157	0.4513954094697309
158	0.4441271100328678
159	0.7346031188276402
160	0.21048152657828498
161	0.028581295041564064
162	0.014453999040223764
163	0.013992274382953425
164	0.016458371314135432
165	0.048834539393112344
166	0.8640747434825136
167	0.048834539393112344
168	0.062298115656567614
169	0.22827757824649858
170	0.43697584363533404
171	0.8640747434825136
172	0.8640747434825136
173	0.8640747434825136
174	0.4441271100328678
175	0.09049436982916181
176	0.0395438536003459
177	0.0370577948122046
178	1.0
179	0.1909478879208092
180	0.17606198232518802
181	0.17606198232518802
182	0.17606198232518802
183	0.19407281858793526
184	0.35963270335588476
185	0.7967132492072908
186	0.5948461590153626
187	0.614475215120391
188	0.7111366461700385
189	0.8782156365502464
190	0.22098538275893506
191	0.14256649781437009
192	0.15213071221465965
193	0.32100381758685564
194	0.26851082552023625
195	0.4230169025093204
196	0.8501615448994048
197	0.7111366461700385
198	0.9071954723294546
199	0.9071954723294546
200	1.0
