1	0.9680555771461439
2	0.9838981538483188
3	0.4895605451959158
4	0.4895605451959158
5	0.4895605451959158
6	0.566571988000515
7	0.7838846950415602
8	0.677334966787895
9	0.6664286233595221
10	0.6884197964379096
11	0.5574491330158785
12	0.47392181612760637
13	0.45878265723355866
14	0.40950387170122843
15	0.7967132492072908
16	0.7588439508744756
17	0.6245313223904276
18	0.5484731728386688
19	0.6245313223904276
20	0.46629079995640094
21	0.5309525138815068
22	0.481677716615238
23	0.05838153282986845
24	0.32100381758685104
25	0.31583506350196977
26	0.38375901867528034
27	0.9838981538483188
28	1.0
29	0.9680555771461439
30	0.7111366461700385
31	0.7227746524257325
32	0.17894329980857734
33	0.20047693868989175
34	0.27737129133826594
35	0.4029101033605775
36	0.019047393108381876
37	0.009950419076984586
38	0.06435386265758125
39	0.11358461770179093
40	0.023143753598939273
41	0.09656527406216149
42	0.9220420515895166
43	0.22460188780169194
44	0.14027091400017713
45	0.14027091400017713
46	0.2516299796562454
47	0.9524680951766463
48	0.9524680951766463
49	0.024298717947761457
50	0.020325206299054217
51	0.024696375181437153
52	0.1972488898661499
53	0.9838981538483188
54	0.9838981538483188
55	0.9524680951766463
56	0.9680555771461439
57	0.17894329980857734
58	0.05211065273008481
59	0.04288725609875963
60	0.04883453939311235
61	0.8925879504044913
62	0.8782156365502338
63	0.8782156365502338
64	0.12520412762878277
65	0.05560654736795764
66	0.08619300005539271
67	0.2396695274125223
68	0.9838981538483188
69	0.1909478879208092
70	0.12520412762878277
71	0.12120455403276077
72	0.003520875718327174
73	0.007674387126047693
74	0.007927630713798602
75	0.677334966787895
76	0.7111366461700385
77	0.809751747262771
78	0.9071954723294418
79	0.8925879504044913
80	0.9371316004437404
81	0.7838846950415602
82	0.7712627042813435
83	1.0
84	0.010968329737619124
85	0.008459463654885604
86	0.0036965812672960312
87	0.004009124378788922
88	0.0024238405452939723
89	0.007674387126047693
90	0.026784434765055293
91	0.20047693868989175
92	0.014930959938100428
93	0.00932485215470036
94	0.008459463654885604
95	0.9680555771461439
96	0.21392613224755633
97	0.2516299796562454
98	0.8925879504044913
99	0.12120455403276077
100	0.14489964968096344
101	0.8925879504044913
102	0.9680555771461439
103	0.9680555771461439
104	1.0
105	1.0
106	0.08760357941344458
107	0.021688742850449225
108	0.059336967552506205
109	1.0
110	0.36551822152450847
111	0.16233655139003353
112	0.15715080394779135
113	0.1909478879208092
114	0.30574589468138397
115	0.9838981538483188
116	1.0
117	1.0
118	0.007674387126047693
119	0.00932485215470036
120	0.04019100294647119
121	1.0
122	0.823003625015039
123	0.823003625015039
124	0.823003625015039
125	0.12520412762878277
126	0.18484816784601352
127	0.17894329980857734
128	0.9371316004437404
129	1.0
130	1.0
131	0.15213071221465968
132	0.012489335512977668
133	0.006850065475449525
134	0.03828064801966494
135	0.3900393726467363
136	0.7712627042813435
137	0.809751747262771
138	0.7838846950415602
139	0.06030803830703579
140	0.05211065273008481
141	0.025928821455018472
142	0.9838981538483188
143	0.9838981538483188
144	0.9220420515895166
145	0.9524680951766463
146	1.0
147	0.12520412762878277
148	0.1380122933233906
149	0.9838981538483188
150	0.809751747262771
151	0.8782156365502338
152	0.9680555771461439
153	0.2516299796562454
154	0.2685108255202324
155	0.03529636723622752
156	0.012288234154010976
157	0.01567607357528453
158	0.1909478879208092
159	1.0
160	0.01814203423202126
161	0.0027155201279554955
162	0.004074735137074894
163	0.003520875718327174
164	0.004141419638950831
165	0.9838981538483188
166	0.006316048424505998
167	0.008738613623635486
168	1.0
169	0.9838981538483188
170	0.9680555771461439
171	0.9838981538483188
172	0.04019100294647119
173	0.05044600800408453
174	0.14027091400017713
175	0.0472745482168648
176	0.014221262971401532
177	0.00932485215470036
178	0.012489335512977668
179	0.9680555771461439
180	0.6664286233595221
181	0.2729051014782479
182	0.5057153295259778
183	0.9838981538483188
184	1.0
185	0.9838981538483188
186	0.9838981538483188
187	0.481677716615238
188	0.2641873055176485
189	0.6664286233595221
190	1.0
191	0.024696375181437153
192	0.01469054391828022
193	0.008189230970776996
194	0.03361866366814549
195	0.9838981538483188
196	0.09814559940423297
197	0.008323250672588899
198	0.016458371314135432
199	0.9838981538483188
200	1.0
