1	0.6347520014624476
2	0.46629079995640094
3	0.5057153295259849
4	0.5224031981891457
5	0.6556978921951104
6	0.8230036250150389
7	0.8097517472627824
8	0.699686033300596
9	0.7712627042813435
10	0.746625162324361
11	0.9220420515895166
12	0.7111366461700486
13	0.7111366461700486
14	0.15972263321475677
15	0.24757827243666983
16	0.026353155917209003
17	0.3262571601860559
18	0.03361866366814549
19	0.6664286233595221
20	0.9680555771461439
21	0.9680555771461439
22	0.9838981538483188
23	0.9838981538483188
24	0.9838981538483188
25	0.6884197964379097
26	0.6884197964379097
27	0.04358912142584555
28	0.024298717947761454
29	0.05651656845829484
30	0.6884197964379097
31	0.6245313223904276
32	0.24757827243666983
33	0.37150005830873106
34	0.5309525138815142
35	0.48956054519591574
36	0.5396417421913038
37	0.5484731728386688
38	0.5484731728386688
39	0.02592882145501847
40	0.02812108342598899
41	0.5396417421913038
42	0.892587950404504
43	0.9371316004437404
44	0.3008228213237205
45	0.18484816784601352
46	0.11358461770179092
47	0.31074953590015464
48	0.7967132492073021
49	0.5396417421913038
50	0.5852680376789872
51	0.39642250686331315
52	0.2246018878016951
53	0.24359180518339907
54	0.8364723744993591
55	0.154620385880011
56	0.4095038717012285
57	0.8501615448994048
58	0.6884197964379097
59	0.6556978921951104
60	0.6556978921951104
61	0.699686033300596
62	0.7712627042813435
63	0.892587950404504
64	0.37150005830873106
65	0.31583506350196977
66	0.3262571601860559
67	0.09501039487561899
68	0.6664286233595221
69	0.5758441417787837
70	0.013766972933527195
71	0.008597905811488843
72	0.06540703669975811
73	0.5574491330158785
74	0.6451399456130122
75	0.19407281858793526
76	0.3775797899972562
77	0.07327797408660716
78	0.6664286233595221
79	1.0
80	1.0
81	0.9838981538483188
82	0.40291010336058314
83	0.40291010336058314
84	0.48956054519591574
85	0.9371316004437404
86	1.0
87	0.012489335512977668
88	0.012090370898187257
89	0.31583506350196977
90	0.6245313223904276
91	0.5484731728386688
92	0.01814203423202126
93	0.018438935128664097
94	0.18484816784601352
95	0.305745894681384
96	0.9071954723294418
97	0.8782156365502338
98	0.9680555771461439
99	0.9680555771461439
100	0.9524680951766598
101	0.9371316004437404
102	0.9220420515895166
103	0.8364723744993591
104	0.2865241396118687
105	0.25993340216897615
106	0.8501615448994048
107	0.2865241396118687
108	0.1909478879208092
109	0.0686711051330571
110	0.3837590186752804
111	0.013992274382953427
112	0.022771096439116734
113	0.31074953590015464
114	0.4162055494255546
115	0.31583506350196977
116	0.02551131956105572
117	0.008597905811488843
118	0.08760357941344458
119	0.9371316004437404
120	0.9371316004437404
121	0.9524680951766598
122	0.9838981538483188
123	0.9524680951766598
124	0.9220420515895166
125	0.030997821620274812
126	0.06647744631284418
127	0.04430247303072592
128	0.048834539393112344
129	0.9071954723294418
130	0.9680555771461439
131	0.9524680951766598
132	0.9680555771461439
133	0.009174704819918332
134	0.006962169253653823
135	0.011895693606068052
136	0.03000761409888792
137	0.002544799723548124
138	0.05296346225091007
139	0.19407281858793526
140	0.6773349667878948
141	0.8782156365502338
142	0.9838981538483188
143	0.7967132492073021
144	0.7346031188276402
145	0.3315964756209393
146	0.3900393726467363
147	0.4739218161276131
148	0.6556978921951104
149	0.8782156365502338
150	0.8782156365502338
151	0.7111366461700486
152	0.4975723790934037
153	0.25162997965624895
154	0.2174271101239803
155	0.0031426912410505935
156	0.005729890533725346
157	0.3900393726467363
158	0.44412711003286776
159	0.7838846950415601
160	0.5484731728386688
161	0.3538419528953351
162	0.10644373457266823
163	0.04963373414423629
164	0.5758441417787837
165	0.7967132492073021
166	0.9071954723294418
167	0.9220420515895166
168	0.2729051014782479
169	0.2174271101239803
170	0.5224031981891457
171	0.4975723790934037
172	0.5948461590153711
173	0.7967132492073021
174	0.4739218161276131
175	0.21048152657828798
176	0.5484731728386688
177	0.5665719880005149
178	0.3262571601860559
179	0.24757827243666983
180	0.26851082552023625
181	0.42993972582911677
182	0.48956054519591574
183	0.7588439508744758
184	0.8501615448994048
185	0.8097517472627824
186	0.8640747434825135
187	0.9071954723294418
188	0.9371316004437404
189	0.7838846950415601
190	0.4975723790934037
191	0.08343961441458081
192	0.3262571601860559
193	0.12318811002814868
194	0.04430247303072592
195	0.08619300005539271
196	0.2174271101239803
197	0.6045810297425099
198	0.8230036250150389
199	0.8782156365502338
200	0.9371316004437404
