1	0.6884197964379097
2	0.6556978921951198
3	0.6451399456130124
4	0.6451399456130124
5	0.6245313223904277
6	0.8925879504044915
7	0.699686033300596
8	0.9071954723294546
9	0.8501615448994049
10	0.8925879504044915
11	0.4895605451959228
12	0.01784991398793898
13	0.0031941225103010833
14	0.006962169253653923
15	0.08903724340857933
16	0.5574491330158785
17	0.5852680376789872
18	0.5948461590153626
19	1.0
20	1.0
21	0.9220420515895167
22	0.5309525138815068
23	0.37150005830873106
24	0.2819105719970996
25	0.3775797899972562
26	0.4587826572335587
27	0.7838846950415602
28	0.7588439508744758
29	0.5484731728386688
30	0.8097517472627824
31	0.15213071221465968
32	0.07209806342155774
33	0.0010421053394971875
34	0.0058236622472702445
35	0.0045650797047264175
36	0.002715520127955534
37	0.0008859578853748352
38	0.0013732801563434583
39	0.0015385376373511798
40	0.0023464123579847807
41	1.0
42	1.0
43	1.0
44	1.0
45	1.0
46	1.0
47	1.0
48	1.0
49	0.0024238405452939728
50	0.0019000115066771077
51	0.0006403479026656425
52	0.0001242741223471923
53	0.0035784961121798835
54	0.007309608887594927
55	0.009174704819918203
56	0.03587400494469159
57	0.1425664978143681
58	0.30082282132372057
59	0.7346031188276403
60	0.7712627042813436
61	0.505715329525985
62	0.466290799956401
63	0.466290799956401
64	0.7967132492072908
65	1.0
66	0.32625716018605594
67	0.27737129133826594
68	0.8640747434825137
69	0.2912132099152615
70	0.3837590186752804
71	0.22460188780169515
72	0.15715080394779135
73	0.15972263321475677
74	0.2641873055176485
75	0.24359180518339907
76	0.9220420515895167
77	0.9071954723294546
78	0.6664286233595222
79	0.03705779481220513
80	0.22460188780169515
81	0.21742711012398036
82	0.2209853827589351
83	0.17606198232518802
84	0.21742711012398036
85	0.6556978921951198
86	0.9071954723294546
87	0.7838846950415602
88	0.43697584363533404
89	0.6664286233595222
90	0.6884197964379097
91	0.4587826572335587
92	0.5224031981891458
93	0.7838846950415602
94	0.17606198232518802
95	0.07947357060373077
96	0.01700147357515921
97	0.017562497419084444
98	0.03587400494469159
99	0.05296346225091007
100	0.9838981538483189
101	0.9838981538483189
102	1.0
103	0.9838981538483189
104	1.0
105	0.9371316004437404
106	1.0
107	0.9071954723294546
108	0.007927630713798602
109	0.001286944230771775
110	0.005283200023099468
111	0.006524468815236811
112	0.005918968568537472
113	0.1972488898661499
114	0.49757237909340374
115	0.3315964756209393
116	0.25162997965624895
117	0.9524680951766599
118	1.0
119	1.0
120	1.0
121	0.14968112689163354
122	0.11925293695084214
123	0.010968329737619282
124	0.008881624169591424
125	0.021339514049848223
126	0.1380122933233906
127	0.21392613224755938
128	1.0
129	1.0
130	0.9071954723294546
131	0.8782156365502465
132	0.8782156365502465
133	0.8782156365502465
134	0.8782156365502465
135	0.20709238541955047
136	0.023143753598939273
137	0.0067397667750349905
138	0.0011120160060804065
139	0.0009608649452023765
140	0.009324852154700492
141	0.03646109590141791
142	0.7967132492072908
143	0.6245313223904277
144	0.7588439508744758
145	0.5852680376789872
146	0.2641873055176485
147	0.08209608258032164
148	0.08480513362915015
149	0.18787327440652254
150	0.08903724340857933
151	0.05838153282986846
152	0.13579004060925862
153	0.20709238541955047
154	0.2912132099152615
155	0.9220420515895167
156	0.9071954723294546
157	0.6451399456130124
158	0.17322705937262783
159	0.011704150977755607
160	0.008459463654885606
161	0.466290799956401
162	0.566571988000515
163	0.05383022830539263
164	0.044302473030725924
165	0.045764390058400266
166	0.7346031188276403
167	0.3775797899972562
168	0.4095038717012285
169	0.505715329525985
170	0.4513954094697309
171	0.18787327440652254
172	0.3655182215245085
173	0.43697584363533404
174	0.9524680951766599
175	0.699686033300596
176	0.8097517472627824
177	0.7712627042813436
178	0.746625162324361
179	0.5948461590153626
180	0.5948461590153626
181	0.39642250686330754
182	0.7712627042813436
183	0.7346031188276403
184	0.6773349667879046
185	0.7967132492072908
186	0.9220420515895167
187	0.20709238541955047
188	0.09049436982916183
189	0.04883453939311235
190	0.37150005830873106
191	0.6556978921951198
192	0.8640747434825137
193	0.8364723744993591
194	0.4299397258291169
195	0.4513954094697309
196	0.44412711003286787
197	0.4513954094697309
198	0.513991542262758
199	0.5948461590153626
200	0.5574491330158785
