1	1.0
2	1.0
3	1.0
4	0.5396417421912961
5	0.41620554942555466
6	0.39642250686330754
7	0.40950387170122265
8	1.0
9	1.0
10	0.9838981538483048
11	1.0
12	0.003944570074838652
13	0.002671795240633363
14	0.0045650797047264175
15	0.0044192508682770176
16	0.01170415097775544
17	0.3262571601860466
18	0.31583506350196533
19	0.9524680951766462
20	0.045027498890453745
21	0.010446984132459454
22	0.006316048424505908
23	0.00381856306039134
24	0.0028510352648104934
25	0.017001473575158972
26	0.061295000982725924
27	0.21742711012397725
28	0.9680555771461163
29	0.8230036250150273
30	0.9838981538483048
31	0.27737129133826594
32	0.00206065602257691
33	0.0012458335400746267
34	0.00381856306039134
35	0.9071954723294289
36	0.9371316004437271
37	0.45878265723355216
38	0.31074953590015464
39	0.3210038175868511
40	0.9680555771461163
41	0.5396417421912961
42	0.05838153282986845
43	0.019675929314445093
44	0.013545299253376991
45	0.9838981538483048
46	0.07569604040982107
47	0.06979493239667438
48	0.3775797899972455
49	0.9680555771461163
50	0.09197534264619776
51	0.09348055211451997
52	0.04576439005839962
53	0.022043686905619028
54	0.05471117929721262
55	0.9524680951766462
56	0.2912132099152574
57	0.3315964756209393
58	0.9071954723294289
59	0.5852680376789705
60	0.5852680376789705
61	0.5574491330158785
62	0.045027498890453745
63	0.40291010336057753
64	0.17894329980857737
65	0.3481444442077991
66	0.6144752151203824
67	0.5309525138815068
68	0.8097517472627593
69	0.1448996496809614
70	0.13145230613269043
71	0.1135846177017877
72	0.13360357026643588
73	0.24757827243666986
74	0.9680555771461163
75	0.9524680951766462
76	0.9524680951766462
77	0.8925879504044915
78	0.9220420515895036
79	0.9371316004437271
80	0.9524680951766462
81	0.9220420515895036
82	0.9524680951766462
83	0.9680555771461163
84	0.9680555771461163
85	0.9071954723294289
86	0.7712627042813326
87	0.7346031188276299
88	0.8640747434825014
89	1.0
90	0.9838981538483048
91	0.9524680951766462
92	0.9680555771461163
93	0.9524680951766462
94	0.9371316004437271
95	0.8782156365502214
96	0.9371316004437271
97	0.9071954723294289
98	0.9371316004437271
99	0.9071954723294289
100	0.9371316004437271
101	0.9220420515895036
102	0.8925879504044915
103	0.8782156365502214
104	0.9220420515895036
105	0.6556978921951012
106	0.6996860333005861
107	0.44412711003286787
108	0.31583506350196533
109	0.3481444442077991
110	0.45878265723355216
111	0.9220420515895036
112	0.7712627042813326
113	0.758843950874465
114	0.5057153295259705
115	0.3481444442077991
116	0.3008228213237163
117	0.2865241396118647
118	0.7346031188276299
119	0.9524680951766462
120	1.0
121	1.0
122	0.007076107650393089
123	0.0010421053394971654
124	0.0009925720876842845
125	0.015175310452307267
126	1.0
127	1.0
128	1.0
129	0.014930959938100218
130	0.0002937805123388734
131	0.0014185963995909494
132	0.006850065475449526
133	0.9524680951766462
134	0.1571508039477891
135	0.04288725609875903
136	0.04804821315291556
137	0.01311260248634491
138	0.06756537356313774
139	0.8782156365502214
140	0.5948461590153626
141	0.9071954723294289
142	0.6556978921951012
143	0.17894329980857737
144	0.04430247303072466
145	0.04804821315291556
146	0.0861930000553915
147	0.6451399456130033
148	0.9680555771461163
149	0.9071954723294289
150	0.9371316004437271
151	0.25574799451756464
152	0.25574799451756464
153	0.9371316004437271
154	0.9071954723294289
155	0.07093715149650866
156	0.05211065273008481
157	0.03646109590141792
158	0.024298717947761457
159	0.03828064801966385
160	0.9220420515895036
161	0.9220420515895036
162	0.10472979393476876
163	0.04804821315291556
164	0.21392613224755633
165	0.8925879504044915
166	0.03828064801966385
167	0.03361866366814501
168	0.08077418408895645
169	0.5396417421912961
170	0.8925879504044915
171	0.35963270335587966
172	0.38375901867527495
173	0.38375901867527495
174	0.9071954723294289
175	0.003944570074838652
176	0.0014654080128054352
177	0.025928821455018472
178	0.08903724340857805
179	0.9838981538483048
180	0.18187177108593688
181	0.03049869946550746
182	0.008459463654885485
183	0.00026222494537733645
184	0.0013511678105428498
185	0.004009124378788865
186	0.009026975134420792
187	0.06867110513305613
188	0.9838981538483048
189	0.27737129133826594
190	0.3262571601860466
191	0.6556978921951012
192	0.3425386759286026
193	0.00719191068985781
194	0.0046397888713084435
195	0.004209195456615552
196	0.008597905811488721
197	0.39642250686330754
198	0.39642250686330754
199	0.41620554942555466
200	0.5396417421912961
