1	0.9680555771461302
2	0.9220420515895166
3	0.8364723744993591
4	0.7967132492073021
5	0.6884197964379098
6	0.6884197964379098
7	0.699686033300586
8	0.7466251623243612
9	0.9220420515895166
10	0.9838981538483189
11	0.9838981538483189
12	0.9680555771461302
13	0.8364723744993591
14	0.1676934209382986
15	0.07569604040982215
16	0.08209608258032165
17	0.13579004060925667
18	0.2475782724366734
19	0.7967132492073021
20	0.8501615448994049
21	0.8925879504045042
22	0.9071954723294418
23	0.9524680951766599
24	0.29597901853585135
25	0.035296367236227526
26	0.0370577948122046
27	0.05211065273008556
28	0.10472979393477025
29	0.699686033300586
30	1.0
31	0.031505112088109015
32	0.010113261253784643
33	0.002897693479410694
34	8.982218558500615e-05
35	0.0005270086451645937
36	0.0005185228330395549
37	0.00010227805318730173
38	0.01248933551297767
39	1.0
40	1.0
41	1.0
42	0.001589307136566305
43	1.5309094257357757e-05
44	9.278618677018997e-05
45	0.007191910689857912
46	0.022404439747548986
47	1.0
48	0.01619336115132821
49	0.0009004569039077774
50	0.007550815325235632
51	0.11925293695084216
52	0.9838981538483189
53	0.809751747262771
54	0.8230036250150391
55	0.15715080394779138
56	0.18484816784601615
57	1.0
58	1.0
59	0.4816777166152449
60	0.783884695041549
61	0.6245313223904276
62	0.8364723744993591
63	0.004209195456615611
64	0.0002538483208393753
65	0.001465408012805456
66	0.0038185630603913942
67	0.00707610765039319
68	0.030997821620274812
69	0.006524468815236811
70	4.847180071652265e-05
71	0.0010591597671173467
72	1.0
73	1.0
74	0.2773712913382699
75	0.23966952741252573
76	0.29597901853585135
77	1.0
78	0.878215636550234
79	1.0
80	0.9838981538483189
81	1.0
82	0.9838981538483189
83	0.9071954723294418
84	0.7712627042813435
85	0.6884197964379098
86	0.3900393726467308
87	0.4441271100328742
88	0.5484731728386689
89	0.9680555771461302
90	1.0
91	0.00707610765039319
92	0.00019263126270860307
93	0.0012458335400746534
94	1.0
95	0.028121083425988992
96	0.007799981223697674
97	0.004715720680195316
98	0.0022714575694317693
99	0.00012427412234719407
100	0.0020943793974173754
101	1.0
102	0.4299397258291168
103	1.0
104	0.2912132099152615
105	1.0
106	0.19094788792080922
107	0.16233655139003358
108	1.0
109	0.809751747262771
110	0.809751747262771
111	0.11925293695084216
112	0.006850065475449624
113	0.0009301706690873714
114	0.01843893512866384
115	1.0
116	0.021339514049847925
117	0.005369661486237395
118	9.584799567368608e-05
119	1.4115628677031431e-05
120	0.00048592413239297353
121	1.0
122	1.0
123	1.0
124	0.012693727967806583
125	0.0004198747700494216
126	0.0006403479026656426
127	0.0005101736581558181
128	0.00014150752636944632
129	0.009950419076984445
130	0.01727970878760305
131	0.016727718463300126
132	1.0
133	1.0
134	0.12725313808047323
135	0.045027498890454376
136	0.030498699465507893
137	0.030007614098887928
138	0.03890712455342853
139	0.9680555771461302
140	0.4162055494255606
141	0.22460188780169515
142	0.12725313808047323
143	0.06331764666180247
144	0.08760357941344458
145	0.07569604040982215
146	0.9680555771461302
147	0.9524680951766599
148	1.0
149	1.0
150	1.0
151	1.0
152	0.878215636550234
153	0.0330773411179359
154	0.030997821620274812
155	0.11925293695084216
156	0.02635315591720901
157	0.030498699465507893
158	0.12725313808047323
159	0.10304345090533383
160	0.04019100294647119
161	0.002384812237737442
162	0.40291010336058325
163	0.9524680951766599
164	0.008057369233584964
165	0.03954385360034535
166	0.03890712455342853
167	0.04019100294647119
168	0.04219669209919027
169	0.006850065475449624
170	0.031505112088109015
171	0.9524680951766599
172	0.9680555771461302
173	0.9680555771461302
174	0.9680555771461302
175	1.0
176	1.0
177	1.0
178	0.9838981538483189
179	0.05127157501696131
180	0.007309608887594927
181	0.002945115272426268
182	0.0008302591310470713
183	4.847180071652265e-05
184	0.0014893899404870398
185	0.04804821315291625
186	1.0
187	0.4369758436353279
188	0.001869417813710169
189	0.0007907953330514216
190	0.06435386265758127
191	0.6245313223904276
192	0.7588439508744759
193	0.8640747434825137
194	0.2819105719970956
195	0.1878732744065199
196	0.17606198232518802
197	0.2004769386898946
198	0.3596327033558848
199	1.0
200	1.0
