1	0.9838981538483328
2	1.0
3	0.41620554942555466
4	0.17043778391330405
5	0.13801229332339257
6	0.0769348332586583
7	0.7588439508744865
8	0.5948461590153711
9	0.7227746524257427
10	0.8364723744993591
11	0.9524680951766733
12	0.9838981538483328
13	0.5224031981891458
14	0.20375781569034312
15	0.05651656845829485
16	0.05211065273008555
17	0.07569604040982214
18	0.1357900406092586
19	0.9524680951766733
20	0.9524680951766733
21	0.9524680951766733
22	0.9371316004437403
23	0.1293356813230618
24	0.049633734144236996
25	0.053830228305393385
26	0.06435386265758217
27	0.15213071221465968
28	0.14968112689163354
29	0.46629079995640094
30	0.7838846950415601
31	0.5139915422627652
32	0.023522509426831584
33	0.06435386265758217
34	0.0010421053394971875
35	0.03705779481220513
36	0.007429233258549035
37	0.003353521788788837
38	0.0018694178137101953
39	0.015932618141390912
40	0.15213071221465968
41	1.0
42	0.24359180518339907
43	0.043589121425846165
44	0.00441925086827708
45	7.888324788986941e-05
46	0.000262224945377342
47	9.901083980761738e-05
48	0.0040747351370749516
49	0.05127157501696203
50	1.0
51	0.3262571601860559
52	0.30082282132372057
53	0.4029101033605832
54	1.0
55	1.0
56	1.0
57	0.3900393726467364
58	0.3425386759286123
59	0.8782156365502464
60	0.9371316004437403
61	0.7346031188276507
62	0.9371316004437403
63	0.8925879504044913
64	0.9680555771461439
65	0.9524680951766733
66	0.699686033300596
67	0.5224031981891458
68	0.8640747434825136
69	0.4029101033605832
70	0.1357900406092586
71	0.06229811565656938
72	0.05127157501696203
73	0.7227746524257427
74	0.9838981538483328
75	0.9680555771461439
76	0.9680555771461439
77	0.9838981538483328
78	0.9838981538483328
79	0.9680555771461439
80	0.013545299253377184
81	0.0036965812672960837
82	0.05127157501696203
83	0.11544347070632022
84	0.8097517472627824
85	0.9680555771461439
86	0.9838981538483328
87	0.8364723744993591
88	0.4369758436353341
89	0.38375901867528583
90	0.3655182215245085
91	0.1909478879208119
92	0.1357900406092586
93	0.7712627042813435
94	0.9838981538483328
95	0.9371316004437403
96	0.7967132492073021
97	0.9838981538483328
98	0.7838846950415601
99	0.34814444420780405
100	0.3538419528953351
101	0.31583506350197427
102	0.29121320991526145
103	0.34814444420780405
104	0.9371316004437403
105	0.5396417421913038
106	0.7712627042813435
107	0.8230036250150508
108	0.9680555771461439
109	0.746625162324361
110	0.566571988000523
111	0.8230036250150508
112	0.4975723790934108
113	0.38375901867528583
114	0.38375901867528583
115	0.7967132492073021
116	0.02812108342598899
117	0.017279708787603047
118	0.020657835589543774
119	0.025100540218357583
120	0.0036370594844429473
121	0.010113261253784787
122	0.04727454821686547
123	0.24757827243667338
124	0.9680555771461439
125	0.1546203858800132
126	0.04804821315291692
127	0.008881624169591422
128	0.007799981223697785
129	0.006214348384488123
130	0.007674387126047693
131	0.46629079995640094
132	0.5224031981891458
133	0.007674387126047693
134	0.049633734144236996
135	0.3425386759286123
136	0.5224031981891458
137	0.6773349667879045
138	0.9220420515895166
139	1.0
140	0.2729051014782479
141	0.09814559940423298
142	0.0997517873372947
143	0.07093715149651067
144	0.9371316004437403
145	0.9524680951766733
146	0.9838981538483328
147	1.0
148	0.12520412762878458
149	0.09814559940423298
150	0.029049038185277716
151	0.10818572446379238
152	0.7346031188276507
153	0.16769342093829856
154	0.1472709844146142
155	0.2641873055176485
156	0.4975723790934108
157	0.32100381758685564
158	0.31583506350197427
159	0.9680555771461439
160	0.9838981538483328
161	0.9838981538483328
162	0.08619300005539395
163	0.027222771645920248
164	0.012090370898187429
165	0.003944570074838764
166	2.9305131190668997e-05
167	1.020241861081224e-05
168	1.9529778236767732e-05
169	0.00041987477004942157
170	2.017423244886659e-05
171	3.678253276172629e-05
172	4.69233970179462e-05
173	0.0012662220527620944
174	0.699686033300596
175	1.0
176	1.0
177	1.0
178	1.0
179	0.699686033300596
180	0.0012662220527620944
181	4.6167843698248974e-05
182	3.678253276172629e-05
183	1.9849390061746685e-05
184	0.00041987477004942157
185	2.3347786289363818e-05
186	1.4115628677031431e-05
187	3.3915041970280715e-05
188	0.0019627091166381696
189	0.006631244087325165
190	0.01784991398793898
191	0.06331764666180337
192	0.9371316004437403
193	0.9371316004437403
194	0.9071954723294547
195	0.25162997965624895
196	0.23581040555488306
197	0.8925879504044913
198	0.8925879504044913
199	0.9220420515895166
200	1.0
