1	0.9371316004437406
2	0.5852680376789872
3	0.48956054519592274
4	0.466290799956401
5	0.4816777166152414
6	0.4162055494255576
7	0.23581040555488308
8	0.2557479945175701
9	0.27737129133826793
10	0.3964225068633104
11	0.29597901853584924
12	0.566571988000515
13	0.6245313223904277
14	0.9524680951766531
15	0.3964225068633104
16	0.17606198232518802
17	0.09975178733729259
18	0.09348055211452065
19	0.14489964968096447
20	0.16769342093829737
21	0.594846159015367
22	0.3158350635019698
23	0.3715000583087338
24	0.6451399456130124
25	0.6556978921951152
26	0.5057153295259778
27	0.2865241396118708
28	0.2599334021689762
29	0.3715000583087338
30	0.2209853827589335
31	0.239669527412524
32	0.7588439508744759
33	0.7967132492072965
34	0.8230036250150449
35	0.0876035794134446
36	0.05211065273008518
37	0.026353155917208822
38	0.015932618141390915
39	0.04804821315291659
40	0.17606198232518802
41	0.1496811268916325
42	0.3715000583087338
43	0.9220420515895231
44	0.9524680951766531
45	0.9680555771461439
46	0.9680555771461439
47	0.9680555771461439
48	0.9838981538483259
49	0.9680555771461439
50	0.8782156365502402
51	0.7111366461700436
52	0.22460188780169354
53	0.8925879504044978
54	0.012693727967806673
55	0.001395754378613417
56	0.0028051283336035173
57	0.09501039487561765
58	0.04727454821686481
59	0.9838981538483259
60	0.8925879504044978
61	0.9838981538483259
62	0.22460188780169354
63	0.3057458946813862
64	1.0
65	0.9838981538483259
66	1.0
67	1.0
68	1.0
69	1.0
70	1.0
71	0.3057458946813862
72	0.228277578246497
73	0.9524680951766531
74	0.8640747434825137
75	0.8925879504044978
76	0.014453999040223662
77	0.006214348384488079
78	0.0010253255196467585
79	0.0024238405452939723
80	0.011895693606067967
81	0.9071954723294418
82	0.5574491330158825
83	0.7712627042813436
84	0.2599334021689762
85	0.19407281858793526
86	0.17322705937262906
87	0.1314523061326923
88	0.1293356813230609
89	0.11925293695084216
90	0.12318811002815043
91	0.041517247454899237
92	0.1972488898661499
93	0.08343961441458023
94	0.016458371314135432
95	0.05296346225090933
96	0.10304345090533457
97	0.5057153295259778
98	0.9680555771461439
99	0.9071954723294418
100	0.677334966787895
101	0.8640747434825137
102	0.6664286233595269
103	0.699686033300596
104	0.8640747434825137
105	0.6884197964379146
106	0.6245313223904277
107	0.6144752151203955
108	0.6347520014624433
109	0.746625162324361
110	0.48956054519592274
111	0.5309525138815105
112	0.6245313223904277
113	0.5574491330158825
114	0.6144752151203955
115	0.7346031188276455
116	0.8230036250150449
117	0.9220420515895231
118	0.8925879504044978
119	0.8782156365502402
120	0.699686033300596
121	0.6556978921951152
122	0.677334966787895
123	0.9371316004437406
124	0.9071954723294418
125	0.8925879504044978
126	0.8501615448993989
127	0.7712627042813436
128	0.7838846950415602
129	0.8640747434825137
130	0.566571988000515
131	0.15715080394779135
132	0.2599334021689762
133	0.3370231708678045
134	0.48956054519592274
135	0.48956054519592274
136	0.458782657233562
137	0.40291010336058036
138	0.2209853827589335
139	0.5396417421912961
140	0.48956054519592274
141	0.47392181612761314
142	0.44412711003287103
143	0.458782657233562
144	0.3370231708678045
145	0.6451399456130124
146	0.32625716018605594
147	0.3315964756209417
148	0.42301690250932045
149	0.2641873055176486
150	0.6451399456130124
151	0.228277578246497
152	0.21742711012398036
153	0.19094788792081058
154	0.3655182215245085
155	0.44412711003287103
156	0.06867110513305712
157	0.06229811565656806
158	0.003696581267296084
159	0.006214348384488079
160	0.014930959938100641
161	0.1357900406092586
162	0.7588439508744759
163	0.7588439508744759
164	0.7712627042813436
165	0.8230036250150449
166	0.9371316004437406
167	0.8640747434825137
168	0.3655182215245085
169	0.10818572446379317
170	0.06540703669975813
171	0.05383022830539301
172	0.23581040555488308
173	0.40291010336058036
174	0.9371316004437406
175	0.7967132492072965
176	0.6347520014624433
177	0.809751747262771
178	0.228277578246497
179	0.046513340714586945
180	0.0021988971683392176
181	0.002945115272426268
182	0.011704150977755607
183	1.0
184	1.0
185	1.0
186	1.0
187	0.010791719379643227
188	0.0019311058764015462
189	0.002163490864431252
190	0.05211065273008518
191	0.3057458946813862
192	0.9071954723294418
193	0.6451399456130124
194	0.5396417421912961
195	0.3425386759286099
196	0.34814444420780405
197	0.4513954094697245
198	0.7712627042813436
199	0.6144752151203955
200	0.8501615448993989
