1	0.8782156365502339
2	0.09197534264619776
3	0.20047693868989458
4	0.20047693868989458
5	0.08903724340857933
6	0.1099562226442282
7	0.7967132492072909
8	0.17043778391330164
9	0.09656527406216149
10	0.10304345090533384
11	0.22827757824649536
12	0.7838846950415491
13	0.823003625015039
14	0.6045810297425014
15	0.14027091400017716
16	0.154620385880011
17	0.8364723744993472
18	0.6245313223904277
19	0.6556978921951105
20	0.7967132492072909
21	0.9371316004437272
22	0.8640747434825014
23	0.8782156365502339
24	0.9371316004437272
25	0.9680555771461301
26	0.9524680951766463
27	0.9524680951766463
28	0.005114431247539967
29	0.0007907953330514215
30	0.0027155201279554955
31	0.00230863078718809
32	0.0012869442307717478
33	0.00044804248394847
34	0.9838981538483189
35	0.9838981538483189
36	0.9838981538483189
37	1.0
38	1.0
39	1.0
40	0.9838981538483189
41	0.9838981538483189
42	0.0001664478089116465
43	1.2000564683291214e-05
44	6.927650175875156e-05
45	0.0022714575694317367
46	0.0009301706690873649
47	0.006015834611932686
48	0.9680555771461301
49	0.9220420515895166
50	0.9071954723294418
51	0.809751747262771
52	0.809751747262771
53	0.8782156365502339
54	0.7967132492072909
55	0.6884197964379097
56	0.8640747434825014
57	0.7838846950415491
58	0.9680555771461301
59	0.5057153295259705
60	0.41620554942555466
61	0.9071954723294418
62	0.13579004060925667
63	0.0022714575694317367
64	0.0013511678105428498
65	0.0034084033755650083
66	0.020657835589543483
67	0.02204368690561934
68	0.015423659850312868
69	0.23201342268367284
70	0.809751747262771
71	0.8364723744993472
72	0.8640747434825014
73	0.1425664978143681
74	0.14489964968096344
75	0.1425664978143681
76	0.29121320991525734
77	0.29121320991525734
78	0.6664286233595221
79	0.7712627042813435
80	1.0
81	0.9838981538483189
82	0.9838981538483189
83	0.746625162324361
84	0.16233655139003356
85	0.09501039487561765
86	0.03954385360034535
87	0.010791719379643074
88	0.018142034232021265
89	0.9838981538483189
90	0.22098538275893195
91	0.0008716923278076672
92	0.00021934392271274843
93	0.0011675099792966424
94	0.004639788871308543
95	0.0019311058764015189
96	0.0013511678105428498
97	0.045027498890454376
98	0.7838846950415491
99	0.9524680951766463
100	0.9371316004437272
101	0.9071954723294418
102	0.809751747262771
103	0.823003625015039
104	0.31074953590015464
105	0.17322705937262783
106	0.15213071221465752
107	0.06540703669975813
108	0.8640747434825014
109	0.07693483325865721
110	0.09656527406216149
111	0.823003625015039
112	0.27290510147824404
113	0.2599334021689762
114	0.3481444442078041
115	0.9838981538483189
116	0.9220420515895166
117	0.9371316004437272
118	0.15972263321475677
119	0.14027091400017716
120	0.14027091400017716
121	0.9838981538483189
122	0.9680555771461301
123	0.9371316004437272
124	0.9220420515895166
125	0.9220420515895166
126	0.9524680951766463
127	0.1972488898661471
128	0.062298115656567614
129	0.07819389939674361
130	0.7838846950415491
131	0.7111366461700385
132	0.7838846950415491
133	0.45139540946972445
134	0.36551822152450336
135	0.3837590186752804
136	0.9371316004437272
137	0.27290510147824404
138	0.18787327440651988
139	0.9220420515895166
140	0.1425664978143681
141	0.17894329980857993
142	0.16499324727369863
143	0.2516299796562454
144	0.9524680951766463
145	0.614475215120391
146	0.48956054519591574
147	0.5484731728386688
148	0.2396695274125257
149	0.5057153295259705
150	0.5758441417787838
151	0.5852680376789788
152	0.5665719880005069
153	0.9071954723294418
154	0.8782156365502339
155	0.8640747434825014
156	0.8501615448993929
157	0.5484731728386688
158	0.45139540946972445
159	0.5309525138815068
160	0.7227746524257325
161	0.8640747434825014
162	0.6773349667878948
163	0.45139540946972445
164	0.3596327033558848
165	0.35384195289533016
166	0.5574491330158785
167	0.6245313223904277
168	0.8925879504044915
169	0.823003625015039
170	0.8640747434825014
171	0.8925879504044915
172	0.6884197964379097
173	0.5309525138815068
174	0.49757237909340374
175	0.44412711003286787
176	0.36551822152450336
177	0.2959790185358471
178	0.45139540946972445
179	0.8364723744993472
180	0.22460188780169194
181	0.15213071221465752
182	0.15213071221465752
183	0.10472979393476875
184	0.14027091400017716
185	0.9524680951766463
186	0.9838981538483189
187	0.9838981538483189
188	0.9838981538483189
189	0.9838981538483189
190	0.9838981538483189
191	0.9838981538483189
192	0.9838981538483189
193	0.9680555771461301
194	0.9838981538483189
195	0.9838981538483189
196	0.9838981538483189
197	0.9838981538483189
198	0.9680555771461301
199	0.9680555771461301
200	0.9838981538483189
