1	0.6556978921951151
2	0.7227746524257325
3	0.48956054519591924
4	0.5852680376789872
5	0.6144752151203955
6	0.47392181612760975
7	0.34253867592860504
8	0.2641873055176467
9	0.48956054519591924
10	0.210481526578285
11	0.2516299796562454
12	0.7346031188276455
13	0.7346031188276455
14	0.6884197964379146
15	0.8230036250150449
16	0.6664286233595269
17	0.8782156365502402
18	0.40950387170123137
19	0.36551822152450597
20	0.18787327440651988
21	0.239669527412524
22	0.1357900406092586
23	0.00707610765039319
24	0.00479289514036664
25	0.004715720680195316
26	0.00932485215470036
27	0.011330268629776647
28	0.04219669209918996
29	1.0
30	0.9680555771461301
31	1.0
32	1.0
33	1.0
34	0.9838981538483259
35	1.0
36	0.04358912142584586
37	0.010278768401209682
38	0.005729890533725346
39	0.006114285902868104
40	0.0012458335400746445
41	0.0021988971683392176
42	0.11925293695084131
43	0.9071954723294419
44	0.9371316004437404
45	0.9220420515895231
46	0.8097517472627709
47	0.6144752151203955
48	0.6556978921951151
49	0.9220420515895231
50	0.9524680951766531
51	1.0
52	1.0
53	1.0
54	0.27737129133826793
55	0.09814559940423298
56	0.05560654736795804
57	0.056516568458294454
58	0.21742711012398033
59	0.30574589468138624
60	0.7111366461700436
61	0.5758441417787796
62	0.7967132492072966
63	0.20375781569034312
64	0.6245313223904277
65	0.4029101033605775
66	0.45139540946972445
67	0.9071954723294419
68	0.9220420515895231
69	0.8925879504044978
70	0.8097517472627709
71	0.8782156365502402
72	0.9838981538483259
73	0.9071954723294419
74	0.9838981538483259
75	0.30574589468138624
76	0.25574799451756647
77	0.8364723744993591
78	0.594846159015367
79	0.8925879504044978
80	0.9220420515895231
81	1.0
82	0.36551822152450597
83	0.009790198959862158
84	0.013766972933527003
85	0.5665719880005149
86	0.5665719880005149
87	0.594846159015367
88	0.6996860333005961
89	1.0
90	1.0
91	0.11925293695084131
92	0.056516568458294454
93	0.05127157501696203
94	0.6347520014624433
95	1.0
96	0.9371316004437404
97	0.9838981538483259
98	0.9680555771461301
99	0.9838981538483259
100	0.8097517472627709
101	0.9071954723294419
102	0.9680555771461301
103	0.49757237909340724
104	0.5224031981891458
105	0.49757237909340724
106	0.5665719880005149
107	0.7111366461700436
108	0.8782156365502402
109	0.46629079995640105
110	0.9220420515895231
111	0.6045810297425014
112	0.7346031188276455
113	0.7346031188276455
114	0.1818717710859395
115	0.17043778391330164
116	0.16233655139003356
117	1.0
118	1.0
119	0.9680555771461301
120	0.9680555771461301
121	0.9524680951766531
122	0.9371316004437404
123	0.9371316004437404
124	0.8501615448993989
125	0.11925293695084131
126	0.12933568132306092
127	0.29597901853584924
128	0.7588439508744758
129	0.5758441417787796
130	0.5665719880005149
131	0.7967132492072966
132	0.746625162324361
133	0.6556978921951151
134	0.1425664978143681
135	0.15213071221465752
136	0.15715080394779135
137	0.15715080394779135
138	0.1357900406092586
139	0.1357900406092586
140	0.21392613224755788
141	1.0
142	0.9680555771461301
143	0.4230169025093205
144	0.9838981538483259
145	0.9838981538483259
146	0.9524680951766531
147	0.30574589468138624
148	0.17043778391330164
149	0.09656527406216218
150	0.040191002946471474
151	0.8230036250150449
152	0.9071954723294419
153	0.9838981538483259
154	0.9838981538483259
155	0.029524436113288616
156	0.0077999812236976196
157	0.1154434707063194
158	0.9680555771461301
159	0.9680555771461301
160	0.6556978921951151
161	0.9220420515895231
162	0.20709238541955194
163	0.19094788792080922
164	0.7838846950415602
165	0.8925879504044978
166	0.9220420515895231
167	0.9524680951766531
168	0.9680555771461301
169	0.9071954723294419
170	0.08209608258032165
171	0.17322705937262906
172	0.8230036250150449
173	0.5139915422627543
174	0.8364723744993591
175	0.8782156365502402
176	1.0
177	0.07327797408660716
178	0.15213071221465752
179	0.15715080394779135
180	1.0
181	1.0
182	0.31074953590015464
183	0.20047693868989316
184	0.22827757824649536
185	0.3837590186752777
186	0.9680555771461301
187	0.9371316004437404
188	0.8640747434825012
189	0.6664286233595269
190	0.3538419528953326
191	0.8230036250150449
192	0.8501615448993989
193	0.08077418408895817
194	0.04651334071458695
195	0.13801229332339157
196	0.09501039487561765
197	0.08209608258032165
198	0.06756537356313823
199	0.06647744631284418
200	0.7227746524257325
