1	0.1972488898661499
2	0.0019000115066771348
3	0.0012257733200817843
4	0.0020606560225769396
5	0.0001283749872229026
6	0.0001369871501100995
7	0.14489964968096344
8	0.19094788792081194
9	0.7111366461700588
10	0.566571988000523
11	0.042196692099190865
12	0.0002123371076951904
13	5.343038208960598e-05
14	0.0002123371076951904
15	0.0036370594844429478
16	0.30574589468139274
17	0.722774652425753
18	0.9838981538483468
19	0.9071954723294418
20	1.0
21	0.2396695274125291
22	0.194072818587938
23	0.1789432998085799
24	0.25162997965624895
25	0.9838981538483468
26	0.003246395470718101
27	0.0012662220527620944
28	0.0008716923278076856
29	0.0025038237499127474
30	0.001839316735680648
31	0.0017805608241138657
32	0.014221262971401737
33	0.15213071221465965
34	0.7967132492073021
35	0.9838981538483468
36	0.13801229332339257
37	0.026784434765056053
38	0.0395438536003459
39	0.2282775782464986
40	0.9524680951766599
41	0.07947357060372963
42	0.4895605451959228
43	0.013766972933527003
44	0.5224031981891533
45	0.1878732744065199
46	0.2320134226836761
47	0.9524680951766599
48	0.9838981538483468
49	0.9680555771461439
50	0.1878732744065199
51	0.17606198232519052
52	0.9680555771461439
53	0.1676934209382986
54	0.018740694914960384
55	0.00873861362363561
56	0.9838981538483468
57	0.9838981538483468
58	0.9838981538483468
59	0.9838981538483468
60	0.017562497419084444
61	0.004419250868277143
62	0.1425664978143721
63	0.9838981538483468
64	0.13360357026643968
65	0.1546203858800132
66	0.8364723744993591
67	0.7111366461700588
68	0.37150005830873634
69	0.008189230970777114
70	0.0028051283336035767
71	0.010278768401209828
72	0.6144752151203998
73	0.25993340216897615
74	0.0040747351370749516
75	0.008597905811488966
76	0.1314523061326923
77	0.9680555771461439
78	0.7967132492073021
79	0.9680555771461439
80	0.1546203858800132
81	0.009632558682416179
82	0.00026222494537734203
83	0.0028510352648105338
84	0.00021934392271275
85	0.001286944230771775
86	0.0005809207180139332
87	0.005637628717885406
88	0.9838981538483468
89	0.9838981538483468
90	0.2685108255202363
91	0.24757827243667338
92	0.2004769386898946
93	0.24757827243667338
94	0.8640747434825259
95	0.06540703669975906
96	0.003042299783147407
97	0.0001926312627086058
98	0.0002022443205017564
99	0.00042674617124462144
100	0.25162997965624895
101	0.7838846950415713
102	0.566571988000523
103	0.050446008004085253
104	0.004792895140366708
105	8.695286770702117e-05
106	8.148628007745244e-05
107	0.0019000115066771348
108	0.00049387645509079
109	0.0006944888267967281
110	0.1848481678460188
111	0.164993247273701
112	0.07093715149651068
113	0.08343961441458082
114	0.0184389351286641
115	0.017001473575159454
116	0.575844141778792
117	0.6884197964379196
118	0.7346031188276507
119	0.9371316004437538
120	0.025100540218357583
121	0.010113261253784787
122	0.005369661486237471
123	0.0022348829091087393
124	0.0006614784499805529
125	3.5607535981549386e-05
126	0.00049387645509079
127	0.0008168904262529344
128	0.0005019589204015599
129	0.042196692099190865
130	0.1972488898661499
131	0.348144444207809
132	0.44412711003287414
133	0.4230169025093204
134	0.30082282132372057
135	0.2396695274125291
136	0.14968112689163354
137	0.05838153282986845
138	0.0020606560225769396
139	0.0007058543855178155
140	3.076757251930209e-05
141	0.0004859241323929873
142	2.7462764493925022e-05
143	0.0004198747700494276
144	0.08343961441458082
145	0.9838981538483468
146	1.0
147	1.0
148	1.0
149	1.0
150	0.08077418408895759
151	0.0004553748598836698
152	4.926505911911207e-05
153	0.0004859241323929873
154	3.076757251930209e-05
155	0.0009301706690873715
156	0.0020274756563298992
157	0.009790198959862228
158	0.03254473486014868
159	0.03307734111793637
160	0.03361866366814597
161	0.06030803830703665
162	0.03890712455342853
163	0.010446984132459602
164	0.0005019589204015599
165	0.0008168904262529344
166	0.00049387645509079
167	3.5607535981549386e-05
168	0.0006403479026656425
169	0.0012257733200817843
170	0.0029451152724263097
171	0.009026975134421049
172	0.01814203423202152
173	0.6347520014624477
174	0.3900393726467363
175	0.6144752151203998
176	0.9680555771461439
177	0.4162055494255606
178	0.3900393726467363
179	0.38375901867528583
180	0.052110652730085555
181	0.1704377839133065
182	0.6144752151203998
183	0.9524680951766599
184	0.9680555771461439
185	0.9680555771461439
186	0.9680555771461439
187	0.9524680951766599
188	0.9371316004437538
189	0.9524680951766599
190	0.6664286233595316
191	0.5852680376789872
192	0.5574491330158785
193	0.575844141778792
194	0.9680555771461439
195	0.6144752151203998
196	0.5852680376789872
197	0.6144752151203998
198	0.9838981538483468
199	0.9838981538483468
200	0.9838981538483468
