1	0.9680555771461302
2	0.9371316004437406
3	0.9220420515895035
4	0.8925879504044915
5	0.9071954723294419
6	0.023143753598938943
7	0.021688742850449232
8	0.017562497419084194
9	0.0794735706037285
10	0.9838981538483189
11	1.0
12	0.09197534264619778
13	0.007927630713798489
14	0.016458371314135432
15	0.005546852487609637
16	0.3370231708678045
17	0.783884695041549
18	0.9680555771461302
19	1.0
20	1.0
21	0.7967132492072908
22	0.6556978921951104
23	0.6451399456130033
24	0.2819105719970956
25	0.06647744631284325
26	0.026784434765054915
27	0.025511319561055724
28	0.016458371314135432
29	0.022404439747548664
30	0.06979493239667436
31	0.14727098441461212
32	0.7227746524257325
33	0.39642250686330754
34	0.3425386759286026
35	0.5309525138815068
36	0.5852680376789788
37	0.49757237909340374
38	0.9838981538483189
39	0.22460188780169194
40	0.009950419076984445
41	0.0059189685685373875
42	1.0
43	0.0076743871260476935
44	0.0006300371192533686
45	0.0005715668219861325
46	0.003578496112179884
47	0.025928821455018475
48	0.1496811268916314
49	1.0
50	1.0
51	1.0
52	0.176061982325188
53	0.154620385880011
54	0.02635315591720863
55	0.03416884515602848
56	0.01445399904022356
57	0.05127157501696131
58	0.9680555771461302
59	0.8230036250150272
60	0.9220420515895035
61	0.9680555771461302
62	1.0
63	1.0
64	0.9071954723294419
65	1.0
66	0.14256649781436606
67	0.042196692099189664
68	0.05838153282986846
69	0.5665719880005069
70	0.45139540946972445
71	0.023143753598938943
72	0.06229811565656762
73	0.8782156365502338
74	0.9838981538483189
75	1.0
76	1.0
77	0.15213071221465752
78	0.025928821455018475
79	0.0038185630603913396
80	0.00011646120716896554
81	0.00024976089423135706
82	0.010113261253784644
83	0.011330268629776648
84	0.017279708787602804
85	0.005546852487609637
86	0.7227746524257325
87	0.19724888986614708
88	0.04804821315291557
89	0.6451399456130033
90	0.6144752151203824
91	0.9680555771461302
92	0.9838981538483189
93	0.9524680951766463
94	0.098145599404233
95	0.02204368690561934
96	0.005729890533725346
97	0.06540703669975813
98	0.0006099109471022964
99	0.0009301706690873582
100	0.00206065602257691
101	0.005198130749138962
102	0.2685108255202325
103	0.02204368690561934
104	0.027668282067044733
105	0.08480513362914895
106	1.0
107	0.08343961441457963
108	0.02204368690561934
109	0.025928821455018475
110	0.04502749889045374
111	0.9680555771461302
112	0.8782156365502338
113	0.9071954723294419
114	0.008323250672588899
115	0.005823662247270162
116	0.009174704819918202
117	0.01311260248634491
118	0.052110652730084805
119	0.5396417421912962
120	0.4895605451959158
121	0.003637059484442844
122	0.006631244087325071
123	1.0
124	0.009026975134420792
125	0.00020555412133940168
126	0.016458371314135432
127	1.0
128	1.0
129	1.0
130	1.0
131	0.020657835589543774
132	0.002897693479410694
133	0.007799981223697564
134	1.0
135	0.0047928951403666395
136	0.002759960588740092
137	0.022404439747548664
138	0.053830228305391865
139	0.008881624169591297
140	0.004871332588256346
141	0.0069621692536537255
142	0.009950419076984445
143	0.2516299796562454
144	0.17322705937262783
145	0.2396695274125223
146	0.11175569566235759
147	0.07569604040982107
148	0.05127157501696131
149	0.015423659850313085
150	0.006316048424505909
151	0.19724888986614708
152	1.0
153	0.10472979393476875
154	0.098145599404233
155	1.0
156	0.10644373457266673
157	0.0025447997235481246
158	0.00016644780891164653
159	0.005823662247270162
160	0.052110652730084805
161	0.9071954723294419
162	0.9220420515895035
163	0.9220420515895035
164	0.9220420515895035
165	0.098145599404233
166	0.05127157501696131
167	0.07209806342155671
168	0.08903724340857805
169	0.098145599404233
170	0.9071954723294419
171	0.009790198959862089
172	0.015932618141390686
173	0.9071954723294419
174	0.20375781569034024
175	0.009632558682416041
176	0.09975178733729187
177	0.11733274450692358
178	0.3057458946813797
179	0.5224031981891458
180	0.8640747434825012
181	0.6556978921951104
182	0.466290799956401
183	0.3262571601860559
184	0.3538419528953301
185	0.36551822152450336
186	0.9680555771461302
187	0.9680555771461302
188	0.9680555771461302
189	0.9838981538483189
190	0.9680555771461302
191	0.9524680951766463
192	0.9838981538483189
193	0.9680555771461302
194	0.9680555771461302
195	0.9524680951766463
196	0.9524680951766463
197	1.0
198	0.9838981538483189
199	0.9524680951766463
200	0.9838981538483189
