1	0.9371316004437271
2	0.699686033300596
3	0.4895605451959227
4	0.48167771661524483
5	0.5484731728386688
6	0.8640747434825137
7	0.699686033300596
8	0.05383022830539339
9	0.10995622264422977
10	0.1154434707063202
11	0.21048152657828498
12	0.823003625015039
13	0.9071954723294418
14	0.9524680951766598
15	0.34814444420780405
16	0.11733274450692356
17	0.07947357060372963
18	0.04576439005839962
19	0.03361866366814549
20	0.09049436982916183
21	0.8925879504044913
22	0.7712627042813325
23	0.783884695041549
24	0.8501615448993927
25	0.9838981538483188
26	0.9838981538483188
27	1.0
28	0.9371316004437271
29	0.9371316004437271
30	0.10138426111191785
31	0.10995622264422977
32	0.07819389939674361
33	0.10472979393477024
34	0.17043778391330164
35	0.2819105719970956
36	0.809751747262771
37	0.6664286233595316
38	0.6884197964379098
39	0.050446008004084525
40	0.164993247273701
41	0.04358912142584555
42	0.04576439005839962
43	0.5139915422627507
44	0.5758441417787838
45	0.2396695274125223
46	0.21392613224755938
47	0.4299397258291107
48	0.48167771661524483
49	0.41620554942555466
50	0.5057153295259778
51	0.9524680951766598
52	1.0
53	0.823003625015039
54	0.47392181612760637
55	0.13145230613269226
56	0.010968329737619282
57	0.013992274382953227
58	0.005114431247540076
59	0.8640747434825137
60	0.058381532829869284
61	0.027668282067044733
62	0.02390746372968385
63	0.08343961441458082
64	0.07569604040982214
65	0.002544799723548124
66	0.001094110495432293
67	0.0018097003405784802
68	0.0008168904262529112
69	0.0012257733200817494
70	1.0
71	0.0026717952406334006
72	0.0008168904262529112
73	0.003408403375565057
74	1.0
75	1.0
76	1.0
77	1.0
78	0.045027498890453745
79	0.002271457569431769
80	0.0027155201279555345
81	0.0045650797047264175
82	1.0
83	1.0
84	1.0
85	1.0
86	0.0047928951403666395
87	0.003408403375565057
88	0.0017805608241138406
89	0.048834539393113045
90	1.0
91	1.0
92	1.0
93	1.0
94	0.003944570074838652
95	0.0012662220527620944
96	0.0028510352648105338
97	1.0
98	0.0007174059456835026
99	0.0010088158858740138
100	0.0025038237499127474
101	0.0019311058764015325
102	0.0010591597671173619
103	0.010113261253784787
104	0.0045650797047264175
105	0.000148569308605765
106	0.00019263126270860034
107	0.04963373414423558
108	0.009790198959862087
109	0.004419250868277081
110	0.006631244087325165
111	0.010617952774480095
112	0.11175569566235759
113	0.4587826572335587
114	0.04651334071458728
115	0.14968112689163354
116	0.154620385880011
117	0.5309525138815142
118	0.48167771661524483
119	0.6245313223904277
120	0.7227746524257325
121	0.5309525138815142
122	0.6773349667878853
123	0.585268037678987
124	0.23581040555488308
125	0.020995908477665633
126	0.002945115272426268
127	0.014690543918280221
128	0.7227746524257325
129	0.7346031188276507
130	0.746625162324361
131	0.7712627042813325
132	0.8925879504044913
133	0.7588439508744758
134	0.1760619823251855
135	0.3315964756209393
136	0.3370231708678044
137	0.4895605451959227
138	0.1676934209382962
139	0.012288234154010974
140	0.018438935128663837
141	0.45139540946972445
142	0.44412711003287414
143	0.005369661486237471
144	0.00873861362363561
145	0.04019100294647119
146	0.9220420515895297
147	0.9371316004437271
148	0.9838981538483188
149	0.9071954723294418
150	0.03828064801966439
151	0.0028051283336034973
152	0.022771096439116734
153	0.07093715149650966
154	0.06867110513305613
155	0.011895693606068052
156	0.2396695274125223
157	1.0
158	1.0
159	0.9838981538483188
160	0.823003625015039
161	0.8501615448993927
162	0.9371316004437271
163	0.8364723744993591
164	0.29121320991526145
165	0.1972488898661499
166	0.23581040555488308
167	0.23581040555488308
168	0.5758441417787838
169	0.24757827243667338
170	0.1789432998085799
171	0.154620385880011
172	0.47392181612760637
173	0.5224031981891384
174	0.4975723790934037
175	0.7346031188276507
176	0.5309525138815142
177	0.34814444420780405
178	0.5484731728386688
179	0.8501615448993927
180	0.6045810297425014
181	0.39642250686330754
182	0.44412711003287414
183	0.5139915422627507
184	0.5758441417787838
185	0.5057153295259778
186	0.6773349667878853
187	0.4975723790934037
188	0.4369758436353279
189	0.42301690250932045
190	0.4369758436353279
191	0.12933568132305998
192	0.3158350635019653
193	0.48167771661524483
194	0.5665719880005069
195	0.2557479945175683
196	0.35963270335587966
197	0.5574491330158864
198	0.24757827243667338
199	0.2819105719970956
200	1.0
