1	1.0
2	0.9838981538483188
3	0.12520412762878458
4	0.002271457569431769
5	0.0008716923278076609
6	0.008189230970776997
7	0.0063160484245059975
8	0.0008576564720537011
9	0.004565079704726418
10	0.34814444420780405
11	0.3315964756209393
12	0.7346031188276507
13	0.8097517472627825
14	0.2396695274125291
15	0.018438935128663576
16	0.04883453939311235
17	0.3775797899972455
18	0.5309525138815142
19	0.5758441417787837
20	0.5948461590153626
21	0.9838981538483188
22	0.9371316004437271
23	1.0
24	0.429939725829123
25	0.429939725829123
26	0.4095038717012343
27	0.02678443476505529
28	0.26418730551764474
29	0.24757827243667338
30	1.0
31	0.8501615448993928
32	0.5758441417787837
33	0.2070923854195534
34	0.05383022830539339
35	0.18787327440651988
36	0.09197534264619907
37	0.0675653735631387
38	0.7111366461700385
39	0.4975723790934037
40	0.6245313223904276
41	1.0
42	1.0
43	0.11175569566235759
44	0.022043686905619336
45	0.015932618141390915
46	0.008189230970776997
47	0.007927630713798602
48	0.9838981538483188
49	0.0019311058764015325
50	0.0083232506725889
51	0.0010764932965619024
52	0.0024635075651007273
53	0.013766972933527001
54	0.9838981538483188
55	0.14027091400017713
56	0.03307734111793543
57	0.03254473486014868
58	0.9680555771461439
59	0.0358740049446921
60	0.03254473486014868
61	0.05560654736795844
62	0.9838981538483188
63	0.008189230970776997
64	0.014221262971401534
65	0.0016153167178432327
66	0.010113261253784787
67	0.003578496112179884
68	0.004074735137074952
69	0.8925879504044915
70	0.09501039487561763
71	0.013545299253376991
72	0.01619336115132798
73	0.05044600800408453
74	0.018740694914960117
75	0.18187177108593947
76	0.18187177108593947
77	1.0
78	0.9680555771461439
79	0.8097517472627825
80	0.0066312440873250705
81	0.0038185630603913396
82	0.005457537922228077
83	0.030007614098888347
84	0.0370577948122046
85	0.07327797408660716
86	0.1314523061326923
87	0.9680555771461439
88	0.9220420515895296
89	0.9524680951766599
90	0.9838981538483188
91	0.8925879504044915
92	0.8925879504044915
93	0.8782156365502464
94	0.8782156365502464
95	0.10304345090533384
96	0.07819389939674361
97	0.1472709844146121
98	0.1314523061326923
99	0.13801229332339257
100	0.1472709844146121
101	0.06867110513305613
102	0.8925879504044915
103	0.8925879504044915
104	1.0
105	0.007550815325235631
106	0.006015834611932685
107	0.009026975134420792
108	0.783884695041549
109	0.7588439508744758
110	0.9524680951766599
111	0.9524680951766599
112	0.9524680951766599
113	0.19407281858793526
114	0.0035208757183271744
115	0.0058236622472702445
116	0.01469054391828022
117	0.783884695041549
118	0.7346031188276507
119	0.1314523061326923
120	0.005546852487609637
121	0.04358912142584555
122	0.00873861362363561
123	0.9524680951766599
124	0.0009151932040789202
125	0.0023848122377374756
126	0.9524680951766599
127	0.01619336115132798
128	0.005114431247540076
129	0.005918968568537472
130	0.05383022830539339
131	0.07093715149651067
132	0.14027091400017713
133	1.0
134	0.045027498890455014
135	0.04219669209919026
136	4.120886098121497e-05
137	3.8618125843789045e-05
138	0.0007655338325415709
139	0.9524680951766599
140	0.00025384832083937166
141	5.172357937089251e-05
142	0.002759960588740131
143	0.017849913987938722
144	0.10304345090533384
145	0.9524680951766599
146	0.9838981538483188
147	0.9220420515895296
148	0.9071954723294418
149	0.9371316004437271
150	0.6245313223904276
151	0.3775797899972455
152	0.4162055494255546
153	0.2435918051833956
154	0.4975723790934037
155	0.20047693868989458
156	0.42301690250932045
157	0.35384195289533515
158	0.35384195289533515
159	0.40291010336057753
160	1.0
161	0.016727718463300362
162	0.009790198959862089
163	0.011147830387442922
164	0.008057369233585077
165	0.008057369233585077
166	0.009026975134420792
167	0.13579004060925665
168	1.0
169	1.0
170	1.0
171	1.0
172	1.0
173	1.0
174	1.0
175	1.0
176	1.0
177	1.0
178	1.0
179	1.0
180	0.2435918051833956
181	0.0011675099792966507
182	3.8618125843789045e-05
183	0.0011302145468318695
184	0.0007058543855178156
185	4.054532224160943e-05
186	0.0003399943286790733
187	0.0006723037820462358
188	1.0
189	1.0
190	1.0
191	1.0
192	1.0
193	0.000609910947102305
194	0.0003399943286790733
195	3.738449210201162e-05
196	0.0007058543855178156
197	0.0011302145468318695
198	3.738449210201162e-05
199	0.0012257733200817843
200	0.2435918051833956
