1	0.8097517472627824
2	0.8097517472627824
3	0.9220420515895167
4	0.9524680951766463
5	0.9838981538483328
6	0.18187177108593947
7	0.0612950009827268
8	0.0769348332586572
9	0.04804821315291693
10	0.7967132492072908
11	0.566571988000515
12	0.5224031981891532
13	0.4162055494255606
14	0.5948461590153712
15	0.5948461590153712
16	0.892587950404504
17	0.18187177108593947
18	0.10818572446379392
19	0.0876035794134446
20	0.331596475620944
21	0.3262571601860559
22	0.31074953590015464
23	0.0008859578853748352
24	0.0004131140110991133
25	0.005283200023099543
26	0.16499324727369863
27	0.9371316004437404
28	0.06331764666180247
29	0.0003569613831694935
30	0.00041987477004942753
31	0.06331764666180247
32	0.06331764666180247
33	0.0622981156565685
34	0.9371316004437404
35	0.9371316004437404
36	0.9838981538483328
37	0.566571988000515
38	0.513991542262758
39	0.6245313223904366
40	0.3775797899972563
41	0.9371316004437404
42	0.4895605451959158
43	0.9220420515895167
44	0.9071954723294418
45	0.9371316004437404
46	0.7838846950415601
47	0.9838981538483328
48	0.4299397258291169
49	0.9371316004437404
50	0.23581040555488308
51	0.27737129133826993
52	0.9838981538483328
53	0.9680555771461439
54	0.11544347070631857
55	0.05383022830539262
56	0.0061142859028680595
57	0.006739766775034895
58	0.011147830387442765
59	0.0593369675525062
60	0.15972263321475677
61	0.0622981156565685
62	0.0593369675525062
63	0.05838153282986846
64	0.0686711051330571
65	0.07209806342155876
66	0.07569604040982322
67	0.10818572446379392
68	0.031505112088109015
69	0.24359180518339907
70	0.127253138080475
71	0.07819389939674472
72	0.08209608258032164
73	0.08480513362915015
74	0.17894329980857737
75	0.7967132492072908
76	0.5224031981891532
77	0.5224031981891532
78	0.614475215120391
79	0.8501615448994048
80	0.8782156365502339
81	0.566571988000515
82	0.8782156365502339
83	0.06435386265758127
84	0.001245833540074671
85	0.9371316004437404
86	0.0007174059456835128
87	0.00024178242661367335
88	0.0007174059456835128
89	0.0013957543786134268
90	0.005637628717885326
91	0.9524680951766463
92	0.13579004060926053
93	0.9680555771461439
94	0.011515692539375738
95	2.658548233219521e-05
96	5.2570054297374356e-05
97	0.0005019589204015598
98	0.10995622264422976
99	1.0
100	1.0
101	1.0
102	1.0
103	1.0
104	1.0
105	0.10818572446379392
106	0.0005019589204015598
107	5.986007548655916e-05
108	5.172357937089178e-05
109	0.0008576564720537133
110	0.9220420515895167
111	0.09501039487561765
112	0.9371316004437404
113	0.0675653735631387
114	0.06331764666180247
115	0.0005623635409531145
116	0.00011646120716896554
117	0.06331764666180247
118	0.9071954723294418
119	0.0934805521145213
120	0.004209195456615671
121	0.7967132492072908
122	0.18187177108593947
123	0.46629079995640094
124	0.5396417421913038
125	0.2729051014782479
126	0.23201342268367614
127	0.22098538275893506
128	0.11733274450692523
129	0.16233655139003586
130	0.16769342093829856
131	0.46629079995640094
132	0.5396417421913038
133	0.5057153295259778
134	0.7346031188276402
135	0.8640747434825259
136	0.8501615448994048
137	0.9524680951766463
138	0.006962169253653824
139	0.003944570074838709
140	0.004792895140366708
141	0.00601583461193277
142	0.0020274756563298706
143	0.0014185963995909695
144	0.00028439586342649995
145	7.156252532833052e-05
146	0.002234882909108739
147	0.01248933551297767
148	0.7466251623243717
149	1.0
150	1.0
151	1.0
152	0.7466251623243717
153	0.8640747434825259
154	0.1380122933233906
155	0.0033535217887888376
156	0.0007410792960859194
157	0.0011487109132294474
158	0.000960864945202363
159	0.0033535217887888376
160	0.005918968568537472
161	0.004792895140366708
162	0.003944570074838709
163	0.008323250672588899
164	0.9220420515895167
165	0.35963270335588476
166	0.08480513362915015
167	0.0184389351286641
168	0.01248933551297767
169	0.010968329737619126
170	0.012693727967806582
171	0.04430247303072529
172	0.04727454821686548
173	0.18787327440651988
174	0.9838981538483328
175	1.0
176	1.0
177	1.0
178	0.9680555771461439
179	0.9680555771461439
180	0.1472709844146142
181	0.01311260248634491
182	0.01228823415401115
183	0.01567607357528453
184	0.023522509426831248
185	0.04727454821686548
186	0.06979493239667438
187	0.17606198232518802
188	0.2912132099152656
189	0.7712627042813435
190	0.9220420515895167
191	0.12120455403276079
192	0.06979493239667438
193	0.03099782162027437
194	0.16233655139003586
195	0.7712627042813435
196	0.7712627042813435
197	0.9371316004437404
198	0.9524680951766463
199	0.9838981538483328
200	1.0
