1	1.0
2	0.7588439508744649
3	0.9838981538483189
4	0.07093715149650967
5	0.0675653735631387
6	0.024298717947761454
7	0.03202070454638286
8	0.04288725609875964
9	0.002897693479410652
10	0.0004553748598836633
11	0.03828064801966439
12	0.783884695041549
13	0.06435386265758127
14	0.28652413961186873
15	0.03587400494469159
16	0.028121083425988992
17	0.03307734111793543
18	0.7111366461700385
19	0.9838981538483189
20	0.7466251623243612
21	0.28652413961186873
22	0.7712627042813435
23	0.9371316004437271
24	0.9680555771461301
25	0.9680555771461301
26	0.3837590186752804
27	0.7346031188276402
28	0.9371316004437271
29	0.40291010336058325
30	0.6045810297425014
31	0.6664286233595221
32	0.04019100294647119
33	0.28652413961186873
34	0.04963373414423559
35	0.08343961441457963
36	0.28652413961186873
37	0.9524680951766462
38	0.011147830387442765
39	0.003757077145472426
40	0.011330268629776647
41	0.08343961441457963
42	0.9838981538483189
43	0.9838981538483189
44	0.08343961441457963
45	0.07327797408660716
46	0.07947357060372962
47	0.0472745482168648
48	0.3538419528953301
49	0.11925293695084214
50	0.4299397258291168
51	0.9838981538483189
52	1.0
53	0.3538419528953301
54	0.9524680951766462
55	0.009790198959862087
56	0.007927630713798602
57	0.043589121425845555
58	1.0
59	0.06129500098272593
60	0.005637628717885326
61	0.0005101736581558108
62	0.00076553383254156
63	0.008881624169591424
64	0.045764390058399614
65	0.9071954723294418
66	0.7967132492072908
67	0.8501615448993927
68	0.7346031188276402
69	0.8640747434825136
70	1.0
71	0.9838981538483189
72	0.9220420515895166
73	0.7227746524257325
74	0.7588439508744649
75	0.7588439508744649
76	0.06435386265758127
77	0.002234882909108707
78	0.0042091954566156106
79	0.03828064801966439
80	0.0019311058764015323
81	0.03361866366814549
82	0.9680555771461301
83	0.005457537922228077
84	0.005283200023099469
85	0.0038185630603913396
86	0.3655182215245033
87	0.9071954723294418
88	0.9524680951766462
89	0.41620554942555466
90	0.40291010336058325
91	0.3900393726467308
92	1.0
93	1.0
94	1.0
95	0.9838981538483189
96	0.9680555771461301
97	0.9838981538483189
98	0.8501615448993927
99	0.8364723744993591
100	0.18484816784601352
101	0.08480513362914895
102	0.018740694914960117
103	0.015423659850312866
104	0.05744148237014259
105	0.46629079995640094
106	0.45139540946972445
107	0.09975178733729187
108	0.07327797408660716
109	0.9524680951766462
110	0.9838981538483189
111	0.9371316004437271
112	0.8925879504044915
113	0.4299397258291168
114	0.46629079995640094
115	0.4975723790934037
116	0.4975723790934037
117	1.0
118	0.1818717710859369
119	0.00043373002538473116
120	5.986007548655916e-05
121	8.417520853263029e-05
122	0.0004267461712446154
123	0.00032383375060782415
124	0.0013732801563434583
125	0.014930959938100428
126	1.0
127	1.0
128	1.0
129	1.0
130	1.0
131	1.0
132	0.016727718463300126
133	0.0012662220527620764
134	0.00023029004732391274
135	0.0007907953330514215
136	0.00039347791524235634
137	0.0004408281728025178
138	0.0008302591310470713
139	0.18484816784601352
140	0.9838981538483189
141	0.9680555771461301
142	0.20047693868989458
143	0.05560654736795764
144	0.08209608258032047
145	1.0
146	0.04502749889045438
147	0.02204368690561934
148	0.04651334071458662
149	0.23581040555487973
150	0.9680555771461301
151	0.9838981538483189
152	0.7346031188276402
153	0.9838981538483189
154	0.9371316004437271
155	0.8501615448993927
156	0.8364723744993591
157	0.8640747434825136
158	0.8640747434825136
159	0.5484731728386688
160	0.8640747434825136
161	1.0
162	1.0
163	0.23201342268367284
164	0.154620385880011
165	0.1496811268916314
166	0.1818717710859369
167	1.0
168	0.20709238541955047
169	0.1818717710859369
170	0.3262571601860513
171	0.03954385360034535
172	0.011704150977755607
173	0.005114431247540003
174	0.009026975134420792
175	0.9838981538483189
176	0.9838981538483189
177	0.9838981538483189
178	0.9680555771461301
179	0.9680555771461301
180	0.9838981538483189
181	0.029524436113288612
182	0.02678443476505529
183	0.030007614098887924
184	0.027222771645920248
185	0.9680555771461301
186	0.9680555771461301
187	0.9071954723294418
188	0.8925879504044915
189	0.5484731728386688
190	0.5484731728386688
191	0.8925879504044915
192	0.9220420515895166
193	0.024298717947761454
194	0.009950419076984443
195	0.011147830387442765
196	0.052963462250909324
197	0.27737129133826594
198	0.9220420515895166
199	0.8230036250150389
200	0.9371316004437271
