1	1.0
2	1.0
3	1.0
4	1.0
5	0.7838846950415602
6	0.9838981538483189
7	0.566571988000515
8	0.513991542262758
9	0.513991542262758
10	0.513991542262758
11	0.020325206299054217
12	0.03254473486014822
13	0.12933568132306
14	0.08619300005539272
15	0.05211065273008481
16	0.007799981223697675
17	0.020325206299054217
18	0.0370577948122046
19	0.9680555771461439
20	0.9524680951766463
21	0.9680555771461439
22	0.01567607357528453
23	0.005637628717885326
24	0.00381856306039134
25	0.00346418311919148
26	0.03254473486014822
27	0.9838981538483189
28	0.025928821455018843
29	0.02510054021835723
30	0.03529636723622752
31	1.0
32	1.0
33	0.06756537356313871
34	0.010791719379643228
35	0.0020606560225769105
36	0.098145599404233
37	0.8782156365502464
38	0.7967132492072908
39	0.809751747262771
40	1.0
41	0.2139261322475594
42	0.17043778391330408
43	0.5484731728386766
44	0.4739218161276131
45	0.028581295041564064
46	0.037664258914665634
47	0.08903724340857933
48	0.9838981538483189
49	0.9680555771461439
50	0.9838981538483189
51	0.9220420515895166
52	0.0358740049446921
53	0.07819389939674361
54	0.098145599404233
55	0.01700147357515921
56	0.15972263321475677
57	0.16769342093829617
58	0.7967132492072908
59	0.7838846950415602
60	0.00381856306039134
61	0.0008576564720537011
62	0.00029378051233887965
63	0.022771096439116737
64	0.9680555771461439
65	0.031505112088108564
66	0.027668282067045125
67	0.04084874312373918
68	1.0
69	0.04883453939311236
70	0.027222771645920248
71	0.006015834611932771
72	0.01311260248634491
73	0.002759960588740092
74	0.9680555771461439
75	0.0034084033755650083
76	0.018438935128663837
77	0.028581295041564064
78	0.0612950009827268
79	0.20709238541955047
80	0.9524680951766463
81	0.9220420515895166
82	0.9680555771461439
83	0.006015834611932771
84	0.002715520127955534
85	0.006739766775034991
86	0.0030422997831473643
87	0.010617952774480096
88	0.45139540946972445
89	0.9838981538483189
90	0.9838981538483189
91	1.0
92	1.0
93	0.4299397258291168
94	0.9680555771461439
95	1.0
96	1.0
97	0.014690543918280221
98	0.007191910689857912
99	0.0013080055346563594
100	0.0015637163575655678
101	0.006524468815236811
102	0.8925879504044915
103	0.8364723744993591
104	0.809751747262771
105	0.809751747262771
106	0.7346031188276403
107	0.8501615448994048
108	0.7967132492072908
109	0.7967132492072908
110	0.7967132492072908
111	0.8501615448994048
112	0.614475215120391
113	0.8364723744993591
114	0.31074953590015464
115	0.12120455403276079
116	0.1357900406092586
117	0.1252041276287828
118	0.10472979393476875
119	0.16233655139003358
120	0.1252041276287828
121	0.1472709844146142
122	0.3837590186752804
123	0.9371316004437406
124	0.4739218161276131
125	0.44412711003286787
126	0.677334966787895
127	0.7227746524257326
128	0.9371316004437406
129	0.8782156365502464
130	0.8782156365502464
131	0.9371316004437406
132	0.8925879504044915
133	0.9524680951766463
134	0.14489964968096347
135	0.025928821455018843
136	0.04430247303072529
137	0.5484731728386766
138	0.9680555771461439
139	0.809751747262771
140	0.809751747262771
141	0.9071954723294419
142	0.9071954723294419
143	0.8501615448994048
144	0.8364723744993591
145	0.33159647562093936
146	0.4299397258291168
147	0.39642250686331315
148	0.8364723744993591
149	0.9524680951766463
150	0.9524680951766463
151	0.9838981538483189
152	0.5948461590153626
153	0.5057153295259778
154	0.5574491330158785
155	0.7346031188276403
156	0.9071954723294419
157	0.9071954723294419
158	0.2209853827589351
159	0.23581040555488308
160	0.5484731728386766
161	0.08343961441457963
162	0.1940728185879353
163	0.19094788792081194
164	0.17043778391330408
165	0.1314523061326923
166	0.16769342093829617
167	0.210481526578285
168	0.24757827243666988
169	0.3210038175868511
170	0.7111366461700386
171	0.9071954723294419
172	0.8782156365502464
173	0.6996860333005961
174	0.5224031981891458
175	0.46629079995640105
176	0.45139540946972445
177	0.46629079995640105
178	0.09197534264619908
179	0.028581295041564064
180	0.07093715149650967
181	0.48956054519592274
182	0.25574799451756824
183	0.9680555771461439
184	0.9838981538483189
185	0.9838981538483189
186	1.0
187	0.9838981538483189
188	0.9838981538483189
189	0.9680555771461439
190	0.9680555771461439
191	0.48956054519592274
192	0.481677716615238
193	0.481677716615238
194	0.48956054519592274
195	0.5948461590153626
196	0.9524680951766463
197	0.5224031981891458
198	0.5057153295259778
199	0.5224031981891458
200	1.0
