1	0.9524680951766463
2	0.11358461770178933
3	0.10472979393476875
4	0.5057153295259778
5	0.45878265723355216
6	0.8364723744993591
7	0.8364723744993591
8	0.3655182215245033
9	0.6884197964379
10	0.5665719880005069
11	0.5309525138815068
12	0.3775797899972509
13	0.466290799956401
14	0.7111366461700386
15	0.5139915422627507
16	0.6884197964379
17	0.5852680376789788
18	0.7227746524257325
19	0.7227746524257325
20	0.8230036250150272
21	0.7712627042813326
22	0.6245313223904277
23	0.41620554942555466
24	0.48167771661523806
25	0.15972263321475452
26	0.14027091400017713
27	0.17894329980857737
28	0.17322705937262783
29	0.44412711003286787
30	0.466290799956401
31	0.13579004060925667
32	0.5309525138815068
33	0.5309525138815068
34	0.4895605451959158
35	0.5758441417787756
36	0.9220420515895036
37	0.9220420515895036
38	0.9220420515895036
39	0.8501615448993928
40	0.548473172838661
41	0.03705779481220408
42	0.045027498890453745
43	0.05651656845829406
44	0.0794735706037285
45	0.48167771661523806
46	0.3210038175868511
47	0.3481444442078041
48	0.5396417421912961
49	0.4895605451959158
50	0.5224031981891458
51	0.8501615448993928
52	0.699686033300596
53	0.677334966787895
54	0.8640747434825014
55	0.7588439508744651
56	0.7588439508744651
57	0.5758441417787756
58	0.5852680376789788
59	0.383759018675275
60	0.20047693868989178
61	0.17043778391330167
62	0.1878732744065199
63	0.1909478879208065
64	0.19724888986614714
65	0.18187177108593688
66	0.17606198232518802
67	0.2282775782464921
68	0.23581040555488308
69	0.24359180518339563
70	0.2282775782464921
71	0.7466251623243612
72	0.7588439508744651
73	0.9220420515895036
74	0.7466251623243612
75	0.23581040555488308
76	0.1336035702664359
77	0.04963373414423559
78	0.22460188780169194
79	0.2282775782464921
80	0.14968112689163143
81	0.1909478879208065
82	0.21742711012398036
83	0.08343961441457963
84	0.0612950009827268
85	0.21392613224755638
86	0.8230036250150272
87	0.5852680376789788
88	0.44412711003286787
89	0.15462038588001104
90	0.2516299796562454
91	0.2282775782464921
92	0.4369758436353279
93	0.5758441417787756
94	0.6245313223904277
95	0.7346031188276403
96	0.7588439508744651
97	0.809751747262771
98	0.6144752151203824
99	0.6144752151203824
100	0.809751747262771
101	0.6664286233595222
102	0.7346031188276403
103	0.3481444442078041
104	0.20375781569034024
105	0.21742711012398036
106	0.2320134226836728
107	0.5309525138815068
108	0.5665719880005069
109	0.6144752151203824
110	0.9071954723294289
111	0.7111366461700386
112	0.6556978921951105
113	0.4095038717012227
114	0.2641873055176448
115	0.3210038175868511
116	0.07693483325865721
117	0.11925293695084048
118	0.39642250686330754
119	0.383759018675275
120	0.2865241396118647
121	0.7227746524257325
122	0.7346031188276403
123	0.7346031188276403
124	0.466290799956401
125	0.6451399456130033
126	0.5396417421912961
127	0.5396417421912961
128	0.21742711012398036
129	0.42301690250931445
130	0.42301690250931445
131	0.45878265723355216
132	0.699686033300596
133	0.5852680376789788
134	0.3655182215245033
135	0.4369758436353279
136	0.383759018675275
137	0.18187177108593688
138	0.09501039487561765
139	0.35963270335587966
140	0.6347520014624387
141	0.8364723744993591
142	0.8364723744993591
143	0.2819105719970956
144	0.4739218161276064
145	0.5139915422627507
146	0.2282775782464921
147	0.24359180518339563
148	0.028121083425988593
149	0.2865241396118647
150	0.5309525138815068
151	0.3210038175868511
152	0.32625716018605594
153	0.9071954723294289
154	0.8501615448993928
155	0.17606198232518802
156	0.03646109590141792
157	0.09975178733729188
158	0.14256649781436606
159	0.07209806342155672
160	0.004009124378788922
161	0.006214348384488035
162	0.006850065475449526
163	0.018142034232021265
164	0.5309525138815068
165	0.5396417421912961
166	0.4895605451959158
167	0.09975178733729188
168	0.026784434765054915
169	1.0
170	0.03254473486014822
171	0.0016686198147892288
172	0.001025325519646744
173	1.0
174	1.0
175	1.0
176	1.0
177	0.002027475656329842
178	0.0006403479026656334
179	0.030498699465507897
180	0.9371316004437404
181	0.08480513362914895
182	0.09975178733729188
183	0.042196692099189664
184	0.5224031981891458
185	0.7588439508744651
186	0.24757827243666988
187	0.007429233258548931
188	0.004871332588256346
189	0.006316048424505908
190	0.06229811565656762
191	0.6451399456130033
192	0.878215636550234
193	0.4095038717012227
194	0.10644373457266675
195	0.09501039487561765
196	0.4095038717012227
197	0.9524680951766463
198	0.9524680951766463
199	0.7346031188276403
200	0.7712627042813326
