1	0.9680555771461439
2	0.9524680951766598
3	0.9524680951766598
4	0.9371316004437404
5	0.9680555771461439
6	0.8501615448994048
7	0.8640747434825136
8	0.25993340216897615
9	0.18484816784601615
10	0.154620385880011
11	0.15972263321475677
12	0.25162997965624895
13	0.8782156365502464
14	0.127253138080475
15	0.14256649781437009
16	0.13145230613269226
17	0.15213071221465965
18	0.31074953590015464
19	0.823003625015039
20	0.8364723744993591
21	0.8501615448994048
22	0.6664286233595221
23	0.6245313223904276
24	0.5484731728386766
25	0.5484731728386766
26	0.7838846950415602
27	0.39642250686331315
28	0.3262571601860559
29	0.29121320991526145
30	0.24757827243667338
31	0.3315964756209393
32	0.49757237909340374
33	0.48956054519592274
34	0.45878265723355866
35	0.746625162324361
36	0.41620554942555466
37	0.35963270335588476
38	0.34814444420780405
39	0.505715329525985
40	0.7227746524257428
41	0.746625162324361
42	0.7346031188276506
43	0.7588439508744865
44	0.6773349667879045
45	0.513991542262758
46	0.5396417421913038
47	0.6045810297425099
48	0.9680555771461439
49	0.5948461590153626
50	0.49757237909340374
51	0.48956054519592274
52	0.48167771661524483
53	0.585268037678987
54	0.8097517472627824
55	0.9220420515895166
56	0.8640747434825136
57	0.7838846950415602
58	0.5396417421913038
59	0.42301690250932644
60	0.46629079995640094
61	0.4739218161276131
62	0.5309525138815143
63	0.8925879504044913
64	0.5396417421913038
65	0.4739218161276131
66	0.5484731728386766
67	0.48167771661524483
68	0.505715329525985
69	0.32100381758685564
70	0.0062143483844881225
71	0.0015637163575655676
72	0.31583506350197427
73	0.164993247273701
74	0.5758441417787837
75	0.9071954723294546
76	1.0
77	0.006316048424505998
78	0.0007291465512741581
79	0.0047928951403666395
80	0.0025447997235481246
81	0.0547111792972134
82	0.9838981538483328
83	0.32100381758685564
84	0.9680555771461439
85	1.0
86	1.0
87	0.18484816784601615
88	0.0675653735631387
89	0.11925293695084384
90	1.0
91	1.0
92	1.0
93	0.9838981538483328
94	0.9838981538483328
95	0.01700147357515921
96	0.0016686198147892288
97	0.00011836713659178142
98	0.0009151932040789201
99	0.0019000115066771346
100	0.0007655338325415708
101	0.0002665163506524553
102	0.0023464123579847807
103	0.013766972933527001
104	0.9524680951766598
105	0.08209608258032164
106	0.06867110513305712
107	0.6884197964379097
108	0.24757827243667338
109	0.2641873055176485
110	0.6773349667879045
111	0.9838981538483328
112	0.9838981538483328
113	0.9680555771461439
114	0.9524680951766598
115	0.4095038717012343
116	0.1972488898661499
117	0.22460188780169513
118	0.823003625015039
119	0.272905101478248
120	0.11175569566235918
121	0.9838981538483328
122	0.02390746372968385
123	0.0023086307871881062
124	8.982218558500678e-05
125	0.0007907953330514327
126	0.0020943793974174054
127	0.0009004569039077773
128	5.1723579370892136e-05
129	0.00011092558415419817
130	0.017849913987938976
131	1.0
132	1.0
133	1.0
134	1.0
135	0.9838981538483328
136	0.11358461770179093
137	0.07447719441285175
138	0.18187177108593947
139	0.9838981538483328
140	0.35384195289533515
141	0.9680555771461439
142	0.03202070454638332
143	0.004565079704726418
144	0.004951053693111611
145	0.007309608887594926
146	0.006419412822152426
147	0.7227746524257428
148	0.6245313223904276
149	1.0
150	0.024696375181437503
151	0.002759960588740131
152	0.0025447997235481246
153	0.006015834611932771
154	0.272905101478248
155	0.7588439508744865
156	0.6884197964379097
157	0.24757827243667338
158	0.09501039487561899
159	0.012489335512977847
160	0.012288234154011148
161	0.13801229332339254
162	0.9838981538483328
163	0.03254473486014822
164	0.019047393108381876
165	0.0004337300253847311
166	0.0010764932965619178
167	0.0008859578853748351
168	0.0006403479026656425
169	1.0
170	1.0
171	1.0
172	1.0
173	0.9838981538483328
174	0.002715520127955534
175	0.0019627091166381696
176	0.002503823749912747
177	0.0008859578853748351
178	0.00873861362363561
179	0.01619336115132821
180	0.9680555771461439
181	0.12520412762878458
182	0.009324852154700492
183	0.011330268629776648
184	0.05383022830539263
185	0.154620385880011
186	0.4739218161276131
187	0.8640747434825136
188	0.2037578156903431
189	0.0547111792972134
190	0.05296346225091007
191	0.09049436982916181
192	0.1789432998085799
193	0.8925879504044913
194	0.8782156365502464
195	0.2320134226836728
196	0.19407281858793526
197	0.17322705937262783
198	0.18187177108593947
199	0.34814444420780405
200	0.9838981538483328
