1	0.8782156365502339
2	0.12725313808047323
3	0.1789432998085799
4	0.15972263321475677
5	0.9071954723294418
6	0.1972488898661471
7	0.9220420515895166
8	0.03828064801966439
9	0.024298717947761454
10	0.5574491330158785
11	0.9838981538483188
12	1.0
13	1.0
14	0.513991542262758
15	0.01700147357515921
16	0.018740694914960117
17	0.015175310452307482
18	0.06129500098272593
19	0.12318811002814868
20	1.0
21	0.9838981538483188
22	0.9371316004437271
23	0.9371316004437271
24	0.00742923325854893
25	0.05651656845829405
26	0.006214348384488034
27	0.03416884515602799
28	0.034728030561276546
29	0.6884197964379097
30	0.6884197964379097
31	0.11544347070631857
32	0.059336967552506205
33	0.05651656845829405
34	0.3262571601860513
35	0.2516299796562454
36	0.2516299796562454
37	0.6245313223904189
38	0.6245313223904189
39	0.6451399456130033
40	1.0
41	1.0
42	0.3158350635019653
43	0.49757237909340374
44	0.06030803830703579
45	0.004141419638950831
46	0.020995908477665932
47	0.002851035264810493
48	0.0058236622472702445
49	1.0
50	0.96805557714613
51	1.0
52	0.015175310452307482
53	0.0035784961121798327
54	0.005369661486237395
55	0.026353155917208635
56	1.0
57	0.7466251623243612
58	0.9071954723294418
59	0.9524680951766462
60	0.96805557714613
61	1.0
62	1.0
63	0.09348055211451999
64	0.0769348332586572
65	0.0769348332586572
66	0.14027091400017713
67	1.0
68	0.30082282132371624
69	0.31074953590015464
70	1.0
71	0.31074953590015464
72	0.04430247303072529
73	0.034728030561276546
74	0.10472979393476876
75	1.0
76	1.0
77	0.9838981538483188
78	1.0
79	0.33159647562093936
80	0.25993340216897615
81	0.2641873055176448
82	0.3262571601860513
83	0.7712627042813436
84	0.08209608258032047
85	0.13145230613269043
86	0.9838981538483188
87	0.96805557714613
88	1.0
89	0.9838981538483188
90	0.9838981538483188
91	0.96805557714613
92	0.9838981538483188
93	0.15972263321475677
94	0.08209608258032047
95	0.012090370898187257
96	0.030498699465507893
97	1.0
98	0.9071954723294418
99	0.8230036250150389
100	0.8925879504044913
101	0.8230036250150389
102	0.9220420515895166
103	0.11544347070631857
104	0.06129500098272593
105	0.09501039487561763
106	0.04727454821686481
107	0.1878732744065199
108	0.02032520629905422
109	0.00388105521435913
110	0.02812108342598899
111	0.30082282132371624
112	0.9524680951766462
113	0.5309525138815067
114	0.7111366461700386
115	0.5396417421912961
116	0.466290799956401
117	0.5224031981891384
118	0.5948461590153626
119	0.2516299796562454
120	0.5665719880005149
121	0.05560654736795765
122	0.034728030561276546
123	0.30082282132371624
124	0.27290510147824404
125	0.21048152657828198
126	0.0004553748598836633
127	0.0005623635409531065
128	0.0002265819524116397
129	0.0997517873372933
130	0.16769342093829856
131	0.809751747262771
132	0.5574491330158785
133	0.6556978921951104
134	1.0
135	1.0
136	1.0
137	0.8782156365502339
138	0.614475215120391
139	0.7111366461700386
140	0.07327797408660612
141	0.006419412822152334
142	0.00046282723278070657
143	0.0007907953330514215
144	0.000661478449980534
145	0.013766972933526807
146	0.07447719441285175
147	0.4029101033605775
148	0.466290799956401
149	0.7712627042813436
150	0.4299397258291169
151	0.2516299796562454
152	0.25574799451756824
153	0.6451399456130033
154	0.6347520014624387
155	0.6773349667878948
156	0.466290799956401
157	0.06540703669975813
158	0.09348055211451999
159	0.8501615448994048
160	0.1732270593726278
161	0.11733274450692355
162	0.09814559940423159
163	0.3158350635019653
164	0.9220420515895166
165	0.9524680951766462
166	0.9371316004437271
167	0.8925879504044913
168	0.3538419528953301
169	0.23201342268367284
170	0.05560654736795765
171	0.04963373414423629
172	0.783884695041549
173	0.011515692539375573
174	0.05044600800408453
175	0.1380122933233906
176	0.27290510147824404
177	0.30082282132371624
178	0.3775797899972509
179	0.8925879504044913
180	0.6664286233595221
181	0.8925879504044913
182	0.030997821620274372
183	0.06647744631284418
184	0.02314375359893894
185	0.0290490381852773
186	0.025511319561055356
187	0.025511319561055356
188	0.03705779481220407
189	0.045764390058399614
190	0.04963373414423629
191	0.07209806342155774
192	0.07327797408660612
193	0.14727098441461212
194	0.11358461770178932
195	0.20375781569034018
196	0.14256649781436806
197	0.07209806342155774
198	0.03416884515602799
199	0.9524680951766462
200	0.96805557714613
