1	0.0029933131400918327
2	0.0013080055346563408
3	0.0003687405884503359
4	0.0011302145468318698
5	0.0035208757183271744
6	0.035296367236228025
7	0.06756537356313871
8	0.2139261322475594
9	0.983898153848319
10	0.5852680376789788
11	1.0
12	0.8501615448993928
13	0.9371316004437406
14	0.983898153848319
15	0.983898153848319
16	0.2685108255202363
17	0.277371291338266
18	0.983898153848319
19	0.878215636550234
20	0.968055577146144
21	0.20047693868989463
22	0.2358104055548831
23	0.9524680951766463
24	0.9524680951766463
25	0.968055577146144
26	0.25162997965624545
27	0.03254473486014822
28	0.011895693606068052
29	0.021339514049848227
30	0.022404439747548983
31	0.02722277164592025
32	0.014453999040223561
33	0.041517247454898654
34	0.758843950874465
35	0.8364723744993592
36	0.8925879504044915
37	0.14027091400017716
38	0.04963373414423559
39	0.05044600800408453
40	0.05211065273008482
41	0.18484816784601354
42	0.9371316004437406
43	0.968055577146144
44	0.9524680951766463
45	0.968055577146144
46	0.210481526578285
47	0.10644373457266824
48	0.09348055211451999
49	0.0807741840889576
50	0.12725313808047323
51	0.9524680951766463
52	0.8501615448993928
53	0.823003625015039
54	0.9071954723294419
55	0.7466251623243612
56	0.9524680951766463
57	0.878215636550234
58	0.9524680951766463
59	0.8925879504044915
60	0.014690543918280223
61	0.004871332588256347
62	0.0035784961121798843
63	0.0012257733200817672
64	0.030997821620274372
65	0.026784434765055296
66	0.06867110513305615
67	0.2819105719970956
68	0.968055577146144
69	0.9524680951766463
70	0.983898153848319
71	0.9524680951766463
72	0.968055577146144
73	0.5574491330158786
74	0.968055577146144
75	0.20709238541955047
76	0.06229811565656762
77	0.01593261814139092
78	0.017279708787602804
79	0.0006099109471023051
80	0.0007410792960859194
81	0.028581295041564064
82	0.026784434765055296
83	0.983898153848319
84	0.983898153848319
85	0.2685108255202363
86	0.2729051014782441
87	0.2819105719970956
88	0.2865241396118688
89	0.9524680951766463
90	0.9524680951766463
91	0.9220420515895167
92	0.7967132492072909
93	0.7838846950415491
94	0.5309525138815068
95	0.5396417421913039
96	0.5665719880005069
97	0.6884197964379098
98	0.9371316004437406
99	0.8364723744993592
100	0.7227746524257428
101	0.5057153295259778
102	0.5309525138815068
103	0.5309525138815068
104	0.5852680376789788
105	0.6664286233595222
106	0.008881624169591425
107	0.0033535217887887903
108	0.004209195456615611
109	0.13579004060925862
110	0.809751747262771
111	0.7712627042813436
112	0.878215636550234
113	0.9220420515895167
114	0.9071954723294419
115	0.005198130749138963
116	0.0035784961121798843
117	0.0019948295552353686
118	0.001723681836231313
119	0.005369661486237472
120	0.008738613623635486
121	0.004951053693111612
122	0.003944570074838709
123	0.0035784961121798843
124	0.0030920881101850054
125	0.0012662220527620766
126	3.678253276172629e-05
127	0.0002985883357843618
128	3.391504197028072e-05
129	0.00026222494537734203
130	9.278618677018997e-05
131	0.02766828206704513
132	0.1676934209382962
133	1.0
134	1.0
135	1.0
136	0.1676934209382962
137	0.02766828206704513
138	0.00012227307954852437
139	0.0002753110017073125
140	3.336894718224698e-05
141	0.0002985883357843618
142	3.925012532317705e-05
143	0.0013294115143323943
144	0.0030920881101850054
145	0.0034084033755650087
146	0.0036370594844428446
147	0.004419250868277081
148	0.008057369233584964
149	0.0443024730307253
150	0.0744771944128507
151	0.08480513362915017
152	0.07819389939674362
153	0.08480513362915017
154	0.8501615448993928
155	0.878215636550234
156	1.0
157	0.983898153848319
158	0.983898153848319
159	0.983898153848319
160	0.8640747434825137
161	0.8364723744993592
162	0.983898153848319
163	0.8640747434825137
164	0.2139261322475594
165	0.098145599404233
166	0.13579004060925862
167	0.11358461770179094
168	0.2139261322475594
169	0.210481526578285
170	0.29121320991526156
171	0.11925293695084217
172	0.33159647562093936
173	0.677334966787895
174	0.5574491330158786
175	0.7227746524257428
176	0.5057153295259778
177	0.011330268629776648
178	0.04084874312373918
179	0.2865241396118688
180	0.466290799956401
181	0.9071954723294419
182	0.8501615448993928
183	0.6451399456130125
184	0.6144752151203912
185	0.33159647562093936
186	0.3481444442078041
187	0.3057458946813841
188	0.3715000583087311
189	0.6245313223904277
190	0.9071954723294419
191	0.29121320991526156
192	0.277371291338266
193	0.2685108255202363
194	0.277371291338266
195	0.31074953590015464
196	0.9220420515895167
197	0.25574799451756824
198	0.2641873055176448
199	0.2641873055176448
200	0.3775797899972509
