1	0.5057153295259778
2	0.5139915422627579
3	0.9524680951766598
4	0.9680555771461439
5	0.9838981538483328
6	0.9838981538483328
7	0.9680555771461439
8	0.9680555771461439
9	0.9220420515895166
10	0.9071954723294418
11	0.9220420515895166
12	0.8782156365502464
13	0.8230036250150389
14	0.3370231708678045
15	0.3964225068633132
16	0.5139915422627579
17	0.2557479945175719
18	0.2685108255202325
19	0.3964225068633132
20	0.43697584363533404
21	0.4513954094697244
22	0.4441271100328742
23	0.42301690250932045
24	0.11733274450692356
25	0.5484731728386766
26	0.5574491330158785
27	0.43697584363533404
28	0.5852680376789872
29	0.11358461770179093
30	0.0009301706690873715
31	0.0026287744047199654
32	0.002715520127955534
33	0.19724888986614988
34	0.2912132099152615
35	0.17043778391330405
36	0.5665719880005149
37	0.7967132492072908
38	0.9524680951766598
39	0.06435386265758217
40	0.0047928951403666395
41	0.0020943793974174054
42	0.0023086307871880733
43	0.0019627091166381696
44	0.010278768401209682
45	0.023522509426831244
46	0.04727454821686548
47	0.01619336115132821
48	0.01727970878760305
49	0.9838981538483328
50	0.0006944888267967182
51	0.012090370898187429
52	0.9838981538483328
53	0.9524680951766598
54	1.0
55	1.0
56	0.9838981538483328
57	1.0
58	0.9680555771461439
59	0.9680555771461439
60	0.006214348384488123
61	0.0046397888713085094
62	0.9838981538483328
63	0.02204368690561934
64	0.02390746372968385
65	0.05471117929721339
66	0.6556978921951199
67	0.9838981538483328
68	0.9838981538483328
69	0.3425386759286123
70	0.009950419076984586
71	0.002463507565100727
72	0.0017518905076602737
73	0.0009453932456821844
74	0.0038810552143591303
75	0.06331764666180337
76	0.9838981538483328
77	0.005198130749138962
78	0.002234882909108707
79	0.04963373414423628
80	0.02812108342598899
81	0.002384812237737442
82	0.012901465378461815
83	0.029524436113288612
84	0.7712627042813436
85	0.6773349667878948
86	0.7588439508744758
87	0.8640747434825136
88	0.41620554942555466
89	0.08480513362915015
90	0.062298115656568495
91	0.08619300005539396
92	0.011704150977755606
93	0.16769342093829617
94	0.31074953590015464
95	0.4587826572335652
96	0.6045810297425014
97	0.9524680951766598
98	0.836472374499359
99	0.5574491330158785
100	0.24359180518339907
101	0.06540703669975813
102	0.0769348332586583
103	0.05044600800408453
104	0.1425664978143701
105	0.06540703669975813
106	0.12120455403276079
107	0.37757978999725084
108	0.12120455403276079
109	0.6245313223904276
110	0.6347520014624477
111	0.9220420515895166
112	0.7111366461700486
113	0.6045810297425014
114	0.19724888986614988
115	0.331596475620944
116	0.3900393726467363
117	0.42301690250932045
118	0.3837590186752804
119	0.6347520014624477
120	0.6556978921951199
121	0.6245313223904276
122	0.5665719880005149
123	0.6347520014624477
124	0.031505112088109015
125	0.06867110513305712
126	0.07327797408660716
127	0.40950387170123426
128	0.3837590186752804
129	0.14027091400017713
130	0.18787327440651988
131	0.37150005830873106
132	0.4029101033605775
133	0.4029101033605775
134	0.18787327440651988
135	0.23581040555488308
136	0.9524680951766598
137	0.055606547367958434
138	0.1030434509053353
139	0.12933568132305998
140	0.12725313808047503
141	0.04804821315291692
142	0.9071954723294418
143	0.06540703669975813
144	0.04358912142584555
145	0.8501615448994049
146	0.8230036250150389
147	0.8640747434825136
148	0.9071954723294418
149	0.8640747434825136
150	0.010791719379643225
151	0.014930959938100641
152	0.09501039487561899
153	0.13801229332339254
154	0.13145230613269226
155	0.13360357026643777
156	0.018740694914960117
157	0.8501615448994049
158	0.14489964968096344
159	0.331596475620944
160	0.22827757824649858
161	0.21392613224756243
162	0.7346031188276506
163	0.8640747434825136
164	0.9524680951766598
165	0.9680555771461439
166	0.9680555771461439
167	0.9524680951766598
168	0.8782156365502464
169	0.7111366461700486
170	0.6451399456130124
171	0.9220420515895166
172	0.9371316004437404
173	0.331596475620944
174	0.2037578156903431
175	0.1357900406092586
176	0.08077418408895759
177	0.08760357941344458
178	0.05651656845829485
179	0.055606547367958434
180	0.019359110527732818
181	0.07947357060372963
182	0.03000761409888835
183	0.49757237909340374
184	0.8782156365502464
185	0.9220420515895166
186	0.9371316004437404
187	0.5309525138815143
188	0.02551131956105572
189	0.06979493239667438
190	0.34814444420780405
191	0.3900393726467363
192	0.4441271100328742
193	0.009632558682416177
194	0.010968329737619126
195	0.05471117929721339
196	0.020995908477665932
197	0.055606547367958434
198	0.2516299796562454
199	0.7227746524257427
200	0.8097517472627824
