1	0.5396417421912961
2	0.2865241396118647
3	0.29121320991525734
4	0.37150005830873106
5	0.1099562226442282
6	0.04883453939311236
7	0.025928821455018472
8	0.0059189685685373875
9	0.00014382334778855537
10	0.00027087798631395606
11	3.3915041970280234e-05
12	0.0005904276939048563
13	0.0006000902548658376
14	9.43046659934014e-05
15	0.01445399904022356
16	1.0
17	0.0020606560225769105
18	3.560753598154888e-05
19	0.0028976934794106525
20	1.0
21	1.0
22	1.0
23	1.0
24	0.0028976934794106525
25	2.930513119066858e-05
26	0.0020606560225769105
27	1.0
28	0.01445399904022356
29	9.43046659934014e-05
30	0.0006000902548658376
31	0.0005904276939048563
32	3.3915041970280234e-05
33	0.00028439586342649594
34	0.00016376769190026442
35	0.007799981223697564
36	0.02812108342598859
37	0.21742711012397728
38	0.4230169025093144
39	0.7967132492072908
40	0.5224031981891384
41	0.5139915422627507
42	0.3008228213237163
43	0.3370231708677997
44	0.27737129133826594
45	0.49757237909340374
46	0.8097517472627594
47	0.7227746524257326
48	0.6664286233595221
49	0.6664286233595221
50	0.8501615448993927
51	0.8640747434825014
52	0.8782156365502214
53	0.9071954723294289
54	0.8640747434825014
55	0.007076107650393088
56	0.008597905811488721
57	0.09348055211451999
58	0.0011675099792966175
59	0.04430247303072466
60	0.17894329980857737
61	0.38375901867527495
62	0.2865241396118647
63	0.31583506350196533
64	0.8640747434825014
65	0.8782156365502214
66	0.9220420515895036
67	0.8782156365502214
68	0.9071954723294289
69	0.9524680951766463
70	0.9838981538483048
71	0.2641873055176448
72	0.11733274450692191
73	0.2396695274125223
74	0.9680555771461165
75	0.4441271100328678
76	0.7712627042813326
77	0.0861930000553915
78	0.15213071221465535
79	0.20375781569033732
80	0.1760619823251855
81	0.34814444420780405
82	0.8364723744993472
83	0.9371316004437271
84	0.9680555771461165
85	0.7227746524257326
86	0.6884197964379
87	0.6996860333005861
88	0.758843950874465
89	0.8230036250150273
90	0.8097517472627594
91	0.9524680951766463
92	0.7838846950415491
93	0.5665719880005069
94	0.7227746524257326
95	0.9524680951766463
96	0.9524680951766463
97	0.9524680951766463
98	0.5224031981891384
99	0.2729051014782402
100	0.05211065273008481
101	0.6347520014624387
102	0.7111366461700386
103	0.9680555771461165
104	0.9220420515895036
105	0.9838981538483048
106	0.8364723744993472
107	0.43697584363532166
108	0.2599334021689725
109	0.2396695274125223
110	0.7346031188276299
111	0.7838846950415491
112	0.9524680951766463
113	0.5139915422627507
114	0.7346031188276299
115	0.9680555771461165
116	0.9838981538483048
117	0.9071954723294289
118	0.481677716615238
119	0.548473172838661
120	0.22460188780169196
121	0.030997821620274375
122	0.03307734111793543
123	0.2685108255202325
124	0.7227746524257326
125	0.9838981538483048
126	0.9524680951766463
127	0.3538419528953301
128	0.3425386759286026
129	0.0950103948756163
130	0.010791719379643072
131	0.011147830387442607
132	0.06540703669975813
133	0.059336967552505365
134	0.9071954723294289
135	0.6773349667878853
136	0.9524680951766463
137	0.8364723744993472
138	0.6773349667878853
139	0.6045810297424927
140	0.4662907999563944
141	0.5224031981891384
142	0.4441271100328678
143	0.21392613224755636
144	0.3775797899972455
145	0.3775797899972455
146	0.7712627042813326
147	0.8364723744993472
148	0.9680555771461165
149	0.5057153295259705
150	0.2516299796562454
151	0.40950387170122265
152	0.9524680951766463
153	0.9220420515895036
154	0.9524680951766463
155	0.9680555771461165
156	0.9524680951766463
157	0.7466251623243612
158	0.7346031188276299
159	0.47392181612760637
160	0.39642250686330754
161	0.6664286233595221
162	0.5948461590153626
163	0.4230169025093144
164	0.2516299796562454
165	0.17322705937262536
166	0.2729051014782402
167	0.7466251623243612
168	0.7346031188276299
169	0.5224031981891384
170	0.45878265723355216
171	0.06867110513305615
172	0.04288725609875903
173	0.1231881100281487
174	0.9071954723294289
175	0.1760619823251855
176	0.35963270335587966
177	0.34814444420780405
178	0.35963270335587966
179	0.09975178733729187
180	0.08903724340857805
181	0.10472979393476875
182	0.18187177108593688
183	0.0950103948756163
184	0.10644373457266672
185	0.8364723744993472
186	0.22098538275893195
187	0.15715080394778913
188	0.1496811268916314
189	0.8501615448993927
190	0.8782156365502214
191	0.9524680951766463
192	0.9371316004437271
193	0.8925879504044915
194	0.9071954723294289
195	0.9071954723294289
196	0.9220420515895036
197	0.34814444420780405
198	0.29121320991525734
199	0.34814444420780405
200	1.0
