1	0.9838981538483189
2	0.305745894681384
3	0.019047393108381876
4	0.0043480927706903375
5	0.00719191068985781
6	0.7346031188276403
7	0.783884695041549
8	0.054711179297213405
9	0.022771096439116734
10	0.758843950874465
11	0.07819389939674361
12	0.029524436113288612
13	0.03416884515602847
14	0.809751747262771
15	0.9838981538483189
16	0.9838981538483189
17	0.9371316004437271
18	0.9371316004437271
19	0.9680555771461301
20	0.23581040555487973
21	0.20709238541955047
22	0.23966952741252226
23	0.9524680951766462
24	0.22460188780169196
25	0.06435386265758127
26	0.758843950874465
27	0.783884695041549
28	0.10138426111191928
29	0.23966952741252226
30	0.22460188780169196
31	0.305745894681384
32	0.9371316004437271
33	0.9524680951766462
34	0.9524680951766462
35	0.9680555771461301
36	0.9680555771461301
37	0.9371316004437271
38	0.9680555771461301
39	0.04019100294647119
40	0.03766425891466563
41	0.05044600800408453
42	0.06435386265758127
43	0.28652413961186873
44	0.9680555771461301
45	0.9838981538483189
46	0.9838981538483189
47	0.9220420515895166
48	1.0
49	0.3775797899972509
50	0.23966952741252226
51	0.21048152657828498
52	0.1909478879208092
53	0.045764390058400266
54	0.809751747262771
55	0.1117556956623576
56	0.07819389939674361
57	0.24757827243666986
58	0.0744771944128507
59	0.029524436113288612
60	0.6347520014624387
61	0.5057153295259705
62	0.48167771661524483
63	0.5852680376789788
64	0.45878265723355866
65	0.45139540946972445
66	0.836472374499359
67	0.7712627042813435
68	0.8925879504044913
69	0.9838981538483189
70	0.5852680376789788
71	0.48956054519591574
72	0.45878265723355866
73	0.45878265723355866
74	0.3425386759286075
75	0.23581040555487973
76	0.008459463654885604
77	0.008189230970776997
78	0.013327194928720634
79	0.31583506350196533
80	0.513991542262758
81	0.9371316004437271
82	0.9071954723294289
83	0.9680555771461301
84	0.7967132492072908
85	0.5574491330158785
86	0.5396417421912962
87	0.5948461590153626
88	0.783884695041549
89	0.2959790185358471
90	0.45878265723355866
91	0.45878265723355866
92	0.2320134226836728
93	0.7227746524257325
94	0.31074953590015464
95	0.0512715750169613
96	0.31583506350196533
97	0.45878265723355866
98	0.45139540946972445
99	0.7346031188276403
100	0.5224031981891458
101	0.48956054519591574
102	0.015676073575284534
103	0.27737129133826594
104	0.42301690250931445
105	0.8640747434825137
106	0.32100381758685564
107	0.1336035702664359
108	0.1878732744065199
109	0.7111366461700385
110	0.7111366461700385
111	0.04963373414423558
112	0.16499324727369863
113	0.08903724340857805
114	0.6451399456130124
115	0.746625162324361
116	0.19407281858793526
117	0.1472709844146121
118	0.1357900406092586
119	0.12725313808047323
120	0.007927630713798602
121	0.011330268629776647
122	0.09814559940423298
123	0.305745894681384
124	0.6045810297425014
125	0.4739218161276064
126	0.8640747434825137
127	0.8782156365502338
128	0.8782156365502338
129	0.9838981538483189
130	0.45878265723355866
131	0.1972488898661471
132	0.1972488898661471
133	0.011147830387442765
134	0.03766425891466563
135	0.062298115656567614
136	0.1380122933233906
137	0.1496811268916314
138	0.1972488898661471
139	0.9838981538483189
140	0.9524680951766462
141	0.33159647562093936
142	0.25574799451756824
143	0.2912132099152615
144	0.8640747434825137
145	0.7111366461700385
146	0.6045810297425014
147	0.08209608258032047
148	0.009632558682416041
149	0.019047393108381876
150	0.7111366461700385
151	0.1676934209382962
152	0.42993972582911677
153	0.4095038717012285
154	0.9524680951766462
155	0.9524680951766462
156	0.9071954723294289
157	0.9524680951766462
158	0.6884197964379097
159	0.4369758436353279
160	0.6884197964379097
161	0.7227746524257325
162	0.03828064801966439
163	0.04963373414423558
164	0.018740694914960117
165	0.027222771645920248
166	0.10472979393476876
167	0.9371316004437271
168	0.9838981538483189
169	0.783884695041549
170	0.030007614098887924
171	0.027222771645920248
172	0.027668282067044733
173	0.04651334071458662
174	0.154620385880011
175	0.7712627042813435
176	0.8925879504044913
177	0.9524680951766462
178	0.9680555771461301
179	0.9680555771461301
180	0.24359180518339563
181	0.1472709844146121
182	0.07819389939674361
183	0.09348055211451999
184	0.1909478879208092
185	0.9371316004437271
186	0.9371316004437271
187	0.9680555771461301
188	0.9524680951766462
189	0.783884695041549
190	0.7712627042813435
191	0.7967132492072908
192	0.809751747262771
193	0.9524680951766462
194	0.9371316004437271
195	0.9524680951766462
196	0.9220420515895166
197	0.7712627042813435
198	0.746625162324361
199	0.758843950874465
200	0.809751747262771
