1	0.9838981538483467
2	1.0
3	0.03766425891466563
4	0.03529636723622852
5	0.04804821315291761
6	0.1314523061326923
7	0.9838981538483467
8	0.08760357941344458
9	0.012090370898187429
10	0.00042674617124462746
11	0.00044804248394847955
12	0.000580920718013925
13	0.08077418408895873
14	1.0
15	1.0
16	0.012489335512978024
17	0.000230290047323916
18	0.0001611307297206773
19	0.0003747751604249756
20	0.000177614124668122
21	0.005823662247270328
22	0.028121083425989388
23	0.8640747434825258
24	0.9680555771461439
25	0.9371316004437537
26	0.9524680951766596
27	0.9838981538483467
28	0.9838981538483467
29	0.9680555771461439
30	0.9680555771461439
31	0.1357900406092605
32	0.09814559940423438
33	0.09975178733729471
34	0.10304345090533676
35	0.10472979393476875
36	0.9524680951766596
37	0.8640747434825258
38	0.9220420515895297
39	0.9220420515895297
40	0.9524680951766596
41	0.9220420515895297
42	0.9680555771461439
43	0.9524680951766596
44	0.03361866366814596
45	0.030498699465508324
46	0.030007614098888347
47	0.03828064801966548
48	0.9838981538483467
49	1.0
50	0.9680555771461439
51	0.9680555771461439
52	0.9680555771461439
53	0.01189569360606822
54	0.030498699465508324
55	0.03202070454638377
56	0.03646109590141843
57	0.8097517472627824
58	0.07569604040982322
59	0.0769348332586583
60	0.06030803830703665
61	0.07947357060373189
62	0.009950419076984726
63	0.02592882145501884
64	0.004951053693111611
65	6.284732873436292e-05
66	0.0003034748409848093
67	2.411822920146187e-05
68	5.089073425344813e-05
69	0.01189569360606822
70	1.0
71	0.9838981538483467
72	0.08903724340858059
73	0.00047040156643292586
74	0.000329133406075836
75	0.0009151932040789331
76	0.03472803056127753
77	0.10472979393476875
78	0.9524680951766596
79	0.9838981538483467
80	0.12120455403276079
81	0.06331764666180426
82	0.02904903818527813
83	0.019675929314445652
84	0.9371316004437537
85	0.2209853827589382
86	0.194072818587938
87	0.04804821315291761
88	0.043589121425846165
89	0.14489964968096342
90	0.08760357941344458
91	0.019047393108381876
92	0.013327194928720823
93	0.12120455403276079
94	0.8782156365502463
95	0.8640747434825258
96	0.8782156365502463
97	0.9680555771461439
98	0.2435918051834025
99	0.1357900406092605
100	0.10995622264422977
101	0.16233655139003586
102	0.9524680951766596
103	0.6556978921951291
104	0.006214348384488122
105	0.030007614098888347
106	0.0612950009827268
107	0.08619300005539517
108	0.25162997965624895
109	0.7588439508744973
110	0.6245313223904365
111	0.4739218161276198
112	0.5224031981891532
113	0.7466251623243716
114	0.31583506350197427
115	0.2729051014782479
116	0.3900393726467363
117	0.2282775782464986
118	0.7111366461700587
119	0.8364723744993591
120	0.8501615448994169
121	0.9680555771461439
122	0.7967132492073021
123	0.7346031188276506
124	0.2246018878016983
125	0.23581040555488306
126	0.25162997965624895
127	0.3538419528953351
128	0.8501615448994169
129	0.02099590847766623
130	0.010278768401209828
131	0.023522509426831914
132	0.010113261253784787
133	0.10472979393476875
134	0.11544347070632022
135	0.23581040555488306
136	0.892587950404504
137	0.8097517472627824
138	0.16769342093829853
139	0.18187177108593947
140	0.20375781569034598
141	0.9524680951766596
142	0.9071954723294675
143	0.7967132492073021
144	0.7588439508744973
145	0.7967132492073021
146	0.7838846950415712
147	0.7967132492073021
148	0.8782156365502463
149	0.9680555771461439
150	0.9838981538483467
151	0.2773712913382699
152	0.30082282132372057
153	0.2865241396118728
154	0.10472979393476875
155	0.006419412822152516
156	0.005114431247540076
157	0.0004628272327807131
158	0.009790198959862228
159	0.09814559940423438
160	0.9524680951766596
161	0.9524680951766596
162	0.9220420515895297
163	0.9071954723294675
164	0.892587950404504
165	0.8640747434825258
166	0.892587950404504
167	0.004951053693111611
168	0.010278768401209828
169	0.10138426111191928
170	0.007550815325235844
171	0.007674387126047801
172	0.09814559940423438
173	0.9680555771461439
174	0.9680555771461439
175	0.9371316004437537
176	0.10818572446379392
177	0.011147830387442922
178	0.014930959938100853
179	0.009632558682416314
180	0.014930959938100853
181	0.9680555771461439
182	0.9524680951766596
183	0.9838981538483467
184	0.9838981538483467
185	0.9838981538483467
186	0.9524680951766596
187	0.9838981538483467
188	0.01784991398793923
189	0.0014893899404870609
190	0.0028051283336035368
191	0.009174704819918332
192	0.11358461770179254
193	0.2685108255202401
194	0.1425664978143721
195	0.011330268629776808
196	0.007076107650393189
197	0.005198130749139036
198	0.00947745670446487
199	0.03472803056127753
200	0.9071954723294675
