1	0.9680555771461438
2	0.9524680951766733
3	0.9838981538483327
4	0.9838981538483327
5	0.9680555771461438
6	0.9371316004437404
7	0.9838981538483327
8	0.43697584363533404
9	0.23581040555488642
10	0.16769342093829856
11	0.19724888986614988
12	0.22460188780169513
13	0.9524680951766733
14	0.05651656845829485
15	0.05838153282986928
16	0.22827757824649858
17	0.8097517472627823
18	0.7227746524257427
19	0.8230036250150506
20	0.9220420515895296
21	0.2959790185358513
22	0.03000761409888835
23	0.0021634908644312823
24	0.021339514049848223
25	0.17043778391330405
26	0.006962169253653922
27	0.026353155917209006
28	0.17322705937263025
29	0.9071954723294546
30	0.8230036250150506
31	0.26851082552023625
32	0.041517247454899826
33	0.16769342093829856
34	0.03416884515602847
35	0.019359110527732818
36	0.01814203423202152
37	0.17043778391330405
38	0.16233655139003356
39	0.1448996496809655
40	0.9680555771461438
41	0.19724888986614988
42	0.03361866366814596
43	0.010113261253784785
44	0.04651334071458794
45	0.19407281858793524
46	0.3900393726467363
47	1.0
48	0.22827757824649858
49	0.1909478879208119
50	0.012901465378461815
51	0.0231437535989396
52	0.015423659850313303
53	0.14968112689163565
54	0.11733274450692523
55	0.009477456704465006
56	0.008323250672589017
57	0.836472374499359
58	0.21048152657828798
59	0.0686711051330571
60	0.8230036250150506
61	0.1546203858800132
62	0.2773712913382699
63	0.836472374499359
64	0.5224031981891458
65	0.5057153295259849
66	0.35963270335588476
67	0.29121320991526145
68	0.7838846950415602
69	0.836472374499359
70	0.9838981538483327
71	0.9524680951766733
72	0.9680555771461438
73	0.8782156365502464
74	0.21742711012398033
75	0.35963270335588476
76	0.20047693868989744
77	0.7227746524257427
78	0.08480513362915015
79	0.06647744631284512
80	0.7838846950415602
81	0.01700147357515921
82	0.02390746372968385
83	0.0025447997235481606
84	0.00048592413239298036
85	0.026353155917209006
86	0.11175569566236077
87	0.20047693868989744
88	0.0008716923278076731
89	8.555276600875523e-05
90	0.0047928951403666395
91	0.03254473486014868
92	0.7967132492073135
93	0.1909478879208119
94	0.010617952774480096
95	0.003194122510301129
96	0.003757077145472479
97	0.03828064801966493
98	0.17322705937263025
99	0.8097517472627823
100	0.7838846950415602
101	0.7838846950415602
102	0.0043480927706904616
103	0.005198130749139036
104	0.00730960888759503
105	0.0029451152724263097
106	0.0012662220527620944
107	0.2139261322475624
108	0.2139261322475624
109	0.026784434765055674
110	0.21048152657828798
111	0.03890712455342853
112	0.013992274382953624
113	0.007191910689857911
114	0.03150511208810901
115	0.004009124378788922
116	0.00011092558415419894
117	0.010791719379643227
118	0.11175569566236077
119	0.6884197964379195
120	0.25162997965624895
121	0.2729051014782479
122	0.13145230613269226
123	0.1293356813230618
124	0.03254473486014868
125	0.025928821455018843
126	0.16499324727370096
127	0.331596475620944
128	0.7712627042813435
129	0.21048152657828798
130	0.24757827243667338
131	0.2396695274125291
132	0.24757827243667338
133	0.30082282132372057
134	0.5396417421913038
135	0.9524680951766733
136	0.34814444420780405
137	0.1425664978143701
138	0.22098538275893506
139	0.9524680951766733
140	0.04084874312373918
141	0.020995908477666227
142	0.0744771944128528
143	0.10472979393477024
144	0.6884197964379195
145	0.8782156365502464
146	0.7967132492073135
147	0.18787327440652254
148	0.08480513362915015
149	0.06647744631284512
150	0.04804821315291692
151	0.0395438536003459
152	0.24359180518339907
153	0.10818572446379392
154	0.07569604040982214
155	0.1030434509053353
156	0.15972263321475902
157	0.6045810297425099
158	0.3425386759286123
159	0.5852680376789872
160	0.9071954723294546
161	0.7111366461700587
162	0.7111366461700587
163	0.7466251623243609
164	0.42301690250932644
165	0.40950387170123426
166	0.7712627042813435
167	0.15972263321475902
168	0.08903724340858059
169	0.10472979393477024
170	0.2641873055176523
171	0.03150511208810901
172	0.03828064801966493
173	0.05838153282986928
174	0.06540703669975813
175	0.08903724340858059
176	0.1909478879208119
177	0.7967132492073135
178	0.7712627042813435
179	0.6556978921951198
180	0.7346031188276506
181	0.7588439508744865
182	0.26851082552023625
183	0.1357900406092586
184	0.0769348332586583
185	0.19407281858793524
186	0.7712627042813435
187	0.025928821455018843
188	0.04804821315291692
189	0.22460188780169513
190	0.7967132492073135
191	0.9371316004437404
192	0.8501615448994169
193	0.9371316004437404
194	0.42301690250932644
195	0.19724888986614988
196	0.20375781569034307
197	0.26851082552023625
198	0.29121320991526145
199	0.4162055494255606
200	0.9838981538483327
