1	0.8640747434825014
2	0.8782156365502338
3	0.8501615448993927
4	0.758843950874465
5	0.8364723744993591
6	0.9680555771461301
7	0.6664286233595221
8	0.6556978921951011
9	0.10818572446379085
10	0.024298717947761457
11	0.024696375181437153
12	0.10304345090533383
13	0.09501039487561629
14	0.05296346225090933
15	0.05744148237014177
16	0.09049436982916054
17	0.09656527406216013
18	0.13360357026643588
19	0.2599334021689762
20	0.9838981538483049
21	0.9524680951766463
22	0.9524680951766463
23	1.0
24	0.8501615448993927
25	0.9071954723294289
26	0.8925879504044915
27	0.9071954723294289
28	0.9071954723294289
29	0.9371316004437271
30	0.9220420515895035
31	0.8640747434825014
32	0.21742711012397728
33	0.1117556956623576
34	0.03307734111793543
35	0.04963373414423558
36	0.04430247303072466
37	0.002851035264810493
38	0.001869417813710169
39	0.00042674617124461537
40	0.024298717947761457
41	0.1099562226442282
42	0.33159647562093936
43	0.9371316004437271
44	0.35384195289533016
45	0.25574799451756464
46	0.24757827243666986
47	0.24359180518339563
48	0.3481444442078041
49	0.8230036250150272
50	0.7712627042813326
51	0.9071954723294289
52	0.22460188780169194
53	0.24359180518339563
54	0.2865241396118646
55	0.8640747434825014
56	0.7712627042813326
57	0.9071954723294289
58	0.8925879504044915
59	0.8640747434825014
60	0.8501615448993927
61	0.8230036250150272
62	0.9071954723294289
63	0.23201342268367284
64	0.1704377839132992
65	0.19407281858793252
66	0.7111366461700385
67	0.2959790185358472
68	0.10818572446379085
69	0.1448996496809614
70	0.07819389939674362
71	0.23581040555487973
72	0.481677716615238
73	0.16233655139003125
74	0.23581040555487973
75	0.2819105719970956
76	0.2819105719970956
77	0.19407281858793252
78	0.44412711003286787
79	0.6451399456130033
80	0.5139915422627507
81	0.6996860333005861
82	0.8925879504044915
83	0.8925879504044915
84	0.6996860333005861
85	0.6144752151203824
86	0.09814559940423298
87	0.04019100294647062
88	0.5224031981891384
89	0.481677716615238
90	0.3775797899972455
91	0.22098538275893195
92	0.20709238541955047
93	0.20709238541955047
94	0.6144752151203824
95	0.758843950874465
96	0.44412711003286787
97	0.4299397258291108
98	0.5948461590153626
99	0.3596327033558797
100	0.37150005830873106
101	0.4095038717012226
102	0.5948461590153626
103	0.5948461590153626
104	0.6884197964379
105	1.0
106	0.7227746524257325
107	0.4587826572335522
108	0.45139540946972445
109	0.7967132492072909
110	0.6347520014624387
111	0.8097517472627709
112	0.8364723744993591
113	0.7466251623243612
114	0.5852680376789788
115	0.8501615448993927
116	0.5396417421912962
117	0.7838846950415491
118	0.09814559940423298
119	0.3262571601860513
120	0.22098538275893195
121	0.09975178733729188
122	0.3596327033558797
123	0.5852680376789788
124	0.8501615448993927
125	0.6245313223904277
126	0.3596327033558797
127	0.0015137643410159587
128	0.0036370594844428446
129	0.2729051014782402
130	0.40291010336057753
131	0.6451399456130033
132	0.11544347070631858
133	0.13145230613269043
134	0.14027091400017716
135	0.8640747434825014
136	0.45139540946972445
137	0.45139540946972445
138	0.12120455403275908
139	0.030997821620274375
140	0.37150005830873106
141	0.09348055211451999
142	0.37150005830873106
143	0.31074953590015464
144	0.3262571601860513
145	0.21392613224755636
146	0.7466251623243612
147	0.24757827243666986
148	0.40291010336057753
149	0.3837590186752749
150	0.3425386759286026
151	0.3425386759286026
152	0.1117556956623576
153	0.40291010336057753
154	0.6773349667878853
155	0.3837590186752749
156	0.3210038175868511
157	0.31074953590015464
158	0.31074953590015464
159	0.31583506350196533
160	0.37150005830873106
161	0.6996860333005861
162	0.37150005830873106
163	0.3596327033558797
164	0.481677716615238
165	0.05651656845829405
166	0.07327797408660716
167	0.758843950874465
168	0.19407281858793252
169	0.20375781569034018
170	0.6884197964379
171	0.6556978921951011
172	0.6045810297425014
173	0.6347520014624387
174	0.6884197964379
175	0.758843950874465
176	0.12318811002814868
177	0.23581040555487973
178	0.36551822152449814
179	0.9220420515895035
180	0.8925879504044915
181	0.9524680951766463
182	1.0
183	0.8925879504044915
184	0.8501615448993927
185	0.8097517472627709
186	0.14027091400017716
187	0.17322705937262783
188	0.47392181612760637
189	0.6884197964379
190	0.4095038717012226
191	0.47392181612760637
192	0.758843950874465
193	0.5309525138815068
194	0.5309525138815068
195	0.6664286233595221
196	0.2516299796562454
197	0.2959790185358472
198	0.6556978921951011
199	0.5396417421912962
200	0.6245313223904277
