1	0.9838981538483328
2	0.9838981538483328
3	0.9524680951766462
4	0.9371316004437404
5	0.6347520014624387
6	0.5057153295259778
7	0.39642250686331315
8	0.331596475620944
9	0.30082282132372057
10	0.28652413961186873
11	0.006419412822152425
12	0.009324852154700358
13	0.012090370898187257
14	0.06030803830703493
15	0.07569604040982106
16	0.1252041276287828
17	0.8230036250150506
18	0.6045810297425013
19	0.5396417421913038
20	0.5484731728386766
21	0.614475215120391
22	0.9071954723294418
23	0.8782156365502339
24	0.8230036250150506
25	0.8925879504045041
26	0.9220420515895166
27	0.7346031188276403
28	0.7111366461700487
29	0.6664286233595221
30	0.6884197964379
31	0.5948461590153711
32	0.614475215120391
33	0.5948461590153711
34	0.614475215120391
35	0.7712627042813435
36	0.005918968568537472
37	7.761308196840181e-05
38	0.00035696138316949357
39	1.0
40	0.0028976934794106932
41	0.00010913947746386425
42	0.00011274092112108955
43	0.0028051283336035368
44	0.0358740049446916
45	0.029524436113288612
46	0.00029378051233887965
47	0.0016417519552458227
48	0.0008716923278076608
49	0.004074735137074894
50	0.07947357060372963
51	0.8925879504045041
52	0.13145230613269226
53	0.11175569566235918
54	0.017849913987938722
55	0.022043686905619652
56	0.28652413961186873
57	0.7111366461700487
58	0.48956054519591574
59	0.027222771645920244
60	0.03361866366814501
61	0.8925879504045041
62	0.8925879504045041
63	0.8925879504045041
64	0.614475215120391
65	0.1293356813230618
66	0.5139915422627579
67	0.39642250686331315
68	0.006739766775034895
69	0.008881624169591424
70	0.003353521788788837
71	0.0016153167178432784
72	0.05651656845829485
73	0.8925879504045041
74	0.08619300005539395
75	1.0
76	1.0
77	0.7712627042813435
78	0.0018097003405784802
79	0.0004131140110991133
80	0.0016417519552458227
81	0.0002055541213394046
82	0.030007614098887924
83	1.0
84	0.03529636723622752
85	0.0028051283336035368
86	3.2831645528475324e-05
87	2.4914095606538534e-05
88	0.0028976934794106932
89	1.0
90	0.0003687405884503411
91	0.00016917178699911355
92	0.014221262971401737
93	0.21048152657828798
94	0.03472803056127704
95	0.029524436113288612
96	0.11358461770178932
97	0.32625716018605594
98	0.3210038175868511
99	0.4029101033605775
100	0.37150005830873106
101	0.677334966787895
102	0.7346031188276403
103	0.9680555771461439
104	0.9371316004437404
105	0.9680555771461439
106	0.19724888986614988
107	0.6664286233595221
108	0.030997821620274372
109	0.03705779481220459
110	0.22460188780169194
111	0.18787327440651988
112	0.04651334071458662
113	0.07569604040982106
114	0.4230169025093204
115	0.10995622264422976
116	0.025928821455018472
117	0.03361866366814501
118	0.04019100294647062
119	0.331596475620944
120	0.34253867592860743
121	0.36551822152450847
122	0.05651656845829485
123	0.007429233258549035
124	0.003042299783147364
125	0.013766972933527001
126	0.9680555771461439
127	1.0
128	1.0
129	0.9680555771461439
130	0.012693727967806582
131	0.00076553383254156
132	0.0028051283336035368
133	0.03828064801966494
134	0.03828064801966494
135	0.021339514049848227
136	0.02168874285044923
137	0.05044600800408382
138	0.02510054021835723
139	0.08480513362915015
140	0.3900393726467364
141	0.7967132492072908
142	0.7838846950415602
143	0.09501039487561763
144	0.0769348332586572
145	0.059336967552506205
146	0.030997821620274372
147	0.03254473486014822
148	0.03646109590141843
149	0.9838981538483328
150	0.042196692099189664
151	0.37150005830873106
152	0.0358740049446916
153	0.02551131956105608
154	0.05838153282986845
155	0.5665719880005149
156	0.0020274756563298706
157	0.008597905811488966
158	1.0
159	0.001206036106664975
160	0.00017475420935834793
161	0.0008716923278076608
162	0.003944570074838709
163	0.9838981538483328
164	0.07093715149651068
165	0.0622981156565685
166	0.5309525138815067
167	0.481677716615238
168	0.01228823415401115
169	0.0018694178137101955
170	0.0016153167178432784
171	1.0
172	1.0
173	0.9838981538483328
174	0.9838981538483328
175	1.0
176	1.0
177	1.0
178	0.9838981538483328
179	0.9838981538483328
180	1.0
181	1.0
182	0.0016417519552458227
183	0.0011675099792966505
184	0.013112602486344908
185	0.011515692539375738
186	0.04963373414423629
187	0.07569604040982106
188	0.0044192508682770176
189	0.0008716923278076608
190	0.00011836713659178142
191	0.001286944230771775
192	0.8925879504045041
193	0.0015137643410159801
194	0.001589307136566305
195	0.9371316004437404
196	0.5139915422627579
197	0.5665719880005149
198	0.6556978921951198
199	0.9680555771461439
200	0.7111366461700487
