1	0.9838981538483189
2	0.9680555771461302
3	0.9680555771461302
4	0.9838981538483189
5	0.9838981538483189
6	0.10995622264422977
7	0.028121083425988597
8	0.029524436113288616
9	0.060308038307034934
10	0.09197534264619776
11	0.1272531380804732
12	0.4369758436353341
13	0.054711179297213405
14	0.020995908477665633
15	0.38375901867527495
16	0.3900393726467364
17	0.3715000583087311
18	0.36551822152450336
19	0.5758441417787756
20	0.7346031188276403
21	1.0
22	1.0
23	0.9838981538483189
24	0.7838846950415602
25	0.758843950874465
26	0.758843950874465
27	0.1472709844146142
28	0.09348055211451999
29	0.1252041276287828
30	0.5758441417787756
31	0.5852680376789872
32	0.31074953590015464
33	0.026353155917208635
34	0.03307734111793591
35	0.5057153295259778
36	0.4587826572335522
37	0.3425386759286026
38	0.1940728185879353
39	0.2865241396118647
40	0.272905101478248
41	0.15213071221465752
42	0.5139915422627507
43	0.5224031981891458
44	0.5852680376789872
45	0.566571988000515
46	0.31074953590015464
47	0.31074953590015464
48	0.33159647562093936
49	0.4587826572335522
50	0.8925879504044915
51	0.8925879504044915
52	0.8782156365502339
53	0.6556978921951105
54	0.03254473486014822
55	0.011895693606067884
56	0.0032463954707181012
57	0.008597905811488844
58	0.007799981223697564
59	0.32625716018605594
60	0.36551822152450336
61	1.0
62	1.0
63	1.0
64	1.0
65	1.0
66	0.36551822152450336
67	0.3210038175868511
68	0.6556978921951105
69	0.3481444442078041
70	0.010791719379643074
71	0.004565079704726418
72	0.010113261253784644
73	0.03150511208810857
74	0.0014185963995909494
75	0.01445399904022356
76	0.03150511208810857
77	0.09656527406216149
78	0.36551822152450336
79	0.9680555771461302
80	0.9680555771461302
81	0.022771096439116737
82	0.009477456704464874
83	0.04358912142584555
84	0.210481526578285
85	0.1676934209382962
86	0.18187177108593947
87	0.08903724340857806
88	0.14968112689163143
89	0.3481444442078041
90	1.0
91	1.0
92	0.8640747434825014
93	0.8501615448993929
94	0.7838846950415602
95	0.8782156365502339
96	0.8501615448993929
97	0.07819389939674361
98	0.013545299253376993
99	0.009174704819918202
100	0.01999793295422567
101	0.0034084033755650083
102	0.007550815325235631
103	0.1472709844146142
104	0.3715000583087311
105	0.4975723790934038
106	0.5758441417787756
107	0.4299397258291108
108	0.2599334021689762
109	0.481677716615238
110	0.5852680376789872
111	0.9680555771461302
112	0.8925879504044915
113	0.7967132492072908
114	0.7967132492072908
115	0.7838846950415602
116	0.9680555771461302
117	0.7466251623243612
118	0.823003625015039
119	0.45139540946972445
120	0.4299397258291108
121	0.5224031981891458
122	0.1909478879208065
123	0.15715080394779135
124	0.10644373457266824
125	0.10304345090533384
126	0.1314523061326923
127	0.21392613224755636
128	0.21392613224755636
129	0.21392613224755636
130	0.21742711012398036
131	0.9071954723294418
132	0.8925879504044915
133	0.1081857244637924
134	0.10644373457266824
135	0.21742711012398036
136	0.33159647562093936
137	0.3481444442078041
138	0.2819105719970956
139	0.2865241396118647
140	0.40291010336057753
141	0.9071954723294418
142	0.8925879504044915
143	0.823003625015039
144	0.823003625015039
145	0.8640747434825014
146	0.5574491330158786
147	0.40291010336057753
148	0.42301690250932045
149	0.566571988000515
150	0.6884197964379001
151	0.9071954723294418
152	0.9220420515895167
153	0.9220420515895167
154	0.823003625015039
155	0.6245313223904277
156	0.5484731728386689
157	0.7838846950415602
158	0.7466251623243612
159	0.8640747434825014
160	0.7967132492072908
161	0.8501615448993929
162	0.7712627042813326
163	0.8364723744993592
164	0.1425664978143681
165	0.02032520629905422
166	0.01999793295422567
167	0.18187177108593947
168	0.41620554942555466
169	0.40291010336057753
170	0.3775797899972509
171	0.4095038717012285
172	0.32625716018605594
173	0.22098538275893195
174	0.20709238541955047
175	0.40291010336057753
176	0.0018393167356805958
177	0.0014418122384338217
178	0.06756537356313776
179	0.42301690250932045
180	0.9371316004437404
181	0.466290799956401
182	0.44412711003286787
183	0.4299397258291108
184	0.4299397258291108
185	0.42301690250932045
186	0.9838981538483189
187	0.566571988000515
188	0.07693483325865721
189	0.07947357060372963
190	0.176061982325188
191	0.566571988000515
192	0.5948461590153628
193	0.6773349667878948
194	0.5758441417787756
195	0.277371291338266
196	0.10995622264422977
197	0.5852680376789872
198	0.5948461590153628
199	0.6884197964379001
200	1.0
