1	0.7346031188276402
2	0.47392181612760637
3	0.41620554942555466
4	0.4587826572335587
5	0.5484731728386688
6	0.48956054519591574
7	0.48167771661524483
8	0.9680555771461439
9	0.9838981538483189
10	0.6773349667878948
11	0.05651656845829486
12	0.07947357060372963
13	0.03529636723622802
14	0.027668282067044733
15	0.25574799451756824
16	0.9838981538483189
17	0.9524680951766462
18	0.9524680951766462
19	0.26851082552023625
20	0.07209806342155774
21	0.04288725609875963
22	0.012090370898187257
23	0.007927630713798602
24	0.210481526578285
25	0.06867110513305615
26	0.07093715149650967
27	0.4369758436353278
28	0.2320134226836728
29	0.25574799451756824
30	0.34814444420780405
31	0.9371316004437403
32	0.746625162324361
33	0.8925879504044915
34	0.8230036250150389
35	0.7346031188276402
36	0.31583506350196533
37	0.3655182215245033
38	0.26851082552023625
39	0.031505112088109015
40	0.05044600800408453
41	0.4441271100328678
42	0.3315964756209393
43	0.39642250686330754
44	0.5665719880005069
45	0.6045810297425014
46	0.8097517472627709
47	0.783884695041549
48	0.8782156365502339
49	0.699686033300596
50	0.6884197964379097
51	0.8640747434825136
52	0.2599334021689762
53	0.3008228213237205
54	0.4230169025093144
55	0.4369758436353278
56	0.47392181612760637
57	0.9220420515895167
58	0.4587826572335587
59	0.3900393726467364
60	0.41620554942555466
61	0.699686033300596
62	0.5057153295259778
63	0.5224031981891457
64	0.47392181612760637
65	0.11733274450692356
66	0.48167771661524483
67	0.49757237909340374
68	0.8230036250150389
69	0.7712627042813435
70	0.6245313223904277
71	0.5574491330158785
72	0.5852680376789788
73	0.5057153295259778
74	0.5484731728386688
75	0.3538419528953301
76	0.5224031981891457
77	0.614475215120391
78	0.5758441417787837
79	0.5948461590153626
80	0.6664286233595221
81	0.6045810297425014
82	0.11358461770179093
83	0.07947357060372963
84	0.07569604040982214
85	0.12520412762878277
86	0.4299397258291168
87	0.3655182215245033
88	0.5758441417787837
89	0.30574589468138397
90	0.3775797899972509
91	0.5309525138815067
92	0.8782156365502339
93	0.614475215120391
94	0.6347520014624386
95	0.836472374499359
96	0.836472374499359
97	0.5948461590153626
98	0.5852680376789788
99	0.614475215120391
100	0.5948461590153626
101	0.836472374499359
102	0.4299397258291168
103	0.06867110513305615
104	0.07209806342155774
105	0.11175569566235757
106	0.11544347070631857
107	0.24757827243666986
108	0.5484731728386688
109	0.5948461590153626
110	0.41620554942555466
111	0.10818572446379239
112	0.06331764666180335
113	0.6245313223904277
114	0.6451399456130124
115	0.746625162324361
116	0.699686033300596
117	0.6884197964379097
118	0.9680555771461439
119	0.8097517472627709
120	0.027668282067044733
121	0.048834539393112344
122	0.03202070454638286
123	0.9220420515895167
124	0.6451399456130124
125	0.6664286233595221
126	0.758843950874465
127	0.32625716018605594
128	0.210481526578285
129	0.21742711012398036
130	0.41620554942555466
131	0.5396417421913039
132	0.9371316004437403
133	0.4230169025093144
134	0.38375901867528034
135	0.4095038717012285
136	0.31074953590015464
137	0.11544347070631857
138	0.2516299796562454
139	0.6045810297425014
140	0.5948461590153626
141	0.6245313223904277
142	0.614475215120391
143	0.9838981538483189
144	0.9371316004437403
145	0.5665719880005069
146	0.24359180518339907
147	0.017562497419084444
148	0.012693727967806583
149	0.03416884515602848
150	0.04151724745489865
151	0.5852680376789788
152	0.18787327440651988
153	0.09975178733729187
154	0.38375901867528034
155	0.16769342093829617
156	0.176061982325188
157	0.614475215120391
158	0.11175569566235757
159	0.08480513362915015
160	0.3538419528953301
161	0.0512715750169613
162	0.02168874285044923
163	0.04288725609875963
164	0.38375901867528034
165	0.9524680951766462
166	0.9680555771461439
167	0.9838981538483189
168	0.9838981538483189
169	0.38375901867528034
170	0.009174704819918202
171	0.0017236818362313128
172	0.00010063118771018634
173	0.00021233710769518434
174	0.022043686905619336
175	0.004951053693111611
176	0.3900393726467364
177	0.27290510147824404
178	0.22098538275893193
179	0.2599334021689762
180	0.4230169025093144
181	0.5758441417787837
182	0.614475215120391
183	0.6664286233595221
184	0.6884197964379097
185	0.4369758436353278
186	0.3315964756209393
187	0.29121320991526145
188	0.2959790185358471
189	0.11544347070631857
190	0.1336035702664378
191	0.19094788792080922
192	0.40291010336058325
193	0.16769342093829617
194	0.1972488898661471
195	0.5057153295259778
196	0.1818717710859395
197	0.23581040555488308
198	0.26851082552023625
199	0.3900393726467364
200	0.8501615448993927
