1	0.9680555771461301
2	0.7712627042813325
3	0.23581040555488308
4	0.22098538275893193
5	0.4095038717012226
6	0.1472709844146142
7	0.09656527406216012
8	0.4029101033605775
9	0.6245313223904188
10	0.7346031188276299
11	0.5758441417787755
12	0.31583506350196977
13	0.4895605451959157
14	0.27290510147824404
15	0.5758441417787755
16	0.4895605451959157
17	0.09348055211451997
18	0.13801229332338863
19	0.5574491330158706
20	0.9838981538483049
21	0.6245313223904188
22	0.548473172838661
23	0.5948461590153626
24	0.8097517472627709
25	0.9071954723294416
26	0.9838981538483049
27	0.9524680951766461
28	0.9838981538483049
29	0.5057153295259778
30	0.481677716615238
31	0.5665719880005069
32	0.5665719880005069
33	0.6245313223904188
34	0.481677716615238
35	0.5665719880005069
36	0.6347520014624387
37	0.2599334021689725
38	0.06435386265758034
39	0.4095038717012226
40	0.8782156365502338
41	0.4895605451959157
42	0.3900393726467308
43	0.10472979393476875
44	0.061295000982725924
45	0.059336967552506205
46	0.3107495359001502
47	0.04288725609875963
48	0.07569604040982106
49	0.08343961441457963
50	0.305745894681384
51	0.06540703669975811
52	0.023143753598938943
53	0.08209608258032046
54	0.20047693868989175
55	0.5948461590153626
56	0.8097517472627709
57	0.8364723744993471
58	0.9680555771461301
59	0.6884197964379
60	0.7111366461700385
61	0.699686033300586
62	0.07819389939674361
63	0.04963373414423558
64	0.03307734111793589
65	0.008597905811488843
66	0.07569604040982106
67	0.0744771944128507
68	0.059336967552506205
69	0.8782156365502338
70	0.8782156365502338
71	0.08760357941344458
72	0.029049038185277303
73	0.01619336115132775
74	0.04219669209918966
75	0.031505112088108564
76	0.007076107650393088
77	0.009477456704464737
78	0.05211065273008481
79	0.20047693868989175
80	0.8782156365502338
81	0.052963462250909324
82	0.012489335512977491
83	0.03890712455342798
84	0.4369758436353278
85	0.4369758436353278
86	0.5309525138815067
87	0.9680555771461301
88	0.4162055494255487
89	0.12318811002814868
90	0.2037578156903402
91	0.6773349667878948
92	0.008057369233584962
93	0.047274548216864797
94	0.19094788792080647
95	0.13360357026643588
96	0.059336967552506205
97	0.1848481678460109
98	0.1704377839133016
99	0.5665719880005069
100	0.9524680951766461
101	0.9838981538483049
102	0.9680555771461301
103	0.9680555771461301
104	0.9524680951766461
105	0.9680555771461301
106	0.9680555771461301
107	0.9680555771461301
108	0.8097517472627709
109	0.8640747434825012
110	0.7712627042813325
111	0.4095038717012226
112	0.059336967552506205
113	0.0370577948122046
114	6.284732873436203e-05
115	1.5309094257357536e-05
116	0.00025384832083937524
117	5.08907342534474e-05
118	0.001167509979296634
119	0.002503823749912712
120	0.005546852487609637
121	1.0
122	1.0
123	1.0
124	1.0
125	0.005546852487609637
126	0.002503823749912712
127	0.001167509979296634
128	5.08907342534474e-05
129	0.00025384832083937524
130	1.9215312752222572e-05
131	6.0839707090035407e-05
132	0.004141419638950831
133	0.022771096439116408
134	0.02390746372968351
135	0.013992274382953227
136	0.0364610959014174
137	0.19724888986614708
138	0.24757827243666636
139	0.9371316004437271
140	0.176061982325188
141	0.21742711012397725
142	0.22460188780169194
143	0.9680555771461301
144	0.3837590186752749
145	0.3210038175868511
146	0.25162997965624534
147	0.3008228213237163
148	0.27290510147824404
149	0.8501615448993927
150	0.783884695041549
151	0.746625162324361
152	0.746625162324361
153	0.6347520014624387
154	0.6556978921951104
155	0.699686033300586
156	0.7588439508744649
157	0.08077418408895644
158	0.08343961441457963
159	0.16233655139003125
160	0.9838981538483049
161	0.20047693868989175
162	0.040191002946470614
163	0.017279708787602804
164	0.0019000115066770803
165	0.020657835589543778
166	0.028581295041563655
167	0.07209806342155671
168	0.07947357060372962
169	0.14027091400017713
170	0.8501615448993927
171	0.8097517472627709
172	0.8640747434825012
173	0.9371316004437271
174	0.9371316004437271
175	0.061295000982725924
176	0.005283200023099393
177	0.01567607357528453
178	0.017562497419084194
179	0.06331764666180247
180	0.20047693868989175
181	0.3262571601860513
182	0.8640747434825012
183	0.8501615448993927
184	0.8230036250150272
185	0.22098538275893193
186	0.2557479945175646
187	0.37757978999725084
188	0.5758441417787755
189	0.6245313223904188
190	0.9371316004437271
191	0.9524680951766461
192	0.9680555771461301
193	0.9838981538483049
194	0.9838981538483049
195	0.9838981538483049
196	0.9838981538483049
197	0.9524680951766461
198	0.9680555771461301
199	0.9680555771461301
200	0.9838981538483049
