1	0.9680555771461302
2	0.9680555771461302
3	0.6451399456130031
4	0.4739218161276064
5	0.4587826572335522
6	0.46629079995640094
7	0.5758441417787756
8	0.9524680951766463
9	0.9524680951766463
10	0.6884197964379
11	0.30574589468137975
12	0.25574799451756464
13	0.2599334021689725
14	0.548473172838661
15	0.7227746524257325
16	0.6144752151203824
17	0.7466251623243612
18	0.8230036250150273
19	0.042887256098759034
20	0.006316048424505909
21	0.0038810552143590756
22	0.00010738213038866319
23	0.0010764932965619026
24	0.002945115272426226
25	0.0045650797047264175
26	0.006850065475449525
27	0.02133951404984792
28	0.09656527406216013
29	0.9524680951766463
30	0.9838981538483049
31	1.0
32	0.9838981538483049
33	0.9838981538483049
34	0.06540703669975813
35	0.020995908477665633
36	0.0037570771454723726
37	0.00039991732244170497
38	0.0017805608241138406
39	0.0009925720876842845
40	0.007076107650393088
41	0.007799981223697564
42	0.009174704819918202
43	0.014221262971401333
44	0.7111366461700386
45	0.6996860333005861
46	0.5758441417787756
47	0.5396417421912962
48	0.7111366461700386
49	0.32100381758685115
50	0.5948461590153626
51	0.48956054519590886
52	0.3370231708678045
53	0.6556978921951012
54	0.5139915422627507
55	0.5224031981891458
56	0.5309525138815068
57	0.7838846950415491
58	0.42301690250931445
59	0.3008228213237163
60	0.08480513362914895
61	0.16233655139003125
62	0.30574589468137975
63	0.49757237909340374
64	0.49757237909340374
65	0.585268037678979
66	0.24757827243666988
67	0.37757978999725095
68	0.2641873055176448
69	0.25574799451756464
70	0.11175569566235759
71	0.6884197964379
72	0.8501615448993928
73	0.8230036250150273
74	0.23581040555487975
75	0.6556978921951012
76	0.8501615448993928
77	0.9071954723294289
78	0.27737129133826594
79	0.03472803056127655
80	0.06979493239667438
81	0.7466251623243612
82	0.3158350635019653
83	0.31074953590015464
84	0.9838981538483049
85	0.9680555771461302
86	0.758843950874465
87	0.758843950874465
88	0.10138426111191785
89	0.3370231708678045
90	0.9071954723294289
91	0.32100381758685115
92	0.060308038307034934
93	0.07819389939674361
94	0.9680555771461302
95	0.9220420515895036
96	0.9838981538483049
97	0.21742711012397725
98	0.7712627042813325
99	0.7838846950415491
100	0.3425386759286026
101	0.46629079995640094
102	0.41620554942555466
103	0.481677716615238
104	0.5139915422627507
105	0.2959790185358471
106	0.3370231708678045
107	0.21742711012397725
108	0.11733274450692356
109	0.5665719880005069
110	0.758843950874465
111	0.7838846950415491
112	0.37757978999725095
113	0.0794735706037285
114	0.04804821315291557
115	0.038907124553427985
116	0.04883453939311235
117	0.00463978887130851
118	0.0006300371192533597
119	0.038907124553427985
120	0.9371316004437271
121	0.8501615448993928
122	0.9524680951766463
123	0.9524680951766463
124	0.9524680951766463
125	0.8925879504044915
126	0.9680555771461302
127	0.038907124553427985
128	0.0011120160060803907
129	0.0007174059456835026
130	0.020325206299054217
131	0.2516299796562454
132	0.2685108255202325
133	0.2912132099152574
134	0.35384195289533016
135	0.3425386759286026
136	0.2516299796562454
137	0.17606198232518552
138	0.098145599404233
139	0.8782156365502214
140	0.01672771846329989
141	0.020657835589543486
142	0.03705779481220407
143	0.0744771944128507
144	0.14256649781436606
145	0.019047393108381605
146	0.03472803056127655
147	0.7967132492072908
148	0.5574491330158785
149	0.5224031981891458
150	0.004871332588256346
151	0.0047928951403666395
152	0.0069621692536537255
153	0.005457537922228078
154	0.005114431247540004
155	0.006015834611932686
156	0.006419412822152426
157	0.0056376287178852465
158	0.009026975134420794
159	0.0330773411179359
160	1.0
161	1.0
162	1.0
163	1.0
164	0.02390746372968351
165	0.014930959938100216
166	0.014453999040223557
167	0.006850065475449525
168	0.005546852487609637
169	0.004491573493650752
170	0.00463978887130851
171	0.0023086307871880737
172	0.0013080055346563221
173	0.003246395470718055
174	0.9838981538483049
175	0.5309525138815068
176	0.3715000583087311
177	0.9838981538483049
178	0.025928821455018472
179	0.030997821620274372
180	0.16499324727369863
181	0.7346031188276299
182	0.9838981538483049
183	0.32100381758685115
184	0.011147830387442607
185	0.011515692539375738
186	0.004871332588256346
187	0.9371316004437271
188	0.11544347070631693
189	0.10138426111191785
190	0.17322705937262536
191	0.7227746524257325
192	0.32100381758685115
193	0.1380122933233906
194	0.05933696755250536
195	0.07819389939674361
196	0.18484816784601354
197	0.7346031188276299
198	0.7712627042813325
199	0.7838846950415491
200	0.8925879504044915
