1	1.0
2	0.9838981538483189
3	0.9838981538483189
4	0.9838981538483189
5	0.9838981538483189
6	0.9838981538483189
7	0.46629079995640094
8	0.16769342093829617
9	0.09814559940423298
10	0.9680555771461301
11	0.07327797408660716
12	0.0009925720876842986
13	0.002851035264810493
14	1.0
15	0.9220420515895166
16	0.9071954723294418
17	0.08077418408895759
18	0.03828064801966439
19	0.032544734860148215
20	0.024696375181437153
21	8.417520853263029e-05
22	9.430466599340139e-05
23	0.0001664478089116465
24	0.008323250672588899
25	1.0
26	1.0
27	0.013545299253376993
28	0.0033535217887888133
29	0.030498699465507893
30	1.0
31	1.0
32	1.0
33	1.0
34	1.0
35	1.0
36	1.0
37	0.030498699465507893
38	0.0014654080128054456
39	0.012693727967806583
40	1.0
41	1.0
42	0.008738613623635485
43	0.0005019589204015528
44	4.542445618186491e-05
45	0.00013261117466143308
46	0.001962709116638128
47	0.009026975134420792
48	0.013112602486344908
49	0.05651656845829405
50	0.9220420515895166
51	1.0
52	0.034728030561276546
53	0.032544734860148215
54	0.07819389939674361
55	0.9371316004437403
56	0.12318811002814868
57	0.1472709844146121
58	0.10472979393476874
59	0.11175569566235759
60	0.019997932954225667
61	0.009632558682416041
62	0.08343961441457963
63	1.0
64	0.1357900406092586
65	0.025928821455018475
66	0.023907463729683505
67	0.027222771645920248
68	0.03766425891466509
69	0.05651656845829405
70	0.2516299796562454
71	0.9838981538483189
72	0.7967132492072909
73	0.9071954723294418
74	0.9680555771461301
75	0.9838981538483189
76	0.21048152657828498
77	0.11733274450692356
78	0.029524436113288616
79	0.02551131956105572
80	0.026784434765055293
81	0.0330773411179359
82	1.0
83	0.14256649781436606
84	0.16233655139003356
85	0.05383022830539263
86	0.06540703669975813
87	0.10818572446379238
88	0.27737129133826594
89	0.2516299796562454
90	0.3008228213237163
91	0.3900393726467363
92	0.9838981538483189
93	0.9838981538483189
94	0.8782156365502338
95	0.8640747434825014
96	0.9838981538483189
97	0.9680555771461301
98	0.9838981538483189
99	0.9838981538483189
100	0.9680555771461301
101	0.9680555771461301
102	0.45139540946972445
103	0.305745894681384
104	0.27737129133826594
105	0.3538419528953301
106	0.9071954723294418
107	0.8501615448993928
108	0.8230036250150389
109	0.8097517472627709
110	0.1380122933233906
111	0.10472979393476874
112	0.1909478879208065
113	0.1272531380804732
114	0.1909478879208065
115	0.008323250672588899
116	0.005729890533725346
117	0.005546852487609637
118	0.008057369233584962
119	0.04219669209918966
120	0.12120455403276079
121	0.8925879504044915
122	0.2685108255202325
123	0.05560654736795764
124	0.020995908477665633
125	0.017562497419084194
126	0.025928821455018475
127	0.023907463729683505
128	0.1357900406092586
129	1.0
130	0.07819389939674361
131	0.006962169253653824
132	0.01700147357515921
133	0.10995622264422822
134	0.5396417421912961
135	0.8230036250150389
136	0.9524680951766463
137	0.11544347070631858
138	0.010968329737619124
139	0.04288725609875964
140	0.04883453939311235
141	0.9680555771461301
142	0.9680555771461301
143	0.008881624169591424
144	0.04502749889045438
145	0.15213071221465752
146	1.0
147	0.2685108255202325
148	0.28191057199709557
149	0.9680555771461301
150	0.006962169253653824
151	0.004792895140366606
152	0.03361866366814501
153	0.010113261253784643
154	0.02204368690561934
155	0.9371316004437403
156	0.9071954723294418
157	0.8097517472627709
158	0.9371316004437403
159	0.9838981538483189
160	0.5852680376789788
161	0.46629079995640094
162	0.6045810297425014
163	0.8097517472627709
164	0.8501615448993928
165	0.5057153295259778
166	0.5057153295259778
167	0.6045810297425014
168	0.3210038175868511
169	0.45878265723355866
170	0.5948461590153626
171	0.9071954723294418
172	0.7346031188276402
173	0.4299397258291108
174	0.5396417421912961
175	0.38375901867527495
176	0.5057153295259778
177	0.5948461590153626
178	0.9838981538483189
179	0.9680555771461301
180	0.005457537922228077
181	0.0022714575694317528
182	0.02551131956105572
183	0.024696375181437153
184	0.030007614098887924
185	0.9838981538483189
186	0.3210038175868511
187	0.2865241396118646
188	1.0
189	0.14027091400017713
190	0.03202070454638286
191	0.026784434765055293
192	0.9838981538483189
193	1.0
194	0.07327797408660716
195	0.045764390058400266
196	0.03202070454638286
197	0.1357900406092586
198	1.0
199	0.8230036250150389
200	0.8925879504044915
