1	1.0
2	0.8501615448993927
3	0.9071954723294289
4	0.305745894681384
5	0.23201342268367284
6	0.13360357026643588
7	0.17322705937262783
8	0.8925879504044913
9	0.3210038175868511
10	0.27737129133826594
11	0.48167771661523795
12	0.42301690250931445
13	0.6773349667878852
14	0.7712627042813435
15	0.8925879504044913
16	0.8230036250150389
17	0.8364723744993471
18	0.9220420515895166
19	0.8501615448993927
20	0.8640747434825136
21	0.9838981538483189
22	0.45139540946972445
23	0.40291010336057753
24	0.16233655139003353
25	0.07327797408660612
26	0.06030803830703578
27	0.05383022830539263
28	0.05211065273008481
29	0.06030803830703578
30	0.07093715149650866
31	0.016458371314135432
32	0.8640747434825136
33	0.9220420515895166
34	0.8640747434825136
35	0.8640747434825136
36	0.3008228213237163
37	0.28191057199709163
38	0.25574799451756824
39	0.25162997965624534
40	0.758843950874465
41	0.04883453939311235
42	0.03049869946550789
43	0.025928821455018472
44	0.025928821455018472
45	0.025928821455018472
46	0.020995908477665633
47	0.07209806342155774
48	0.3008228213237163
49	0.7712627042813435
50	0.6773349667878852
51	0.699686033300586
52	0.38375901867528034
53	0.40291010336057753
54	0.9071954723294289
55	0.9071954723294289
56	0.9371316004437271
57	0.9524680951766462
58	0.9680555771461301
59	0.21742711012398033
60	0.08480513362914895
61	0.0675653735631387
62	0.05560654736795764
63	0.03646109590141792
64	0.017001473575159215
65	0.008597905811488721
66	1.0
67	0.03828064801966439
68	0.0015637163575655455
69	0.002759960588740092
70	0.003520875718327174
71	0.1314523061326904
72	1.0
73	1.0
74	1.0
75	0.12520412762878277
76	0.001994829555235368
77	0.0008168904262529112
78	0.0006099109471022963
79	0.042196692099189664
80	1.0
81	0.016458371314135432
82	0.006850065475449526
83	0.008057369233584962
84	0.008597905811488721
85	0.011147830387442607
86	0.025511319561055356
87	0.1099562226442282
88	0.8925879504044913
89	0.41620554942555466
90	0.4095038717012285
91	0.02858129504156366
92	0.007927630713798602
93	0.02133951404984792
94	0.023522509426831248
95	0.29121320991525734
96	0.29121320991525734
97	0.29121320991525734
98	0.3008228213237163
99	1.0
100	0.27737129133826594
101	0.0006198923584893025
102	0.0027155201279554955
103	0.010113261253784644
104	0.6347520014624387
105	0.614475215120391
106	0.49757237909340374
107	0.7967132492072908
108	0.9680555771461301
109	0.758843950874465
110	0.6884197964379097
111	0.16769342093829617
112	0.13579004060925667
113	0.1972488898661471
114	0.27737129133826594
115	0.6884197964379097
116	0.6884197964379097
117	0.6884197964379097
118	0.699686033300586
119	0.3107495359001546
120	0.09656527406216149
121	0.11733274450692356
122	0.49757237909340374
123	0.10818572446379239
124	0.11925293695084045
125	0.06129500098272592
126	0.08209608258032047
127	0.0950103948756163
128	0.09814559940423158
129	0.08209608258032047
130	0.10644373457266673
131	0.0062143483844879464
132	0.007076107650393189
133	0.23966952741252226
134	0.1472709844146121
135	0.052963462250908575
136	0.09348055211451999
137	0.15213071221465752
138	0.1314523061326904
139	0.758843950874465
140	0.9524680951766462
141	1.0
142	0.8230036250150389
143	0.9071954723294289
144	0.8925879504044913
145	0.06867110513305613
146	0.017562497419084194
147	0.02390746372968351
148	0.0376642589146651
149	0.1099562226442282
150	0.21392613224755636
151	1.0
152	0.8925879504044913
153	0.16769342093829617
154	0.06030803830703578
155	0.03954385360034534
156	0.03361866366814549
157	0.0016153167178432327
158	8.837588257170737e-05
159	0.0010421053394971728
160	0.02390746372968351
161	1.0
162	1.0
163	1.0
164	1.0
165	1.0
166	1.0
167	0.024298717947761454
168	0.0011487109132294472
169	8.695286770701993e-05
170	0.0016153167178432327
171	0.004348092770690338
172	0.008881624169591297
173	0.029049038185277303
174	0.1472709844146121
175	1.0
176	0.16233655139003353
177	0.03361866366814549
178	0.009790198959862089
179	0.0042091954566156106
180	0.004074735137074894
181	0.06540703669975813
182	1.0
183	0.9680555771461301
184	0.9680555771461301
185	0.9071954723294289
186	0.9680555771461301
187	0.9680555771461301
188	0.8501615448993927
189	0.24757827243666988
190	0.3538419528953301
191	0.8782156365502338
192	0.8925879504044913
193	0.8364723744993471
194	0.8782156365502338
195	0.783884695041549
196	0.7346031188276403
197	0.22827757824649536
198	0.3655182215245033
199	0.9838981538483189
200	1.0
