1	0.5852680376789788
2	0.11544347070631858
3	0.09814559940423159
4	0.09814559940423159
5	0.22098538275893195
6	0.4095038717012285
7	0.17322705937262783
8	0.22827757824649536
9	0.3900393726467308
10	0.37757978999724556
11	0.1521307122146575
12	0.4095038717012285
13	0.41620554942555466
14	0.4513954094697245
15	0.26418730551764474
16	0.27737129133826594
17	0.46629079995640094
18	0.5224031981891384
19	0.4895605451959158
20	0.6556978921951104
21	0.7967132492072908
22	0.9071954723294289
23	0.6664286233595221
24	0.7227746524257325
25	0.6884197964379097
26	0.5484731728386688
27	0.3655182215245033
28	0.49757237909340374
29	0.3425386759286075
30	0.5057153295259705
31	0.5852680376789788
32	0.5057153295259705
33	0.25993340216897615
34	0.41620554942555466
35	0.3425386759286075
36	0.758843950874465
37	0.46629079995640094
38	0.6556978921951104
39	0.7111366461700385
40	0.7967132492072908
41	0.699686033300586
42	0.7967132492072908
43	0.12933568132305998
44	0.01814203423202126
45	0.04019100294647119
46	0.0512715750169613
47	0.07209806342155774
48	0.9220420515895167
49	0.005637628717885326
50	0.016727718463300126
51	0.026784434765055293
52	0.027668282067044733
53	0.9371316004437271
54	0.9680555771461301
55	1.0
56	0.9838981538483188
57	0.9838981538483188
58	0.07819389939674361
59	0.03202070454638286
60	0.008189230970776997
61	0.013992274382953227
62	0.1272531380804732
63	0.030997821620274372
64	0.011330268629776647
65	0.05296346225090857
66	0.17894329980857737
67	0.7346031188276403
68	0.5484731728386688
69	0.7227746524257325
70	0.47392181612760637
71	0.5484731728386688
72	0.5057153295259705
73	0.5484731728386688
74	0.4895605451959158
75	0.5574491330158785
76	0.3837590186752804
77	0.6347520014624387
78	0.6347520014624387
79	0.7346031188276403
80	0.8364723744993471
81	0.7712627042813435
82	0.6773349667878852
83	0.8501615448993928
84	0.7346031188276403
85	0.5057153295259705
86	0.3538419528953301
87	0.4029101033605775
88	0.9071954723294289
89	0.7712627042813435
90	0.44412711003286787
91	0.513991542262758
92	0.22098538275893195
93	0.19094788792080922
94	0.1272531380804732
95	0.19724888986614708
96	0.5396417421912961
97	0.3210038175868511
98	0.3596327033558797
99	0.5852680376789788
100	0.21742711012397725
101	0.37757978999724556
102	0.26418730551764474
103	0.06331764666180247
104	0.18787327440651988
105	0.4369758436353279
106	0.23201342268367284
107	0.8640747434825012
108	0.08077418408895759
109	0.5758441417787837
110	0.042196692099189664
111	0.05211065273008481
112	0.45878265723355866
113	0.5309525138815067
114	0.9680555771461301
115	0.7838846950415491
116	0.7967132492072908
117	0.9071954723294289
118	0.015932618141390686
119	0.025511319561055356
120	0.034728030561276546
121	0.02168874285044923
122	0.3655182215245033
123	0.11358461770178932
124	0.7466251623243612
125	0.9071954723294289
126	0.09197534264619778
127	0.020325206299054217
128	0.02204368690561934
129	0.05044600800408453
130	0.04883453939311236
131	0.05383022830539263
132	0.1760619823251855
133	0.7346031188276403
134	0.9680555771461301
135	0.14489964968096344
136	0.0769348332586572
137	0.02204368690561934
138	0.018438935128663576
139	0.02635315591720863
140	0.14027091400017713
141	0.19724888986614708
142	0.011330268629776647
143	0.0036965812672960312
144	0.0051981307491388885
145	0.9838981538483188
146	0.0019311058764015325
147	0.000650827425746295
148	0.002198897168339217
149	0.12318811002814868
150	0.9838981538483188
151	0.9838981538483188
152	1.0
153	0.1380122933233906
154	0.01700147357515921
155	0.004871332588256346
156	0.003299523896879449
157	0.9838981538483188
158	0.008189230970776997
159	0.022771096439116737
160	0.030007614098887924
161	0.21392613224755633
162	1.0
163	0.1521307122146575
164	0.02390746372968351
165	0.0004198747700494156
166	0.00037477516042497033
167	0.029524436113288616
168	0.021339514049847925
169	0.25993340216897615
170	0.06867110513305613
171	0.034728030561276546
172	0.030997821620274372
173	0.06030803830703579
174	0.06540703669975813
175	0.05560654736795764
176	0.23581040555487975
177	0.3210038175868511
178	0.3425386759286075
179	0.41620554942555466
180	0.7712627042813435
181	0.05383022830539263
182	0.017849913987938726
183	0.513991542262758
184	0.4895605451959158
185	0.9371316004437271
186	0.4369758436353279
187	0.37757978999724556
188	0.03828064801966439
189	0.013766972933527003
190	0.11925293695084047
191	0.6664286233595221
192	0.47392181612760637
193	0.47392181612760637
194	0.12318811002814868
195	0.15715080394779135
196	0.39642250686330754
197	0.823003625015039
198	0.7838846950415491
199	0.8097517472627593
200	0.8640747434825012
