1	1.0
2	0.9524680951766598
3	0.9071954723294546
4	0.9524680951766598
5	0.31583506350196977
6	0.27737129133826793
7	0.06540703669975811
8	0.04804821315291659
9	0.746625162324361
10	0.24359180518339907
11	0.2516299796562454
12	0.29597901853584924
13	0.28652413961187073
14	0.15213071221465965
15	0.16233655139003356
16	0.07947357060373075
17	0.14027091400017813
18	0.45878265723356193
19	0.40950387170123137
20	0.40950387170123137
21	0.6664286233595221
22	0.3210038175868579
23	0.5852680376789872
24	0.6045810297425099
25	0.9371316004437403
26	0.4975723790934073
27	0.5057153295259849
28	0.4816777166152448
29	0.03828064801966493
30	0.045764390058400266
31	0.164993247273701
32	0.7111366461700486
33	0.3964225068633104
34	0.40950387170123137
35	0.5852680376789872
36	0.6773349667879045
37	0.6773349667879045
38	0.5309525138815105
39	0.6451399456130124
40	0.2599334021689762
41	0.2516299796562454
42	0.7346031188276507
43	0.20047693868989602
44	0.055606547367958045
45	0.01756249741908457
46	0.03828064801966493
47	0.045764390058400266
48	1.0
49	0.9838981538483328
50	0.9838981538483328
51	1.0
52	0.9838981538483328
53	1.0
54	0.9838981538483328
55	1.0
56	0.07209806342155825
57	0.02099590847766608
58	0.01493095993810064
59	0.020325206299054363
60	0.09348055211452064
61	0.8782156365502464
62	0.45878265723356193
63	0.3057458946813862
64	0.3900393726467364
65	0.699686033300596
66	0.6451399456130124
67	0.5852680376789872
68	0.4162055494255576
69	0.19094788792081055
70	0.23201342268367445
71	0.2396695274125274
72	0.9220420515895166
73	0.6245313223904277
74	0.28191057199709557
75	0.36551822152450847
76	0.5852680376789872
77	0.6884197964379097
78	0.5758441417787878
79	0.5484731728386727
80	0.5948461590153711
81	0.3425386759286099
82	0.13801229332339157
83	0.2729051014782479
84	0.19094788792081055
85	0.17894329980858117
86	0.3425386759286099
87	0.33702317086780925
88	0.3425386759286099
89	0.210481526578285
90	0.0395438536003459
91	0.03202070454638331
92	0.057441482370143404
93	0.07327797408660716
94	0.19094788792081055
95	0.9071954723294546
96	0.9220420515895166
97	0.9680555771461439
98	0.9838981538483328
99	0.4739218161276131
100	0.19094788792081055
101	0.17322705937262903
102	0.18787327440651988
103	0.6664286233595221
104	0.1972488898661499
105	0.164993247273701
106	0.1252041276287837
107	0.1972488898661499
108	0.2475782724366716
109	0.5948461590153711
110	0.6045810297425099
111	0.6045810297425099
112	0.9680555771461439
113	0.7712627042813435
114	0.5948461590153711
115	0.7346031188276507
116	0.9838981538483328
117	1.0
118	0.5484731728386727
119	0.3964225068633104
120	0.3538419528953351
121	0.5057153295259849
122	0.06435386265758171
123	0.1972488898661499
124	0.6556978921951198
125	1.0
126	1.0
127	0.48956054519592274
128	0.4299397258291199
129	0.43697584363533404
130	0.43697584363533404
131	0.07447719441285122
132	0.5665719880005149
133	0.07447719441285122
134	0.014453999040223762
135	0.022404439747549142
136	0.09501039487561899
137	0.9220420515895166
138	0.9524680951766598
139	0.9838981538483328
140	0.4739218161276131
141	0.23581040555488308
142	0.3315964756209417
143	0.3425386759286099
144	0.34814444420780405
145	0.3107495359001568
146	0.6245313223904277
147	0.4739218161276131
148	0.01756249741908457
149	0.026353155917209006
150	0.03472803056127679
151	0.021339514049848223
152	0.34814444420780405
153	0.055606547367958045
154	0.35963270335588476
155	0.5484731728386727
156	0.6144752151203997
157	0.6664286233595221
158	0.6773349667879045
159	0.6884197964379097
160	0.6664286233595221
161	0.0488345393931127
162	0.0014654080128054664
163	0.0006508274257463042
164	0.00011458596672849341
165	4.1883258770264526e-05
166	0.0028976934794106937
167	0.019047393108381872
168	0.19407281858793665
169	0.7838846950415601
170	0.0547111792972134
171	0.08480513362915015
172	0.09656527406216217
173	0.05127157501696203
174	0.9371316004437403
175	0.5484731728386727
176	0.23201342268367445
177	0.48956054519592274
178	0.6245313223904277
179	0.5484731728386727
180	0.6664286233595221
181	0.7712627042813435
182	0.6884197964379097
183	0.4162055494255576
184	0.6451399456130124
185	0.8640747434825136
186	0.9071954723294546
187	0.9524680951766598
188	0.5224031981891458
189	0.43697584363533404
190	0.699686033300596
191	0.9838981538483328
192	0.9071954723294546
193	0.9680555771461439
194	0.6773349667879045
195	0.45878265723356193
196	0.17322705937262903
197	0.17894329980858117
198	0.6664286233595221
199	0.8501615448994048
200	0.9071954723294546
