1	0.9524680951766462
2	0.9838981538483189
3	0.5665719880005149
4	0.34814444420780405
5	0.3370231708678045
6	0.8501615448994049
7	0.6664286233595221
8	0.7346031188276507
9	0.7346031188276507
10	0.5948461590153626
11	0.7712627042813325
12	0.2912132099152615
13	0.28652413961186873
14	0.5665719880005149
15	0.6245313223904277
16	0.677334966787895
17	0.7227746524257325
18	0.7838846950415602
19	0.35963270335587966
20	0.2139261322475594
21	0.02032520629905422
22	0.019047393108381876
23	0.02858129504156406
24	0.023522509426831248
25	0.8501615448994049
26	0.7111366461700487
27	0.8640747434825014
28	0.6664286233595221
29	0.5396417421912961
30	0.11544347070631857
31	0.09348055211451999
32	0.08077418408895644
33	0.5396417421912961
34	0.5484731728386688
35	0.23201342268367284
36	0.3262571601860559
37	0.5852680376789872
38	0.9220420515895036
39	0.9071954723294418
40	0.9371316004437404
41	0.9371316004437404
42	0.9220420515895036
43	0.8782156365502465
44	0.3964225068633132
45	0.2729051014782441
46	0.2912132099152615
47	0.35963270335587966
48	0.17894329980857993
49	0.10644373457266824
50	0.05127157501696203
51	0.5057153295259778
52	0.6245313223904277
53	0.9838981538483189
54	0.9371316004437404
55	0.9371316004437404
56	0.9524680951766462
57	0.9220420515895036
58	0.5396417421912961
59	0.481677716615238
60	0.809751747262771
61	0.5852680376789872
62	0.5758441417787756
63	0.9680555771461302
64	0.49757237909340374
65	0.31583506350196977
66	0.40291010336057753
67	0.2435918051833956
68	0.026784434765055293
69	0.5057153295259778
70	0.7712627042813325
71	0.7712627042813325
72	0.7712627042813325
73	0.7111366461700487
74	0.809751747262771
75	0.48956054519592274
76	0.47392181612761314
77	0.01727970878760305
78	0.08903724340857933
79	0.5309525138815143
80	0.5309525138815143
81	0.5948461590153626
82	0.9838981538483189
83	0.5484731728386688
84	0.11358461770178933
85	0.1336035702664378
86	0.5057153295259778
87	0.9371316004437404
88	0.8501615448994049
89	0.8925879504044913
90	0.9071954723294418
91	0.9220420515895036
92	0.9371316004437404
93	0.42301690250932045
94	0.41620554942555466
95	0.4441271100328678
96	0.9680555771461302
97	0.6045810297425014
98	0.5224031981891458
99	0.33159647562093936
100	0.2912132099152615
101	0.40950387170122843
102	0.513991542262758
103	0.3262571601860559
104	0.25993340216897615
105	0.07947357060372963
106	0.3655182215245033
107	0.677334966787895
108	0.9220420515895036
109	0.34253867592860743
110	0.0612950009827268
111	0.03828064801966494
112	0.008057369233585078
113	0.035296367236227526
114	0.04019100294647119
115	0.10818572446379085
116	0.5057153295259778
117	0.5309525138815143
118	0.49757237909340374
119	0.5057153295259778
120	0.9680555771461302
121	0.9680555771461302
122	0.5396417421912961
123	0.06756537356313774
124	0.04151724745489924
125	0.06229811565656762
126	0.5665719880005149
127	0.5852680376789872
128	0.699686033300596
129	0.8364723744993591
130	0.9524680951766462
131	0.9680555771461302
132	0.9680555771461302
133	0.9838981538483189
134	0.43697584363533404
135	0.35963270335587966
136	0.46629079995640094
137	0.5396417421912961
138	0.9838981538483189
139	0.9680555771461302
140	0.8925879504044913
141	0.8782156365502465
142	0.7712627042813325
143	0.7111366461700487
144	0.481677716615238
145	0.5574491330158785
146	0.9680555771461302
147	0.40291010336057753
148	0.2037578156903402
149	0.05127157501696203
150	0.00024178242661366994
151	6.816102218550548e-05
152	4.469303857690074e-05
153	3.8618125843789594e-05
154	3.738449210201162e-05
155	5.986007548655917e-05
156	0.0005533084497353728
157	0.06229811565656762
158	1.0
159	0.9524680951766462
160	0.9838981538483189
161	1.0
162	1.0
163	1.0
164	0.9680555771461302
165	0.9838981538483189
166	0.05838153282986846
167	0.0001415075263694463
168	6.183537071603809e-05
169	3.6190266078127803e-05
170	3.678253276172629e-05
171	7.156252532833052e-05
172	2.4914095606538534e-05
173	0.00025800263964974307
174	0.015175310452307482
175	0.045027498890454376
176	0.10818572446379085
177	0.513991542262758
178	0.4441271100328678
179	0.4299397258291107
180	0.23201342268367284
181	0.20709238541955047
182	0.2516299796562454
183	0.15715080394779135
184	0.18187177108593688
185	0.17606198232518802
186	0.5484731728386688
187	0.7967132492072908
188	0.513991542262758
189	0.46629079995640094
190	0.22827757824649536
191	0.28652413961186873
192	0.2516299796562454
193	0.35963270335587966
194	0.5574491330158785
195	0.18484816784601618
196	0.23201342268367284
197	0.026784434765055293
198	0.029049038185277303
199	0.0330773411179359
200	0.3837590186752804
