1	1.0
2	1.0
3	0.9371316004437404
4	0.9371316004437404
5	0.952468095176653
6	1.0
7	0.4369758436353341
8	0.4162055494255546
9	0.3538419528953326
10	0.9680555771461438
11	0.2819105719970956
12	0.3315964756209417
13	0.16769342093829617
14	0.1649932472736998
15	0.8364723744993591
16	0.8925879504044915
17	0.9220420515895167
18	0.9371316004437404
19	1.0
20	1.0
21	1.0
22	0.952468095176653
23	0.6451399456130124
24	0.5057153295259778
25	0.48167771661524483
26	0.47392181612760975
27	0.566571988000511
28	0.7712627042813435
29	0.8501615448993988
30	0.49757237909340724
31	0.444127110032871
32	0.5574491330158785
33	0.8501615448993988
34	1.0
35	1.0
36	1.0
37	0.699686033300596
38	0.6884197964379146
39	0.7588439508744704
40	0.8364723744993591
41	0.8230036250150448
42	0.6556978921951152
43	0.7346031188276454
44	0.9680555771461438
45	1.0
46	0.952468095176653
47	0.18787327440651988
48	0.1546203858800121
49	0.8501615448993988
50	0.8097517472627768
51	0.7346031188276454
52	0.699686033300596
53	0.6884197964379146
54	0.9680555771461438
55	0.8097517472627768
56	0.8925879504044915
57	0.12933568132306092
58	0.17606198232518802
59	0.8640747434825136
60	0.8925879504044915
61	0.952468095176653
62	0.9838981538483258
63	0.6451399456130124
64	0.6245313223904277
65	0.6045810297425099
66	0.5758441417787837
67	0.466290799956401
68	0.7111366461700436
69	0.7712627042813435
70	0.8097517472627768
71	0.9371316004437404
72	0.9680555771461438
73	0.87821563655024
74	0.952468095176653
75	0.30082282132372057
76	0.21742711012398033
77	0.21048152657828498
78	0.2773712913382679
79	0.5758441417787837
80	0.9680555771461438
81	0.9680555771461438
82	0.6664286233595221
83	0.3158350635019698
84	0.6451399456130124
85	0.12933568132306092
86	0.0781938993967436
87	0.07327797408660716
88	0.15972263321475788
89	0.3837590186752831
90	0.23581040555488308
91	0.4369758436353341
92	0.699686033300596
93	0.952468095176653
94	0.9838981538483258
95	0.6045810297425099
96	0.3315964756209417
97	0.34253867592860987
98	0.49757237909340724
99	0.5057153295259778
100	0.2773712913382679
101	0.23581040555488308
102	0.6884197964379146
103	0.6347520014624433
104	0.6045810297425099
105	0.9680555771461438
106	0.49757237909340724
107	0.48167771661524483
108	0.2912132099152615
109	0.7227746524257427
110	0.6245313223904277
111	0.6347520014624433
112	0.7466251623243612
113	0.8925879504044915
114	0.9838981538483258
115	0.9838981538483258
116	0.7346031188276454
117	0.6556978921951152
118	0.6144752151203955
119	0.17043778391330283
120	0.12520412762878366
121	0.14027091400017713
122	0.5758441417787837
123	0.952468095176653
124	0.1472709844146142
125	0.06540703669975813
126	0.5484731728386727
127	0.20047693868989458
128	0.1425664978143691
129	0.4230169025093204
130	0.4162055494255546
131	0.9371316004437404
132	1.0
133	1.0
134	1.0
135	1.0
136	0.48956054519591924
137	0.08480513362915014
138	0.05044600800408453
139	0.7838846950415546
140	0.3538419528953326
141	0.3900393726467363
142	0.8364723744993591
143	0.24359180518339904
144	0.17894329980858117
145	0.016727718463300248
146	0.12318811002814956
147	0.48167771661524483
148	0.16233655139003356
149	0.5224031981891457
150	0.6556978921951152
151	0.1357900406092586
152	0.45139540946973084
153	0.006631244087325166
154	0.009632558682416177
155	0.5758441417787837
156	1.0
157	0.005729890533725346
158	0.0007058543855178104
159	0.007191910689857912
160	0.021339514049848223
161	1.0
162	1.0
163	1.0
164	1.0
165	1.0
166	0.02858129504156406
167	0.009632558682416177
168	0.002805128333603517
169	0.01079171937964315
170	0.458782657233562
171	0.45139540946973084
172	0.03202070454638309
173	0.01999793295422581
174	0.3158350635019698
175	0.2396695274125257
176	0.05044600800408453
177	0.010113261253784716
178	0.007429233258549036
179	0.08619300005539333
180	0.10995622264422977
181	0.062298115656568065
182	0.6451399456130124
183	0.21048152657828498
184	0.24757827243667163
185	0.2209853827589335
186	0.9680555771461438
187	0.9220420515895167
188	0.9220420515895167
189	0.9680555771461438
190	0.7967132492072965
191	0.06030803830703579
192	0.09348055211452064
193	0.09197534264619842
194	0.7588439508744704
195	0.458782657233562
196	0.7346031188276454
197	1.0
198	1.0
199	0.8501615448993988
200	0.8640747434825136
