1	1.0
2	1.0
3	1.0
4	0.9838981538483188
5	1.0
6	1.0
7	1.0
8	1.0
9	0.9838981538483188
10	0.9838981538483188
11	0.3370231708678044
12	0.045764390058399614
13	0.007309608887594926
14	0.008057369233584962
15	0.008189230970776996
16	0.002715520127955534
17	0.020657835589543774
18	0.12120455403275905
19	0.7111366461700486
20	0.7111366461700486
21	0.9524680951766596
22	0.9524680951766596
23	0.9838981538483188
24	0.6773349667878948
25	0.7346031188276402
26	0.6347520014624477
27	0.6045810297425014
28	0.6556978921951104
29	0.9220420515895166
30	0.07569604040982107
31	0.03954385360034535
32	0.03890712455342853
33	0.03828064801966438
34	0.9838981538483188
35	0.0025864462836876503
36	0.00018952954375246503
37	0.00023788928317815982
38	0.017849913987938722
39	0.02099590847766593
40	0.034168845156027985
41	0.07447719441285175
42	0.9524680951766596
43	0.9524680951766596
44	0.9524680951766596
45	0.9838981538483188
46	0.9838981538483188
47	0.9838981538483188
48	0.9838981538483188
49	0.9680555771461302
50	0.9680555771461302
51	0.09814559940423158
52	0.0769348332586572
53	0.041517247454899237
54	0.04358912142584555
55	0.05471117929721262
56	0.07447719441285175
57	0.27290510147824404
58	0.1472709844146121
59	0.13579004060925667
60	0.1336035702664378
61	0.1448996496809614
62	0.024298717947761454
63	0.0006403479026656424
64	0.0013080055346563406
65	0.0026717952406333624
66	0.001186616698822083
67	2.8368995688125726e-05
68	0.00180970034057848
69	1.0
70	0.0038810552143591303
71	0.0007907953330514215
72	0.0010764932965619024
73	0.12520412762878277
74	0.9371316004437271
75	0.7712627042813325
76	0.32100381758685564
77	0.07947357060372963
78	0.10304345090533383
79	0.09975178733729329
80	0.11544347070631857
81	0.9371316004437271
82	0.9524680951766596
83	0.9680555771461302
84	0.9680555771461302
85	1.0
86	0.7466251623243505
87	0.6556978921951104
88	0.6664286233595221
89	0.12318811002814868
90	0.3315964756209393
91	0.19724888986614988
92	0.1909478879208092
93	0.40950387170122843
94	0.06867110513305613
95	0.0007532073245460689
96	0.0004859241323929735
97	0.0036370594844428957
98	1.0
99	0.0012869442307717567
100	3.2831645528474856e-05
101	0.001186616698822083
102	0.0026717952406333624
103	0.0013294115143323941
104	0.0006099109471023051
105	0.16233655139003123
106	1.0
107	1.0
108	1.0
109	0.7712627042813325
110	0.04430247303072529
111	0.023522509426831248
112	0.06540703669975718
113	0.008189230970776996
114	0.11925293695084214
115	0.11733274450692356
116	0.02168874285044923
117	0.007076107650393189
118	0.019047393108381605
119	0.06331764666180245
120	1.0
121	0.9838981538483188
122	0.9838981538483188
123	0.9838981538483188
124	0.9680555771461302
125	0.05383022830539263
126	0.007799981223697674
127	0.006850065475449525
128	0.02314375359893927
129	0.12318811002814868
130	0.4739218161276131
131	0.9071954723294418
132	0.9680555771461302
133	0.9680555771461302
134	0.9680555771461302
135	0.9371316004437271
136	0.9371316004437271
137	0.9524680951766596
138	0.9680555771461302
139	0.9071954723294418
140	0.8501615448994048
141	0.9071954723294418
142	0.9071954723294418
143	0.9371316004437271
144	0.5057153295259776
145	0.006015834611932685
146	0.006419412822152334
147	0.016458371314135432
148	0.0008576564720537132
149	0.1380122933233906
150	0.23966952741252565
151	0.614475215120391
152	0.5309525138815142
153	0.614475215120391
154	1.0
155	0.9838981538483188
156	0.9838981538483188
157	0.9071954723294418
158	0.8782156365502338
159	0.5484731728386688
160	0.5948461590153626
161	0.1496811268916314
162	0.016458371314135432
163	0.015175310452307482
164	0.000803736982286617
165	0.0004553748598836633
166	0.0016153167178432556
167	0.12520412762878277
168	0.06540703669975718
169	0.04804821315291624
170	0.0622981156565685
171	0.04358912142584555
172	0.034168845156027985
173	0.0769348332586572
174	0.05560654736795843
175	0.012090370898187257
176	0.010968329737619124
177	0.017562497419084194
178	0.005198130749138961
179	0.001962709116638142
180	0.006214348384488034
181	0.9838981538483188
182	0.9838981538483188
183	0.9838981538483188
184	0.05651656845829405
185	0.0290490381852773
186	0.02812108342598899
187	0.019997932954225667
188	0.6664286233595221
189	0.614475215120391
190	0.4441271100328741
191	0.7588439508744756
192	0.9220420515895166
193	0.3370231708678044
194	0.08619300005539272
195	0.004491573493650751
196	0.0025864462836876503
197	0.0016686198147892052
198	0.00151376434101598
199	0.045027498890454376
200	0.3370231708678044
