1	1.0
2	0.9838981538483189
3	0.4895605451959227
4	0.027668282067045125
5	0.005198130749138962
6	0.0018393167356806088
7	0.0007907953330514271
8	0.0005809207180139168
9	0.01248933551297758
10	0.9680555771461301
11	0.9680555771461301
12	0.9680555771461301
13	1.0
14	0.024696375181437153
15	0.02510054021835705
16	0.011330268629776728
17	0.009174704819918202
18	0.013112602486345002
19	0.007550815325235684
20	0.4441271100328678
21	0.9071954723294418
22	0.8782156365502464
23	0.8925879504044915
24	0.9220420515895036
25	0.9220420515895036
26	0.9524680951766463
27	0.9371316004437406
28	0.9524680951766463
29	0.9524680951766463
30	0.9220420515895036
31	0.6045810297425014
32	0.47392181612761314
33	0.4299397258291108
34	0.9371316004437406
35	0.4299397258291108
36	0.466290799956401
37	0.4513954094697245
38	0.4441271100328678
39	0.4299397258291108
40	0.5396417421912961
41	0.7111366461700386
42	0.42301690250932045
43	0.3900393726467363
44	0.45878265723355866
45	0.5139915422627507
46	0.8925879504044915
47	0.466290799956401
48	0.40291010336057753
49	0.4975723790934037
50	0.9220420515895036
51	0.9071954723294418
52	0.9371316004437406
53	0.6347520014624478
54	0.614475215120391
55	0.7346031188276403
56	0.15972263321475677
57	0.164993247273701
58	0.18787327440651988
59	0.2037578156903402
60	0.11925293695084216
61	0.20709238541955047
62	0.7838846950415602
63	0.7712627042813326
64	0.6245313223904277
65	0.5758441417787755
66	0.31583506350196977
67	0.2516299796562454
68	0.0997517873372933
69	0.466290799956401
70	0.35384195289533515
71	0.4895605451959227
72	0.7346031188276403
73	0.06979493239667436
74	0.027668282067045125
75	0.011515692539375738
76	0.0014893899404870396
77	0.0001805208435176105
78	0.00021934392271275
79	0.0005101736581558145
80	0.05296346225090932
81	0.9838981538483189
82	0.9838981538483189
83	0.9838981538483189
84	0.9838981538483189
85	1.0
86	0.060308038307034934
87	0.010278768401209684
88	0.010446984132459527
89	0.010446984132459527
90	0.010617952774479945
91	0.00034555845780302746
92	0.006419412822152425
93	0.02032520629905422
94	0.823003625015039
95	0.6664286233595221
96	0.5057153295259778
97	0.4975723790934037
98	0.3210038175868511
99	0.27737129133826594
100	0.2435918051833956
101	0.2516299796562454
102	0.5852680376789872
103	0.31583506350196977
104	0.3315964756209393
105	0.7712627042813326
106	0.6773349667878948
107	0.6884197964379
108	0.823003625015039
109	0.823003625015039
110	0.42301690250932045
111	0.09348055211451999
112	0.22827757824649536
113	0.2729051014782441
114	0.3964225068633132
115	0.40291010336057753
116	0.3262571601860559
117	0.3008228213237163
118	0.4441271100328678
119	0.2516299796562454
120	0.5852680376789872
121	0.6556978921951198
122	0.47392181612761314
123	0.3655182215245033
124	0.3370231708678045
125	0.2729051014782441
126	0.5139915422627507
127	0.1272531380804732
128	0.4441271100328678
129	0.7838846950415602
130	0.7838846950415602
131	0.27737129133826594
132	0.2516299796562454
133	0.2396695274125223
134	0.3008228213237163
135	0.6045810297425014
136	0.34814444420780405
137	0.40950387170122843
138	0.6245313223904277
139	0.6045810297425014
140	0.6347520014624478
141	0.4513954094697245
142	0.5852680376789872
143	0.6347520014624478
144	0.6045810297425014
145	0.47392181612761314
146	0.481677716615238
147	0.7712627042813326
148	0.7588439508744758
149	0.4513954094697245
150	0.2209853827589351
151	0.2516299796562454
152	0.3775797899972509
153	0.40291010336057753
154	0.47392181612761314
155	0.6451399456130033
156	0.31583506350196977
157	0.3900393726467363
158	0.7346031188276403
159	0.614475215120391
160	0.40950387170122843
161	0.5484731728386688
162	0.4369758436353341
163	0.40291010336057753
164	0.35384195289533515
165	0.3596327033558797
166	0.27737129133826594
167	0.29597901853585135
168	0.4975723790934037
169	0.47392181612761314
170	0.23581040555488308
171	0.5057153295259778
172	0.45878265723355866
173	0.24757827243666988
174	0.22460188780169194
175	0.18187177108593688
176	0.5057153295259778
177	0.4513954094697245
178	0.3900393726467363
179	0.47392181612761314
180	0.3837590186752804
181	0.08077418408895645
182	0.04084874312373918
183	0.013327194928720634
184	0.010113261253784716
185	0.00463978887130851
186	0.019997932954225667
187	0.5224031981891457
188	0.10644373457266823
189	0.21392613224755938
190	0.6347520014624478
191	0.5309525138815068
192	0.5948461590153626
193	0.614475215120391
194	0.7967132492072908
195	0.5574491330158785
196	0.5574491330158785
197	0.5948461590153626
198	0.6884197964379
199	0.9220420515895036
200	0.9838981538483189
