1	1.0
2	0.004639788871308575
3	0.0023086307871881067
4	0.010617952774480095
5	0.4975723790934037
6	0.7712627042813436
7	0.05044600800408453
8	0.04288725609876025
9	0.9524680951766462
10	0.15213071221465965
11	0.2819105719970956
12	0.6556978921951198
13	0.6664286233595221
14	0.823003625015039
15	0.9071954723294547
16	0.9071954723294547
17	0.9838981538483189
18	0.7111366461700385
19	0.009026975134420792
20	0.0104469841324596
21	0.513991542262758
22	0.19094788792080922
23	0.37150005830873106
24	0.0038810552143591303
25	0.0016153167178432559
26	0.0014185963995909491
27	0.00038090849033420077
28	0.0005533084497353727
29	0.0007291465512741581
30	0.10995622264422977
31	1.0
32	1.0
33	1.0
34	1.0
35	1.0
36	1.0
37	0.11358461770179094
38	0.003757077145472479
39	0.0005101736581558181
40	0.0017518905076602488
41	0.0023464123579847473
42	0.003578496112179884
43	0.01727970878760305
44	1.0
45	1.0
46	0.39642250686330754
47	0.2729051014782479
48	0.14489964968096344
49	0.1496811268916314
50	0.2641873055176485
51	0.5057153295259778
52	0.18484816784601352
53	0.16233655139003356
54	0.46629079995640094
55	1.0
56	1.0
57	1.0
58	0.3837590186752804
59	0.06647744631284418
60	0.0965652740621615
61	0.10304345090533383
62	0.008459463654885606
63	0.008189230970776996
64	0.0290490381852773
65	0.026784434765055293
66	0.0370577948122046
67	0.0744771944128507
68	0.7967132492072908
69	0.8097517472627824
70	1.0
71	0.9220420515895166
72	0.9220420515895166
73	0.7227746524257427
74	0.7346031188276403
75	0.9071954723294547
76	0.9071954723294547
77	0.1336035702664378
78	0.0290490381852773
79	0.003944570074838709
80	0.08903724340857933
81	0.08077418408895759
82	0.0026287744047199277
83	0.018438935128663837
84	0.9220420515895166
85	0.8925879504044915
86	0.013766972933527001
87	0.09975178733729187
88	0.005637628717885325
89	0.08209608258032164
90	0.0965652740621615
91	0.9524680951766462
92	0.9071954723294547
93	0.8501615448993927
94	0.9071954723294547
95	0.6451399456130124
96	0.8364723744993591
97	0.21392613224755938
98	0.1117556956623576
99	0.20709238541955044
100	0.9524680951766462
101	0.11358461770179094
102	0.3262571601860559
103	0.823003625015039
104	0.823003625015039
105	0.9524680951766462
106	0.3315964756209393
107	0.17322705937262783
108	0.8925879504044915
109	0.15715080394779135
110	0.19094788792080922
111	0.1314523061326923
112	0.8097517472627824
113	0.7346031188276403
114	0.9838981538483189
115	0.9838981538483189
116	0.11925293695084214
117	0.08077418408895759
118	0.06540703669975813
119	0.04963373414423629
120	0.05296346225091008
121	0.5224031981891458
122	0.06647744631284418
123	0.06030803830703579
124	0.05651656845829486
125	0.05933696755250705
126	0.04219669209919026
127	0.04883453939311235
128	0.7346031188276403
129	0.7346031188276403
130	0.8782156365502338
131	0.7588439508744758
132	0.48167771661524483
133	0.3655182215245085
134	0.3262571601860559
135	0.3655182215245085
136	0.7346031188276403
137	0.9071954723294547
138	0.7111366461700385
139	0.6556978921951198
140	0.8782156365502338
141	0.7712627042813436
142	0.3315964756209393
143	0.34814444420780405
144	0.4299397258291168
145	0.5758441417787837
146	0.9220420515895166
147	0.7967132492072908
148	0.9071954723294547
149	0.9838981538483189
150	0.01469054391828022
151	0.008597905811488844
152	0.010968329737619124
153	0.02858129504156406
154	0.03890712455342798
155	0.037664258914665634
156	0.2320134226836728
157	0.7111366461700385
158	0.21048152657828498
159	0.04963373414423629
160	0.02204368690561934
161	0.04430247303072529
162	0.0744771944128507
163	0.1496811268916314
164	1.0
165	0.9071954723294547
166	0.8640747434825136
167	0.9071954723294547
168	0.9680555771461439
169	0.7346031188276403
170	0.46629079995640094
171	0.30082282132372057
172	0.27737129133826594
173	0.4441271100328678
174	0.5224031981891458
175	0.8640747434825136
176	0.8925879504044915
177	0.6884197964379097
178	0.7346031188276403
179	0.4975723790934037
180	0.6884197964379097
181	0.37757978999725084
182	0.11733274450692356
183	0.2037578156903431
184	0.3425386759286075
185	0.2959790185358471
186	0.07569604040982214
187	0.008189230970776996
188	0.01469054391828022
189	0.018438935128663837
190	1.0
191	1.0
192	1.0
193	1.0
194	1.0
195	1.0
196	1.0
197	1.0
198	1.0
199	1.0
200	1.0
