1	0.9838981538483329
2	0.9838981538483329
3	0.9371316004437406
4	0.9071954723294419
5	0.21742711012398036
6	0.14489964968096344
7	0.1818717710859395
8	0.006114285902868147
9	0.0014418122384338217
10	0.7712627042813436
11	0.061295000982726805
12	0.15213071221465965
13	0.1732270593726303
14	0.23966952741252573
15	0.31074953590015464
16	0.09049436982916181
17	0.3370231708678045
18	0.22460188780169196
19	0.7111366461700487
20	0.7111366461700487
21	0.47392181612761314
22	0.13579004060925862
23	0.1425664978143701
24	0.05560654736795844
25	0.2959790185358514
26	0.2475782724366734
27	0.04084874312373918
28	0.034728030561277046
29	0.0370577948122046
30	0.9838981538483329
31	0.9838981538483329
32	0.809751747262771
33	0.5224031981891458
34	0.5574491330158785
35	0.5224031981891458
36	0.20375781569034312
37	0.2599334021689762
38	0.2004769386898946
39	0.2599334021689762
40	0.3837590186752859
41	0.8501615448994049
42	0.2557479945175719
43	0.098145599404233
44	0.210481526578285
45	0.04084874312373918
46	0.03954385360034535
47	0.03416884515602848
48	0.7838846950415602
49	0.7838846950415602
50	0.9524680951766599
51	0.9371316004437406
52	0.46629079995640105
53	0.4095038717012343
54	0.4975723790934108
55	0.9220420515895298
56	0.9524680951766599
57	0.9524680951766599
58	0.6451399456130125
59	0.5852680376789872
60	0.6144752151203998
61	0.9838981538483329
62	0.9071954723294419
63	0.11925293695084216
64	0.04358912142584617
65	0.12725313808047503
66	0.164993247273701
67	0.17043778391330408
68	0.04804821315291693
69	0.3900393726467363
70	0.09656527406216286
71	0.13801229332339257
72	0.08077418408895874
73	0.4095038717012343
74	0.47392181612761314
75	0.9371316004437406
76	0.9220420515895298
77	0.7712627042813436
78	0.009950419076984586
79	0.015175310452307699
80	0.016193361151328214
81	0.07947357060372963
82	0.809751747262771
83	0.6451399456130125
84	0.2959790185358514
85	0.47392181612761314
86	0.4975723790934108
87	0.48956054519592274
88	0.8925879504044915
89	0.6451399456130125
90	0.6347520014624478
91	0.3964225068633132
92	0.6556978921951199
93	0.7712627042813436
94	0.5852680376789872
95	0.7466251623243612
96	0.3596327033558848
97	0.5852680376789872
98	0.0997517873372933
99	0.40291010336057753
100	0.968055577146144
101	0.23581040555488308
102	0.23966952741252573
103	0.2599334021689762
104	0.31583506350196977
105	0.17894329980857993
106	0.024298717947761804
107	0.037664258914665634
108	0.023522509426831584
109	0.09656527406216286
110	0.8501615448994049
111	0.2516299796562454
112	0.17043778391330408
113	0.12520412762878458
114	0.1425664978143701
115	0.1972488898661499
116	0.9838981538483329
117	0.9838981538483329
118	0.10472979393476876
119	0.1081857244637924
120	0.0013732801563434583
121	0.005114431247540077
122	0.0675653735631387
123	0.06867110513305712
124	0.8640747434825136
125	0.8501615448994049
126	0.0020274756563298706
127	0.1314523061326923
128	0.13801229332339257
129	0.13579004060925862
130	0.13579004060925862
131	0.14027091400017713
132	0.9838981538483329
133	0.210481526578285
134	0.6245313223904277
135	0.6045810297425014
136	0.03254473486014869
137	0.06030803830703665
138	0.9838981538483329
139	0.2475782724366734
140	0.1425664978143701
141	0.13801229332339257
142	0.13579004060925862
143	0.13801229332339257
144	0.7346031188276507
145	0.2475782724366734
146	0.8640747434825136
147	0.8501615448994049
148	0.8501615448994049
149	0.8640747434825136
150	0.8640747434825136
151	0.8640747434825136
152	0.12725313808047503
153	0.8640747434825136
154	0.029049038185277716
155	0.12520412762878458
156	0.13579004060925862
157	0.02032520629905451
158	0.11733274450692358
159	0.8640747434825136
160	0.04883453939311235
161	0.029524436113288616
162	0.968055577146144
163	0.7227746524257427
164	0.7712627042813436
165	0.8640747434825136
166	0.20375781569034312
167	0.8364723744993592
168	0.033618663668145976
169	0.059336967552506205
170	0.061295000982726805
171	0.059336967552506205
172	0.04151724745489924
173	0.08209608258032165
174	0.9838981538483329
175	0.9838981538483329
176	0.1425664978143701
177	0.12933568132306184
178	0.10995622264422977
179	0.1081857244637924
180	0.968055577146144
181	0.23581040555488308
182	0.1878732744065199
183	0.968055577146144
184	0.9220420515895298
185	0.9220420515895298
186	0.11175569566235918
187	0.061295000982726805
188	0.14489964968096344
189	0.15972263321475677
190	0.2641873055176486
191	0.9838981538483329
192	0.968055577146144
193	0.9838981538483329
194	0.9524680951766599
195	0.9524680951766599
196	0.968055577146144
197	0.9838981538483329
198	0.9838981538483329
199	0.9838981538483329
200	1.0
