1	0.7967132492072964
2	0.746625162324361
3	0.734603118827635
4	0.734603118827635
5	0.783884695041549
6	0.9071954723294416
7	0.92204205158951
8	0.9838981538483118
9	0.8640747434825012
10	0.176061982325188
11	0.19094788792080783
12	0.15715080394779135
13	0.3655182215245033
14	0.8782156365502338
15	0.4441271100328709
16	0.16769342093829617
17	0.6451399456130031
18	0.699686033300586
19	0.92204205158951
20	0.96805557714613
21	0.9838981538483118
22	0.21742711012397725
23	0.008459463654885545
24	0.008881624169591295
25	0.12120455403275907
26	0.11733274450692355
27	0.11358461770178932
28	0.0370577948122046
29	0.8782156365502338
30	0.03202070454638286
31	0.12520412762878366
32	0.12933568132305906
33	0.26851082552023436
34	0.5665719880005109
35	0.3481444442077991
36	0.34253867592860504
37	0.10472979393476875
38	0.029524436113288612
39	0.02510054021835705
40	0.032544734860148444
41	0.4162055494255546
42	0.33159647562094163
43	0.032544734860148444
44	0.05651656845829405
45	0.0593369675525062
46	0.3596327033558822
47	0.4299397258291138
48	0.004209195456615581
49	0.0026717952406333624
50	0.09975178733729258
51	0.5139915422627543
52	0.5139915422627543
53	0.5139915422627543
54	0.12318811002814956
55	0.4587826572335554
56	0.06229811565656806
57	0.003757077145472426
58	0.004009124378788865
59	0.0047928951403666395
60	0.0190473931083816
61	0.5139915422627543
62	0.5139915422627543
63	0.5309525138815105
64	0.5758441417787796
65	0.5574491330158785
66	0.11175569566235838
67	0.12120455403275907
68	0.1380122933233896
69	0.14256649781436706
70	0.3655182215245033
71	0.22827757824649533
72	0.22460188780169194
73	0.23966952741252395
74	0.3262571601860513
75	0.43697584363532777
76	0.6556978921951104
77	0.5139915422627543
78	0.5057153295259776
79	0.783884695041549
80	0.3837590186752777
81	0.2819105719970956
82	0.09501039487561763
83	0.14489964968096242
84	0.23201342268367117
85	0.4095038717012255
86	0.8097517472627709
87	0.7588439508744704
88	0.7588439508744704
89	0.7967132492072964
90	0.3107495359001524
91	0.1597226332147556
92	0.2516299796562454
93	0.2773712913382679
94	0.2773712913382679
95	0.2516299796562454
96	0.6556978921951104
97	0.2516299796562454
98	0.3107495359001524
99	0.23966952741252395
100	0.06979493239667486
101	0.03049869946550746
102	0.03361866366814525
103	0.6045810297425013
104	0.33159647562094163
105	0.21742711012397725
106	0.08903724340857869
107	0.2819105719970956
108	0.09501039487561763
109	0.2865241396118667
110	0.5309525138815105
111	0.6773349667878948
112	0.6556978921951104
113	0.6451399456130031
114	0.6773349667878948
115	0.7967132492072964
116	0.8501615448993988
117	0.7588439508744704
118	0.6884197964379047
119	0.699686033300586
120	0.9371316004437403
121	0.3964225068633103
122	0.4230169025093204
123	0.49757237909340724
124	0.2819105719970956
125	0.18187177108593686
126	0.09814559940423297
127	0.2773712913382679
128	0.4587826572335554
129	0.5574491330158785
130	0.08760357941344458
131	0.08209608258032164
132	0.16769342093829617
133	0.12933568132305906
134	0.176061982325188
135	0.2516299796562454
136	0.11358461770178932
137	0.5852680376789788
138	0.5948461590153669
139	0.5224031981891384
140	0.2773712913382679
141	0.22827757824649533
142	0.4739218161276097
143	0.4587826572335554
144	0.1649932472736998
145	0.1972488898661485
146	0.4587826572335554
147	0.5758441417787796
148	0.2819105719970956
149	0.2435918051833956
150	0.34253867592860504
151	0.3262571601860513
152	0.3107495359001524
153	0.3538419528953326
154	0.9371316004437403
155	0.8230036250150331
156	0.836472374499359
157	0.8501615448993988
158	0.8230036250150331
159	0.8501615448993988
160	0.7967132492072964
161	0.8782156365502338
162	0.92204205158951
163	0.9371316004437403
164	0.9524680951766529
165	0.9524680951766529
166	0.9524680951766529
167	0.3481444442077991
168	0.26851082552023436
169	0.23966952741252395
170	0.1521307122146575
171	0.09348055211452062
172	0.17894329980857862
173	0.699686033300586
174	0.8097517472627709
175	0.21742711012397725
176	0.07327797408660716
177	0.0512715750169613
178	0.04219669209918966
179	0.9371316004437403
180	0.032544734860148444
181	0.06756537356313823
182	0.08343961441458023
183	0.04358912142584555
184	0.009950419076984443
185	0.03766425891466536
186	0.96805557714613
187	0.1649932472736998
188	0.8782156365502338
189	0.9071954723294416
190	0.783884695041549
191	0.746625162324361
192	0.7967132492072964
193	0.13579004060925665
194	0.21742711012397725
195	0.6556978921951104
196	0.4299397258291138
197	0.2599334021689743
198	0.2475782724366716
199	0.26418730551764663
200	1.0
