1	0.23966952741252573
2	0.154620385880011
3	0.19094788792080922
4	0.1425664978143681
5	0.2641873055176448
6	0.2004769386898946
7	0.21742711012398033
8	0.1760619823251855
9	0.11925293695084216
10	0.47392181612760637
11	0.2685108255202363
12	0.15213071221465752
13	0.11544347070631858
14	0.2037578156903402
15	0.2516299796562454
16	0.40291010336058325
17	0.3596327033558848
18	0.3425386759286075
19	0.42301690250931445
20	0.41620554942555466
21	0.31074953590015464
22	0.27737129133826594
23	0.21742711012398033
24	0.27737129133826594
25	0.6451399456130125
26	0.809751747262771
27	0.1878732744065199
28	0.154620385880011
29	0.15972263321475677
30	0.4895605451959158
31	0.47392181612760637
32	0.47392181612760637
33	0.7346031188276403
34	0.2004769386898946
35	0.15213071221465752
36	0.04019100294647119
37	0.9220420515895167
38	0.0028976934794107145
39	0.004009124378788894
40	0.05838153282986846
41	1.0
42	0.1818717710859369
43	1.0
44	0.05211065273008482
45	0.003944570074838709
46	0.0036370594844428446
47	0.005114431247540004
48	1.0
49	0.9838981538483189
50	0.006962169253653824
51	0.003757077145472453
52	0.0058236622472702445
53	0.029524436113288824
54	0.16769342093829856
55	1.0
56	1.0
57	1.0
58	0.16769342093829856
59	0.029524436113288824
60	0.006739766775034895
61	0.00611428590286806
62	0.004491573493650783
63	1.0
64	0.0024238405452939554
65	0.0014893899404870292
66	0.0023464123579847473
67	0.04804821315291624
68	0.1732270593726278
69	1.0
70	0.01332719492872073
71	0.009026975134420792
72	0.008881624169591361
73	0.9838981538483189
74	0.04651334071458662
75	0.02635315591720882
76	0.09501039487561831
77	0.3425386759286075
78	0.614475215120391
79	0.5852680376789788
80	0.8925879504044913
81	0.6556978921951105
82	0.6773349667878948
83	0.5948461590153626
84	0.5852680376789788
85	0.5574491330158786
86	0.5396417421913038
87	0.5396417421913038
88	0.5396417421913038
89	0.3210038175868557
90	0.015676073575284753
91	0.017001473575159094
92	0.1314523061326923
93	0.3315964756209393
94	0.36551822152450336
95	0.8501615448994049
96	0.809751747262771
97	0.4299397258291168
98	0.18484816784601354
99	0.20709238541955044
100	0.5574491330158786
101	0.699686033300586
102	0.7967132492072908
103	0.8925879504044913
104	0.41620554942555466
105	0.5758441417787838
106	0.49757237909340374
107	0.4369758436353279
108	0.6773349667878948
109	0.5309525138815068
110	0.5574491330158786
111	0.44412711003286787
112	0.7346031188276403
113	0.9220420515895167
114	0.7111366461700386
115	0.809751747262771
116	0.9371316004437272
117	0.9371316004437272
118	0.5948461590153626
119	0.566571988000515
120	0.4299397258291168
121	0.5057153295259778
122	0.9524680951766463
123	0.49757237909340374
124	0.22460188780169515
125	0.24359180518339563
126	0.45139540946972445
127	0.6245313223904277
128	0.5948461590153626
129	0.45878265723355866
130	0.45878265723355866
131	0.44412711003286787
132	0.37150005830873106
133	0.3425386759286075
134	0.1314523061326923
135	0.2959790185358471
136	0.566571988000515
137	0.4895605451959158
138	0.22460188780169515
139	0.3425386759286075
140	0.37150005830873106
141	0.746625162324361
142	0.823003625015039
143	0.7111366461700386
144	0.16769342093829856
145	0.1357900406092586
146	0.1425664978143681
147	0.09501039487561831
148	0.8501615448994049
149	0.9524680951766463
150	1.0
151	0.9524680951766463
152	0.18484816784601354
153	0.22098538275893195
154	0.22460188780169515
155	0.30082282132372057
156	0.01332719492872073
157	0.614475215120391
158	0.6045810297425014
159	0.7111366461700386
160	0.9838981538483189
161	0.7346031188276403
162	0.746625162324361
163	0.7111366461700386
164	0.6773349667878948
165	0.614475215120391
166	0.6451399456130125
167	0.39642250686330754
168	0.8501615448994049
169	0.36551822152450336
170	0.4895605451959158
171	0.4816777166152449
172	0.3837590186752804
173	0.5948461590153626
174	0.8925879504044913
175	0.9220420515895167
176	0.5758441417787838
177	0.5852680376789788
178	0.8501615448994049
179	0.8364723744993591
180	0.7967132492072908
181	0.7227746524257325
182	0.5948461590153626
183	0.566571988000515
184	0.699686033300586
185	0.7346031188276403
186	0.7838846950415491
187	0.4895605451959158
188	0.27737129133826594
189	0.5948461590153626
190	0.6245313223904277
191	0.7712627042813436
192	0.5309525138815068
193	0.466290799956401
194	0.5396417421913038
195	0.5758441417787838
196	0.6245313223904277
197	0.614475215120391
198	0.809751747262771
199	0.9071954723294418
200	0.9220420515895167
