1	0.8640747434825075
2	0.746625162324361
3	0.7588439508744758
4	0.746625162324361
5	0.6556978921951151
6	0.4739218161276097
7	0.4895605451959227
8	0.33159647562094163
9	0.25574799451756824
10	0.34814444420780405
11	0.3538419528953351
12	0.34253867592860743
13	0.34814444420780405
14	0.4162055494255576
15	0.9371316004437404
16	0.9371316004437404
17	0.952468095176653
18	0.9071954723294482
19	0.8782156365502402
20	0.9071954723294482
21	0.08209608258032164
22	0.046513340714586945
23	0.045764390058400266
24	0.9220420515895166
25	0.009026975134420856
26	0.01935911052773268
27	0.952468095176653
28	0.9680555771461369
29	0.9838981538483258
30	0.9838981538483258
31	0.09348055211452064
32	0.08209608258032164
33	1.0
34	0.08343961441458023
35	0.106443734572669
36	0.04963373414423628
37	0.8782156365502402
38	0.6664286233595268
39	0.6884197964379097
40	0.9371316004437404
41	0.9371316004437404
42	0.9220420515895166
43	0.8097517472627768
44	0.7967132492072965
45	0.40950387170123137
46	0.5948461590153669
47	0.6664286233595268
48	0.6996860333005959
49	0.6773349667878997
50	0.8782156365502402
51	0.9371316004437404
52	0.9220420515895166
53	0.9071954723294482
54	0.8501615448994048
55	0.6773349667878997
56	0.7346031188276455
57	0.6347520014624433
58	0.7227746524257376
59	0.9680555771461369
60	0.24757827243667163
61	0.18787327440651985
62	0.1789432998085799
63	0.18787327440651985
64	0.23966952741252567
65	0.8782156365502402
66	0.7712627042813435
67	0.8640747434825075
68	0.8925879504044977
69	0.952468095176653
70	0.9071954723294482
71	0.8097517472627768
72	0.7712627042813435
73	0.8925879504044977
74	0.6996860333005959
75	0.9220420515895166
76	0.25993340216897615
77	0.15972263321475677
78	0.03705779481220459
79	0.044302473030725605
80	0.05651656845829445
81	0.8925879504044977
82	0.444127110032871
83	0.2641873055176485
84	0.836472374499359
85	0.9680555771461369
86	0.9838981538483258
87	0.9680555771461369
88	0.4162055494255576
89	0.34253867592860743
90	0.8925879504044977
91	0.8925879504044977
92	0.8640747434825075
93	0.08760357941344458
94	0.09656527406216217
95	0.15972263321475677
96	0.06435386265758171
97	0.022043686905619496
98	0.015175310452307588
99	0.025511319561055717
100	0.06030803830703578
101	0.746625162324361
102	0.7588439508744758
103	0.49757237909340724
104	0.5484731728386688
105	0.6773349667878997
106	0.9220420515895166
107	0.952468095176653
108	0.9680555771461369
109	0.9838981538483258
110	0.9371316004437404
111	0.9220420515895166
112	0.8230036250150389
113	0.436975843635334
114	0.5309525138815104
115	0.4162055494255576
116	0.7967132492072965
117	0.106443734572669
118	0.17322705937262903
119	0.1909478879208092
120	0.2209853827589335
121	0.2209853827589335
122	0.0686711051330571
123	0.06331764666180292
124	0.05211065273008518
125	0.8097517472627768
126	0.6996860333005959
127	0.836472374499359
128	0.9680555771461369
129	0.6664286233595268
130	0.6664286233595268
131	0.6773349667878997
132	0.8782156365502402
133	0.45139540946972767
134	0.42301690250932045
135	0.513991542262758
136	0.9220420515895166
137	0.9371316004437404
138	0.12725313808047412
139	0.0034084033755650326
140	0.004419250868277081
141	0.004639788871308543
142	0.011515692539375738
143	0.02390746372968368
144	0.025511319561055717
145	0.03529636723622777
146	0.044302473030725605
147	0.11733274450692356
148	0.9838981538483258
149	1.0
150	0.9838981538483258
151	0.9838981538483258
152	0.106443734572669
153	0.24359180518339735
154	0.1909478879208092
155	0.17322705937262903
156	0.1649932472736998
157	0.15715080394779135
158	0.1472709844146142
159	0.002346412357984764
160	0.007674387126047693
161	0.007799981223697674
162	0.1293356813230609
163	0.9838981538483258
164	0.952468095176653
165	0.444127110032871
166	0.38375901867528034
167	0.38375901867528034
168	0.8501615448994048
169	0.8925879504044977
170	0.8640747434825075
171	0.6773349667878997
172	0.6245313223904276
173	0.4739218161276097
174	0.7346031188276455
175	0.6347520014624433
176	0.614475215120391
177	0.5852680376789872
178	0.5852680376789872
179	0.5852680376789872
180	0.614475215120391
181	0.6996860333005959
182	0.7588439508744758
183	0.34814444420780405
184	0.24359180518339735
185	0.24359180518339735
186	0.22827757824649697
187	0.23966952741252567
188	0.34814444420780405
189	0.45139540946972767
190	0.8782156365502402
191	0.6996860333005959
192	0.7712627042813435
193	0.9838981538483258
194	0.952468095176653
195	0.9220420515895166
196	0.8782156365502402
197	0.8782156365502402
198	0.9071954723294482
199	0.9220420515895166
200	0.9838981538483258
