1	0.9680555771461439
2	0.9524680951766463
3	0.23581040555488308
4	0.17043778391330164
5	0.09049436982916181
6	0.8925879504044916
7	0.008881624169591424
8	0.005198130749138962
9	0.006631244087325165
10	0.01999793295422567
11	0.2004769386898946
12	0.9680555771461439
13	0.054711179297213405
14	0.11175569566235759
15	0.015932618141390915
16	0.015932618141390915
17	0.06979493239667438
18	0.8782156365502339
19	0.758843950874465
20	0.8782156365502339
21	0.9680555771461439
22	0.9680555771461439
23	0.8782156365502339
24	0.7111366461700386
25	0.0358740049446916
26	0.0005623635409531145
27	0.01493095993810043
28	0.1231881100281487
29	0.01619336115132798
30	0.09814559940423298
31	0.04883453939311235
32	0.1212045540327608
33	0.1212045540327608
34	0.1212045540327608
35	0.9220420515895167
36	0.04883453939311235
37	0.024298717947761457
38	0.2396695274125257
39	0.3107495359001547
40	0.037664258914665634
41	0.024298717947761457
42	0.029049038185277303
43	0.8925879504044916
44	0.35384195289533016
45	0.22098538275893195
46	0.09348055211451999
47	0.5948461590153626
48	0.699686033300596
49	0.809751747262771
50	0.8925879504044916
51	0.20709238541955047
52	0.17043778391330164
53	0.2139261322475594
54	0.4975723790934038
55	0.466290799956401
56	0.19407281858793526
57	0.1252041276287828
58	0.5574491330158786
59	0.054711179297213405
60	0.006316048424505998
61	0.025928821455018475
62	0.34814444420780405
63	0.2320134226836728
64	0.21048152657828503
65	0.823003625015039
66	0.5057153295259778
67	0.5665719880005069
68	0.5852680376789788
69	0.6556978921951104
70	0.6884197964379097
71	0.9838981538483189
72	0.9838981538483189
73	0.5396417421913039
74	0.3775797899972509
75	0.17322705937262783
76	0.22098538275893195
77	0.22460188780169196
78	0.40291010336058325
79	0.8640747434825137
80	0.4513954094697309
81	0.33159647562093936
82	0.32625716018605594
83	0.8782156365502339
84	0.7111366461700386
85	0.6451399456130125
86	0.699686033300596
87	0.8501615448993929
88	0.9220420515895167
89	0.6664286233595221
90	0.013992274382953427
91	0.006631244087325165
92	0.0007655338325415601
93	0.0031941225103010837
94	0.30082282132372057
95	0.10644373457266824
96	0.09348055211451999
97	0.30082282132372057
98	0.33159647562093936
99	0.1818717710859395
100	0.6664286233595221
101	0.5948461590153626
102	0.6045810297425014
103	0.5758441417787838
104	0.5574491330158786
105	0.14027091400017716
106	0.04502749889045438
107	0.022771096439116737
108	0.012288234154010976
109	0.006316048424505998
110	0.006850065475449526
111	0.0057298905337253465
112	0.005823662247270162
113	0.9838981538483189
114	0.09049436982916181
115	0.6451399456130125
116	0.9838981538483189
117	0.9838981538483189
118	0.9838981538483189
119	0.6451399456130125
120	0.08619300005539274
121	1.0
122	0.0047928951403666395
123	0.00463978887130851
124	0.004348092770690338
125	0.003142691241050594
126	0.006739766775034895
127	0.018142034232021265
128	0.05383022830539263
129	0.16233655139003358
130	0.6347520014624387
131	0.5309525138815068
132	0.003246395470718055
133	0.0021988971683392176
134	0.03954385360034535
135	0.48956054519591585
136	0.5574491330158786
137	0.9838981538483189
138	0.9838981538483189
139	0.9524680951766463
140	1.0
141	1.0
142	1.0
143	1.0
144	1.0
145	0.5057153295259778
146	0.5224031981891458
147	0.5224031981891458
148	0.09975178733729187
149	0.1425664978143681
150	0.47392181612760637
151	0.47392181612760637
152	0.47392181612760637
153	0.8782156365502339
154	0.8501615448993929
155	0.8925879504044916
156	0.8501615448993929
157	0.9371316004437406
158	0.13579004060925862
159	0.003246395470718055
160	0.0023464123579847477
161	0.004565079704726418
162	0.005283200023099469
163	1.0
164	1.0
165	1.0
166	1.0
167	0.004715720680195316
168	0.004209195456615611
169	0.006114285902868061
170	0.008189230970776997
171	0.1336035702664378
172	0.9524680951766463
173	0.8640747434825137
174	0.7346031188276403
175	0.2557479945175683
176	0.0612950009827268
177	0.2729051014782441
178	0.3370231708678045
179	0.3425386759286075
180	0.3425386759286075
181	0.34814444420780405
182	0.14027091400017716
183	0.09656527406216149
184	0.06867110513305615
185	0.8782156365502339
186	0.3107495359001547
187	0.1336035702664378
188	0.15213071221465752
189	0.11544347070631858
190	0.809751747262771
191	0.7227746524257428
192	0.7838846950415491
193	0.22827757824649536
194	0.13579004060925862
195	0.17322705937262783
196	0.758843950874465
197	0.01248933551297767
198	0.0330773411179359
199	0.05211065273008481
200	0.34814444420780405
