1	0.8782156365502339
2	0.8640747434825014
3	0.8364723744993591
4	0.4299397258291108
5	0.3900393726467363
6	0.9524680951766462
7	0.8782156365502339
8	0.9071954723294419
9	0.22098538275893195
10	0.14256649781436606
11	0.017562497419084194
12	0.018438935128663837
13	0.042196692099189664
14	0.013766972933527001
15	0.8501615448993928
16	0.6556978921951104
17	0.22460188780169194
18	0.2435918051833956
19	0.046513340714586626
20	0.010113261253784643
21	0.013766972933527001
22	0.04727454821686481
23	0.1380122933233906
24	1.0
25	0.06867110513305615
26	0.020995908477665633
27	0.018438935128663837
28	0.008459463654885606
29	0.006214348384488035
30	0.018438935128663837
31	0.03828064801966439
32	0.059336967552506205
33	0.2599334021689762
34	1.0
35	0.9371316004437406
36	0.1231881100281487
37	0.025928821455018472
38	0.001186616698822083
39	0.0015893071365663052
40	0.0035208757183271245
41	0.006850065475449526
42	0.006850065475449526
43	1.0
44	1.0
45	1.0
46	1.0
47	0.006739766775034895
48	0.00022293356467315998
49	0.0012662220527620764
50	0.000976589844633953
51	0.000650827425746295
52	0.0330773411179359
53	0.15213071221465752
54	1.0
55	1.0
56	0.9680555771461302
57	0.9838981538483189
58	1.0
59	1.0
60	1.0
61	1.0
62	1.0
63	1.0
64	1.0
65	0.9524680951766462
66	0.8364723744993591
67	0.548473172838661
68	0.33159647562093936
69	0.3370231708678044
70	0.4441271100328678
71	1.0
72	0.18484816784601354
73	0.02168874285044923
74	0.00031861942937681055
75	1.6603466437312995e-05
76	0.0002580026396497394
77	4.6923397017945535e-05
78	0.001538537637351158
79	6.284732873436204e-05
80	3.503418891533403e-05
81	0.007076107650393088
82	0.042196692099189664
83	0.27737129133826594
84	0.02168874285044923
85	0.008459463654885606
86	0.002945115272426226
87	0.00044082817280251783
88	0.00043373002538472504
89	5.0890734253447406e-05
90	0.012489335512977491
91	1.0
92	1.0
93	1.0
94	1.0
95	1.0
96	1.0
97	0.01311260248634491
98	4.7691315238690255e-05
99	4.469303857690011e-05
100	7.156252532832952e-05
101	0.006214348384488035
102	0.013766972933527001
103	0.024696375181437157
104	0.2685108255202325
105	1.0
106	0.9680555771461302
107	0.0744771944128507
108	0.007076107650393088
109	9.901083980761598e-05
110	6.387584780858406e-05
111	0.001538537637351158
112	4.7691315238690255e-05
113	0.0002580026396497394
114	2.7912202484077827e-05
115	9.278618677018997e-05
116	0.015175310452307482
117	0.10995622264422977
118	0.5057153295259778
119	0.2685108255202325
120	0.24757827243666988
121	0.3775797899972509
122	0.3158350635019698
123	0.08903724340857806
124	0.03828064801966439
125	0.014221262971401333
126	0.010278768401209682
127	0.0076743871260476935
128	0.00381856306039134
129	0.006015834611932686
130	0.05560654736795764
131	0.9680555771461302
132	0.15462038588001104
133	0.06540703669975813
134	0.08903724340857806
135	0.11358461770178932
136	0.4739218161276064
137	0.9838981538483189
138	0.9680555771461302
139	0.9524680951766462
140	0.9071954723294419
141	0.8782156365502339
142	0.548473172838661
143	0.17894329980857737
144	0.34814444420780405
145	0.699686033300596
146	0.5309525138815068
147	0.023143753598938943
148	0.03202070454638286
149	0.17606198232518802
150	0.17606198232518802
151	0.17322705937262783
152	0.2516299796562454
153	0.9371316004437406
154	0.9371316004437406
155	0.7712627042813325
156	0.26418730551764474
157	0.35963270335587966
158	1.0
159	1.0
160	0.9680555771461302
161	0.9524680951766462
162	0.7712627042813325
163	0.758843950874465
164	0.7712627042813325
165	0.809751747262771
166	0.809751747262771
167	0.8364723744993591
168	0.8501615448993928
169	0.07819389939674361
170	0.03954385360034535
171	0.05211065273008482
172	0.05211065273008482
173	0.9524680951766462
174	0.09814559940423298
175	0.05296346225090933
176	0.08343961441457964
177	0.9838981538483189
178	0.9524680951766462
179	0.05838153282986846
180	0.06540703669975813
181	0.9680555771461302
182	0.9680555771461302
183	0.9680555771461302
184	0.9838981538483189
185	0.9524680951766462
186	0.03361866366814501
187	0.05044600800408382
188	0.9680555771461302
189	0.9838981538483189
190	0.09501039487561765
191	0.03705779481220408
192	0.046513340714586626
193	0.03646109590141791
194	0.03150511208810857
195	0.05651656845829406
196	0.042196692099189664
197	0.9371316004437406
198	0.9371316004437406
199	1.0
200	1.0
