1	1.0
2	1.0
3	0.2865241396118646
4	0.12318811002815043
5	0.11544347070631858
6	0.9680555771461301
7	0.9680555771461301
8	0.9680555771461301
9	0.9838981538483188
10	0.12933568132305998
11	0.11925293695084047
12	0.29121320991526145
13	0.9838981538483188
14	0.2641873055176485
15	0.09501039487561765
16	0.04019100294647119
17	0.042196692099189664
18	0.04651334071458661
19	0.12120455403276079
20	0.7838846950415601
21	0.5309525138815067
22	0.8501615448993928
23	0.9680555771461301
24	0.9838981538483188
25	0.8501615448993928
26	0.24359180518339907
27	0.17043778391330405
28	0.3538419528953351
29	0.305745894681384
30	0.8501615448993928
31	0.9220420515895167
32	0.9220420515895167
33	0.7227746524257325
34	0.10138426111191928
35	0.07569604040982214
36	0.31583506350196977
37	0.43697584363533404
38	0.17894329980857734
39	0.16233655139003356
40	0.1314523061326923
41	0.045764390058400266
42	0.06647744631284419
43	0.176061982325188
44	0.8364723744993591
45	0.9838981538483188
46	0.8782156365502338
47	0.31074953590015464
48	0.31074953590015464
49	0.7346031188276403
50	0.0472745482168648
51	0.03202070454638331
52	0.02551131956105572
53	0.01967592931444509
54	0.7346031188276403
55	0.6773349667878948
56	0.7588439508744758
57	0.823003625015039
58	0.5852680376789872
59	0.2641873055176485
60	0.3425386759286075
61	0.25993340216897615
62	0.3538419528953351
63	0.2865241396118646
64	0.4230169025093204
65	0.6347520014624387
66	0.45878265723355866
67	0.3538419528953351
68	0.6884197964379097
69	0.8925879504044913
70	0.9071954723294418
71	0.809751747262771
72	0.481677716615238
73	0.12725313808047323
74	0.0965652740621615
75	0.3008228213237163
76	0.9838981538483188
77	0.823003625015039
78	0.2358104055548831
79	0.29121320991526145
80	0.6045810297425014
81	0.33159647562093936
82	0.11544347070631858
83	0.09501039487561765
84	0.07947357060372963
85	0.17894329980857734
86	0.6556978921951104
87	0.6773349667878948
88	0.9680555771461301
89	0.481677716615238
90	0.3481444442078041
91	0.0472745482168648
92	0.029049038185277303
93	0.030997821620274812
94	0.272905101478248
95	0.3900393726467363
96	0.9838981538483188
97	0.9838981538483188
98	0.12318811002815043
99	0.02812108342598859
100	0.009477456704464872
101	0.012901465378461815
102	0.05211065273008481
103	0.024298717947761457
104	0.014221262971401532
105	0.012288234154010974
106	0.9838981538483188
107	0.004209195456615611
108	0.009174704819918203
109	0.008189230970776997
110	0.07947357060372963
111	0.3655182215245085
112	1.0
113	0.9838981538483188
114	0.9838981538483188
115	1.0
116	1.0
117	0.9838981538483188
118	0.9524680951766463
119	0.3655182215245085
120	0.3210038175868511
121	0.7346031188276403
122	0.030007614098887928
123	0.012288234154010974
124	0.01248933551297767
125	0.9838981538483188
126	0.013992274382953227
127	0.004009124378788922
128	0.014690543918280221
129	0.0370577948122046
130	0.9838981538483188
131	0.0018694178137101955
132	0.015175310452307482
133	0.01727970878760305
134	0.13579004060925862
135	0.7227746524257325
136	0.16499324727369863
137	0.03202070454638331
138	0.008597905811488844
139	0.0036965812672960317
140	0.005729890533725346
141	0.01619336115132798
142	0.028581295041564064
143	0.39642250686330754
144	0.38375901867528034
145	0.33159647562093936
146	0.05296346225090933
147	0.31074953590015464
148	0.7111366461700385
149	0.8501615448993928
150	0.5224031981891458
151	0.6347520014624387
152	0.6045810297425014
153	0.7838846950415601
154	0.8640747434825136
155	0.8640747434825136
156	0.9524680951766463
157	0.7712627042813435
158	0.43697584363533404
159	0.513991542262758
160	0.5396417421912961
161	0.5396417421912961
162	0.5396417421912961
163	0.8782156365502338
164	0.38375901867528034
165	0.6245313223904277
166	0.6451399456130033
167	0.5758441417787837
168	0.5484731728386688
169	0.8501615448993928
170	0.9371316004437404
171	0.513991542262758
172	0.01967592931444509
173	0.00047809985677179273
174	0.0006198923584893026
175	0.0020606560225769105
176	0.0011675099792966507
177	0.012090370898187257
178	1.0
179	1.0
180	1.0
181	1.0
182	1.0
183	1.0
184	1.0
185	1.0
186	0.011895693606068052
187	0.0013294115143323943
188	0.002463507565100692
189	0.00028905010372683285
190	0.0004064621128492915
191	0.013327194928720823
192	0.2959790185358471
193	0.9838981538483188
194	0.12725313808047323
195	0.0029451152724262676
196	0.011330268629776648
197	0.06979493239667436
198	0.09197534264619908
199	0.25993340216897615
200	1.0
