1	0.9071954723294419
2	0.8925879504044913
3	0.8782156365502339
4	0.8925879504044913
5	0.9371316004437272
6	0.2959790185358514
7	0.3315964756209393
8	0.305745894681384
9	0.39003937264673083
10	0.8640747434825015
11	0.8501615448994049
12	0.9680555771461302
13	0.9220420515895036
14	0.9071954723294419
15	0.27290510147824404
16	0.1336035702664359
17	0.783884695041549
18	0.07447719441285175
19	0.07093715149650967
20	0.14027091400017716
21	0.12933568132305814
22	0.05651656845829406
23	0.09814559940423159
24	0.12933568132305814
25	0.29121320991525734
26	0.9524680951766463
27	0.9680555771461302
28	0.9371316004437272
29	0.2819105719970956
30	0.05471117929721262
31	0.007429233258548931
32	0.015175310452307269
33	0.11733274450692358
34	0.04576439005839962
35	0.03416884515602799
36	0.08343961441457963
37	0.7588439508744758
38	0.06229811565656762
39	0.11358461770178932
40	0.8925879504044913
41	0.9524680951766463
42	0.9524680951766463
43	0.8640747434825015
44	0.9220420515895036
45	0.5057153295259778
46	0.2599334021689725
47	0.14727098441461212
48	0.15972263321475677
49	0.8501615448994049
50	0.809751747262771
51	0.677334966787895
52	0.7111366461700386
53	0.7967132492072909
54	0.8364723744993472
55	0.04651334071458662
56	0.01567607357528453
57	0.03049869946550746
58	0.05471117929721262
59	0.030007614098887928
60	0.03049869946550746
61	0.005729890533725265
62	0.005729890533725265
63	0.005283200023099393
64	0.003944570074838653
65	0.08619300005539274
66	0.9220420515895036
67	0.9071954723294419
68	0.783884695041549
69	0.9371316004437272
70	0.8501615448994049
71	0.9838981538483188
72	0.14027091400017716
73	0.06030803830703494
74	0.03705779481220461
75	0.9371316004437272
76	0.04963373414423629
77	0.03202070454638286
78	0.012288234154010974
79	0.025511319561055356
80	0.03049869946550746
81	0.02635315591720863
82	0.02390746372968351
83	0.025511319561055356
84	0.0376642589146651
85	0.9524680951766463
86	0.9371316004437272
87	0.5139915422627507
88	0.06647744631284418
89	0.05560654736795844
90	0.11925293695084216
91	0.4587826572335587
92	0.04288725609875964
93	0.004074735137074894
94	0.783884695041549
95	0.22460188780169194
96	0.21742711012397725
97	0.24757827243666988
98	1.0
99	0.7967132492072909
100	0.7967132492072909
101	0.7967132492072909
102	0.809751747262771
103	0.9371316004437272
104	0.9838981538483188
105	0.2396695274125223
106	0.21742711012397725
107	0.210481526578285
108	0.9524680951766463
109	0.1676934209382962
110	0.28652413961186873
111	0.4369758436353279
112	0.8925879504044913
113	0.13579004060925667
114	0.07693483325865721
115	0.2959790185358514
116	0.7712627042813326
117	0.5139915422627507
118	0.9524680951766463
119	0.9524680951766463
120	0.04430247303072529
121	0.026784434765055293
122	0.020657835589543778
123	0.03049869946550746
124	0.023143753598939273
125	0.022771096439116414
126	0.029049038185277303
127	0.026784434765055293
128	0.04019100294647119
129	0.9371316004437272
130	0.03828064801966439
131	0.038907124553427985
132	0.10995622264422822
133	0.9371316004437272
134	0.8640747434825015
135	0.9838981538483188
136	0.7588439508744758
137	0.9371316004437272
138	0.9371316004437272
139	0.05471117929721262
140	0.0003871421943870397
141	0.00015100069862380183
142	0.05471117929721262
143	0.04963373414423629
144	0.06030803830703494
145	0.05560654736795844
146	0.05471117929721262
147	0.09049436982916054
148	0.0997517873372933
149	0.08903724340857933
150	0.7111366461700386
151	0.6996860333005861
152	0.5139915422627507
153	0.5309525138815068
154	0.5057153295259778
155	0.7111366461700386
156	0.8782156365502339
157	0.783884695041549
158	0.7967132492072909
159	0.7466251623243505
160	0.783884695041549
161	0.8501615448994049
162	0.8640747434825015
163	0.677334966787895
164	0.6996860333005861
165	0.7466251623243505
166	0.8782156365502339
167	0.9524680951766463
168	0.9680555771461302
169	0.9680555771461302
170	0.9838981538483188
171	1.0
172	0.19094788792080922
173	0.0009301706690873581
174	3.283164552847486e-05
175	0.0008168904262529228
176	0.0009925720876842845
177	0.0006198923584892937
178	1.9849390061746404e-05
179	1.9529778236767454e-05
180	0.00048592413239297353
181	2.1527640770318298e-05
182	0.00031348906834404876
183	0.08343961441457963
184	1.0
185	1.0
186	1.0
187	1.0
188	1.0
189	0.08077418408895645
190	0.00021934392271274688
191	2.1527640770318298e-05
192	0.00048592413239297353
193	1.9529778236767454e-05
194	1.9849390061746404e-05
195	0.0006198923584892937
196	0.0009925720876842845
197	0.0008168904262529228
198	6.183537071603721e-05
199	0.000976589844633953
200	0.19094788792080922
