1	0.9680555771461301
2	0.8230036250150273
3	0.4369758436353279
4	0.4587826572335522
5	0.6347520014624387
6	0.6664286233595222
7	0.6144752151203824
8	0.6664286233595222
9	0.983898153848305
10	0.9371316004437271
11	0.7712627042813326
12	0.6664286233595222
13	0.5574491330158706
14	0.3775797899972509
15	0.6347520014624387
16	0.7712627042813326
17	0.1848481678460109
18	0.1448996496809614
19	0.29121320991525734
20	0.9220420515895036
21	0.27737129133826205
22	0.5396417421912961
23	0.9220420515895036
24	0.007429233258548931
25	0.018740694914959853
26	0.02766828206704513
27	0.0300076140988875
28	0.009632558682416041
29	0.012901465378461817
30	0.983898153848305
31	0.5574491330158706
32	0.05211065273008481
33	1.0
34	0.09814559940423298
35	0.0300076140988875
36	0.027222771645919863
37	0.023907463729683512
38	0.008881624169591299
39	0.0876035794134446
40	1.0
41	1.0
42	1.0
43	0.983898153848305
44	0.08903724340857806
45	0.0011302145468318858
46	0.0015385376373511582
47	0.004209195456615552
48	0.009950419076984445
49	0.09814559940423298
50	0.4895605451959158
51	0.548473172838661
52	0.548473172838661
53	0.0009004569039077774
54	0.0022348829091086756
55	0.004419250868277018
56	0.0011487109132294474
57	0.0029933131400917898
58	0.03254473486014776
59	0.6347520014624387
60	0.9524680951766463
61	0.2729051014782441
62	0.8782156365502339
63	0.27737129133826205
64	0.22827757824649536
65	0.25574799451756464
66	0.8640747434825014
67	0.8364723744993472
68	0.8782156365502339
69	0.8640747434825014
70	0.8640747434825014
71	0.6556978921951105
72	0.13360357026643588
73	0.41620554942554877
74	0.10995622264422822
75	0.10644373457266824
76	0.5057153295259778
77	0.548473172838661
78	0.4975723790934038
79	0.4029101033605776
80	0.3481444442077991
81	0.481677716615238
82	1.0
83	1.0
84	0.6245313223904189
85	0.7346031188276299
86	0.7111366461700386
87	0.8364723744993472
88	0.3775797899972509
89	0.3057458946813841
90	0.809751747262771
91	0.5139915422627507
92	0.481677716615238
93	0.3158350635019698
94	0.8364723744993472
95	0.6664286233595222
96	0.9524680951766463
97	0.6245313223904189
98	0.8782156365502339
99	0.31074953590015025
100	0.3057458946813841
101	0.8501615448993928
102	0.8501615448993928
103	0.8364723744993472
104	0.8364723744993472
105	0.5309525138815068
106	0.6556978921951105
107	0.9680555771461301
108	0.5852680376789788
109	0.7588439508744651
110	0.06331764666180248
111	0.03150511208810857
112	0.04358912142584555
113	0.5224031981891384
114	0.09814559940423298
115	0.17606198232518802
116	0.7346031188276299
117	0.6144752151203824
118	0.8640747434825014
119	0.6045810297425014
120	0.5139915422627507
121	0.0330773411179359
122	0.0876035794134446
123	0.16499324727369866
124	0.25574799451756464
125	0.983898153848305
126	0.5139915422627507
127	0.4230169025093205
128	0.3158350635019698
129	0.11925293695084047
130	0.1252041276287828
131	0.035296367236227526
132	0.4895605451959158
133	0.481677716615238
134	0.983898153848305
135	0.5309525138815068
136	0.3057458946813841
137	0.22827757824649536
138	0.059336967552506205
139	0.7967132492072909
140	0.09814559940423298
141	0.017849913987938726
142	0.0036370594844428446
143	0.0042780804498434456
144	0.0007655338325415601
145	0.0003628031842252282
146	0.0029933131400917898
147	0.017849913987938726
148	1.0
149	1.0
150	0.05471117929721263
151	0.008189230970776997
152	0.0006833062745535664
153	0.003042299783147321
154	0.03954385360034535
155	1.0
156	1.0
157	0.983898153848305
158	0.2641873055176448
159	0.41620554942554877
160	1.0
161	0.6996860333005861
162	0.14968112689163143
163	0.011704150977755443
164	0.01493095993810043
165	0.9071954723294418
166	0.9680555771461301
167	0.13360357026643588
168	0.1314523061326923
169	1.0
170	1.0
171	1.0
172	0.9680555771461301
173	0.09656527406216013
174	0.06435386265758035
175	0.8925879504044915
176	0.8925879504044915
177	0.04288725609875964
178	0.11544347070631693
179	0.22827757824649536
180	0.07947357060372963
181	0.2685108255202325
182	0.5396417421912961
183	0.020325206299053933
184	0.0007532073245460798
185	0.003696581267296032
186	0.022404439747548667
187	0.5139915422627507
188	1.0
189	0.020657835589543778
190	0.0004064621128492915
191	0.00030347484098480504
192	0.0007291465512741478
193	0.002163490864431252
194	0.001723681836231313
195	0.0007907953330514103
196	0.011704150977755443
197	0.02766828206704513
198	0.04288725609875964
199	0.12933568132305814
200	0.38375901867527495
