1	0.9838981538483188
2	0.28652413961186873
3	0.011147830387442765
4	0.01170415097775544
5	0.0012458335400746356
6	0.022404439747548983
7	0.7466251623243612
8	1.0
9	0.28191057199709163
10	1.0
11	0.5852680376789705
12	0.000960864945202363
13	0.0005270086451645937
14	0.05838153282986845
15	0.09656527406216149
16	0.07947357060372963
17	0.027668282067044733
18	0.05127157501696131
19	0.9371316004437271
20	0.9680555771461165
21	0.9838981538483188
22	0.9838981538483188
23	0.9524680951766598
24	0.9838981538483188
25	0.9071954723294418
26	0.9220420515895035
27	0.025928821455018472
28	0.034728030561276546
29	0.024696375181436803
30	0.9371316004437271
31	1.0
32	1.0
33	0.9838981538483188
34	0.04651334071458662
35	0.011147830387442765
36	0.010617952774479945
37	0.022771096439116734
38	0.9838981538483188
39	0.6773349667878853
40	1.0
41	1.0
42	0.7712627042813326
43	0.305745894681384
44	0.7346031188276299
45	1.0
46	0.10818572446379238
47	0.09975178733729188
48	0.02352250942683158
49	0.024696375181436803
50	0.05471117929721263
51	0.836472374499359
52	0.06979493239667438
53	0.022771096439116734
54	0.012288234154010976
55	0.015676073575284756
56	0.008738613623635485
57	0.0051981307491388885
58	0.00963255868241604
59	1.0
60	0.7111366461700385
61	0.5396417421912962
62	0.6347520014624477
63	0.3596327033558797
64	0.6556978921951104
65	0.1472709844146121
66	0.4369758436353278
67	0.9838981538483188
68	0.029524436113288192
69	0.01445399904022356
70	0.011515692539375575
71	0.01170415097775544
72	0.011515692539375575
73	0.01593261814139069
74	0.9838981538483188
75	0.9838981538483188
76	1.0
77	0.9838981538483188
78	0.004491573493650751
79	0.003142691241050594
80	0.0025864462836876134
81	0.0019000115066771077
82	0.005114431247540004
83	0.024696375181436803
84	0.39003937264673083
85	0.4441271100328742
86	0.6245313223904189
87	0.25574799451756824
88	0.26418730551764474
89	0.5948461590153626
90	0.6045810297425014
91	0.7346031188276299
92	0.783884695041549
93	0.040848743123738596
94	0.039543853600344785
95	0.06129500098272593
96	0.025928821455018472
97	0.3008228213237163
98	0.35384195289533515
99	0.451395409469718
100	0.16499324727369863
101	0.1252041276287828
102	0.11925293695084216
103	0.17043778391330164
104	0.2435918051833956
105	0.28191057199709163
106	0.39003937264673083
107	0.5139915422627507
108	0.7712627042813326
109	0.3837590186752804
110	0.32100381758685564
111	0.27290510147824404
112	0.26851082552023625
113	0.3008228213237163
114	0.41620554942555466
115	0.9371316004437271
116	0.823003625015039
117	0.28191057199709163
118	0.3775797899972455
119	0.7111366461700385
120	0.7111366461700385
121	0.9524680951766598
122	0.8925879504044915
123	0.29121320991525734
124	0.35384195289533515
125	0.26851082552023625
126	0.3008228213237163
127	0.24757827243666986
128	0.25162997965624184
129	0.24757827243666986
130	0.2959790185358471
131	0.7346031188276299
132	0.5852680376789705
133	0.4739218161276064
134	0.2959790185358471
135	0.35384195289533515
136	0.7111366461700385
137	0.7588439508744758
138	0.5396417421912962
139	0.5309525138815143
140	0.6144752151203824
141	0.5224031981891384
142	0.42301690250932045
143	0.18787327440651988
144	0.1380122933233906
145	0.07693483325865721
146	0.07093715149650967
147	0.05560654736795765
148	0.07093715149650967
149	0.24757827243666986
150	0.060308038307035794
151	0.02352250942683158
152	0.018740694914960117
153	0.27737129133826594
154	0.27290510147824404
155	0.3008228213237163
156	1.0
157	0.04727454821686481
158	0.003637059484442844
159	0.0030422997831473205
160	0.9524680951766598
161	0.9524680951766598
162	0.02390746372968351
163	0.05127157501696131
164	1.0
165	1.0
166	0.9838981538483188
167	0.9524680951766598
168	0.006962169253653824
169	0.001186616698822083
170	0.9524680951766598
171	1.0
172	0.04019100294647119
173	0.01248933551297767
174	0.018740694914960117
175	0.27290510147824404
176	0.28191057199709163
177	0.28191057199709163
178	0.3655182215245033
179	0.7588439508744758
180	0.7588439508744758
181	0.783884695041549
182	0.9680555771461165
183	0.20375781569034024
184	0.15213071221465752
185	0.1472709844146121
186	0.23966952741252573
187	0.9071954723294418
188	0.8782156365502215
189	0.9680555771461165
190	0.007309608887594823
191	0.0007410792960859194
192	0.0016153167178432327
193	0.0005101736581558108
194	0.0005443991622033086
195	0.010617952774479945
196	0.08619300005539272
197	0.8782156365502215
198	0.9371316004437271
199	0.9838981538483188
200	1.0
