1	0.9371316004437271
2	0.9524680951766598
3	0.9838981538483188
4	1.0
5	1.0
6	1.0
7	1.0
8	0.2396695274125257
9	0.05838153282986846
10	0.05744148237014259
11	0.09348055211452129
12	0.9680555771461302
13	0.9838981538483188
14	0.7346031188276403
15	0.9371316004437271
16	0.6996860333005861
17	0.9524680951766598
18	0.9524680951766598
19	0.002993313140091811
20	0.0020274756563298415
21	0.003408403375565008
22	0.002234882909108691
23	0.001465408012805456
24	0.1099562226442282
25	1.0
26	0.9680555771461302
27	1.0
28	1.0
29	1.0
30	0.9838981538483188
31	0.9838981538483188
32	0.11544347070631858
33	0.0016686198147892169
34	0.0024238405452939723
35	0.003757077145472426
36	0.0023464123579847473
37	0.0028976934794107145
38	1.0
39	0.9838981538483188
40	0.746625162324361
41	1.0
42	0.7712627042813435
43	1.0
44	1.0
45	0.10818572446379239
46	0.04358912142584555
47	0.04804821315291625
48	0.23201342268367284
49	0.9524680951766598
50	0.9371316004437271
51	0.8925879504044913
52	0.9371316004437271
53	0.6556978921951104
54	0.6664286233595222
55	0.6996860333005861
56	0.15972263321475674
57	0.04084874312373918
58	0.04651334071458662
59	0.2912132099152615
60	0.007799981223697675
61	0.002060656022576925
62	0.0013294115143323943
63	0.003757077145472426
64	0.025100540218357226
65	0.07819389939674361
66	0.019997932954225667
67	0.019997932954225667
68	0.7712627042813435
69	0.013327194928720634
70	0.011147830387442766
71	0.005198130749138962
72	0.0007291465512741529
73	0.005283200023099468
74	0.037664258914665634
75	1.0
76	1.0
77	1.0
78	1.0
79	0.8640747434825136
80	0.8640747434825136
81	0.025928821455018472
82	0.006631244087325165
83	0.015175310452307482
84	0.012693727967806583
85	0.0038810552143591303
86	0.008189230970777112
87	0.5057153295259778
88	0.26418730551764474
89	0.5758441417787837
90	0.9524680951766598
91	0.9524680951766598
92	0.9838981538483188
93	0.6451399456130124
94	0.6245313223904277
95	0.9680555771461302
96	0.8925879504044913
97	0.07693483325865721
98	0.04219669209919026
99	0.013327194928720634
100	0.0083232506725889
101	0.013327194928720634
102	0.2729051014782441
103	0.2959790185358471
104	0.305745894681384
105	0.32100381758685564
106	0.44412711003286787
107	0.9838981538483188
108	0.6347520014624477
109	0.6664286233595222
110	0.2396695274125257
111	0.19724888986614708
112	0.22827757824649536
113	0.11925293695084214
114	0.06435386265758125
115	0.2912132099152615
116	0.26851082552023625
117	0.02390746372968351
118	0.0053696614862374335
119	0.25574799451756824
120	0.31583506350196977
121	0.9838981538483188
122	0.9838981538483188
123	0.2912132099152615
124	0.0370577948122046
125	0.010278768401209682
126	0.0053696614862374335
127	0.005546852487609676
128	0.029524436113288612
129	0.5574491330158785
130	0.9838981538483188
131	0.04084874312373918
132	0.025928821455018472
133	0.011704150977755607
134	0.0038810552143591303
135	0.027222771645920248
136	0.3425386759286075
137	0.9838981538483188
138	1.0
139	0.9220420515895167
140	0.9071954723294418
141	0.8640747434825136
142	0.9220420515895167
143	0.9371316004437271
144	1.0
145	1.0
146	0.9680555771461302
147	0.9071954723294418
148	0.8782156365502339
149	0.8501615448994049
150	0.8782156365502339
151	0.9071954723294418
152	1.0
153	1.0
154	1.0
155	1.0
156	0.9838981538483188
157	1.0
158	1.0
159	1.0
160	0.9680555771461302
161	0.7588439508744758
162	0.7227746524257324
163	0.15715080394779135
164	0.09197534264619776
165	0.08760357941344458
166	0.31074953590015464
167	0.3425386759286075
168	0.513991542262758
169	0.5852680376789788
170	0.7111366461700486
171	0.03361866366814549
172	0.02551131956105572
173	0.04883453939311235
174	0.26418730551764474
175	0.2729051014782441
176	0.2912132099152615
177	0.7346031188276403
178	0.6996860333005861
179	0.09049436982916183
180	0.028581295041563655
181	0.009174704819918202
182	0.04651334071458662
183	0.27737129133826594
184	0.2959790185358471
185	0.3370231708678045
186	0.2004769386898946
187	0.6556978921951104
188	0.6556978921951104
189	0.6664286233595222
190	0.6451399456130124
191	0.6884197964379097
192	0.8925879504044913
193	0.9371316004437271
194	0.40291010336057753
195	0.3715000583087311
196	0.36551822152450336
197	0.40291010336057753
198	0.3837590186752804
199	0.9680555771461302
200	1.0
