1	0.1732270593726278
2	0.3210038175868511
3	0.09348055211451996
4	0.3315964756209393
5	0.04288725609876025
6	0.04358912142584555
7	0.7967132492072908
8	1.0
9	0.96805557714613
10	0.96805557714613
11	0.7712627042813325
12	0.6664286233595221
13	0.6451399456130031
14	0.9371316004437404
15	0.7346031188276402
16	0.809751747262771
17	0.19094788792080922
18	0.008189230970776996
19	0.009174704819918202
20	0.12318811002815043
21	0.0047928951403666395
22	0.006962169253653824
23	0.9838981538483188
24	1.0
25	0.809751747262771
26	0.7588439508744756
27	0.8640747434825014
28	0.6996860333005959
29	0.5948461590153626
30	0.6144752151203823
31	0.20375781569034018
32	0.371500058308731
33	0.3775797899972509
34	0.3210038175868511
35	0.9220420515895035
36	0.7588439508744756
37	0.9371316004437404
38	0.9071954723294416
39	0.9524680951766462
40	0.09975178733729187
41	0.02240443974754898
42	0.010446984132459453
43	0.019997932954225667
44	0.10644373457266824
45	0.13360357026643588
46	0.9524680951766462
47	0.8364723744993591
48	0.03416884515602848
49	0.06647744631284418
50	0.05044600800408381
51	0.03049869946550789
52	0.9524680951766462
53	0.9838981538483188
54	1.0
55	0.003299523896879402
56	0.0013080055346563406
57	0.0017518905076602488
58	0.0019311058764015323
59	0.00902697513442079
60	1.0
61	1.0
62	0.009477456704464872
63	0.008459463654885604
64	0.00932485215470036
65	1.0
66	0.032544734860148215
67	0.00041987477004942157
68	0.0028051283336035368
69	0.007076107650393087
70	0.0024238405452939723
71	0.012693727967806582
72	0.0769348332586572
73	0.029049038185277296
74	0.012090370898187257
75	0.154620385880011
76	0.9524680951766462
77	0.2865241396118646
78	0.28191057199709557
79	0.40950387170122843
80	0.009950419076984443
81	0.0007291465512741477
82	0.001962709116638142
83	0.6556978921951104
84	1.0
85	1.0
86	1.0
87	1.0
88	0.7111366461700385
89	0.04084874312373917
90	0.007927630713798487
91	0.01619336115132798
92	0.9524680951766462
93	0.3837590186752749
94	0.27737129133826594
95	0.3210038175868511
96	0.9838981538483188
97	0.21392613224755633
98	0.015175310452307482
99	0.029524436113288612
100	0.40950387170122843
101	0.19094788792080922
102	0.015932618141390686
103	0.022043686905619336
104	0.008881624169591295
105	0.01967592931444509
106	0.9838981538483188
107	0.7967132492072908
108	0.9524680951766462
109	0.9838981538483188
110	1.0
111	1.0
112	0.823003625015039
113	0.96805557714613
114	0.96805557714613
115	0.96805557714613
116	0.019997932954225667
117	0.027668282067045122
118	0.0011487109132294472
119	0.0012458335400746532
120	0.22098538275893195
121	0.6144752151203823
122	0.03416884515602848
123	0.0003238337506078195
124	0.00010913947746386269
125	0.0006944888267967083
126	0.00010063118771018634
127	0.034728030561276546
128	1.0
129	0.008738613623635485
130	0.0004480424839484732
131	0.003299523896879402
132	1.0
133	1.0
134	0.004715720680195249
135	0.0022348829091087073
136	0.006214348384488034
137	0.0037570771454724793
138	0.009632558682416177
139	0.062298115656567614
140	0.048834539393112344
141	0.053830228305391865
142	0.029049038185277296
143	0.9524680951766462
144	0.9524680951766462
145	0.8640747434825014
146	0.96805557714613
147	0.062298115656567614
148	0.03587400494469159
149	0.03202070454638331
150	0.032544734860148215
151	0.08760357941344458
152	0.05127157501696203
153	0.823003625015039
154	0.823003625015039
155	0.8364723744993591
156	0.23581040555488306
157	0.40950387170122843
158	0.25162997965624534
159	0.4513954094697244
160	0.9220420515895035
161	0.7227746524257325
162	0.6556978921951104
163	0.6664286233595221
164	0.6556978921951104
165	0.46629079995640094
166	0.3370231708678044
167	0.31074953590015464
168	0.10304345090533383
169	0.14489964968096342
170	0.8640747434825014
171	0.7346031188276402
172	0.3538419528953351
173	0.3837590186752749
174	0.12318811002815043
175	0.08343961441457963
176	0.13145230613269226
177	0.007076107650393087
178	0.8640747434825014
179	0.8782156365502338
180	0.9071954723294416
181	0.9071954723294416
182	0.8925879504044913
183	0.8925879504044913
184	1.0
185	0.05044600800408381
186	0.011895693606067882
187	0.008881624169591295
188	0.34814444420780405
189	0.7346031188276402
190	0.11925293695084044
191	0.6347520014624387
192	0.22460188780169194
193	0.6884197964378999
194	0.7111366461700385
195	0.34253867592860254
196	0.30574589468138397
197	0.3775797899972509
198	0.4299397258291107
199	0.5224031981891458
200	1.0
