1	0.9371316004437271
2	0.9371316004437271
3	1.0
4	1.0
5	0.2282775782464921
6	0.11925293695083876
7	0.1472709844146121
8	0.19407281858793252
9	1.0
10	0.002945115272426226
11	0.001538537637351136
12	0.001751890507660224
13	0.005457537922227999
14	0.00818923097077688
15	0.012901465378461631
16	0.004141419638950772
17	0.001695927376489845
18	0.006850065475449428
19	0.008323250672588899
20	0.009174704819918071
21	0.00818923097077688
22	0.006524468815236625
23	0.04727454821686414
24	1.0
25	1.0
26	1.0
27	0.9220420515894904
28	1.0
29	0.3900393726467252
30	0.04288725609875902
31	0.0036370594844427925
32	0.004009124378788865
33	0.011515692539375573
34	1.0
35	1.0
36	1.0
37	1.0
38	1.0
39	1.0
40	1.0
41	0.012901465378461631
42	0.008881624169591297
43	0.00818923097077688
44	0.04727454821686414
45	0.20047693868988892
46	0.34253867592859777
47	0.548473172838661
48	0.2516299796562418
49	0.1818717710859343
50	0.1546203858800088
51	0.0002417824266136665
52	0.0008716923278076608
53	0.0027599605887400525
54	0.00135116781054284
55	0.0006300371192533596
56	1.0
57	0.012090370898187085
58	0.003944570074838652
59	0.06331764666180247
60	0.13801229332338863
61	0.028121083425988593
62	0.02099590847766533
63	1.0
64	1.0
65	1.0
66	1.0
67	1.0
68	1.0
69	0.022043686905619024
70	0.02722277164591986
71	0.16233655139003125
72	0.9838981538483049
73	0.9838981538483049
74	0.08343961441457845
75	0.011895693606067882
76	0.011895693606067882
77	0.002163490864431221
78	0.0027599605887400525
79	0.004141419638950772
80	0.0008716923278076608
81	0.00025384832083937166
82	0.007927630713798489
83	0.03099782162027393
84	0.09501039487561763
85	0.40291010336057753
86	0.10995622264422822
87	0.06979493239667338
88	0.02133951404984792
89	0.007550815325235523
90	0.004348092770690338
91	0.003578496112179833
92	0.0031426912410505493
93	0.001167509979296634
94	4.8471800716521954e-05
95	0.0004938764550907759
96	1.984939006174612e-05
97	8.959923554646296e-06
98	7.273367172041858e-05
99	0.001538537637351136
100	6.387584780858405e-05
101	0.003520875718327124
102	1.0
103	1.0
104	1.0
105	1.0
106	0.003464183119191431
107	6.0839707090035407e-05
108	0.001538537637351136
109	7.273367172041858e-05
110	8.815652244038433e-06
111	2.0504390998152176e-05
112	0.0004938764550907759
113	4.8471800716521954e-05
114	0.0012662220527620582
115	0.0032463954707180544
116	0.0036965812672960312
117	0.0044192508682770176
118	0.007674387126047583
119	0.018142034232021008
120	0.06331764666180247
121	0.300822821323712
122	0.5665719880005069
123	0.1272531380804714
124	0.13145230613269226
125	0.17043778391329922
126	1.0
127	0.9838981538483049
128	0.1272531380804714
129	0.12318811002814693
130	0.1972488898661471
131	1.0
132	0.9838981538483049
133	0.9680555771461163
134	0.8782156365502214
135	0.8782156365502214
136	0.20709238541954456
137	0.13579004060925667
138	0.13579004060925667
139	0.9680555771461163
140	0.9680555771461163
141	0.15213071221465535
142	0.02858129504156366
143	0.03587400494469108
144	0.5665719880005069
145	0.03828064801966438
146	0.0008438466194896987
147	0.0020274756563298415
148	0.007927630713798489
149	0.007927630713798489
150	0.007674387126047583
151	0.006419412822152334
152	0.003881055214359075
153	0.5057153295259778
154	0.5057153295259778
155	0.006962169253653725
156	0.00021934392271274688
157	0.0016417519552458227
158	0.002163490864431221
159	0.008323250672588899
160	0.9838981538483049
161	1.0
162	1.0
163	0.17043778391329922
164	0.111755695662356
165	0.11544347070631693
166	0.111755695662356
167	0.040191002946470614
168	0.03529636723622702
169	0.1472709844146121
170	1.0
171	0.13801229332338863
172	0.10138426111191785
173	0.6664286233595221
174	0.3262571601860466
175	0.02352250942683091
176	0.017279708787602804
177	0.03646109590141739
178	0.018142034232021008
179	0.9680555771461163
180	0.9838981538483049
181	0.9838981538483049
182	0.9838981538483049
183	0.04883453939311166
184	0.04219669209918966
185	0.040848743123738596
186	0.05044600800408381
187	0.03472803056127605
188	0.10138426111191785
189	0.12520412762878277
190	0.13579004060925667
191	0.03416884515602799
192	0.04963373414423558
193	0.8364723744993591
194	0.9524680951766463
195	0.9680555771461163
196	0.9524680951766463
197	0.9371316004437271
198	0.9071954723294289
199	0.9220420515894904
200	0.9838981538483049
