1	1.0
2	0.8925879504045041
3	0.8782156365502465
4	0.8925879504045041
5	0.9838981538483328
6	0.9838981538483328
7	0.6045810297425014
8	0.5758441417787838
9	0.5484731728386767
10	0.5574491330158865
11	0.6884197964379195
12	0.9524680951766599
13	0.9220420515895298
14	0.6245313223904277
15	0.027668282067045125
16	0.015423659850313087
17	0.027668282067045125
18	0.06331764666180247
19	0.699686033300596
20	0.9371316004437406
21	0.9371316004437406
22	0.8925879504045041
23	0.8501615448994049
24	0.26851082552023625
25	0.2641873055176485
26	0.35384195289533515
27	0.5948461590153712
28	0.5948461590153712
29	0.7712627042813436
30	0.5224031981891458
31	0.5224031981891458
32	0.513991542262758
33	0.9220420515895298
34	0.8640747434825137
35	0.9371316004437406
36	0.4816777166152449
37	0.42301690250932045
38	0.44412711003287414
39	0.4299397258291168
40	0.9071954723294419
41	0.9524680951766599
42	0.8782156365502465
43	0.9524680951766599
44	0.7838846950415602
45	0.7967132492073021
46	0.8230036250150508
47	0.9524680951766599
48	0.9680555771461302
49	0.8782156365502465
50	0.8782156365502465
51	0.8782156365502465
52	0.9071954723294419
53	0.9371316004437406
54	0.006419412822152426
55	0.004074735137074952
56	0.00030347484098480504
57	0.00037477516042497565
58	0.05383022830539339
59	1.0
60	0.9524680951766599
61	0.513991542262758
62	0.029524436113288612
63	0.029049038185277716
64	0.7346031188276507
65	0.7111366461700486
66	0.7111366461700486
67	0.08209608258032165
68	0.023522509426831584
69	0.005198130749138963
70	0.4299397258291168
71	0.4369758436353341
72	0.466290799956401
73	0.1314523061326923
74	0.05044600800408453
75	0.00023405882653929145
76	0.0015137643410159801
77	0.002198897168339217
78	0.00010565307984570667
79	0.0004198747700494216
80	0.0018694178137101957
81	0.0001559835015557274
82	0.0012458335400746534
83	0.9524680951766599
84	1.0
85	1.0
86	0.5224031981891458
87	0.4975723790934108
88	0.9524680951766599
89	0.9524680951766599
90	0.8640747434825137
91	1.0
92	0.3900393726467363
93	0.06030803830703665
94	0.0358740049446921
95	0.004074735137074952
96	0.001839316735680622
97	0.002384812237737476
98	0.003696581267296084
99	1.0
100	1.0
101	1.0
102	1.0
103	1.0
104	1.0
105	0.002384812237737476
106	2.297184382655015e-05
107	5.701481207581327e-05
108	0.0034641831191914805
109	0.004141419638950891
110	0.0038185630603913947
111	0.1818717710859395
112	0.6556978921951199
113	0.7967132492073021
114	0.8364723744993591
115	0.8640747434825137
116	0.0020606560225769396
117	0.0007907953330514327
118	0.0018097003405784802
119	6.387584780858406e-05
120	3.989246770070471e-05
121	0.0018694178137101957
122	0.0015137643410159801
123	0.0002843958634265
124	0.04963373414423629
125	0.42301690250932045
126	0.5758441417787838
127	0.27737129133826993
128	0.052110652730085555
129	0.012901465378461817
130	0.010446984132459602
131	0.04151724745489924
132	0.06435386265758218
133	0.4895605451959228
134	0.42301690250932045
135	0.3837590186752804
136	0.5057153295259778
137	0.05560654736795844
138	0.0022348829091087073
139	0.0035208757183272247
140	0.0030920881101850054
141	0.005546852487609637
142	0.7111366461700486
143	0.4816777166152449
144	0.47392181612761314
145	0.44412711003287414
146	0.513991542262758
147	0.466290799956401
148	0.6144752151203998
149	0.6664286233595317
150	0.9680555771461302
151	0.9838981538483328
152	0.9524680951766599
153	1.0
154	1.0
155	1.0
156	1.0
157	1.0
158	0.9838981538483328
159	1.0
160	1.0
161	1.0
162	1.0
163	0.3900393726467363
164	0.210481526578285
165	0.22827757824649536
166	0.4162055494255606
167	0.0876035794134446
168	0.021339514049848227
169	0.009790198959862228
170	0.019997932954225667
171	0.1472709844146142
172	0.34814444420780405
173	0.30574589468138835
174	0.34814444420780405
175	0.8782156365502465
176	0.8364723744993591
177	0.8640747434825137
178	0.9680555771461302
179	0.8501615448994049
180	0.8230036250150508
181	0.3900393726467363
182	0.2819105719970956
183	0.272905101478248
184	0.28652413961186873
185	0.272905101478248
186	0.23201342268367614
187	0.5224031981891458
188	0.9680555771461302
189	0.7466251623243717
190	0.7111366461700486
191	0.5484731728386767
192	0.4095038717012343
193	0.40291010336058325
194	0.45139540946972445
195	0.9220420515895298
196	0.9071954723294419
197	0.9220420515895298
198	0.9220420515895298
199	0.9371316004437406
200	0.9680555771461302
