1	1.0
2	0.8925879504044915
3	0.758843950874465
4	0.758843950874465
5	0.7967132492072908
6	0.8364723744993591
7	0.6664286233595222
8	0.1496811268916314
9	0.024696375181436803
10	0.00018647776819776457
11	1.9215312752222576e-05
12	0.0007174059456835025
13	0.0011302145468318695
14	4.926505911911137e-05
15	0.0005101736581558108
16	0.0005101736581558108
17	8.417520853263029e-05
18	4.3973398145684344e-05
19	1.1617213570562943e-05
20	0.0011302145468318695
21	0.14727098441461212
22	1.0
23	1.0
24	1.0
25	1.0
26	0.14727098441461212
27	0.0011302145468318695
28	1.6336119975154778e-05
29	4.847180071652196e-05
30	8.417520853263029e-05
31	0.0005101736581558108
32	0.0005101736581558108
33	4.926505911911137e-05
34	0.0011302145468318695
35	0.0007058543855178055
36	2.411822920146118e-05
37	0.0001534718792114722
38	0.013992274382953229
39	0.07819389939674361
40	0.4739218161276064
41	0.5396417421912961
42	0.1252041276287828
43	0.22460188780169194
44	0.1940728185879353
45	0.10138426111191784
46	0.08903724340857806
47	0.24757827243666988
48	0.16233655139003128
49	0.17043778391329922
50	0.3210038175868511
51	0.9680555771461301
52	0.7111366461700386
53	0.2282775782464921
54	0.17043778391329922
55	0.15715080394779135
56	0.1496811268916314
57	0.20375781569033732
58	0.21392613224755636
59	0.2641873055176448
60	0.3057458946813797
61	0.44412711003286787
62	0.48167771661523806
63	0.1496811268916314
64	0.06129500098272593
65	0.5139915422627507
66	0.5057153295259706
67	0.1380122933233906
68	0.23581040555487973
69	0.38375901867527495
70	0.8501615448993927
71	0.9371316004437271
72	0.005114431247540004
73	0.0029933131400917898
74	0.0034641831191914805
75	0.003042299783147321
76	0.006739766775034895
77	0.07093715149650867
78	1.0
79	0.9838981538483189
80	0.9838981538483189
81	0.9838981538483189
82	1.0
83	1.0
84	0.060308038307034934
85	0.020657835589543483
86	0.018142034232021265
87	0.007309608887594824
88	0.0037570771454724255
89	0.007674387126047693
90	0.9524680951766462
91	0.28191057199709163
92	0.1909478879208065
93	0.21392613224755636
94	0.8097517472627594
95	0.8925879504044915
96	0.34814444420780405
97	0.33159647562093936
98	0.5224031981891384
99	0.8097517472627594
100	0.6884197964379
101	0.8640747434825014
102	0.06435386265758127
103	0.031505112088108564
104	0.010617952774479945
105	0.01170415097775544
106	0.07327797408660716
107	0.9524680951766462
108	0.8364723744993591
109	1.0
110	0.2729051014782402
111	0.5852680376789788
112	0.17322705937262783
113	0.008057369233584962
114	0.8364723744993591
115	0.4230169025093144
116	0.4230169025093144
117	1.0
118	1.0
119	1.0
120	1.0
121	0.1760619823251855
122	0.1760619823251855
123	0.5948461590153626
124	0.0047928951403666395
125	0.38375901867527495
126	0.7967132492072908
127	0.45139540946972445
128	1.0
129	0.8097517472627594
130	0.9680555771461301
131	0.07209806342155671
132	0.028121083425988593
133	0.022771096439116734
134	0.019675929314445093
135	0.029524436113288616
136	0.8097517472627594
137	0.6996860333005861
138	0.8782156365502339
139	0.9680555771461301
140	0.9071954723294289
141	0.7111366461700386
142	0.7227746524257325
143	0.7111366461700386
144	0.6451399456130033
145	0.35384195289533016
146	0.18187177108593688
147	0.1597226332147545
148	0.14027091400017713
149	0.1597226332147545
150	0.24757827243666988
151	0.2641873055176448
152	0.22098538275893195
153	0.27737129133826594
154	0.2435918051833956
155	0.2729051014782402
156	0.2685108255202325
157	0.1760619823251855
158	0.1760619823251855
159	0.9220420515895035
160	0.9071954723294289
161	0.8501615448993927
162	0.8364723744993591
163	0.8501615448993927
164	0.7967132492072908
165	0.8097517472627594
166	0.8640747434825014
167	0.9524680951766462
168	0.7967132492072908
169	0.7712627042813325
170	0.7838846950415491
171	0.09348055211451997
172	0.025100540218356872
173	0.14489964968096344
174	0.12933568132306
175	0.23201342268367284
176	0.8925879504044915
177	0.8364723744993591
178	0.33159647562093936
179	0.09348055211451997
180	0.0376642589146651
181	0.06756537356313774
182	0.1336035702664359
183	0.01784991398793847
184	0.04883453939311235
185	0.17043778391329922
186	0.1496811268916314
187	0.7967132492072908
188	0.7838846950415491
189	0.9220420515895035
190	0.9220420515895035
191	0.9680555771461301
192	0.9838981538483189
193	0.8782156365502339
194	0.8782156365502339
195	1.0
196	0.7227746524257325
197	0.6884197964379
198	0.6884197964379
199	0.7227746524257325
200	0.8782156365502339
