1	0.9524680951766599
2	0.699686033300586
3	0.11733274450692356
4	0.08760357941344458
5	0.22098538275893195
6	0.36551822152450336
7	0.42301690250932045
8	0.4095038717012285
9	0.4895605451959158
10	0.566571988000515
11	0.35963270335588476
12	0.3158350635019698
13	0.36551822152450336
14	0.6245313223904189
15	0.9071954723294418
16	0.9371316004437271
17	0.8364723744993472
18	0.7967132492073021
19	0.3158350635019698
20	0.4895605451959158
21	0.4895605451959158
22	0.7346031188276403
23	0.7227746524257326
24	0.8925879504044915
25	0.6773349667878948
26	0.305745894681384
27	0.2641873055176485
28	0.26851082552023625
29	0.6773349667878948
30	0.5484731728386689
31	0.08760357941344458
32	0.0015637163575655455
33	0.0022348829091086756
34	0.0043480927706904
35	0.007550815325235631
36	0.006739766775034894
37	0.006631244087325071
38	0.015175310452307484
39	0.4095038717012285
40	0.48167771661524483
41	0.5396417421912961
42	0.8640747434825014
43	0.6245313223904189
44	0.699686033300586
45	0.5948461590153711
46	0.31074953590015464
47	0.5948461590153711
48	0.7712627042813435
49	0.7346031188276403
50	0.6884197964379097
51	0.3775797899972509
52	0.14968112689163354
53	0.3900393726467308
54	0.16499324727369863
55	0.7346031188276403
56	0.4587826572335587
57	0.4662907999563944
58	0.6556978921951104
59	0.809751747262771
60	0.17894329980857993
61	0.1231881100281487
62	0.14027091400017713
63	0.24757827243666988
64	0.9071954723294418
65	0.8640747434825014
66	0.6773349667878948
67	0.9838981538483189
68	0.9680555771461301
69	0.9680555771461301
70	0.9524680951766599
71	0.746625162324361
72	0.9838981538483189
73	0.823003625015039
74	0.11175569566235918
75	0.04651334071458728
76	0.027222771645920248
77	0.1472709844146121
78	0.8640747434825014
79	0.7588439508744758
80	0.4095038717012285
81	0.4095038717012285
82	0.5309525138815142
83	0.8782156365502338
84	0.19094788792080922
85	0.11733274450692356
86	0.8640747434825014
87	0.1425664978143681
88	0.03954385360034534
89	0.03587400494469159
90	0.04151724745489924
91	0.09975178733729329
92	0.0965652740621615
93	0.12725313808047323
94	0.09501039487561765
95	0.8782156365502338
96	0.9220420515895166
97	0.16769342093829856
98	0.27290510147824404
99	0.08903724340857933
100	0.02551131956105536
101	0.010791719379643074
102	0.016458371314135432
103	0.05127157501696131
104	0.09814559940423159
105	1.0
106	0.45139540946972445
107	0.10304345090533384
108	0.09814559940423159
109	0.5484731728386689
110	0.7588439508744758
111	0.5758441417787838
112	0.9220420515895166
113	0.8925879504044915
114	0.8640747434825014
115	0.809751747262771
116	0.8640747434825014
117	0.9071954723294418
118	0.6556978921951104
119	1.0
120	0.9220420515895166
121	0.2865241396118687
122	0.006739766775034894
123	0.027222771645920248
124	0.5948461590153711
125	0.8925879504044915
126	0.8925879504044915
127	0.08760357941344458
128	0.022771096439116734
129	0.006114285902868147
130	0.026353155917208635
131	0.05651656845829405
132	0.1099562226442282
133	1.0
134	0.2557479945175683
135	0.19094788792080922
136	0.8782156365502338
137	0.014453999040223557
138	0.0330773411179359
139	0.04430247303072529
140	0.06129500098272593
141	0.04430247303072529
142	0.030997821620274812
143	0.009174704819918203
144	0.06435386265758127
145	0.8782156365502338
146	0.23201342268367284
147	0.2819105719970956
148	0.7588439508744758
149	0.5948461590153711
150	0.5852680376789788
151	0.6045810297425014
152	0.7227746524257326
153	0.7588439508744758
154	0.7588439508744758
155	0.7588439508744758
156	0.7838846950415491
157	0.21048152657828498
158	0.003246395470718101
159	0.003637059484442896
160	0.006962169253653824
161	0.006962169253653824
162	0.009026975134420794
163	0.008459463654885606
164	0.08760357941344458
165	0.0934805521145213
166	0.5309525138815142
167	0.513991542262758
168	0.5224031981891384
169	0.5852680376789788
170	0.5852680376789788
171	0.10472979393476875
172	0.1231881100281487
173	0.5396417421912961
174	0.566571988000515
175	0.7346031188276403
176	0.7227746524257326
177	0.699686033300586
178	0.35963270335588476
179	0.1380122933233906
180	0.5758441417787838
181	0.07569604040982107
182	0.008597905811488721
183	0.154620385880011
184	0.32100381758685564
185	0.3900393726467308
186	0.7967132492073021
187	0.8364723744993472
188	0.6347520014624477
189	0.48167771661524483
190	0.5574491330158785
191	0.22460188780169194
192	0.21392613224755938
193	0.6556978921951104
194	0.5758441417787838
195	0.746625162324361
196	0.5309525138815142
197	0.35384195289533515
198	0.38375901867528034
199	0.41620554942555466
200	0.5852680376789788
