1	0.6045810297425014
2	0.4441271100328742
3	0.4029101033605775
4	0.3538419528953351
5	0.5574491330158785
6	0.699686033300596
7	0.4441271100328742
8	0.0769348332586583
9	0.023143753598939273
10	0.42993972582912293
11	0.19407281858793526
12	0.23966952741252567
13	0.4029101033605775
14	0.9838981538483328
15	0.5139915422627652
16	0.2865241396118728
17	0.30082282132372057
18	0.39642250686331315
19	0.7227746524257324
20	0.005283200023099543
21	0.005918968568537472
22	0.012288234154010974
23	0.2209853827589351
24	0.8782156365502463
25	0.6045810297425014
26	0.6144752151203998
27	0.5139915422627652
28	0.7588439508744758
29	0.6347520014624477
30	0.5948461590153711
31	0.7227746524257324
32	0.46629079995640094
33	0.5309525138815142
34	0.5139915422627652
35	0.6347520014624477
36	0.7111366461700486
37	0.8782156365502463
38	0.8782156365502463
39	0.6664286233595316
40	0.6451399456130124
41	0.9071954723294418
42	0.2070923854195534
43	0.058381532829869284
44	0.03646109590141843
45	0.030997821620274812
46	0.0358740049446921
47	0.052963462250909324
48	0.9680555771461439
49	0.9524680951766599
50	0.9524680951766599
51	0.9524680951766599
52	1.0
53	0.0021988971683392484
54	0.0029933131400918323
55	0.016727718463300362
56	0.017279708787603047
57	0.06030803830703664
58	0.18787327440651988
59	0.9220420515895298
60	0.8501615448994048
61	0.8097517472627709
62	0.8097517472627709
63	0.4587826572335652
64	0.21048152657828498
65	0.030997821620274812
66	0.02678443476505567
67	0.331596475620944
68	0.11733274450692356
69	0.17322705937263028
70	0.19724888986614988
71	0.699686033300596
72	0.9371316004437404
73	0.6144752151203998
74	0.2729051014782479
75	0.29597901853585135
76	0.25574799451757185
77	0.4975723790934108
78	0.042196692099190254
79	0.03472803056127704
80	0.21392613224755938
81	0.0622981156565685
82	0.2282775782464986
83	0.37150005830873634
84	0.29597901853585135
85	0.575844141778792
86	0.7712627042813435
87	0.7346031188276507
88	0.699686033300596
89	0.8640747434825136
90	0.8230036250150506
91	0.8097517472627709
92	0.04963373414423628
93	0.008597905811488844
94	0.01469054391828043
95	0.014930959938100641
96	0.0224044397475493
97	0.8782156365502463
98	1.0
99	0.9838981538483328
100	0.9838981538483328
101	0.1448996496809655
102	0.07947357060372963
103	0.010791719379643227
104	0.006214348384488035
105	0.020995908477665932
106	0.8230036250150506
107	0.9220420515895298
108	0.9524680951766599
109	0.9220420515895298
110	0.9220420515895298
111	0.9524680951766599
112	0.9680555771461439
113	0.836472374499359
114	0.8640747434825136
115	0.28191057199709557
116	0.11925293695084214
117	0.1154434707063202
118	0.13145230613269226
119	0.8782156365502463
120	0.7588439508744758
121	0.7588439508744758
122	0.746625162324361
123	0.8230036250150506
124	0.7111366461700486
125	0.8782156365502463
126	0.9220420515895298
127	0.3262571601860559
128	0.2773712913382699
129	0.10644373457266823
130	0.15972263321475674
131	0.018740694914960117
132	0.013766972933527001
133	0.0242987179477618
134	0.042196692099190254
135	0.02678443476505567
136	0.021688742850449538
137	0.1448996496809655
138	0.05211065273008555
139	0.013545299253377184
140	0.013327194928720823
141	0.575844141778792
142	0.5309525138815142
143	0.836472374499359
144	0.8640747434825136
145	0.5309525138815142
146	0.4587826572335652
147	0.8782156365502463
148	0.7111366461700486
149	0.9838981538483328
150	0.9838981538483328
151	0.0622981156565685
152	0.0007291465512741477
153	0.0032995238968794955
154	0.18484816784601615
155	0.9838981538483328
156	0.9524680951766599
157	0.02678443476505567
158	0.006114285902868147
159	0.0043480927706904
160	0.015423659850313085
161	0.9524680951766599
162	0.9371316004437404
163	0.9371316004437404
164	0.9371316004437404
165	0.9371316004437404
166	0.017562497419084444
167	0.002463507565100727
168	0.0028510352648105333
169	0.01619336115132821
170	0.9838981538483328
171	0.9838981538483328
172	0.836472374499359
173	0.836472374499359
174	0.8501615448994048
175	0.9838981538483328
176	0.12120455403276079
177	0.11733274450692356
178	0.11925293695084214
179	0.12318811002815044
180	0.9220420515895298
181	0.8640747434825136
182	0.5665719880005149
183	0.8230036250150506
184	0.8230036250150506
185	0.35963270335588476
186	0.4029101033605775
187	0.9838981538483328
188	0.4739218161276131
189	0.48956054519592274
190	0.8501615448994048
191	0.026353155917209003
192	0.0358740049446921
193	0.15213071221465968
194	0.14968112689163354
195	0.14727098441461417
196	0.14968112689163354
197	0.14968112689163354
198	0.19724888986614988
199	0.2070923854195534
200	0.23966952741252567
