1	0.8925879504044913
2	0.8230036250150506
3	0.699686033300596
4	0.7712627042813435
5	0.7588439508744758
6	0.7967132492073021
7	0.9071954723294418
8	0.9524680951766598
9	0.49757237909340374
10	0.1909478879208092
11	0.04151724745489924
12	0.038907124553428256
13	0.4739218161276131
14	0.042196692099189956
15	0.029049038185277508
16	0.4739218161276131
17	0.5057153295259778
18	0.3900393726467363
19	0.5665719880005149
20	0.8364723744993591
21	0.2729051014782479
22	0.24359180518339907
23	0.2641873055176485
24	0.8364723744993591
25	0.8501615448994048
26	0.22098538275893506
27	0.22827757824649536
28	0.29597901853585135
29	0.28191057199709557
30	0.31074953590015686
31	0.3655182215245085
32	0.9838981538483328
33	0.9838981538483328
34	0.9071954723294418
35	0.513991542262758
36	0.46629079995640094
37	0.48956054519592274
38	0.5758441417787837
39	0.6045810297425014
40	0.051271575016962036
41	0.010968329737619204
42	0.01784991398793898
43	0.052963462250909324
44	0.057441482370143404
45	0.9680555771461301
46	0.6556978921951199
47	0.513991542262758
48	0.7712627042813435
49	0.013112602486345002
50	0.015423659850313085
51	0.25574799451756824
52	0.9838981538483328
53	0.014221262971401534
54	0.007076107650393238
55	0.033618663668145254
56	0.16769342093829737
57	0.7967132492073021
58	0.8640747434825012
59	0.9838981538483328
60	0.9838981538483328
61	0.37150005830873634
62	0.10818572446379315
63	0.022404439747548983
64	0.008057369233585078
65	0.7838846950415601
66	0.053830228305393
67	0.0013511678105428593
68	0.22460188780169352
69	0.9838981538483328
70	0.44412711003287414
71	0.43697584363533404
72	0.7712627042813435
73	0.8097517472627709
74	0.07447719441285175
75	0.04019100294647147
76	0.04804821315291693
77	0.055606547367958434
78	0.31074953590015686
79	0.746625162324361
80	0.5484731728386766
81	0.7588439508744758
82	0.35963270335588476
83	0.2641873055176485
84	0.30574589468138835
85	0.38375901867528034
86	0.1878732744065212
87	0.19407281858793662
88	0.176061982325188
89	0.21392613224755935
90	0.22460188780169352
91	0.3008228213237184
92	0.9838981538483328
93	0.6884197964379097
94	0.005198130749138962
95	0.007799981223697673
96	0.41620554942555466
97	0.5309525138815142
98	0.20709238541955194
99	0.210481526578285
100	0.48167771661523795
101	0.0025864462836876685
102	0.022043686905619496
103	0.42993972582911677
104	0.43697584363533404
105	0.5309525138815142
106	0.5758441417787837
107	0.5852680376789872
108	0.5574491330158785
109	0.5309525138815142
110	0.5224031981891458
111	0.5758441417787837
112	0.5852680376789872
113	0.9838981538483328
114	0.6245313223904277
115	0.42993972582911677
116	0.40950387170123426
117	0.46629079995640094
118	0.11175569566235838
119	0.023907463729683845
120	0.02858129504156406
121	0.004074735137074923
122	0.004278080449843537
123	0.45139540946972445
124	0.8782156365502464
125	0.5852680376789872
126	0.6245313223904277
127	0.46629079995640094
128	0.30574589468138835
129	0.0997517873372933
130	0.15715080394779135
131	0.0067397667750349905
132	0.04019100294647147
133	0.022404439747548983
134	0.029524436113288824
135	0.03954385360034534
136	0.09814559940423298
137	0.38375901867528034
138	0.3900393726467363
139	0.35384195289533515
140	0.9220420515895166
141	0.8364723744993591
142	0.8925879504044913
143	0.9220420515895166
144	1.0
145	0.9838981538483328
146	0.37150005830873634
147	0.33702317086780686
148	0.8782156365502464
149	0.29597901853585135
150	0.22460188780169352
151	0.2641873055176485
152	0.23966952741252398
153	0.03954385360034534
154	0.04019100294647147
155	0.07947357060372963
156	0.10304345090533529
157	0.16769342093829737
158	0.3900393726467363
159	0.7346031188276507
160	0.9220420515895166
161	0.8640747434825012
162	0.8230036250150506
163	0.7967132492073021
164	0.8097517472627709
165	0.5574491330158785
166	0.44412711003287414
167	0.41620554942555466
168	0.46629079995640094
169	0.46629079995640094
170	0.48167771661523795
171	0.513991542262758
172	0.2729051014782479
173	0.26851082552023436
174	0.6245313223904277
175	0.6144752151203998
176	0.6144752151203998
177	0.746625162324361
178	0.7588439508744758
179	0.8097517472627709
180	0.8640747434825012
181	0.8501615448994048
182	0.8097517472627709
183	0.7588439508744758
184	0.8364723744993591
185	0.29121320991526145
186	0.26851082552023436
187	0.2729051014782479
188	0.3900393726467363
189	0.41620554942555466
190	0.48167771661523795
191	0.513991542262758
192	0.5224031981891458
193	0.5948461590153711
194	0.9680555771461301
195	0.5948461590153711
196	0.45139540946972445
197	0.43697584363533404
198	0.45139540946972445
199	0.5224031981891458
200	0.699686033300596
