1	0.96805557714613
2	0.305745894681384
3	0.1496811268916314
4	0.1314523061326904
5	0.14027091400017713
6	0.04430247303072466
7	0.04219669209918966
8	0.03705779481220407
9	0.050446008004084525
10	0.96805557714613
11	0.96805557714613
12	0.9838981538483188
13	0.96805557714613
14	0.937131600443727
15	0.9220420515895166
16	0.03587400494469159
17	0.031505112088108564
18	0.02812108342598859
19	0.06435386265758125
20	0.9524680951766462
21	0.10818572446379238
22	0.01967592931444509
23	0.04358912142584555
24	0.210481526578282
25	0.8640747434825014
26	0.8640747434825014
27	0.8640747434825014
28	0.9524680951766462
29	0.8640747434825014
30	0.8230036250150389
31	0.8097517472627594
32	0.937131600443727
33	0.19407281858793526
34	0.14489964968096344
35	0.1314523061326904
36	0.11175569566235759
37	0.03049869946550789
38	0.01619336115132798
39	0.05383022830539263
40	0.9838981538483188
41	0.96805557714613
42	0.614475215120391
43	0.6045810297424927
44	0.35963270335587966
45	0.2320134226836728
46	0.08209608258032047
47	0.27290510147824404
48	0.08077418408895759
49	0.3262571601860512
50	0.09656527406216149
51	0.481677716615238
52	0.18484816784601352
53	0.5484731728386688
54	0.35963270335587966
55	0.30082282132371624
56	0.34814444420780405
57	0.18484816784601352
58	0.15972263321475447
59	0.21742711012397725
60	0.31074953590015464
61	0.03828064801966439
62	0.13801229332339057
63	0.20047693868989175
64	0.5665719880005069
65	0.8230036250150389
66	0.1496811268916314
67	0.09656527406216149
68	0.11733274450692356
69	0.2396695274125223
70	0.5057153295259705
71	0.6556978921951104
72	0.9071954723294289
73	0.9071954723294289
74	0.7111366461700385
75	0.4029101033605775
76	0.25574799451756824
77	0.7111366461700385
78	0.27290510147824404
79	0.2959790185358471
80	0.45878265723355866
81	0.5852680376789788
82	0.6556978921951104
83	0.783884695041549
84	0.40950387170122843
85	0.4299397258291168
86	0.4299397258291168
87	0.4230169025093144
88	0.48956054519591574
89	0.9838981538483188
90	0.746625162324361
91	0.7227746524257325
92	0.7111366461700385
93	0.5139915422627579
94	0.7111366461700385
95	0.7588439508744649
96	0.30082282132371624
97	0.1732270593726278
98	0.07327797408660612
99	0.00902697513442079
100	0.32100381758685104
101	0.3262571601860512
102	0.3655182215245033
103	0.783884695041549
104	0.7346031188276403
105	0.05560654736795764
106	0.03202070454638285
107	0.13360357026643588
108	0.6347520014624386
109	0.9220420515895166
110	0.6884197964379097
111	0.6045810297424927
112	0.3315964756209393
113	0.4230169025093144
114	0.2320134226836728
115	0.0794735706037285
116	0.057441482370142585
117	0.03954385360034534
118	0.03705779481220407
119	0.03646109590141791
120	0.034728030561276546
121	0.03049869946550789
122	6.706350389273314e-05
123	0.0005101736581558108
124	0.0009925720876842986
125	0.0005270086451645937
126	2.2238021533621457e-05
127	3.6190266078127803e-05
128	0.012288234154010974
129	1.0
130	1.0
131	1.0
132	1.0
133	1.0
134	1.0
135	0.012901465378461631
136	7.15625253283295e-05
137	2.4118229201461523e-05
138	0.0005270086451645937
139	0.0009925720876842986
140	0.0005101736581558108
141	7.273367172041961e-05
142	0.002384812237737442
143	0.0053696614862373945
144	0.006015834611932685
145	0.006850065475449526
146	0.009632558682416041
147	0.01517531045230748
148	0.034728030561276546
149	0.1314523061326904
150	0.614475215120391
151	0.8782156365502338
152	0.07327797408660612
153	0.006524468815236717
154	0.02204368690561934
155	0.02812108342598859
156	0.09656527406216149
157	0.05383022830539263
158	0.12318811002814867
159	0.6347520014624386
160	0.746625162324361
161	0.9838981538483188
162	0.96805557714613
163	0.96805557714613
164	0.8097517472627594
165	0.783884695041549
166	0.783884695041549
167	0.937131600443727
168	0.6556978921951104
169	0.31074953590015464
170	0.305745894681384
171	0.4299397258291168
172	0.4299397258291168
173	0.8364723744993471
174	0.05651656845829485
175	0.05383022830539263
176	0.08209608258032047
177	0.24359180518339563
178	0.7227746524257325
179	0.7111366461700385
180	0.7227746524257325
181	0.9524680951766462
182	0.937131600443727
183	0.8782156365502338
184	0.8782156365502338
185	0.8782156365502338
186	0.8925879504044913
187	0.8230036250150389
188	0.8230036250150389
189	0.8925879504044913
190	0.9071954723294289
191	0.8782156365502338
192	0.04883453939311235
193	0.03954385360034534
194	0.06331764666180247
195	0.13801229332339057
196	0.5224031981891384
197	0.4975723790934037
198	0.5139915422627579
199	0.5484731728386688
200	0.937131600443727
