1	0.026353155917208635
2	0.02204368690561934
3	0.002027475656329842
4	0.0060158346119326
5	0.02678443476505491
6	1.0
7	0.9838981538483049
8	0.9680555771461301
9	0.018740694914959853
10	0.0045650797047264175
11	0.025928821455018475
12	0.028581295041563252
13	0.02277109643911641
14	0.0861930000553915
15	0.907195472329429
16	0.039543853600344785
17	0.025928821455018475
18	0.05560654736795764
19	0.0861930000553915
20	0.03587400494469108
21	0.007076107650393089
22	0.002945115272426226
23	0.003464183119191431
24	0.07569604040982107
25	0.8925879504044915
26	0.35963270335587966
27	0.5396417421912962
28	0.5665719880005069
29	0.6884197964379001
30	0.39642250686330754
31	0.6144752151203824
32	0.6773349667878853
33	0.6347520014624387
34	0.7967132492072908
35	0.8364723744993472
36	0.8230036250150273
37	0.8097517472627594
38	0.8782156365502214
39	0.481677716615238
40	0.1972488898661471
41	0.1448996496809614
42	0.1760619823251855
43	0.6884197964379001
44	1.0
45	0.9680555771461301
46	0.9220420515895036
47	0.7967132492072908
48	0.9371316004437272
49	0.0861930000553915
50	0.02099590847766563
51	0.01445399904022356
52	0.018438935128663576
53	0.020657835589543483
54	0.07693483325865612
55	0.9838981538483049
56	0.05838153282986846
57	0.029049038185277303
58	0.0861930000553915
59	0.9524680951766463
60	0.9220420515895036
61	1.0
62	0.08343961441457964
63	0.008323250672588782
64	0.004792895140366572
65	0.019997932954225382
66	0.02099590847766563
67	0.016727718463299887
68	0.9680555771461301
69	0.9680555771461301
70	0.9680555771461301
71	0.018740694914959853
72	0.02099590847766563
73	0.0069621692536537255
74	0.011147830387442607
75	0.025928821455018475
76	0.907195472329429
77	0.758843950874465
78	0.7712627042813325
79	0.907195472329429
80	0.9371316004437272
81	0.8364723744993472
82	0.8364723744993472
83	0.8640747434825014
84	0.9838981538483049
85	0.1597226332147545
86	0.17322705937262536
87	0.013545299253376799
88	0.001751890507660224
89	0.011895693606067884
90	0.09975178733729188
91	0.9838981538483049
92	0.9524680951766463
93	0.6556978921951011
94	0.6451399456130033
95	0.466290799956401
96	0.4029101033605775
97	0.4299397258291108
98	0.758843950874465
99	0.47392181612760637
100	0.20709238541955047
101	0.22460188780169194
102	0.08480513362914896
103	0.8501615448993928
104	0.7838846950415379
105	0.9220420515895036
106	0.758843950874465
107	0.7111366461700385
108	0.043589121425845555
109	0.05127157501696058
110	0.9524680951766463
111	0.9371316004437272
112	0.9838981538483049
113	1.0
114	1.0
115	0.9524680951766463
116	0.3715000583087311
117	0.39003937264673083
118	0.8364723744993472
119	0.758843950874465
120	0.5309525138815068
121	0.18187177108593688
122	0.18187177108593688
123	0.1336035702664359
124	0.28191057199709163
125	0.5948461590153626
126	0.5309525138815068
127	0.5758441417787756
128	0.8501615448993928
129	0.10644373457266673
130	0.10995622264422822
131	0.466290799956401
132	0.8097517472627594
133	0.11733274450692356
134	0.060308038307034934
135	0.010968329737619126
136	0.007550815325235524
137	0.007550815325235524
138	0.05933696755250536
139	0.9680555771461301
140	0.8640747434825014
141	0.2865241396118647
142	0.1878732744065199
143	0.2865241396118647
144	0.26418730551764474
145	0.10304345090533237
146	0.02168874285044923
147	0.14256649781436606
148	0.7466251623243612
149	0.7466251623243612
150	0.8501615448993928
151	0.9680555771461301
152	0.2037578156903373
153	0.13579004060925667
154	0.17043778391329922
155	0.1496811268916314
156	0.8364723744993472
157	0.8364723744993472
158	0.0037570771454723726
159	0.00033451979230623877
160	0.005729890533725346
161	0.13145230613269043
162	0.0950103948756163
163	0.16769342093829617
164	1.0
165	0.9220420515895036
166	0.9220420515895036
167	0.907195472329429
168	0.9680555771461301
169	0.9680555771461301
170	1.0
171	0.04430247303072467
172	0.04430247303072467
173	0.8782156365502214
174	0.005457537922228078
175	0.12725313808047142
176	0.020325206299053933
177	0.12725313808047142
178	0.8782156365502214
179	0.05838153282986846
180	0.014221262971401333
181	0.008057369233584964
182	0.1972488898661471
183	0.8364723744993472
184	0.7967132492072908
185	0.907195472329429
186	0.32625716018604667
187	0.20709238541955047
188	0.08077418408895645
189	0.06647744631284323
190	0.0744771944128507
191	0.1909478879208065
192	0.4299397258291108
193	0.8782156365502214
194	0.8640747434825014
195	0.9838981538483049
196	0.9838981538483049
197	0.9838981538483049
198	0.9838981538483049
199	1.0
200	1.0
