1	0.9524680951766463
2	0.9371316004437406
3	0.9220420515895035
4	0.9680555771461302
5	0.3775797899972509
6	0.3262571601860513
7	0.9838981538483189
8	0.16233655139003125
9	0.10818572446379085
10	0.9220420515895035
11	0.9524680951766463
12	0.17043778391330164
13	0.1314523061326923
14	0.09501039487561765
15	0.06867110513305712
16	0.053830228305391865
17	0.04651334071458662
18	0.11358461770178932
19	0.09814559940423298
20	0.5758441417787756
21	0.10304345090533383
22	0.1117556956623576
23	0.5948461590153626
24	0.9524680951766463
25	0.9680555771461302
26	0.9524680951766463
27	0.8501615448993928
28	0.677334966787895
29	0.3900393726467364
30	0.40291010336057753
31	0.06979493239667438
32	0.34814444420780405
33	0.32100381758685115
34	0.2819105719970956
35	0.41620554942555466
36	0.40950387170122843
37	0.08619300005539274
38	0.2037578156903402
39	0.566571988000515
40	0.5574491330158785
41	0.5948461590153626
42	0.5309525138815068
43	0.677334966787895
44	0.677334966787895
45	0.6884197964379
46	0.7111366461700385
47	0.677334966787895
48	0.34814444420780405
49	0.2959790185358471
50	0.2685108255202325
51	0.2912132099152615
52	0.6045810297425014
53	0.9220420515895035
54	0.27737129133826594
55	0.09049436982916054
56	0.020995908477665783
57	0.0330773411179359
58	0.9524680951766463
59	0.006524468815236764
60	0.02551131956105572
61	0.03416884515602848
62	0.10644373457266824
63	0.9680555771461302
64	0.6884197964379
65	0.9838981538483189
66	0.9838981538483189
67	0.9838981538483189
68	1.0
69	0.023143753598939106
70	0.00479289514036664
71	0.004348092770690369
72	0.00394457007483868
73	0.006316048424505953
74	0.019675929314445093
75	0.5574491330158785
76	1.0
77	1.0
78	0.9524680951766463
79	0.9524680951766463
80	0.9524680951766463
81	0.41620554942555466
82	0.0472745482168648
83	0.04084874312373918
84	0.02551131956105572
85	0.023522509426831248
86	0.11733274450692356
87	0.05651656845829405
88	0.1117556956623576
89	0.39642250686330754
90	1.0
91	1.0
92	1.0
93	0.9838981538483189
94	0.3775797899972509
95	0.10644373457266824
96	0.33159647562093936
97	0.677334966787895
98	0.08903724340857933
99	0.009950419076984447
100	0.0028976934794106937
101	0.004209195456615582
102	0.03416884515602848
103	0.019359110527732683
104	0.015175310452307484
105	0.004348092770690369
106	0.000640347902665638
107	0.0001611307297206739
108	0.00040646211284929156
109	0.01445399904022366
110	0.9838981538483189
111	0.9680555771461302
112	0.9838981538483189
113	0.9680555771461302
114	0.6664286233595221
115	0.9838981538483189
116	0.08343961441457964
117	0.02390746372968351
118	0.004209195456615582
119	0.02551131956105572
120	0.9680555771461302
121	0.05296346225090933
122	0.054711179297213405
123	0.1117556956623576
124	0.3107495359001547
125	0.5574491330158785
126	0.4739218161276064
127	0.22098538275893195
128	0.1972488898661499
129	0.06756537356313774
130	0.10644373457266824
131	0.481677716615238
132	0.15213071221465752
133	0.18187177108593688
134	0.677334966787895
135	0.3596327033558797
136	0.43697584363533404
137	0.44412711003286787
138	0.2865241396118647
139	0.22098538275893195
140	0.16499324727369863
141	0.20709238541955047
142	0.7588439508744759
143	0.3008228213237163
144	0.2819105719970956
145	0.42301690250932045
146	0.9524680951766463
147	0.9371316004437406
148	0.8640747434825014
149	0.8230036250150273
150	0.7838846950415602
151	0.7111366461700385
152	0.5057153295259778
153	0.5484731728386688
154	0.5139915422627507
155	0.7227746524257325
156	0.3900393726467364
157	0.42301690250932045
158	0.42301690250932045
159	0.38375901867527495
160	0.3775797899972509
161	0.44412711003286787
162	0.5224031981891458
163	0.1314523061326923
164	0.1597226332147545
165	0.481677716615238
166	0.45139540946972445
167	0.6144752151203824
168	0.4895605451959158
169	0.5224031981891458
170	0.4587826572335522
171	0.4895605451959158
172	0.40291010336057753
173	0.3107495359001547
174	0.5396417421912962
175	0.9838981538483189
176	0.9838981538483189
177	0.23201342268367284
178	0.1117556956623576
179	0.03954385360034535
180	0.10138426111191785
181	0.028121083425988794
182	0.058381532829868465
183	0.04288725609875964
184	0.05044600800408382
185	0.9071954723294419
186	0.9220420515895035
187	0.17043778391330164
188	0.21392613224755636
189	0.3107495359001547
190	0.33159647562093936
191	0.9680555771461302
192	0.878215636550234
193	0.9371316004437406
194	0.9220420515895035
195	0.9838981538483189
196	0.9838981538483189
197	0.9838981538483189
198	1.0
199	1.0
200	1.0
