1	1.0
2	0.9838981538483259
3	0.9371316004437404
4	0.9220420515895101
5	0.836472374499359
6	0.836472374499359
7	0.6664286233595269
8	0.699686033300596
9	0.9371316004437404
10	0.9220420515895101
11	0.9220420515895101
12	0.9838981538483259
13	0.9680555771461301
14	0.9680555771461301
15	0.8230036250150331
16	0.7967132492072965
17	1.0
18	0.699686033300596
19	0.7111366461700435
20	0.7588439508744758
21	0.9680555771461301
22	0.9838981538483259
23	1.0
24	0.9838981538483259
25	0.22098538275893354
26	0.03472803056127679
27	0.011895693606067967
28	0.0016959273764898812
29	0.003818563060391367
30	0.176061982325188
31	1.0
32	0.8501615448993987
33	0.19407281858793662
34	0.023143753598939273
35	0.007191910689857912
36	0.003818563060391367
37	0.023522509426831414
38	0.2516299796562454
39	0.7346031188276455
40	0.9838981538483259
41	0.8925879504044977
42	0.4895605451959227
43	0.5948461590153669
44	0.9838981538483259
45	0.0876035794134446
46	0.042196692099189956
47	0.0104469841324596
48	0.49757237909340724
49	0.6245313223904277
50	1.0
51	1.0
52	1.0
53	0.08903724340857933
54	0.02858129504156406
55	0.023522509426831414
56	0.022404439747548983
57	0.02133951404984792
58	0.03587400494469159
59	0.1154434707063194
60	0.9680555771461301
61	0.836472374499359
62	0.836472374499359
63	0.9838981538483259
64	0.09501039487561763
65	0.011895693606067967
66	0.013545299253377087
67	0.014221262971401433
68	0.02812108342598879
69	0.059336967552506205
70	0.17894329980857865
71	0.9371316004437404
72	0.3837590186752776
73	0.3837590186752776
74	0.8640747434825075
75	0.9838981538483259
76	0.9838981538483259
77	0.9680555771461301
78	0.43697584363533404
79	0.3596327033558822
80	0.8925879504044977
81	0.15715080394779135
82	0.01593261814139069
83	0.00888162416959136
84	0.007076107650393139
85	0.013992274382953425
86	0.012288234154011063
87	0.09501039487561763
88	0.9680555771461301
89	0.7967132492072965
90	0.7967132492072965
91	0.9680555771461301
92	0.6245313223904277
93	0.699686033300596
94	0.07447719441285121
95	0.1154434707063194
96	0.8640747434825075
97	0.9838981538483259
98	0.22098538275893354
99	0.05044600800408417
100	0.011704150977755522
101	0.01151569253937574
102	0.001395754378613417
103	0.008323250672588899
104	0.8925879504044977
105	0.8230036250150331
106	0.746625162324361
107	0.9680555771461301
108	0.06647744631284418
109	0.03000761409888792
110	0.03254473486014845
111	0.04963373414423629
112	0.04358912142584585
113	0.04430247303072529
114	0.05044600800408417
115	0.9680555771461301
116	0.9680555771461301
117	0.9680555771461301
118	0.9680555771461301
119	0.025928821455018656
120	0.07947357060372963
121	0.9680555771461301
122	0.9838981538483259
123	0.9838981538483259
124	0.9838981538483259
125	0.06435386265758171
126	0.023143753598939273
127	0.9838981538483259
128	0.9838981538483259
129	0.9838981538483259
130	0.9838981538483259
131	0.05127157501696203
132	0.019359110527732683
133	0.010791719379643225
134	0.03202070454638286
135	1.0
136	0.007799981223697674
137	0.016193361151328096
138	0.07327797408660716
139	0.9680555771461301
140	0.6347520014624477
141	0.9220420515895101
142	0.8782156365502402
143	0.030997821620274812
144	0.03254473486014845
145	0.02204368690561934
146	0.024696375181437153
147	0.04288725609876025
148	0.07447719441285121
149	0.677334966787895
150	0.6884197964379049
151	0.15715080394779135
152	0.3107495359001568
153	0.9220420515895101
154	0.6347520014624477
155	0.12318811002815043
156	0.033618663668145254
157	0.012489335512977668
158	0.010113261253784714
159	0.014453999040223764
160	0.030498699465507893
161	0.07209806342155722
162	0.9838981538483259
163	0.6347520014624477
164	0.6347520014624477
165	0.5852680376789872
166	0.8501615448993987
167	0.8925879504044977
168	0.9220420515895101
169	0.3262571601860559
170	0.2037578156903402
171	0.1878732744065212
172	0.8925879504044977
173	0.9838981538483259
174	0.6144752151203867
175	0.49757237909340724
176	0.9371316004437404
177	0.8925879504044977
178	0.16499324727370096
179	0.01593261814139069
180	0.007191910689857912
181	0.008057369233585077
182	0.014930959938100428
183	0.18484816784601482
184	0.05383022830539224
185	0.015423659850313085
186	0.01567607357528464
187	0.013766972933527
188	0.03202070454638286
189	0.21048152657828498
190	0.9524680951766531
191	0.9524680951766531
192	0.9680555771461301
193	0.9680555771461301
194	0.8230036250150331
195	0.8230036250150331
196	0.7588439508744758
197	0.8230036250150331
198	0.9371316004437404
199	1.0
200	1.0
