1	1.0
2	0.9524680951766599
3	0.5309525138815143
4	0.46629079995640094
5	0.4299397258291168
6	0.23581040555488306
7	0.771262704281338
8	0.8097517472627767
9	0.8097517472627767
10	0.4739218161276131
11	0.46629079995640094
12	0.6773349667878997
13	0.04084874312373918
14	0.038907124553428256
15	0.058381532829868445
16	0.1425664978143681
17	0.9680555771461371
18	0.8230036250150449
19	0.8230036250150449
20	0.9071954723294419
21	0.9838981538483258
22	0.5484731728386727
23	0.4739218161276131
24	0.45139540946972767
25	0.5396417421912999
26	0.7588439508744758
27	0.7111366461700486
28	0.699686033300596
29	0.4299397258291168
30	0.3655182215245059
31	0.8230036250150449
32	0.8925879504044915
33	0.9680555771461371
34	0.8501615448994048
35	0.8640747434825075
36	0.8501615448994048
37	0.37757978999725356
38	0.5224031981891458
39	0.3964225068633104
40	0.40950387170123137
41	0.31583506350196977
42	0.3964225068633104
43	0.3715000583087337
44	0.3315964756209417
45	0.16769342093829737
46	0.08760357941344458
47	0.3008228213237184
48	0.2320134226836728
49	0.37757978999725356
50	0.6773349667878997
51	0.771262704281338
52	0.9524680951766599
53	0.9680555771461371
54	0.9524680951766599
55	0.9220420515895166
56	0.9680555771461371
57	1.0
58	0.3008228213237184
59	0.19407281858793524
60	0.15715080394779246
61	0.24359180518339907
62	0.9680555771461371
63	0.9220420515895166
64	0.9220420515895166
65	0.9680555771461371
66	0.2209853827589335
67	0.2037578156903431
68	0.05127157501696203
69	0.1521307122146586
70	0.9371316004437404
71	0.9371316004437404
72	0.9371316004437404
73	0.04358912142584586
74	0.045764390058400266
75	0.07693483325865776
76	0.0756960404098216
77	1.0
78	0.9680555771461371
79	0.9680555771461371
80	0.9524680951766599
81	0.9524680951766599
82	0.9524680951766599
83	0.9071954723294419
84	0.9838981538483258
85	0.030997821620274812
86	0.02168874285044938
87	0.05933696755250663
88	0.0622981156565685
89	0.8364723744993591
90	0.8097517472627767
91	0.8230036250150449
92	0.9524680951766599
93	0.9524680951766599
94	0.9071954723294419
95	0.8364723744993591
96	0.7967132492072965
97	0.8501615448994048
98	0.9524680951766599
99	0.9524680951766599
100	0.9071954723294419
101	0.8230036250150449
102	0.7588439508744758
103	0.8640747434825075
104	0.6556978921951151
105	0.6556978921951151
106	0.48956054519591924
107	0.6347520014624477
108	0.7227746524257376
109	0.9071954723294419
110	0.8097517472627767
111	0.44412711003287103
112	0.3262571601860559
113	0.48956054519591924
114	0.6144752151203954
115	0.20709238541955194
116	0.1878732744065212
117	0.5758441417787838
118	0.6144752151203954
119	0.7227746524257376
120	0.9071954723294419
121	0.9680555771461371
122	0.9680555771461371
123	0.9371316004437404
124	0.9220420515895166
125	0.9680555771461371
126	0.8097517472627767
127	0.7227746524257376
128	0.771262704281338
129	0.7588439508744758
130	0.9838981538483258
131	0.9524680951766599
132	0.8501615448994048
133	0.8925879504044915
134	0.7838846950415546
135	0.7111366461700486
136	0.34814444420780405
137	0.3964225068633104
138	0.5057153295259813
139	0.7588439508744758
140	0.7588439508744758
141	0.9680555771461371
142	0.7967132492072965
143	0.3900393726467364
144	0.0622981156565685
145	0.027222771645920248
146	0.058381532829868445
147	0.46629079995640094
148	0.1878732744065212
149	0.3596327033558822
150	0.28652413961186873
151	0.5665719880005149
152	0.3900393726467364
153	0.9524680951766599
154	0.9524680951766599
155	0.9220420515895166
156	0.8097517472627767
157	0.3596327033558822
158	0.018740694914960117
159	0.029049038185277508
160	0.21742711012398033
161	0.8501615448994048
162	0.8640747434825075
163	0.8501615448994048
164	0.8364723744993591
165	0.8230036250150449
166	0.9371316004437404
167	0.8501615448994048
168	0.7967132492072965
169	0.8364723744993591
170	0.9371316004437404
171	0.8364723744993591
172	0.7346031188276455
173	0.37757978999725356
174	0.1252041276287837
175	0.19407281858793524
176	0.746625162324361
177	0.8097517472627767
178	0.24359180518339907
179	0.19094788792080922
180	0.19094788792080922
181	0.21742711012398033
182	0.37757978999725356
183	0.41620554942555466
184	0.40950387170123137
185	0.37757978999725356
186	0.5665719880005149
187	0.5948461590153669
188	0.6556978921951151
189	0.7588439508744758
190	0.14027091400017813
191	0.2209853827589335
192	0.1972488898661485
193	0.16233655139003356
194	0.052963462250909706
195	0.22460188780169354
196	0.22460188780169354
197	0.44412711003287103
198	0.3008228213237184
199	0.3596327033558822
200	0.8925879504044915
