1	0.8097517472627824
2	0.699686033300596
3	0.7111366461700385
4	0.7346031188276402
5	0.9838981538483188
6	0.9680555771461439
7	0.9371316004437404
8	0.823003625015039
9	0.21392613224755938
10	0.22827757824649858
11	0.34253867592860743
12	0.3715000583087311
13	0.3655182215245085
14	0.25162997965624895
15	0.17043778391330405
16	0.3715000583087311
17	0.3655182215245085
18	0.8364723744993591
19	0.6556978921951198
20	0.7227746524257427
21	0.9220420515895167
22	0.9220420515895167
23	0.6664286233595221
24	0.6556978921951198
25	0.5484731728386766
26	0.6045810297425099
27	0.22098538275893506
28	0.3964225068633132
29	0.04219669209919026
30	0.01999793295422595
31	0.07947357060373077
32	0.5948461590153626
33	0.5396417421913038
34	0.3964225068633132
35	0.3900393726467363
36	0.34253867592860743
37	0.49757237909340374
38	0.11733274450692356
39	0.11544347070631857
40	0.18787327440651988
41	0.2912132099152615
42	0.5574491330158785
43	0.5309525138815067
44	0.22827757824649858
45	0.22098538275893506
46	0.24757827243666986
47	0.32100381758685564
48	0.34814444420780405
49	0.6045810297425099
50	0.35963270335588476
51	0.4029101033605832
52	0.6045810297425099
53	0.746625162324361
54	0.41620554942555466
55	0.32100381758685564
56	0.33702317086780925
57	0.3158350635019698
58	0.5574491330158785
59	0.5852680376789872
60	0.8640747434825136
61	0.6556978921951198
62	0.6664286233595221
63	0.6773349667879045
64	0.7712627042813436
65	0.746625162324361
66	0.28652413961186873
67	0.22827757824649858
68	0.5057153295259849
69	0.7712627042813436
70	0.7712627042813436
71	0.7712627042813436
72	0.7967132492072908
73	0.7227746524257427
74	0.34814444420780405
75	0.3715000583087311
76	0.9680555771461439
77	0.5224031981891457
78	0.20375781569034312
79	0.02678443476505567
80	0.0009453932456821843
81	0.0006508274257463041
82	0.00010913947746386268
83	0.00014150752636944632
84	8.555276600875523e-05
85	0.00010227805318730318
86	0.0047928951403666395
87	0.26851082552023625
88	0.052110652730084805
89	0.049633734144236996
90	0.08209608258032164
91	0.3057458946813884
92	0.21742711012398036
93	0.35963270335588476
94	0.5484731728386766
95	0.9680555771461439
96	0.9524680951766462
97	0.01967592931444537
98	0.003464183119191529
99	0.005546852487609716
100	0.9838981538483188
101	0.9838981538483188
102	1.0
103	1.0
104	1.0
105	1.0
106	0.019047393108381872
107	0.020325206299054217
108	0.02390746372968385
109	0.9371316004437404
110	0.9371316004437404
111	0.20047693868989458
112	0.08343961441457963
113	0.07209806342155774
114	0.03766425891466563
115	0.9680555771461439
116	0.9680555771461439
117	1.0
118	0.03646109590141791
119	0.0019311058764015598
120	0.01700147357515921
121	0.0290490381852773
122	0.03202070454638331
123	0.21392613224755938
124	1.0
125	1.0
126	1.0
127	0.9680555771461439
128	0.20047693868989458
129	0.016458371314135432
130	0.0016417519552458459
131	0.0037570771454724793
132	0.004639788871308575
133	0.02314375359893927
134	0.9680555771461439
135	0.9838981538483188
136	0.9838981538483188
137	0.062298115656567614
138	0.05838153282986845
139	0.00611428590286806
140	0.14256649781437009
141	0.48956054519592274
142	0.3538419528953351
143	0.3837590186752804
144	0.8640747434825136
145	0.7346031188276402
146	0.2320134226836728
147	0.11544347070631857
148	0.025511319561055717
149	0.19407281858793526
150	0.3964225068633132
151	0.9220420515895167
152	0.9524680951766462
153	0.004871332588256416
154	2.8368995688126133e-05
155	3.8618125843789594e-05
156	5.430478945470508e-05
157	2.01742324488663e-05
158	0.0050320794624388356
159	0.19724888986614988
160	0.4513954094697309
161	0.6664286233595221
162	0.9680555771461439
163	0.45878265723355866
164	0.24757827243666986
165	0.1789432998085799
166	0.18787327440651988
167	0.9071954723294546
168	0.9071954723294546
169	0.7227746524257427
170	0.41620554942555466
171	0.10138426111191928
172	0.005114431247540003
173	0.005546852487609716
174	0.01700147357515921
175	0.09814559940423298
176	0.1030434509053353
177	0.25162997965624895
178	0.6045810297425099
179	0.46629079995640094
180	0.6347520014624477
181	0.9371316004437404
182	0.8364723744993591
183	0.8640747434825136
184	0.8925879504044913
185	0.5852680376789872
186	0.6045810297425099
187	0.41620554942555466
188	0.8640747434825136
189	0.1472709844146142
190	0.012901465378461815
191	0.007429233258549036
192	0.011895693606068052
193	0.009632558682416177
194	0.010278768401209682
195	0.09348055211451997
196	0.28652413961186873
197	0.5057153295259849
198	0.3900393726467363
199	0.6245313223904276
200	0.7967132492072908
