1	0.42301690250932045
2	0.29597901853585135
3	1.0
4	0.12318811002815044
5	0.030498699465507893
6	0.010113261253784643
7	0.005114431247540076
8	0.001465408012805456
9	0.0011302145468318856
10	0.0025864462836876507
11	0.29597901853585135
12	0.5948461590153711
13	0.4029101033605775
14	0.4299397258291168
15	0.7588439508744758
16	0.6996860333005961
17	0.6556978921951105
18	0.9838981538483189
19	0.9680555771461302
20	0.6996860333005961
21	0.18484816784601615
22	0.10472979393476875
23	0.13579004060925667
24	0.513991542262758
25	0.9371316004437404
26	0.9371316004437404
27	0.9220420515895167
28	0.9524680951766599
29	0.2685108255202363
30	0.1972488898661499
31	0.21742711012397725
32	0.45878265723355866
33	0.8925879504045041
34	0.9524680951766599
35	0.6664286233595316
36	0.15972263321475677
37	0.15213071221465752
38	0.3158350635019698
39	0.5574491330158786
40	0.024298717947761804
41	0.12120455403276079
42	0.18787327440651988
43	0.4895605451959158
44	0.22098538275893512
45	0.0016417519552458459
46	3.678253276172629e-05
47	0.0007174059456835128
48	0.0011487109132294637
49	4.8471800716522645e-05
50	0.00041987477004942157
51	3.738449210201162e-05
52	0.0008576564720537132
53	0.003142691241050594
54	0.010278768401209682
55	0.052963462250909324
56	1.0
57	1.0
58	1.0
59	1.0
60	0.052963462250909324
61	0.010278768401209682
62	0.003092088110184961
63	0.0008302591310470713
64	3.799630272278663e-05
65	0.00041987477004942157
66	4.8471800716522645e-05
67	0.0011302145468318856
68	0.0007174059456835128
69	0.00012030425723314175
70	0.0018393167356806218
71	0.21392613224755938
72	0.5057153295259778
73	0.2685108255202363
74	0.14489964968096344
75	0.6884197964379097
76	0.7712627042813435
77	0.2685108255202363
78	0.44412711003287414
79	0.23581040555488308
80	0.7111366461700487
81	0.614475215120391
82	0.614475215120391
83	0.13145230613269226
84	0.19094788792080922
85	0.4369758436353279
86	0.3425386759286075
87	0.9071954723294418
88	0.3315964756209441
89	0.305745894681384
90	0.3964225068633132
91	0.6045810297425014
92	0.8501615448994049
93	0.7967132492073021
94	0.6664286233595316
95	0.5484731728386688
96	0.5948461590153711
97	0.8501615448994049
98	0.9524680951766599
99	0.0965652740621615
100	0.08760357941344458
101	0.09197534264619907
102	0.21392613224755938
103	0.9220420515895167
104	0.9371316004437404
105	0.9524680951766599
106	0.2516299796562454
107	0.08480513362914895
108	0.0330773411179359
109	0.030498699465507893
110	0.7111366461700487
111	0.7227746524257325
112	0.3158350635019698
113	0.28652413961186873
114	0.09814559940423298
115	0.2729051014782441
116	0.3008228213237163
117	0.05560654736795844
118	0.16769342093829856
119	0.12520412762878458
120	0.09501039487561766
121	0.08480513362914895
122	0.614475215120391
123	0.8501615448994049
124	0.5948461590153711
125	0.6451399456130125
126	0.8640747434825014
127	0.5309525138815142
128	0.44412711003287414
129	0.6884197964379097
130	0.9220420515895167
131	1.0
132	1.0
133	1.0
134	0.823003625015039
135	0.19094788792080922
136	0.1732270593726278
137	0.2037578156903402
138	0.305745894681384
139	0.3008228213237163
140	0.42301690250932045
141	0.10995622264422977
142	0.13801229332339254
143	0.03202070454638286
144	0.002945115272426268
145	0.29121320991525734
146	0.10472979393476875
147	0.15972263321475677
148	0.677334966787895
149	0.6045810297425014
150	0.746625162324361
151	1.0
152	0.9838981538483189
153	1.0
154	0.18787327440651988
155	0.05383022830539263
156	0.0358740049446916
157	0.0358740049446916
158	0.21392613224755938
159	0.9680555771461302
160	0.9680555771461302
161	1.0
162	1.0
163	0.210481526578285
164	0.027222771645920633
165	0.037664258914665634
166	0.045764390058399614
167	0.21742711012397725
168	0.9371316004437404
169	0.8782156365502339
170	0.7967132492073021
171	0.2773712913382699
172	0.12933568132306
173	0.06867110513305613
174	0.12933568132306
175	0.29121320991525734
176	0.8925879504045041
177	0.3837590186752804
178	0.3775797899972509
179	0.07947357060372963
180	0.09049436982916181
181	0.04883453939311236
182	0.029049038185277716
183	0.20047693868989458
184	0.8501615448994049
185	0.8364723744993591
186	0.8501615448994049
187	0.5396417421912961
188	0.0017236818362313376
189	0.00031348906834405315
190	0.0009608649452023766
191	0.003944570074838709
192	0.010113261253784643
193	0.030498699465507893
194	0.12725313808047323
195	0.305745894681384
196	0.4369758436353279
197	1.0
198	1.0
199	1.0
200	1.0
