1	0.31583506350196977
2	0.6884197964379
3	0.022043686905619336
4	0.0028976934794106932
5	0.005729890533725346
6	0.31074953590015464
7	0.9524680951766462
8	1.0
9	0.9838981538483189
10	0.20709238541955047
11	0.01619336115132798
12	0.006419412822152425
13	0.010791719379643227
14	0.010791719379643227
15	0.176061982325188
16	0.48167771661523795
17	0.31074953590015464
18	0.7346031188276403
19	0.24359180518339907
20	0.21742711012398033
21	0.30574589468138397
22	0.2320134226836728
23	0.10644373457266823
24	0.041517247454899237
25	0.3900393726467364
26	0.9371316004437403
27	0.9680555771461301
28	0.8925879504044913
29	0.8925879504044913
30	0.6556978921951198
31	0.7227746524257324
32	0.836472374499359
33	0.1909478879208092
34	0.0012662220527620944
35	0.0005715668219861406
36	0.004348092770690399
37	0.06756537356313774
38	0.07327797408660716
39	0.07447719441285175
40	0.1030434509053353
41	0.11175569566235759
42	0.3370231708678045
43	0.06540703669975813
44	0.13801229332339254
45	0.6347520014624477
46	0.012901465378461815
47	0.05383022830539263
48	0.4029101033605775
49	0.9680555771461301
50	0.9680555771461301
51	0.4299397258291107
52	0.030997821620274812
53	0.09814559940423298
54	0.1732270593726278
55	0.13579004060925667
56	0.5758441417787756
57	0.46629079995640094
58	0.5948461590153626
59	0.6045810297425014
60	0.8097517472627709
61	0.5665719880005149
62	0.48167771661523795
63	0.2685108255202325
64	0.5665719880005149
65	0.7111366461700385
66	0.8097517472627709
67	0.4299397258291107
68	0.13360357026643588
69	0.07947357060372963
70	0.030007614098887924
71	0.052963462250909324
72	0.08209608258032164
73	0.10818572446379238
74	0.2819105719970956
75	0.7838846950415601
76	0.8501615448994048
77	0.823003625015039
78	0.3775797899972509
79	0.27290510147824404
80	0.24757827243666986
81	0.24757827243666986
82	0.1496811268916314
83	0.1472709844146142
84	0.17894329980857737
85	0.3370231708678045
86	0.836472374499359
87	0.3837590186752749
88	0.1314523061326923
89	0.06129500098272679
90	0.013766972933527001
91	0.01517531045230748
92	0.003408403375565008
93	4.326534525397591e-05
94	1.0369384850360166e-05
95	2.2971843826550153e-05
96	0.0005019589204015527
97	0.00027531100170731244
98	0.09348055211451997
99	1.0
100	1.0
101	1.0
102	1.0
103	1.0
104	0.09501039487561765
105	0.000351213645895612
106	0.0005019589204015527
107	2.2971843826550153e-05
108	1.0202418610812094e-05
109	4.120886098121497e-05
110	0.004209195456615671
111	0.01517531045230748
112	0.04651334071458661
113	0.08480513362914895
114	0.15972263321475674
115	0.25162997965624534
116	0.5139915422627507
117	0.5057153295259776
118	0.48167771661523795
119	0.48167771661523795
120	0.3210038175868511
121	0.45878265723355866
122	0.8097517472627709
123	0.8782156365502464
124	0.9371316004437403
125	0.9371316004437403
126	0.8501615448994048
127	0.8501615448994048
128	0.3775797899972509
129	0.7111366461700385
130	0.7588439508744756
131	0.4895605451959227
132	0.3315964756209393
133	0.34253867592860743
134	0.46629079995640094
135	0.47392181612761314
136	0.5852680376789872
137	0.7588439508744756
138	0.24359180518339907
139	0.10995622264422977
140	0.14489964968096344
141	0.9680555771461301
142	0.6556978921951198
143	0.06647744631284419
144	0.03416884515602847
145	0.0547111792972134
146	0.6664286233595221
147	0.1496811268916314
148	0.016458371314135432
149	0.012901465378461815
150	0.05044600800408381
151	0.9838981538483189
152	0.03828064801966494
153	0.011895693606067882
154	0.015932618141390686
155	0.009174704819918202
156	0.005198130749138962
157	0.008189230970776996
158	0.008057369233585078
159	0.030007614098887924
160	0.154620385880011
161	0.27737129133826594
162	0.42301690250932045
163	0.34814444420780405
164	0.9680555771461301
165	0.48167771661523795
166	0.23581040555488308
167	0.7712627042813325
168	0.3008228213237163
169	0.2396695274125223
170	0.18187177108593688
171	0.3837590186752749
172	0.4441271100328678
173	0.5139915422627507
174	0.7227746524257324
175	0.9838981538483189
176	0.9371316004437403
177	0.39642250686331315
178	0.4975723790934037
179	0.40950387170122843
180	0.24757827243666986
181	0.1425664978143681
182	0.20709238541955047
183	0.5948461590153626
184	0.699686033300596
185	0.9838981538483189
186	0.9838981538483189
187	0.2641873055176485
188	0.28652413961186873
189	0.008323250672588899
190	0.028121083425988593
191	0.699686033300596
192	0.01727970878760305
193	1.0
194	1.0
195	1.0
196	1.0
197	1.0
198	1.0
199	1.0
200	1.0
