1	0.4895605451959227
2	0.06979493239667536
3	0.018438935128663837
4	0.0997517873372933
5	0.7838846950415601
6	0.06435386265758217
7	0.0686711051330571
8	0.24359180518339904
9	0.9680555771461438
10	0.011147830387442922
11	0.002715520127955534
12	0.002503823749912747
13	5.007129947995302e-05
14	2.702056328514437e-05
15	0.00031861942937681505
16	5.7014812075814065e-05
17	0.00021934392271275
18	1.0
19	1.0
20	1.0
21	1.0
22	1.0
23	1.0
24	1.0
25	1.0
26	0.00017194034396490358
27	2.0174232448866586e-05
28	0.0003084413155953477
29	1.98493900617464e-05
30	4.542445618186491e-05
31	8.982218558500615e-05
32	0.0001989878135679858
33	0.009324852154700358
34	0.9838981538483328
35	1.0
36	0.8782156365502464
37	0.8501615448994048
38	0.06979493239667536
39	0.17043778391330405
40	0.07093715149650967
41	0.19407281858793524
42	0.5396417421912961
43	0.6347520014624477
44	0.9071954723294418
45	0.9680555771461438
46	0.9524680951766598
47	0.8640747434825136
48	0.9838981538483328
49	0.4029101033605775
50	0.04084874312373918
51	0.0035208757183272242
52	0.00652446881523681
53	0.020657835589543774
54	0.015932618141390912
55	0.00902697513442092
56	0.9071954723294418
57	0.12318811002815043
58	0.022404439747549302
59	0.026353155917209006
60	0.027222771645920633
61	0.8640747434825136
62	0.7588439508744756
63	0.5057153295259778
64	0.42993972582912293
65	0.6556978921951198
66	0.8782156365502464
67	0.9838981538483328
68	0.699686033300596
69	0.8782156365502464
70	0.42301690250932045
71	0.35384195289533515
72	0.8782156365502464
73	0.5665719880005149
74	0.2070923854195534
75	0.08480513362915015
76	0.21392613224755938
77	0.6556978921951198
78	0.8925879504045041
79	0.49757237909341073
80	0.2396695274125257
81	0.38375901867528583
82	0.42301690250932045
83	0.40950387170123426
84	0.8501615448994048
85	0.5574491330158785
86	0.6347520014624477
87	0.6451399456130124
88	0.6045810297425013
89	0.5852680376789872
90	0.9524680951766598
91	0.8501615448994048
92	0.5057153295259778
93	0.6045810297425013
94	0.836472374499359
95	0.31583506350196977
96	0.4816777166152448
97	0.2070923854195534
98	0.42301690250932045
99	0.4895605451959227
100	0.4816777166152448
101	0.3425386759286123
102	0.41620554942556054
103	0.41620554942556054
104	0.38375901867528583
105	0.8501615448994048
106	0.7111366461700486
107	0.7227746524257325
108	0.9680555771461438
109	0.9838981538483328
110	0.09656527406216285
111	0.12725313808047503
112	0.0030422997831473634
113	0.0012869442307717749
114	0.0013080055346563592
115	0.11358461770179093
116	0.04430247303072529
117	0.1425664978143681
118	0.017562497419084444
119	0.03954385360034534
120	0.15462038588001323
121	0.8640747434825136
122	0.7967132492073021
123	0.8230036250150505
124	0.8230036250150505
125	0.9838981538483328
126	0.32100381758685564
127	0.09814559940423298
128	0.15213071221465965
129	0.9524680951766598
130	0.9524680951766598
131	1.0
132	0.16499324727370096
133	0.14027091400017713
134	0.02812108342598899
135	0.015175310452307697
136	0.8640747434825136
137	0.8782156365502464
138	1.0
139	0.01967592931444537
140	0.0011675099792966505
141	0.00038714219438704513
142	8.982218558500615e-05
143	0.0005533084497353806
144	0.001373280156343458
145	0.00420919545661567
146	0.014221262971401534
147	0.09197534264619907
148	1.0
149	1.0
150	1.0
151	1.0
152	1.0
153	0.09501039487561763
154	0.01700147357515921
155	0.00652446881523681
156	0.001373280156343458
157	0.0005533084497353806
158	8.837588257170862e-05
159	8.148628007745243e-05
160	8.148628007745243e-05
161	0.01700147357515921
162	1.0
163	0.012288234154010974
164	0.0012662220527620942
165	0.008459463654885724
166	0.04019100294647176
167	0.9838981538483328
168	0.9838981538483328
169	0.9838981538483328
170	0.2282775782464986
171	0.2037578156903431
172	0.32100381758685564
173	0.8640747434825136
174	0.7111366461700486
175	0.25993340216897615
176	0.2819105719970956
177	0.31583506350196977
178	0.3425386759286123
179	0.9371316004437404
180	0.9524680951766598
181	0.9680555771461438
182	0.9524680951766598
183	0.9524680951766598
184	1.0
185	1.0
186	1.0
187	1.0
188	1.0
189	0.8640747434825136
190	0.10644373457266823
191	0.13360357026643777
192	0.2729051014782479
193	0.9371316004437404
194	0.3262571601860559
195	0.2912132099152615
196	0.348144444207804
197	0.7227746524257325
198	0.8501615448994048
199	0.8230036250150505
200	0.8782156365502464
