1	0.7712627042813326
2	0.7466251623243505
3	0.6996860333005861
4	0.48956054519590886
5	0.35384195289533016
6	0.38375901867527495
7	0.40291010336057753
8	0.21742711012397725
9	0.25574799451756464
10	0.09197534264619646
11	0.0744771944128507
12	0.05471117929721263
13	0.10995622264422822
14	0.3596327033558797
15	0.34814444420779916
16	0.39003937264673083
17	0.39003937264673083
18	0.27737129133826205
19	0.2641873055176448
20	0.39642250686330754
21	0.7111366461700386
22	0.44412711003286787
23	0.548473172838661
24	0.14256649781436606
25	0.012489335512977491
26	0.009026975134420663
27	0.010791719379642921
28	0.7967132492072909
29	1.0
30	0.1252041276287828
31	0.03049869946550746
32	0.026353155917208635
33	0.053830228305391865
34	0.18187177108593688
35	1.0
36	1.0
37	0.9838981538483049
38	0.9371316004437272
39	0.31583506350196533
40	0.24757827243666636
41	0.17322705937262536
42	0.21392613224755636
43	0.19407281858793252
44	0.809751747262771
45	0.8640747434825014
46	0.8640747434825014
47	0.8782156365502215
48	0.10304345090533237
49	0.1848481678460109
50	0.37757978999725095
51	0.21742711012397725
52	0.7346031188276299
53	0.7227746524257326
54	0.7227746524257326
55	0.5396417421912962
56	0.6245313223904189
57	0.3057458946813797
58	0.38375901867527495
59	0.5665719880005069
60	0.03150511208810857
61	0.028121083425988593
62	0.05838153282986846
63	0.06129500098272593
64	0.37757978999725095
65	0.39003937264673083
66	0.34814444420779916
67	0.07093715149650967
68	0.06979493239667438
69	0.37150005830872584
70	0.34814444420779916
71	0.1878732744065199
72	0.4299397258291107
73	0.08903724340857806
74	0.1117556956623576
75	0.47392181612760637
76	0.8640747434825014
77	0.7346031188276299
78	0.6451399456130033
79	0.37757978999725095
80	0.481677716615238
81	0.9524680951766463
82	0.5139915422627507
83	0.21392613224755636
84	0.5057153295259706
85	0.7346031188276299
86	0.39642250686330754
87	0.42301690250931445
88	0.758843950874465
89	0.809751747262771
90	0.9838981538483049
91	0.9680555771461302
92	0.2912132099152574
93	0.2685108255202325
94	0.2959790185358472
95	0.6451399456130033
96	0.45878265723355216
97	0.41620554942554877
98	0.15715080394779135
99	0.16233655139003125
100	0.45139540946972445
101	0.5224031981891384
102	0.12933568132305814
103	0.09975178733729187
104	0.42301690250931445
105	0.2819105719970956
106	0.39642250686330754
107	0.8640747434825014
108	0.7712627042813326
109	0.783884695041549
110	0.9371316004437272
111	0.01593261814139069
112	0.024298717947761114
113	0.02551131956105536
114	0.026784434765054915
115	0.018142034232021008
116	0.006316048424505908
117	0.03705779481220407
118	0.9680555771461302
119	1.0
120	0.9838981538483049
121	0.9838981538483049
122	0.9524680951766463
123	0.011895693606067884
124	0.0076743871260476935
125	0.019047393108381605
126	0.01593261814139069
127	0.017562497419084194
128	0.015423659850312866
129	0.006214348384488035
130	0.3425386759286026
131	0.4299397258291107
132	0.783884695041549
133	0.8925879504044913
134	0.548473172838661
135	0.4095038717012227
136	0.38375901867527495
137	0.2516299796562454
138	0.016193361151327752
139	0.02390746372968351
140	0.5758441417787756
141	0.45139540946972445
142	0.9838981538483049
143	0.9838981538483049
144	0.34814444420779916
145	0.3008228213237163
146	0.5665719880005069
147	0.5396417421912962
148	0.6045810297425015
149	0.9838981538483049
150	0.809751747262771
151	0.6884197964379
152	0.9838981538483049
153	0.6996860333005861
154	0.7111366461700386
155	0.9838981538483049
156	0.8230036250150273
157	0.9838981538483049
158	0.7346031188276299
159	0.8640747434825014
160	0.34814444420779916
161	0.012090370898187085
162	0.019675929314445093
163	0.00611428590286806
164	0.0042780804498434456
165	0.06647744631284325
166	0.6773349667878854
167	0.45878265723355216
168	0.2599334021689725
169	0.0794735706037285
170	0.07819389939674361
171	0.010446984132459454
172	0.42301690250931445
173	0.23966952741252232
174	0.2865241396118647
175	0.25574799451756464
176	0.6245313223904189
177	0.37757978999725095
178	0.4299397258291107
179	0.5309525138815068
180	0.39003937264673083
181	0.48956054519590886
182	0.4095038717012227
183	0.3262571601860513
184	0.3262571601860513
185	0.44412711003286787
186	0.8501615448993928
187	0.8925879504044913
188	0.5665719880005069
189	0.481677716615238
190	0.45878265723355216
191	0.1972488898661471
192	0.38375901867527495
193	0.34814444420779916
194	0.42301690250931445
195	0.6556978921951012
196	0.45139540946972445
197	0.6045810297425015
198	0.907195472329429
199	0.8501615448993928
200	0.8501615448993928
