1	0.9680555771461302
2	0.9071954723294419
3	0.8501615448993928
4	0.8925879504044913
5	0.9680555771461302
6	0.6347520014624387
7	0.481677716615238
8	0.5852680376789788
9	0.5852680376789788
10	0.5852680376789788
11	0.6347520014624387
12	0.9071954723294419
13	0.9680555771461302
14	0.9680555771461302
15	0.9680555771461302
16	0.8782156365502339
17	0.8640747434825012
18	0.6664286233595221
19	0.5574491330158785
20	0.5057153295259778
21	0.5139915422627507
22	0.5396417421912961
23	0.6556978921951104
24	0.9838981538483048
25	1.0
26	1.0
27	0.1380122933233906
28	0.05560654736795765
29	0.022404439747548664
30	0.012090370898187257
31	0.010617952774479944
32	0.9838981538483048
33	0.007674387126047693
34	0.006419412822152425
35	0.011330268629776485
36	0.013766972933527001
37	1.0
38	0.9680555771461302
39	0.9838981538483048
40	0.13360357026643588
41	0.028581295041563655
42	0.010278768401209684
43	0.009174704819918202
44	0.012901465378461815
45	0.01874069491495985
46	0.09814559940423298
47	0.9680555771461302
48	0.03646109590141791
49	0.030498699465507456
50	0.9071954723294419
51	0.481677716615238
52	0.4895605451959158
53	0.6556978921951104
54	0.5224031981891384
55	0.5224031981891384
56	0.809751747262771
57	0.7838846950415491
58	0.6884197964379
59	0.7227746524257325
60	0.5665719880005149
61	0.2729051014782441
62	0.24359180518339563
63	0.3370231708678044
64	0.699686033300596
65	0.746625162324361
66	0.699686033300596
67	0.809751747262771
68	0.49757237909340374
69	0.39642250686330754
70	0.305745894681384
71	0.38375901867527495
72	0.19094788792080922
73	0.10818572446379085
74	0.12933568132305814
75	0.11544347070631693
76	0.19407281858793252
77	0.5948461590153626
78	0.44412711003286787
79	0.28191057199709557
80	0.28191057199709557
81	0.37150005830873106
82	0.1496811268916314
83	0.19407281858793252
84	0.6664286233595221
85	0.8501615448993928
86	0.8782156365502339
87	0.836472374499359
88	0.8782156365502339
89	0.41620554942555466
90	0.4369758436353279
91	0.060308038307034934
92	0.052963462250909324
93	0.06540703669975813
94	0.3596327033558796
95	0.8230036250150272
96	0.7838846950415491
97	0.746625162324361
98	0.6884197964379
99	0.7111366461700385
100	0.07569604040982107
101	0.019359110527732544
102	0.05744148237014259
103	0.17894329980857734
104	0.47392181612760637
105	0.5139915422627507
106	0.0018694178137101689
107	0.001668619814789205
108	0.007927630713798489
109	0.06540703669975813
110	0.466290799956401
111	0.9838981538483048
112	0.42301690250932045
113	0.45878265723355216
114	0.2037578156903402
115	0.11544347070631693
116	0.3370231708678044
117	0.37150005830873106
118	0.9524680951766463
119	0.11175569566235759
120	0.014221262971401333
121	0.009477456704464737
122	0.005283200023099393
123	0.007674387126047693
124	0.06435386265758034
125	0.38375901867527495
126	0.6884197964379
127	0.9838981538483048
128	0.09501039487561765
129	0.009790198959862089
130	0.0006944888267967083
131	0.00742923325854893
132	0.05211065273008481
133	0.9220420515895036
134	1.0
135	0.9838981538483048
136	0.9838981538483048
137	0.1135846177017893
138	0.08343961441457963
139	0.01593261814139069
140	0.00381856306039134
141	0.0370577948122046
142	0.9220420515895036
143	0.07947357060372963
144	0.019997932954225667
145	0.0017805608241138152
146	0.0024238405452939723
147	0.009632558682416177
148	0.019675929314445093
149	0.14256649781436806
150	0.9371316004437404
151	0.746625162324361
152	0.7588439508744758
153	0.49757237909340374
154	0.5758441417787755
155	0.6045810297425014
156	0.47392181612760637
157	0.809751747262771
158	0.9838981538483048
159	0.5309525138815068
160	0.5309525138815068
161	0.19094788792080922
162	0.5057153295259778
163	0.5057153295259778
164	0.5057153295259778
165	0.4895605451959158
166	0.41620554942555466
167	0.6664286233595221
168	0.31074953590015464
169	0.3775797899972509
170	0.23581040555488308
171	0.6556978921951104
172	0.8230036250150272
173	0.8640747434825012
174	0.8501615448993928
175	0.8230036250150272
176	0.746625162324361
177	0.8640747434825012
178	0.030007614098887497
179	0.023522509426831248
180	1.0
181	0.10472979393476875
182	0.018438935128663837
183	0.017849913987938726
184	0.018142034232021265
185	0.02204368690561934
186	0.019359110527732544
187	0.10472979393476875
188	0.9838981538483048
189	0.003142691241050594
190	0.0020274756563298415
191	0.00932485215470036
192	0.01593261814139069
193	0.016727718463300126
194	0.019675929314445093
195	0.025928821455018472
196	0.05838153282986846
197	0.1314523061326923
198	0.9838981538483048
199	0.9838981538483048
200	1.0
