1	0.4587826572335587
2	0.35963270335588476
3	0.3900393726467364
4	0.5484731728386688
5	0.6045810297425014
6	0.9680555771461301
7	0.6556978921951198
8	0.5852680376789872
9	0.7838846950415602
10	0.07569604040982214
11	0.18484816784601615
12	0.7967132492073021
13	0.7967132492073021
14	0.9371316004437404
15	0.7346031188276403
16	0.08209608258032164
17	0.12725313808047323
18	0.8640747434825137
19	0.7712627042813435
20	0.24757827243667335
21	0.4816777166152449
22	0.09501039487561765
23	0.0769348332586583
24	0.5309525138815143
25	0.5224031981891458
26	0.5948461590153711
27	0.8925879504045041
28	0.15972263321475674
29	0.1521307122146575
30	0.8782156365502465
31	0.809751747262771
32	0.9071954723294418
33	0.8501615448994048
34	0.8501615448994048
35	0.8925879504045041
36	0.9071954723294418
37	0.9071954723294418
38	0.09656527406216149
39	0.13801229332339254
40	0.8230036250150389
41	0.8364723744993591
42	0.8230036250150389
43	0.9220420515895167
44	0.614475215120391
45	0.566571988000515
46	0.5309525138815143
47	0.6347520014624478
48	0.9371316004437404
49	0.04963373414423629
50	0.04502749889045438
51	0.2070923854195534
52	0.34253867592860743
53	0.9838981538483328
54	0.9220420515895167
55	0.18787327440651988
56	0.059336967552506205
57	0.062298115656568495
58	0.14027091400017913
59	0.4513954094697245
60	0.3262571601860513
61	0.5758441417787838
62	0.9220420515895167
63	0.8925879504045041
64	0.7967132492073021
65	0.9071954723294418
66	0.9680555771461301
67	0.9680555771461301
68	0.31583506350196977
69	0.21742711012398033
70	0.24757827243667335
71	0.7967132492073021
72	0.8925879504045041
73	0.9071954723294418
74	0.27290510147824404
75	0.29597901853585135
76	0.34253867592860743
77	1.0
78	0.9838981538483328
79	0.9680555771461301
80	0.566571988000515
81	0.6045810297425014
82	0.5852680376789872
83	0.9680555771461301
84	0.9220420515895167
85	0.9680555771461301
86	0.305745894681384
87	0.3370231708678044
88	0.3837590186752804
89	0.24359180518339563
90	0.8782156365502465
91	0.9220420515895167
92	0.12520412762878458
93	0.07569604040982214
94	0.14027091400017913
95	0.09814559940423298
96	0.6451399456130124
97	0.6347520014624478
98	0.8230036250150389
99	1.0
100	0.7588439508744758
101	0.5948461590153711
102	0.3900393726467364
103	0.6773349667878948
104	0.46629079995640094
105	0.4441271100328742
106	0.4816777166152449
107	0.2912132099152615
108	0.09501039487561765
109	0.03472803056127704
110	0.0076743871260476935
111	6.598365767066063e-05
112	2.0839952710505337e-05
113	0.0004198747700494216
114	3.5034188915334524e-05
115	0.0005185228330395549
116	0.0011302145468318856
117	0.001962709116638142
118	0.004871332588256416
119	0.0028510352648105338
120	0.0008716923278076609
121	0.0006198923584893026
122	0.0015385376373511798
123	1.0
124	1.0
125	1.0
126	1.0
127	1.0
128	0.0009608649452023766
129	4.326534525397591e-05
130	0.0006723037820462359
131	0.0025447997235481606
132	0.004491573493650815
133	0.0015893071365663278
134	0.0011302145468318856
135	0.0005185228330395549
136	3.5034188915334524e-05
137	0.00043373002538473116
138	5.794787992315277e-05
139	9.278618677019129e-05
140	0.006524468815236811
141	0.02133951404984792
142	0.062298115656568495
143	0.23581040555488308
144	0.8925879504045041
145	0.9071954723294418
146	0.7838846950415602
147	0.7967132492073021
148	0.7346031188276403
149	0.6664286233595316
150	0.7346031188276403
151	0.9371316004437404
152	0.9680555771461301
153	0.9680555771461301
154	0.4816777166152449
155	0.11358461770178932
156	0.01967592931444537
157	0.007799981223697674
158	0.019047393108381872
159	0.10472979393477024
160	0.6884197964379098
161	1.0
162	1.0
163	0.5309525138815143
164	0.1472709844146142
165	0.027222771645920636
166	0.01874069491496012
167	0.03049869946550789
168	0.10644373457266824
169	0.6884197964379098
170	0.5852680376789872
171	0.164993247273701
172	0.030007614098887924
173	0.03202070454638286
174	0.019047393108381872
175	0.29597901853585135
176	0.35963270335588476
177	0.7227746524257325
178	0.746625162324361
179	0.8640747434825137
180	1.0
181	0.9680555771461301
182	0.9220420515895167
183	0.9220420515895167
184	0.9371316004437404
185	0.513991542262758
186	0.46629079995640094
187	0.513991542262758
188	0.305745894681384
189	0.26851082552023625
190	0.4513954094697245
191	0.305745894681384
192	0.24757827243667335
193	0.331596475620944
194	0.566571988000515
195	0.699686033300596
196	0.5309525138815143
197	0.5758441417787838
198	0.746625162324361
199	0.9680555771461301
200	1.0
