1	0.21392613224755935
2	0.003578496112179884
3	0.0046397888713085094
4	1.0
5	0.005369661486237471
6	0.008881624169591297
7	0.8925879504044913
8	0.5484731728386688
9	0.007076107650393088
10	0.0028976934794106937
11	0.010446984132459602
12	0.11175569566235759
13	1.0
14	1.0
15	1.0
16	0.8925879504044913
17	1.0
18	0.7111366461700385
19	0.19407281858793524
20	0.011895693606067882
21	0.23581040555488306
22	0.7588439508744758
23	0.08209608258032164
24	0.03416884515602847
25	0.02812108342598859
26	0.0058236622472702445
27	0.005032079462438835
28	0.002271457569431769
29	0.0016153167178432554
30	0.006524468815236811
31	0.10995622264422976
32	1.0
33	0.7111366461700385
34	0.6556978921951198
35	0.9680555771461301
36	1.0
37	0.9524680951766462
38	0.9371316004437404
39	0.8782156365502464
40	0.9071954723294416
41	0.060308038307034934
42	0.0066312440873250705
43	0.02314375359893927
44	0.06129500098272679
45	0.7838846950415601
46	1.0
47	0.9371316004437404
48	0.9524680951766462
49	1.0
50	0.13801229332339257
51	0.003408403375565008
52	0.0021634908644312515
53	0.000930170669087358
54	0.001206036106664975
55	3.4470073795370876e-05
56	0.0006833062745535759
57	0.0001438233477885574
58	0.000976589844633953
59	0.0009925720876842986
60	0.00036280318422522815
61	0.000661478449980534
62	0.0012257733200817667
63	0.31074953590015464
64	1.0
65	1.0
66	1.0
67	1.0
68	0.31074953590015464
69	0.0005809207180139167
70	1.6603466437312992e-05
71	0.00032383375060781954
72	0.0009925720876842986
73	0.000976589844633953
74	0.0001461770684557354
75	0.0006833062745535759
76	0.0006723037820462359
77	0.0005101736581558181
78	4.847180071652264e-05
79	0.00046282723278069995
80	0.00032383375060781954
81	0.015423659850313085
82	0.13579004060925667
83	0.11544347070631858
84	0.12120455403275907
85	0.10818572446379085
86	0.9371316004437404
87	0.585268037678987
88	0.9524680951766462
89	0.9071954723294416
90	0.6556978921951198
91	0.6556978921951198
92	0.8782156365502464
93	0.08760357941344458
94	0.006316048424505998
95	0.0008037369822866169
96	0.0011302145468318856
97	0.0044192508682770176
98	0.4895605451959227
99	0.5139915422627579
100	0.029524436113288612
101	0.025928821455018843
102	0.08077418408895644
103	1.0
104	0.0686711051330571
105	0.0006000902548658375
106	0.003944570074838652
107	0.9838981538483188
108	0.8501615448994049
109	0.9524680951766462
110	0.9680555771461301
111	0.10995622264422976
112	0.007799981223697673
113	0.0021634908644312515
114	0.0069621692536538235
115	1.0
116	0.4441271100328678
117	1.0
118	0.0069621692536538235
119	0.007429233258548929
120	0.8782156365502464
121	0.00873861362363561
122	0.11925293695084214
123	0.21392613224755935
124	1.0
125	1.0
126	0.7346031188276506
127	0.699686033300596
128	0.699686033300596
129	0.699686033300596
130	0.7588439508744758
131	0.9524680951766462
132	0.8925879504044913
133	0.9071954723294416
134	0.9220420515895035
135	0.9071954723294416
136	0.9071954723294416
137	0.9838981538483188
138	0.48167771661523795
139	0.4162055494255546
140	0.4230169025093204
141	0.4162055494255546
142	0.49757237909340374
143	0.9220420515895035
144	0.9524680951766462
145	0.699686033300596
146	0.6664286233595221
147	0.6664286233595221
148	0.35963270335587966
149	0.49757237909340374
150	0.49757237909340374
151	0.5057153295259778
152	0.5396417421912961
153	0.836472374499359
154	0.823003625015039
155	0.7346031188276506
156	0.7227746524257325
157	0.7838846950415601
158	0.7111366461700385
159	0.9071954723294416
160	0.6556978921951198
161	0.5574491330158785
162	0.49757237909340374
163	0.5309525138815143
164	0.5948461590153626
165	0.836472374499359
166	0.8097517472627709
167	0.25993340216897615
168	0.08480513362914895
169	0.07327797408660716
170	0.03954385360034535
171	0.04502749889045438
172	0.04502749889045438
173	0.9838981538483188
174	0.9524680951766462
175	0.9680555771461301
176	0.9680555771461301
177	0.9220420515895035
178	0.8925879504044913
179	0.9220420515895035
180	0.03361866366814549
181	0.03646109590141791
182	0.02551131956105572
183	0.032544734860148215
184	0.10995622264422976
185	0.38375901867528034
186	0.9838981538483188
187	0.9371316004437404
188	0.836472374499359
189	0.6884197964379
190	0.6245313223904276
191	0.836472374499359
192	0.9371316004437404
193	0.9680555771461301
194	0.9838981538483188
195	0.8925879504044913
196	0.8782156365502464
197	0.9071954723294416
198	1.0
199	0.9838981538483188
200	1.0
