1	0.9680555771461439
2	0.6884197964379195
3	0.40950387170123426
4	0.2037578156903431
5	0.06647744631284418
6	0.0016417519552458695
7	0.0009004569039077774
8	0.0015893071365663276
9	0.00019263126270860578
10	9.278618677019129e-05
11	8.837588257170863e-05
12	0.0005623635409531144
13	0.01619336115132821
14	0.8925879504045041
15	0.9838981538483328
16	1.0
17	1.0
18	0.8925879504045041
19	0.9838981538483328
20	0.006015834611932771
21	0.0005623635409531144
22	0.0001039518702085813
23	8.982218558500614e-05
24	7.041023655526897e-05
25	0.0014893899404870609
26	0.0007532073245460798
27	0.0009004569039077774
28	0.01814203423202152
29	0.055606547367958434
30	0.08760357941344458
31	0.10995622264422977
32	0.15715080394779138
33	0.0904943698291631
34	0.2435918051833991
35	0.9524680951766598
36	0.7838846950415602
37	0.9371316004437404
38	0.7712627042813545
39	0.8364723744993591
40	0.9071954723294547
41	0.43697584363533404
42	0.3210038175868602
43	0.5057153295259778
44	0.5309525138815143
45	0.4739218161276131
46	0.5948461590153712
47	0.7712627042813545
48	0.8782156365502465
49	0.8782156365502465
50	0.7967132492073022
51	0.8364723744993591
52	0.48956054519592274
53	0.4513954094697245
54	0.8364723744993591
55	0.3964225068633132
56	0.5484731728386766
57	0.7111366461700487
58	1.0
59	0.9371316004437404
60	1.0
61	1.0
62	1.0
63	1.0
64	0.8501615448994048
65	0.8925879504045041
66	0.8640747434825136
67	0.8925879504045041
68	0.7838846950415602
69	0.6144752151203998
70	0.6144752151203998
71	1.0
72	0.8364723744993591
73	0.429939725829123
74	0.429939725829123
75	0.6884197964379195
76	0.5057153295259778
77	0.3655182215245085
78	0.8782156365502465
79	0.9371316004437404
80	0.07819389939674472
81	0.006850065475449623
82	0.005918968568537556
83	0.009950419076984587
84	0.009790198959862228
85	0.0058236622472702445
86	0.021339514049848223
87	0.10472979393477024
88	0.010446984132459751
89	0.03646109590141844
90	1.0
91	0.017001473575159454
92	0.011704150977755607
93	0.04430247303072529
94	1.0
95	1.0
96	0.0330773411179359
97	0.011147830387442924
98	0.9680555771461439
99	1.0
100	1.0
101	1.0
102	1.0
103	0.013766972933527001
104	0.015175310452307697
105	1.0
106	1.0
107	1.0
108	1.0
109	0.009950419076984587
110	0.00873861362363561
111	1.0
112	1.0
113	1.0
114	1.0
115	0.25993340216897987
116	0.012489335512977847
117	0.7346031188276506
118	0.9680555771461439
119	0.013545299253377184
120	0.012693727967806762
121	0.02032520629905451
122	1.0
123	0.03828064801966494
124	0.01967592931444537
125	0.11733274450692356
126	1.0
127	0.9371316004437404
128	0.9838981538483328
129	0.7588439508744758
130	0.9680555771461439
131	0.9838981538483328
132	0.9838981538483328
133	1.0
134	0.7466251623243717
135	1.0
136	1.0
137	0.12725313808047503
138	0.0013080055346563594
139	0.0025447997235481606
140	0.00011836713659178142
141	2.7912202484078224e-05
142	0.0005019589204015599
143	2.017423244886659e-05
144	2.0504390998152467e-05
145	0.0015385376373511798
146	0.00010565307984570667
147	0.00196270911663817
148	0.9838981538483328
149	0.7712627042813545
150	0.7838846950415602
151	1.0
152	1.0
153	1.0
154	0.9220420515895298
155	0.9071954723294547
156	1.0
157	1.0
158	1.0
159	0.9838981538483328
160	0.8925879504045041
161	0.8925879504045041
162	1.0
163	1.0
164	0.9838981538483328
165	0.8097517472627824
166	0.8097517472627824
167	1.0
168	0.00196270911663817
169	0.00011836713659178142
170	0.0015637163575655678
171	4.8471800716523336e-05
172	4.769131523869093e-05
173	0.0005270086451646011
174	3.1782857560725795e-05
175	7.761308196840291e-05
176	0.006962169253653923
177	0.007309608887594927
178	0.1336035702664378
179	0.02551131956105572
180	0.024298717947761804
181	0.02204368690561934
182	0.006316048424506088
183	0.0003934779152423619
184	0.0015137643410159801
185	0.0612950009827268
186	0.9071954723294547
187	0.9680555771461439
188	1.0
189	1.0
190	1.0
191	1.0
192	0.9680555771461439
193	0.9524680951766598
194	1.0
195	0.8364723744993591
196	0.7838846950415602
197	0.7466251623243717
198	0.8230036250150506
199	0.9680555771461439
200	0.9838981538483328
