1	0.9524680951766461
2	0.16769342093829617
3	0.03828064801966439
4	0.06979493239667436
5	0.05296346225090932
6	0.01619336115132798
7	0.09049436982916052
8	0.10995622264422976
9	0.09814559940423298
10	0.10644373457266823
11	0.9071954723294418
12	0.07947357060372962
13	0.011704150977755439
14	0.019675929314445093
15	0.7838846950415601
16	0.45878265723355216
17	0.16233655139003125
18	0.8925879504044913
19	0.09975178733729187
20	0.13145230613269226
21	0.35963270335587966
22	0.3837590186752749
23	0.47392181612760637
24	0.0472745482168648
25	0.025100540218356872
26	0.03049869946550789
27	0.044302473030725285
28	0.040191002946470614
29	0.0330773411179359
30	0.23201342268367284
31	0.3315964756209393
32	0.044302473030725285
33	0.025928821455018472
34	0.305745894681384
35	0.9680555771461301
36	0.9680555771461301
37	0.9680555771461301
38	0.9838981538483048
39	0.005283200023099393
40	0.0059189685685373875
41	0.0027155201279554955
42	0.0005270086451646011
43	0.0016417519552458224
44	9.741658249768499e-05
45	1.2196958228200175e-05
46	3.619026607812728e-05
47	0.00010565307984570667
48	0.005283200023099393
49	0.10644373457266823
50	0.34253867592860254
51	0.8501615448993927
52	0.7838846950415601
53	1.0
54	0.9220420515895035
55	0.9838981538483048
56	0.09814559940423298
57	0.0045650797047264175
58	0.0038185630603913396
59	0.05838153282986846
60	0.45878265723355216
61	0.41620554942555466
62	0.1231881100281487
63	0.002384812237737442
64	0.03529636723622752
65	0.9524680951766461
66	0.9371316004437403
67	1.0
68	1.0
69	0.9680555771461301
70	0.9680555771461301
71	0.9371316004437403
72	0.02812108342598859
73	0.018438935128663837
74	0.007674387126047693
75	0.0007907953330514216
76	0.05383022830539186
77	0.010113261253784499
78	0.0058236622472702445
79	0.09049436982916052
80	0.7967132492072907
81	0.20047693868989172
82	0.02812108342598859
83	0.005457537922228077
84	0.0002753110017073124
85	0.00011836713659178141
86	0.00013047588992904003
87	0.0003569613831694935
88	0.0010421053394971728
89	0.002805128333603497
90	0.006850065475449526
91	0.010617952774479944
92	0.01422126297140133
93	0.9680555771461301
94	0.9680555771461301
95	0.7227746524257325
96	0.04651334071458661
97	0.01935911052773254
98	0.007076107650393088
99	0.06435386265758034
100	0.6347520014624386
101	0.5309525138815068
102	0.6144752151203823
103	0.6884197964379
104	0.9680555771461301
105	0.9838981538483048
106	0.9680555771461301
107	0.9524680951766461
108	0.7712627042813325
109	0.7346031188276297
110	0.7588439508744758
111	0.8501615448993927
112	0.809751747262771
113	0.7346031188276297
114	0.746625162324361
115	0.7838846950415601
116	0.8782156365502338
117	0.8501615448993927
118	0.8640747434825012
119	0.8925879504044913
120	0.9680555771461301
121	0.9680555771461301
122	0.3262571601860513
123	0.01469054391828022
124	0.0058236622472702445
125	0.02678443476505529
126	0.1272531380804732
127	0.18787327440651985
128	0.1909478879208092
129	0.045764390058400266
130	0.012901465378461815
131	0.010617952774479944
132	0.02635315591720863
133	0.9371316004437403
134	0.7346031188276297
135	0.5139915422627507
136	0.4513954094697244
137	0.8501615448993927
138	0.04151724745489865
139	0.03416884515602799
140	0.1231881100281487
141	0.9524680951766461
142	0.1448996496809614
143	0.11544347070631693
144	0.03646109590141791
145	0.04358912142584555
146	0.1272531380804732
147	0.12120455403275905
148	0.10818572446379084
149	0.09049436982916052
150	0.2557479945175646
151	0.8925879504044913
152	0.8364723744993591
153	0.9371316004437403
154	0.9524680951766461
155	0.9524680951766461
156	0.9524680951766461
157	0.8364723744993591
158	0.6347520014624386
159	0.4975723790934037
160	0.8501615448993927
161	0.44412711003286776
162	0.3262571601860513
163	0.006015834611932771
164	0.03954385360034534
165	0.10995622264422976
166	0.7838846950415601
167	0.348144444207804
168	0.4230169025093204
169	0.5484731728386688
170	0.4299397258291107
171	0.699686033300596
172	0.4029101033605775
173	0.154620385880011
174	0.43697584363532777
175	0.5665719880005149
176	0.5948461590153626
177	0.3370231708678045
178	0.05383022830539186
179	0.13801229332339057
180	0.8782156365502338
181	0.9524680951766461
182	0.9524680951766461
183	0.1940728185879325
184	0.18484816784601352
185	0.12933568132305814
186	0.1272531380804732
187	0.1448996496809614
188	0.7588439508744758
189	0.809751747262771
190	0.07327797408660716
191	0.1597226332147545
192	0.16233655139003125
193	0.8782156365502338
194	0.21742711012397722
195	0.18187177108593688
196	0.2959790185358471
197	0.11358461770178932
198	0.10818572446379084
199	0.4975723790934037
200	0.7712627042813325
