1	0.5484731728386688
2	0.27290510147824404
3	0.210481526578285
4	0.062298115656568495
5	0.012090370898187257
6	0.004419250868277081
7	0.006631244087325164
8	0.02240443974754898
9	0.020657835589543774
10	0.07209806342155774
11	0.07569604040982215
12	0.09814559940423298
13	0.26851082552023625
14	0.10138426111191928
15	0.10818572446379239
16	0.1380122933233906
17	0.7588439508744758
18	0.699686033300596
19	0.6045810297425014
20	0.7111366461700486
21	0.18787327440652257
22	0.08480513362915015
23	0.09049436982916183
24	0.17894329980857993
25	0.33159647562093936
26	0.21392613224755938
27	0.25162997965624895
28	0.06540703669975813
29	0.1472709844146121
30	0.42301690250932045
31	0.17322705937262783
32	0.04963373414423628
33	0.050446008004084525
34	0.052963462250909324
35	0.06540703669975813
36	0.1972488898661471
37	0.49757237909340374
38	0.49757237909340374
39	0.3425386759286075
40	0.17606198232518802
41	0.210481526578285
42	0.4895605451959158
43	0.017279708787602804
44	0.0022714575694317367
45	0.00932485215470036
46	0.050446008004084525
47	0.0769348332586572
48	0.4895605451959158
49	0.12120455403276079
50	0.05744148237014259
51	0.45878265723355866
52	0.47392181612761314
53	0.305745894681384
54	0.27290510147824404
55	0.25574799451756824
56	0.33702317086780925
57	0.9680555771461439
58	0.8640747434825136
59	1.0
60	0.823003625015039
61	0.7466251623243612
62	0.7346031188276402
63	0.796713249207302
64	0.809751747262771
65	0.5309525138815143
66	0.4441271100328678
67	0.5057153295259778
68	0.5484731728386688
69	0.13360357026643777
70	0.32100381758685564
71	0.33702317086780925
72	0.48167771661524483
73	0.5057153295259778
74	0.809751747262771
75	0.614475215120391
76	0.41620554942555466
77	0.40291010336058325
78	0.29121320991526145
79	0.09975178733729329
80	0.09814559940423298
81	0.2320134226836728
82	0.10472979393477024
83	0.14489964968096344
84	0.4895605451959158
85	0.48167771661524483
86	0.5574491330158785
87	0.5574491330158785
88	0.5948461590153626
89	0.45878265723355866
90	0.3900393726467363
91	0.7466251623243612
92	0.4299397258291168
93	0.22460188780169513
94	0.2037578156903402
95	0.17043778391330164
96	0.14968112689163354
97	0.46629079995640094
98	0.2320134226836728
99	0.24757827243666986
100	0.5852680376789788
101	0.11733274450692358
102	0.052110652730084805
103	0.3425386759286075
104	0.3425386759286075
105	0.1909478879208092
106	0.5224031981891458
107	0.45139540946973084
108	0.38375901867528034
109	0.3425386759286075
110	0.45139540946973084
111	0.08343961441458081
112	0.24359180518339907
113	0.28652413961186873
114	0.4299397258291168
115	0.5309525138815143
116	0.24359180518339907
117	0.5574491330158785
118	0.513991542262758
119	0.7588439508744758
120	0.6664286233595221
121	0.5309525138815143
122	0.5309525138815143
123	0.5396417421913038
124	0.9220420515895166
125	0.6884197964379097
126	0.7346031188276402
127	0.7111366461700486
128	0.03416884515602848
129	0.0512715750169613
130	0.38375901867528034
131	0.15213071221465752
132	0.699686033300596
133	0.18787327440652257
134	0.22827757824649536
135	0.2599334021689762
136	0.20709238541955047
137	0.1314523061326923
138	0.809751747262771
139	0.6451399456130124
140	0.03587400494469159
141	0.016727718463300126
142	0.004491573493650751
143	0.030498699465507893
144	0.26851082552023625
145	0.00963255868241604
146	0.0003345197923062387
147	0.18187177108593947
148	0.20709238541955047
149	0.23581040555488308
150	0.45139540946973084
151	0.26851082552023625
152	0.27290510147824404
153	0.27737129133826594
154	0.04727454821686548
155	0.07819389939674361
156	0.32100381758685564
157	0.6556978921951104
158	0.677334966787895
159	0.9524680951766598
160	0.7712627042813434
161	0.7346031188276402
162	0.7346031188276402
163	0.7346031188276402
164	0.677334966787895
165	0.9071954723294418
166	0.614475215120391
167	0.7588439508744758
168	0.17894329980857993
169	0.04651334071458728
170	0.052110652730084805
171	0.16499324727369863
172	0.07447719441285175
173	0.01814203423202126
174	0.020995908477665932
175	0.0050320794624387636
176	0.0069621692536538235
177	0.0024238405452939723
178	0.001186616698822083
179	0.0036965812672960837
180	1.0
181	1.0
182	1.0
183	1.0
184	1.0
185	1.0
186	0.00652446881523681
187	0.002384812237737442
188	0.0029933131400918323
189	0.003520875718327174
190	0.003578496112179884
191	1.0
192	0.0010764932965619178
193	0.001206036106664975
194	0.05651656845829486
195	0.9838981538483189
196	0.14968112689163354
197	0.034728030561276546
198	0.04219669209919026
199	0.18187177108593947
200	0.9524680951766598
