1	1.0
2	1.0
3	0.9838981538483259
4	0.9838981538483259
5	0.8782156365502403
6	0.8925879504044978
7	0.9838981538483259
8	0.9838981538483259
9	0.9838981538483259
10	0.9838981538483259
11	0.9838981538483259
12	0.809751747262771
13	0.8925879504044978
14	0.5758441417787797
15	0.6451399456130078
16	0.8925879504044978
17	0.7588439508744758
18	0.9524680951766531
19	0.1425664978143681
20	0.04576439005839995
21	0.004074735137074923
22	0.006015834611932729
23	0.015423659850313085
24	0.025928821455018656
25	0.07447719441285122
26	0.1472709844146142
27	0.34814444420780405
28	0.6884197964379049
29	0.6347520014624433
30	0.6996860333005961
31	0.5396417421912961
32	0.40291010336058036
33	0.4369758436353341
34	0.5309525138815105
35	0.45139540946972445
36	0.5948461590153669
37	0.3107495359001568
38	0.25993340216897615
39	0.24757827243667163
40	0.3425386759286075
41	0.27737129133826793
42	0.3596327033558822
43	0.12933568132305998
44	0.1380122933233906
45	0.3210038175868534
46	0.6773349667878948
47	0.92204205158951
48	0.9524680951766531
49	0.9371316004437404
50	0.9371316004437404
51	0.9371316004437404
52	0.92204205158951
53	0.9071954723294419
54	0.9071954723294419
55	0.9371316004437404
56	0.9524680951766531
57	0.9680555771461302
58	0.9680555771461302
59	0.9680555771461302
60	0.9680555771461302
61	0.9680555771461302
62	0.9371316004437404
63	0.8364723744993591
64	0.8501615448993989
65	0.746625162324361
66	0.48956054519592274
67	0.5852680376789872
68	0.7111366461700436
69	0.8230036250150448
70	0.8925879504044978
71	0.6773349667878948
72	0.6556978921951151
73	0.5852680376789872
74	0.47392181612760975
75	0.48956054519592274
76	0.7838846950415602
77	0.771262704281338
78	0.8782156365502403
79	0.9071954723294419
80	0.4816777166152414
81	0.3715000583087337
82	0.35384195289533515
83	0.466290799956401
84	0.35384195289533515
85	0.3370231708678044
86	0.42301690250932045
87	0.3715000583087337
88	0.41620554942555765
89	0.6996860333005961
90	0.5309525138815105
91	0.4816777166152414
92	0.466290799956401
93	0.33159647562094174
94	0.40291010336058036
95	0.6556978921951151
96	0.6664286233595269
97	0.6773349667878948
98	0.6245313223904276
99	0.6045810297425014
100	0.6773349667878948
101	0.7346031188276455
102	0.12120455403276079
103	0.056516568458294454
104	0.013992274382953328
105	0.00832325067258896
106	0.0001957837424078533
107	0.0012257733200817583
108	0.00346418311919148
109	0.0018694178137101823
110	0.000871692327807667
111	0.013766972933527003
112	0.15462038588001212
113	0.9838981538483259
114	1.0
115	1.0
116	1.0
117	1.0
118	0.15213071221465752
119	0.011515692539375738
120	0.001094110495432293
121	0.002198897168339217
122	0.003696581267296084
123	0.0020274756563298706
124	0.0011302145468318856
125	0.008597905811488844
126	0.06435386265758125
127	0.12120455403276079
128	0.11544347070631857
129	0.7346031188276455
130	0.2819105719970956
131	0.2004769386898932
132	0.17043778391330164
133	0.22098538275893354
134	0.33159647562094174
135	0.7967132492072966
136	0.7967132492072966
137	0.6664286233595269
138	0.6451399456130078
139	0.7588439508744758
140	0.22827757824649536
141	0.22098538275893354
142	0.34814444420780405
143	0.4095038717012285
144	0.3107495359001568
145	0.7838846950415602
146	0.7227746524257325
147	0.771262704281338
148	0.771262704281338
149	0.7588439508744758
150	0.7227746524257325
151	0.7838846950415602
152	0.7227746524257325
153	0.6773349667878948
154	0.7588439508744758
155	0.27737129133826793
156	0.22460188780169354
157	0.2641873055176485
158	0.16233655139003358
159	0.2435918051833991
160	0.03361866366814549
161	0.6773349667878948
162	0.6664286233595269
163	0.6884197964379049
164	0.8782156365502403
165	0.2435918051833991
166	0.22460188780169354
167	0.2729051014782441
168	0.2435918051833991
169	0.2912132099152615
170	0.32625716018605594
171	0.6996860333005961
172	0.7346031188276455
173	0.5224031981891458
174	0.4299397258291138
175	0.48956054519592274
176	0.6245313223904276
177	0.48956054519592274
178	0.4095038717012285
179	0.5224031981891458
180	0.23201342268367448
181	0.21742711012398036
182	0.2358104055548831
183	0.2358104055548831
184	0.4299397258291138
185	0.5396417421912961
186	0.22098538275893354
187	0.210481526578285
188	0.19094788792080922
189	0.09501039487561833
190	0.02314375359893927
191	0.0050320794624388
192	0.009477456704464872
193	0.03254473486014845
194	0.10644373457266824
195	0.6664286233595269
196	0.8501615448993989
197	0.5396417421912961
198	0.5758441417787797
199	1.0
200	0.92204205158951
