1	0.9838981538483188
2	0.9838981538483188
3	0.9838981538483188
4	0.9371316004437339
5	0.952468095176653
6	1.0
7	1.0
8	0.9838981538483188
9	0.9838981538483188
10	0.9838981538483188
11	0.952468095176653
12	0.9371316004437339
13	0.9838981538483188
14	0.16499324727369866
15	0.0036370594844428706
16	0.0036965812672960317
17	0.0046397888713085094
18	0.0050320794624387636
19	0.0083232506725889
20	0.017279708787602925
21	0.8782156365502339
22	0.8925879504044913
23	0.7466251623243557
24	0.6773349667878901
25	0.6773349667878901
26	0.688419796437905
27	0.6773349667878901
28	0.7111366461700436
29	0.7346031188276403
30	0.7111366461700436
31	0.688419796437905
32	0.23581040555488142
33	0.3964225068633104
34	0.1380122933233906
35	0.10472979393476875
36	0.08480513362914895
37	0.06129500098272636
38	0.03254473486014799
39	0.07093715149650967
40	0.2685108255202324
41	0.27737129133826594
42	0.952468095176653
43	0.6347520014624433
44	0.6347520014624433
45	0.5852680376789788
46	0.783884695041549
47	0.6773349667878901
48	0.6451399456130033
49	0.47392181612760975
50	0.5309525138815105
51	0.6556978921951104
52	0.9220420515895101
53	0.7466251623243557
54	0.1676934209382962
55	0.09197534264619776
56	0.11175569566235838
57	0.1099562226442282
58	0.6773349667878901
59	0.8640747434825014
60	0.6245313223904233
61	0.6347520014624433
62	0.5948461590153628
63	0.06229811565656806
64	0.154620385880011
65	0.44412711003287103
66	0.47392181612760975
67	0.9220420515895101
68	0.9371316004437339
69	0.5574491330158746
70	0.5665719880005109
71	0.6045810297425014
72	0.5396417421912961
73	0.056516568458294045
74	0.049633734144235934
75	0.14027091400017713
76	0.5057153295259742
77	0.7588439508744703
78	0.9071954723294353
79	0.9220420515895101
80	0.9220420515895101
81	0.9220420515895101
82	0.9371316004437339
83	0.9371316004437339
84	0.35384195289533266
85	0.4029101033605775
86	0.7588439508744703
87	0.7466251623243557
88	0.7967132492072908
89	0.18787327440651988
90	0.055606547367958045
91	0.022404439747548823
92	0.09197534264619776
93	0.9071954723294353
94	0.9371316004437339
95	0.9838981538483188
96	0.9838981538483188
97	0.15213071221465752
98	0.1231881100281487
99	0.1472709844146121
100	0.21048152657828498
101	0.9838981538483188
102	0.9838981538483188
103	0.7346031188276403
104	0.7111366461700436
105	0.952468095176653
106	0.952468095176653
107	0.8925879504044913
108	0.8782156365502339
109	0.823003625015039
110	0.7967132492072908
111	0.7967132492072908
112	0.9071954723294353
113	0.6245313223904233
114	0.5309525138815105
115	0.5057153295259742
116	0.5948461590153628
117	0.783884695041549
118	0.952468095176653
119	0.9680555771461302
120	1.0
121	1.0
122	0.9838981538483188
123	0.771262704281338
124	0.6773349667878901
125	0.6556978921951104
126	0.6996860333005911
127	0.8501615448993989
128	0.809751747262771
129	0.783884695041549
130	0.8364723744993531
131	0.3775797899972509
132	0.3837590186752777
133	0.37150005830872845
134	0.34253867592860743
135	0.10138426111191857
136	0.14968112689163143
137	0.1380122933233906
138	0.13360357026643685
139	0.20709238541955047
140	0.35384195289533266
141	0.7967132492072908
142	0.783884695041549
143	0.8501615448993989
144	0.7967132492072908
145	0.7227746524257325
146	0.7346031188276403
147	0.7588439508744703
148	0.8364723744993531
149	0.9680555771461302
150	0.9838981538483188
151	0.9371316004437339
152	0.9371316004437339
153	0.9371316004437339
154	0.47392181612760975
155	0.4975723790934002
156	0.4513954094697245
157	0.6245313223904233
158	0.42301690250931745
159	0.21048152657828498
160	0.1380122933233906
161	0.1380122933233906
162	0.1676934209382962
163	0.3008228213237163
164	0.8640747434825014
165	0.8925879504044913
166	0.9371316004437339
167	1.0
168	0.4029101033605775
169	0.29597901853584924
170	0.2516299796562454
171	0.25993340216897437
172	0.29121320991525945
173	0.3008228213237163
174	0.18787327440651988
175	0.09348055211451999
176	0.09501039487561765
177	0.4095038717012285
178	0.4095038717012285
179	0.3775797899972509
180	0.7588439508744703
181	0.771262704281338
182	0.688419796437905
183	0.688419796437905
184	0.7967132492072908
185	0.7588439508744703
186	0.7967132492072908
187	0.4029101033605775
188	0.29121320991525945
189	0.27737129133826594
190	0.239669527412524
191	0.22460188780169196
192	0.4029101033605775
193	0.9220420515895101
194	0.07693483325865721
195	0.011515692539375656
196	0.005457537922228116
197	0.0028051283336034973
198	0.0010253255196467513
199	0.0028976934794106937
200	0.17043778391330042
