1	0.8640747434825014
2	0.758843950874465
3	0.699686033300596
4	0.7346031188276403
5	0.7967132492072909
6	0.9071954723294289
7	0.9071954723294289
8	0.8640747434825014
9	0.566571988000507
10	0.38375901867527495
11	0.2729051014782441
12	0.10138426111191784
13	0.08480513362914896
14	0.7227746524257326
15	0.3210038175868511
16	0.18484816784601354
17	0.5057153295259778
18	0.8640747434825014
19	0.9371316004437404
20	0.548473172838661
21	0.42301690250931445
22	0.1909478879208065
23	0.1972488898661471
24	0.7967132492072909
25	0.8640747434825014
26	0.48167771661523806
27	0.466290799956401
28	0.3655182215245033
29	0.6045810297425014
30	0.4369758436353278
31	0.48167771661523806
32	0.4739218161276064
33	0.48167771661523806
34	0.2865241396118647
35	0.6556978921951105
36	0.25574799451756464
37	0.3262571601860513
38	0.1597226332147545
39	0.6451399456130033
40	0.5758441417787756
41	0.1878732744065199
42	0.16233655139003125
43	0.24359180518339563
44	0.566571988000507
45	0.6245313223904277
46	0.8640747434825014
47	0.8640747434825014
48	0.758843950874465
49	0.5224031981891458
50	0.5057153295259778
51	0.5948461590153626
52	0.9524680951766462
53	0.9524680951766462
54	0.45878265723355216
55	0.44412711003286787
56	0.07569604040982107
57	0.005032079462438764
58	0.02099590847766563
59	0.0512715750169613
60	0.045027498890453745
61	0.08903724340857806
62	0.8364723744993591
63	0.3655182215245033
64	0.12120455403275908
65	0.6245313223904277
66	0.7346031188276403
67	0.8230036250150272
68	0.9524680951766462
69	0.9371316004437404
70	0.4029101033605775
71	0.4369758436353278
72	0.566571988000507
73	0.44412711003286787
74	0.42301690250931445
75	0.3057458946813797
76	0.34814444420780405
77	0.48167771661523806
78	0.7967132492072909
79	0.8230036250150272
80	0.8501615448993928
81	0.8230036250150272
82	0.8925879504044915
83	0.809751747262771
84	0.8925879504044915
85	0.2865241396118647
86	0.1521307122146575
87	0.09348055211451999
88	0.03646109590141792
89	0.006850065475449526
90	0.00012030425723314005
91	2.4118229201461354e-05
92	0.000493876455090783
93	4.6923397017945535e-05
94	0.0006723037820462311
95	0.004491573493650751
96	1.0
97	1.0
98	1.0
99	1.0
100	0.004419250868277018
101	0.0006723037820462311
102	4.6923397017945535e-05
103	0.000493876455090783
104	2.4118229201461354e-05
105	8.148628007745127e-05
106	0.010113261253784643
107	0.03646109590141792
108	0.059336967552506205
109	0.08619300005539272
110	0.1521307122146575
111	0.6144752151203824
112	0.6045810297425014
113	0.3262571601860513
114	0.11175569566235759
115	0.045027498890453745
116	0.04288725609875964
117	0.08903724340857806
118	0.15715080394779135
119	0.21742711012398033
120	0.15715080394779135
121	0.1472709844146121
122	0.21392613224755636
123	0.9071954723294289
124	0.8925879504044915
125	0.9371316004437404
126	0.17894329980857737
127	0.16233655139003125
128	0.19407281858793526
129	0.809751747262771
130	0.8782156365502339
131	0.8501615448993928
132	0.758843950874465
133	0.11733274450692356
134	0.09975178733729188
135	0.3655182215245033
136	0.9371316004437404
137	0.9220420515895035
138	0.9071954723294289
139	0.6144752151203824
140	0.5758441417787756
141	0.677334966787895
142	0.8501615448993928
143	0.809751747262771
144	0.8640747434825014
145	0.6556978921951105
146	0.7227746524257326
147	0.466290799956401
148	0.677334966787895
149	0.6664286233595222
150	0.9371316004437404
151	0.9838981538483189
152	0.3655182215245033
153	0.3262571601860513
154	0.3008228213237163
155	0.8640747434825014
156	0.38375901867527495
157	0.25574799451756464
158	0.1231881100281487
159	0.7346031188276403
160	0.8782156365502339
161	0.8640747434825014
162	0.09197534264619776
163	0.05651656845829405
164	0.14256649781436606
165	0.10644373457266672
166	0.11544347070631858
167	0.1597226332147545
168	0.2599334021689762
169	0.31583506350196533
170	0.31583506350196533
171	0.45139540946972445
172	0.6347520014624387
173	0.39642250686330754
174	0.4369758436353278
175	0.5758441417787756
176	0.38375901867527495
177	0.3370231708678045
178	0.38375901867527495
179	0.7227746524257326
180	0.4299397258291107
181	0.052963462250909324
182	0.17043778391330164
183	0.4299397258291107
184	0.5139915422627507
185	0.9680555771461302
186	0.9680555771461302
187	0.9680555771461302
188	0.21392613224755636
189	0.08077418408895645
190	0.0512715750169613
191	0.9220420515895035
192	0.758843950874465
193	0.11358461770178932
194	0.10818572446379085
195	0.11175569566235759
196	0.16233655139003125
197	0.2282775782464921
198	0.8925879504044915
199	0.9071954723294289
200	0.9371316004437404
