1	0.9680555771461438
2	0.9371316004437403
3	0.9220420515895165
4	0.9220420515895165
5	0.7111366461700486
6	0.6347520014624477
7	0.6045810297425099
8	0.585268037678987
9	0.5948461590153625
10	0.40950387170123426
11	0.1909478879208119
12	0.20709238541955044
13	0.16233655139003353
14	0.14027091400017713
15	0.7111366461700486
16	0.6996860333005959
17	0.6996860333005959
18	0.29121320991526145
19	0.10995622264422977
20	0.06030803830703578
21	0.057441482370143404
22	0.04288725609876025
23	0.01967592931444509
24	0.07447719441285175
25	0.15715080394779132
26	0.9838981538483328
27	0.9524680951766462
28	0.4587826572335586
29	0.045764390058400266
30	0.024298717947761457
31	0.0290490381852773
32	0.9071954723294545
33	0.585268037678987
34	0.9371316004437403
35	0.09197534264619907
36	0.03361866366814549
37	0.04358912142584555
38	0.02812108342598899
39	0.012489335512977847
40	0.022771096439116734
41	0.9371316004437403
42	1.0
43	0.9524680951766462
44	0.9524680951766462
45	0.9838981538483328
46	1.0
47	0.9220420515895165
48	0.0033535217887888367
49	0.002198897168339217
50	0.004278080449843505
51	0.011330268629776647
52	0.09656527406216148
53	0.1496811268916314
54	0.9838981538483328
55	0.8640747434825136
56	0.8364723744993591
57	0.37150005830873106
58	0.37150005830873106
59	0.04019100294647118
60	0.10138426111191928
61	0.5309525138815142
62	0.5948461590153625
63	0.9524680951766462
64	0.44412711003286787
65	0.37757978999725084
66	0.3370231708678045
67	0.9071954723294545
68	0.9371316004437403
69	0.7227746524257427
70	0.7227746524257427
71	0.15972263321475674
72	0.14256649781437009
73	0.16233655139003353
74	0.6773349667878948
75	0.30082282132371624
76	0.45139540946972445
77	0.5224031981891458
78	0.3538419528953351
79	0.40291010336058314
80	0.35963270335588476
81	0.31074953590015464
82	0.614475215120391
83	0.31074953590015464
84	0.3538419528953351
85	0.37757978999725084
86	0.3315964756209393
87	0.30574589468138835
88	0.3538419528953351
89	0.28191057199709557
90	0.005457537922228154
91	0.031505112088109015
92	0.057441482370143404
93	0.37150005830873106
94	0.23201342268367278
95	0.30082282132371624
96	0.6045810297425099
97	0.010617952774480096
98	0.008459463654885604
99	0.01354529925337699
100	0.01814203423202126
101	0.004871332588256415
102	0.176061982325188
103	0.1030434509053353
104	0.9071954723294545
105	0.2641873055176485
106	0.16769342093829617
107	0.09501039487561898
108	0.08619300005539395
109	0.16233655139003353
110	0.6347520014624477
111	0.5396417421913038
112	0.32100381758685564
113	0.5484731728386766
114	0.4895605451959227
115	0.3900393726467363
116	0.7588439508744756
117	0.8782156365502464
118	0.8925879504044915
119	0.9524680951766462
120	0.9220420515895165
121	0.9071954723294545
122	0.7967132492072908
123	0.8782156365502464
124	0.4895605451959227
125	0.1357900406092586
126	0.09348055211451999
127	0.19724888986614986
128	0.5758441417787837
129	0.6045810297425099
130	0.8097517472627824
131	0.3538419528953351
132	0.10138426111191928
133	0.07569604040982214
134	0.1030434509053353
135	0.21048152657828495
136	0.9220420515895165
137	0.16499324727370096
138	0.09197534264619907
139	0.012288234154010973
140	0.03529636723622802
141	0.04219669209919026
142	0.04430247303072529
143	0.15213071221465965
144	0.9071954723294545
145	0.823003625015039
146	0.8782156365502464
147	0.6556978921951198
148	0.5396417421913038
149	0.5665719880005149
150	0.585268037678987
151	0.29597901853585135
152	0.4299397258291168
153	0.3900393726467363
154	0.2174271101239803
155	0.24757827243667338
156	0.45139540946972445
157	0.07209806342155774
158	0.005457537922228154
159	0.05127157501696202
160	0.010113261253784643
161	0.04651334071458727
162	0.23201342268367278
163	0.9680555771461438
164	1.0
165	1.0
166	0.9838981538483328
167	0.22460188780169194
168	0.062298115656568495
169	0.05651656845829485
170	0.0547111792972134
171	0.059336967552506205
172	0.3370231708678045
173	1.0
174	0.746625162324361
175	0.4816777166152448
176	0.5574491330158785
177	0.614475215120391
178	0.6556978921951198
179	0.7838846950415602
180	0.5948461590153625
181	0.25162997965624534
182	0.2037578156903431
183	0.2037578156903431
184	0.15972263321475674
185	0.176061982325188
186	0.8782156365502464
187	0.2174271101239803
188	0.9220420515895165
189	0.9838981538483328
190	0.8782156365502464
191	0.8501615448994048
192	0.12318811002815042
193	0.7838846950415602
194	0.0769348332586583
195	0.0904943698291618
196	0.1909478879208119
197	0.16233655139003353
198	0.24359180518339907
199	0.9524680951766462
200	0.9524680951766462
