1	0.9838981538483189
2	0.9838981538483189
3	0.9838981538483189
4	0.6556978921951199
5	0.466290799956401
6	0.31074953590015464
7	0.2435918051833991
8	0.2004769386898946
9	0.4095038717012343
10	0.2557479945175719
11	0.2557479945175719
12	0.7346031188276507
13	0.7712627042813436
14	0.7838846950415601
15	0.0965652740621615
16	0.024696375181437157
17	0.017849913987938976
18	0.0330773411179359
19	0.020995908477665932
20	0.9680555771461439
21	0.8782156365502464
22	0.8501615448994049
23	0.22098538275893512
24	0.14968112689163143
25	0.2282775782464986
26	0.8640747434825137
27	0.8782156365502464
28	0.02858129504156406
29	0.024696375181437157
30	0.010617952774480096
31	0.010113261253784643
32	0.0330773411179359
33	0.05296346225091008
34	0.2358104055548831
35	0.9071954723294547
36	0.8097517472627825
37	0.7227746524257427
38	0.7967132492072908
39	0.8097517472627825
40	0.24757827243666988
41	0.28191057199709557
42	0.2599334021689762
43	0.2641873055176485
44	0.28191057199709557
45	0.9524680951766463
46	0.7111366461700386
47	0.029524436113288616
48	0.03416884515602848
49	0.024696375181437157
50	0.6773349667879045
51	0.6884197964379097
52	0.699686033300596
53	0.7346031188276507
54	0.2435918051833991
55	0.3057458946813884
56	0.28652413961186873
57	0.2435918051833991
58	0.08903724340858059
59	0.3775797899972509
60	0.04883453939311236
61	0.566571988000515
62	0.9680555771461439
63	0.9680555771461439
64	0.07447719441285175
65	0.04963373414423629
66	0.013992274382953427
67	0.026784434765055674
68	0.16233655139003356
69	0.8925879504044915
70	0.48956054519592274
71	0.48956054519592274
72	0.7967132492072908
73	0.7111366461700386
74	0.5758441417787837
75	0.5396417421913039
76	0.5758441417787837
77	0.5758441417787837
78	0.8925879504044915
79	0.8925879504044915
80	0.566571988000515
81	0.6045810297425099
82	0.3655182215245085
83	0.513991542262758
84	0.3964225068633132
85	0.3900393726467364
86	0.3481444442078041
87	0.3964225068633132
88	0.1732270593726278
89	0.4299397258291169
90	0.17043778391330405
91	0.7111366461700386
92	0.18484816784601618
93	0.03828064801966493
94	0.03361866366814549
95	0.07209806342155774
96	0.0675653735631387
97	0.6773349667879045
98	0.7346031188276507
99	0.07093715149651067
100	0.164993247273701
101	0.154620385880011
102	0.8097517472627825
103	0.823003625015039
104	0.20375781569034312
105	0.28652413961186873
106	0.1314523061326923
107	0.10472979393476876
108	0.20709238541955047
109	0.17894329980857993
110	0.004565079704726418
111	0.005918968568537472
112	0.09049436982916181
113	0.8925879504044915
114	0.466290799956401
115	0.40291010336058325
116	0.4587826572335587
117	0.18484816784601618
118	0.2004769386898946
119	0.5309525138815143
120	0.823003625015039
121	0.8364723744993591
122	0.15972263321475677
123	0.1030434509053353
124	0.15213071221465968
125	0.5574491330158786
126	0.29597901853585135
127	0.098145599404233
128	0.12933568132305998
129	0.14489964968096344
130	0.5852680376789873
131	0.12725313808047503
132	0.06647744631284419
133	0.06331764666180337
134	0.1472709844146142
135	1.0
136	1.0
137	1.0
138	0.9838981538483189
139	0.9838981538483189
140	0.9220420515895167
141	0.07947357060373077
142	0.00611428590286806
143	0.07693483325865831
144	0.1252041276287828
145	0.9838981538483189
146	0.07569604040982215
147	0.023907463729683852
148	0.022771096439116734
149	0.05651656845829486
150	0.35384195289533515
151	0.9524680951766463
152	0.154620385880011
153	0.0038810552143591307
154	0.011330268629776647
155	0.8501615448994049
156	0.8640747434825137
157	0.12120455403276079
158	0.06435386265758217
159	0.1909478879208119
160	0.3715000583087311
161	0.3262571601860559
162	0.823003625015039
163	0.8501615448994049
164	0.04019100294647119
165	0.14489964968096344
166	0.028121083425988992
167	0.1676934209382962
168	0.6245313223904277
169	0.5758441417787837
170	0.9071954723294547
171	0.2396695274125257
172	0.05651656845829486
173	0.031505112088109015
174	0.022404439747549302
175	0.000803736982286617
176	0.000960864945202363
177	0.006631244087325165
178	0.9071954723294547
179	0.8640747434825137
180	0.2396695274125257
181	0.15715080394779135
182	0.2358104055548831
183	0.8501615448994049
184	0.8097517472627825
185	0.9071954723294547
186	0.9371316004437406
187	0.04502749889045438
188	0.037664258914665634
189	0.030007614098887924
190	0.021339514049848227
191	0.07093715149651067
192	0.5057153295259778
193	0.4816777166152449
194	0.5396417421913039
195	0.4587826572335587
196	0.1909478879208119
197	0.1030434509053353
198	0.09975178733729329
199	0.3370231708678045
200	0.48956054519592274
