1	0.17894329980857737
2	0.005457537922228077
3	0.004209195456615552
4	0.005457537922228077
5	0.004951053693111541
6	0.002759960588740092
7	0.0032995238968794027
8	0.0016417519552458229
9	0.0083232506725889
10	0.9838981538483048
11	0.9838981538483048
12	1.0
13	0.9838981538483048
14	0.9838981538483048
15	0.9838981538483048
16	0.009324852154700228
17	0.006015834611932686
18	0.004074735137074894
19	0.003353521788788766
20	0.0028976934794106733
21	0.004009124378788865
22	0.0038810552143591303
23	0.0047928951403666395
24	0.025511319561055356
25	0.7111366461700385
26	0.6996860333005861
27	0.8364723744993591
28	0.758843950874465
29	0.7712627042813326
30	0.7967132492072909
31	0.10472979393476876
32	0.00463978887130851
33	0.005729890533725346
34	0.019997932954225382
35	0.12120455403275908
36	0.9220420515895036
37	1.0
38	0.9838981538483048
39	0.9680555771461302
40	0.9524680951766463
41	0.8925879504044915
42	0.14027091400017713
43	0.05044600800408382
44	0.03416884515602799
45	0.10138426111191784
46	0.1496811268916314
47	0.3262571601860513
48	0.20709238541954755
49	0.23581040555487975
50	0.10644373457266673
51	0.16499324727369863
52	0.6996860333005861
53	0.907195472329429
54	0.758843950874465
55	0.7466251623243612
56	0.5396417421912962
57	0.5396417421912962
58	0.09197534264619776
59	0.07093715149650967
60	0.3107495359001502
61	0.008597905811488844
62	0.14027091400017713
63	0.6664286233595221
64	0.6451399456130033
65	0.6664286233595221
66	0.45139540946972445
67	0.48167771661523806
68	0.5574491330158785
69	0.5574491330158785
70	0.29121320991525734
71	0.40950387170122265
72	0.15213071221465752
73	0.22827757824649214
74	0.1252041276287828
75	0.19407281858793252
76	0.40291010336057753
77	0.47392181612760637
78	0.6144752151203824
79	0.907195472329429
80	0.7712627042813326
81	0.5139915422627507
82	0.49757237909340374
83	0.41620554942555466
84	0.3262571601860513
85	0.3775797899972509
86	0.47392181612760637
87	0.4587826572335522
88	0.17606198232518802
89	0.07209806342155672
90	0.4299397258291108
91	0.6144752151203824
92	0.7346031188276299
93	0.6144752151203824
94	0.6556978921951012
95	0.7346031188276299
96	0.6884197964379001
97	0.8230036250150273
98	0.3481444442077991
99	0.3481444442077991
100	0.39642250686330754
101	0.46629079995639433
102	0.6347520014624387
103	0.5574491330158785
104	0.5665719880005069
105	0.4587826572335522
106	0.5574491330158785
107	0.46629079995639433
108	0.40950387170122265
109	0.5574491330158785
110	0.2516299796562454
111	0.17322705937262536
112	0.35384195289533016
113	0.4299397258291108
114	0.40291010336057753
115	0.5224031981891384
116	0.6996860333005861
117	0.41620554942555466
118	0.22827757824649214
119	0.3107495359001502
120	0.35963270335587966
121	0.3481444442077991
122	0.5665719880005069
123	0.4369758436353278
124	0.46629079995639433
125	0.4299397258291108
126	0.6245313223904277
127	0.8501615448993928
128	0.31583506350196533
129	0.3425386759286026
130	0.3425386759286026
131	0.3481444442077991
132	0.33159647562093936
133	0.3262571601860513
134	0.6664286233595221
135	0.548473172838661
136	0.677334966787895
137	0.06867110513305613
138	0.02168874285044923
139	0.007927630713798489
140	0.31583506350196533
141	0.098145599404233
142	0.041517247454898654
143	0.1314523061326923
144	0.2599334021689725
145	0.08903724340857805
146	0.15213071221465752
147	0.21392613224755638
148	0.6884197964379001
149	0.677334966787895
150	0.27737129133826594
151	0.17043778391330164
152	0.17606198232518802
153	0.29121320991525734
154	0.907195472329429
155	0.9371316004437271
156	0.8230036250150273
157	0.7712627042813326
158	0.8640747434825014
159	0.8230036250150273
160	0.907195472329429
161	0.758843950874465
162	0.6556978921951012
163	0.6556978921951012
164	0.6451399456130033
165	0.6347520014624387
166	0.758843950874465
167	0.7838846950415491
168	0.6664286233595221
169	0.6451399456130033
170	0.8925879504044915
171	0.8782156365502214
172	0.46629079995639433
173	0.39003937264673083
174	0.3210038175868511
175	0.22098538275893198
176	0.16499324727369863
177	0.24757827243666986
178	0.1314523061326923
179	0.03646109590141791
180	0.1676934209382962
181	0.38375901867527495
182	0.9371316004437271
183	0.3210038175868511
184	0.24757827243666986
185	0.1676934209382962
186	0.17894329980857737
187	0.21392613224755638
188	0.0547111792972134
189	0.6556978921951012
190	0.5396417421912962
191	0.6451399456130033
192	0.025100540218356872
193	0.25574799451756464
194	0.3210038175868511
195	0.3425386759286026
196	0.3715000583087311
197	0.46629079995639433
198	0.9371316004437271
199	0.8782156365502214
200	0.9524680951766463
