1	0.9371316004437404
2	0.9220420515895297
3	0.9071954723294547
4	0.566571988000523
5	0.6245313223904277
6	0.6556978921951199
7	0.2209853827589351
8	0.04288725609876025
9	0.35963270335588476
10	0.3900393726467364
11	0.4587826572335652
12	0.566571988000523
13	0.5224031981891458
14	0.17894329980858245
15	0.11925293695084384
16	0.10644373457266974
17	0.42301690250932644
18	0.4816777166152449
19	0.429939725829123
20	0.42301690250932644
21	0.429939725829123
22	0.4513954094697309
23	0.15715080394779135
24	0.505715329525985
25	0.5224031981891458
26	0.6045810297425099
27	0.429939725829123
28	0.8640747434825137
29	0.8925879504045041
30	0.5948461590153712
31	0.2037578156903431
32	0.18187177108593947
33	0.08903724340858057
34	0.43697584363533404
35	0.5396417421913039
36	0.8501615448994169
37	0.7712627042813543
38	0.7712627042813543
39	0.9220420515895297
40	0.8925879504045041
41	0.9071954723294547
42	0.9071954723294547
43	0.8230036250150506
44	0.8097517472627824
45	0.0067397667750349905
46	0.01096832973761928
47	0.055606547367959225
48	0.04651334071458728
49	0.0934805521145213
50	0.9220420515895297
51	0.9524680951766733
52	0.9680555771461439
53	0.9071954723294547
54	0.9071954723294547
55	0.8925879504045041
56	0.018438935128663837
57	0.005918968568537555
58	0.023522509426831914
59	0.09814559940423298
60	0.1472709844146142
61	0.9071954723294547
62	0.9220420515895297
63	0.5852680376789872
64	0.4816777166152449
65	0.07093715149651068
66	0.052110652730085555
67	0.6245313223904277
68	0.8501615448994169
69	0.8925879504045041
70	0.9524680951766733
71	0.9071954723294547
72	0.5574491330158864
73	0.42301690250932644
74	0.505715329525985
75	0.5224031981891458
76	0.7712627042813543
77	0.7967132492073021
78	0.8364723744993591
79	0.5574491330158864
80	0.4587826572335652
81	0.42301690250932644
82	0.4587826572335652
83	0.7712627042813543
84	0.7111366461700486
85	0.6045810297425099
86	0.6556978921951199
87	0.9220420515895297
88	0.2070923854195534
89	0.6664286233595316
90	0.310749535900159
91	0.0008168904262529344
92	0.00027531100170731634
93	0.013766972933527001
94	0.9838981538483329
95	0.1546203858800132
96	0.021339514049848227
97	0.010446984132459751
98	0.009324852154700492
99	0.014221262971401534
100	0.03049869946550789
101	0.9524680951766733
102	0.9838981538483329
103	0.9838981538483329
104	0.9838981538483329
105	0.9838981538483329
106	1.0
107	0.9680555771461439
108	0.9524680951766733
109	0.025100540218357583
110	0.006524468815236903
111	0.006631244087325165
112	0.01096832973761928
113	0.05127157501696203
114	0.1909478879208119
115	0.006524468815236903
116	0.005546852487609755
117	0.007799981223697785
118	0.01619336115132821
119	0.41620554942556054
120	0.9371316004437404
121	0.9220420515895297
122	0.7967132492073021
123	0.9071954723294547
124	0.17043778391330405
125	0.1972488898661499
126	0.2139261322475624
127	0.3655182215245085
128	0.9371316004437404
129	0.9371316004437404
130	0.9680555771461439
131	0.9680555771461439
132	0.9220420515895297
133	0.9220420515895297
134	0.9071954723294547
135	0.9680555771461439
136	0.9680555771461439
137	0.9838981538483329
138	0.9838981538483329
139	0.9838981538483329
140	0.9220420515895297
141	0.9071954723294547
142	0.6245313223904277
143	0.6245313223904277
144	0.6245313223904277
145	0.9838981538483329
146	0.6245313223904277
147	0.3715000583087364
148	0.23581040555488308
149	0.13360357026643968
150	0.1314523061326923
151	0.03890712455342853
152	0.03000761409888835
153	0.24359180518339907
154	0.9838981538483329
155	0.9680555771461439
156	0.9680555771461439
157	0.9680555771461439
158	0.2865241396118728
159	0.02678443476505567
160	0.03416884515602848
161	0.009477456704465006
162	0.015423659850313085
163	0.045764390058400266
164	0.17894329980858245
165	0.4816777166152449
166	0.07327797408660718
167	0.019359110527732818
168	0.03361866366814597
169	0.4029101033605832
170	0.46629079995640094
171	0.9220420515895297
172	0.44412711003287414
173	0.3900393726467364
174	0.32625716018605594
175	0.3655182215245085
176	0.5574491330158864
177	0.9071954723294547
178	0.1472709844146142
179	0.05127157501696203
180	0.018438935128663837
181	0.015676073575284978
182	0.014930959938100641
183	0.015676073575284978
184	0.9524680951766733
185	0.9524680951766733
186	0.9680555771461439
187	0.9680555771461439
188	0.009324852154700492
189	0.007674387126047693
190	0.026353155917209006
191	0.04219669209919026
192	0.07209806342155876
193	0.18787327440652254
194	0.8782156365502464
195	0.8782156365502464
196	0.9071954723294547
197	0.9680555771461439
198	0.9524680951766733
199	0.9680555771461439
200	1.0
