1	0.1252041276287828
2	0.09814559940423298
3	0.09197534264619908
4	0.08343961441458082
5	0.08077418408895759
6	0.9838981538483329
7	0.9838981538483329
8	0.9220420515895166
9	0.9071954723294419
10	0.9071954723294419
11	0.9071954723294419
12	0.012693727967806583
13	0.028121083425988992
14	0.01311260248634491
15	0.0028510352648104934
16	0.02766828206704513
17	0.9071954723294419
18	0.9524680951766599
19	0.8640747434825014
20	0.4299397258291107
21	0.35963270335587966
22	0.23966952741252573
23	0.3057458946813884
24	0.7111366461700487
25	0.6451399456130033
26	0.6347520014624478
27	0.40291010336057753
28	0.40291010336057753
29	0.0358740049446921
30	0.17606198232518802
31	0.49757237909340374
32	0.8640747434825014
33	0.8782156365502464
34	0.9838981538483329
35	0.37757978999725095
36	0.3655182215245085
37	0.8925879504044915
38	0.8782156365502464
39	0.8640747434825014
40	0.8640747434825014
41	0.9220420515895166
42	0.25993340216897615
43	0.16233655139003356
44	0.5852680376789872
45	0.02510054021835723
46	0.01784991398793898
47	0.3158350635019698
48	0.42301690250932045
49	0.9371316004437406
50	0.8501615448994049
51	0.8640747434825014
52	0.8364723744993592
53	0.9371316004437406
54	0.9838981538483329
55	0.9680555771461302
56	0.9838981538483329
57	0.1425664978143681
58	0.009950419076984445
59	0.0083232506725889
60	0.006316048424505999
61	0.18787327440651988
62	0.03202070454638332
63	0.32625716018605594
64	0.9524680951766599
65	0.15972263321475677
66	0.08619300005539396
67	0.16233655139003356
68	0.23581040555488308
69	0.06979493239667438
70	0.01248933551297767
71	0.0330773411179359
72	0.08480513362914896
73	0.10138426111191785
74	0.19094788792080924
75	0.8782156365502464
76	0.8230036250150391
77	0.1425664978143681
78	0.05560654736795844
79	0.04288725609876025
80	0.06979493239667438
81	0.042196692099189664
82	0.8364723744993592
83	0.9680555771461302
84	0.2435918051833991
85	0.9071954723294419
86	0.21742711012398036
87	0.18787327440651988
88	0.9220420515895166
89	0.11358461770178932
90	0.09656527406216149
91	0.001225773320081767
92	0.17322705937262786
93	0.000672303782046236
94	0.002759960588740092
95	0.0001438233477885574
96	0.003944570074838709
97	0.029524436113288612
98	1.0
99	0.0018694178137101957
100	0.0019311058764015327
101	0.0031941225103010837
102	0.1972488898661499
103	0.19094788792080924
104	1.0
105	0.8925879504044915
106	0.9371316004437406
107	0.9371316004437406
108	1.0
109	0.9838981538483329
110	0.9680555771461302
111	0.12318811002815044
112	0.12933568132305998
113	0.9371316004437406
114	0.0025864462836876507
115	0.0015137643410159801
116	0.0024238405452939728
117	0.0330773411179359
118	0.003246395470718101
119	0.0002665163506524554
120	0.00027981656498743195
121	0.40291010336057753
122	0.42301690250932045
123	0.0034084033755650083
124	0.002897693479410694
125	0.2475782724366734
126	0.9524680951766599
127	0.3057458946813884
128	0.9524680951766599
129	0.20709238541955047
130	0.2819105719970956
131	0.7712627042813325
132	0.10644373457266823
133	0.7712627042813325
134	0.7967132492072909
135	0.054711179297213405
136	0.10304345090533532
137	0.12318811002815044
138	0.04151724745489924
139	0.02766828206704513
140	0.9071954723294419
141	0.10472979393476876
142	0.04019100294647176
143	0.09049436982916183
144	0.04358912142584555
145	0.04288725609876025
146	0.04151724745489924
147	0.7588439508744759
148	0.7588439508744759
149	0.7588439508744759
150	0.03416884515602848
151	0.01843893512866384
152	0.010113261253784787
153	0.25574799451756824
154	0.9838981538483329
155	0.5574491330158785
156	0.2435918051833991
157	0.23966952741252573
158	0.23966952741252573
159	0.005114431247540004
160	0.013545299253376993
161	0.13579004060925862
162	0.7588439508744759
163	0.7588439508744759
164	0.6556978921951199
165	0.34814444420780405
166	0.3425386759286075
167	0.210481526578285
168	0.3370231708678045
169	0.006631244087325071
170	0.010278768401209684
171	0.006850065475449527
172	0.009632558682416179
173	0.04502749889045439
174	0.164993247273701
175	0.28652413961186873
176	0.9838981538483329
177	1.0
178	0.9838981538483329
179	0.9524680951766599
180	0.9524680951766599
181	0.9220420515895166
182	0.9524680951766599
183	0.9838981538483329
184	0.9680555771461302
185	0.9220420515895166
186	0.7346031188276508
187	0.8640747434825014
188	0.8640747434825014
189	0.8782156365502464
190	0.9680555771461302
191	1.0
192	0.9838981538483329
193	0.22827757824649536
194	0.016458371314135436
195	0.015932618141390915
196	0.09501039487561766
197	0.02766828206704513
198	0.03646109590141792
199	0.1472709844146142
200	0.9838981538483329
