1	0.6773349667879045
2	0.1425664978143701
3	0.017279708787603047
4	0.00025800263964974486
5	0.000374775160424973
6	0.0067397667750349905
7	0.007191910689857912
8	0.1472709844146142
9	1.0
10	0.9838981538483328
11	0.9838981538483328
12	0.9838981538483328
13	0.1425664978143701
14	0.0007532073245460797
15	0.00019578374240785608
16	0.00036874058845034113
17	0.0005270086451646011
18	0.02429871794776163
19	0.1472709844146142
20	0.24359180518339907
21	0.17322705937262906
22	0.06979493239667585
23	0.07209806342155825
24	0.10138426111192
25	0.2282775782464986
26	0.1972488898661499
27	0.14489964968096447
28	0.20047693868989605
29	0.9071954723294546
30	0.2174271101239819
31	0.23201342268367448
32	0.37150005830873634
33	0.8097517472627824
34	0.8097517472627824
35	0.7346031188276507
36	0.8230036250150506
37	0.8230036250150506
38	0.40950387170123426
39	0.35384195289534015
40	0.40291010336058325
41	0.6144752151203998
42	0.4975723790934108
43	0.20047693868989605
44	0.25162997965624895
45	0.35384195289534015
46	0.33702317086780925
47	0.3107495359001591
48	0.2819105719970996
49	0.4513954094697309
50	0.5758441417787838
51	0.12120455403276165
52	0.2641873055176523
53	0.08209608258032164
54	0.13801229332339257
55	0.5758441417787838
56	0.60458102974251
57	0.9838981538483328
58	0.9838981538483328
59	0.7346031188276507
60	0.38375901867528583
61	0.24757827243667338
62	0.44412711003287414
63	0.505715329525985
64	0.42301690250932644
65	0.1425664978143701
66	0.3775797899972563
67	0.3775797899972563
68	0.2557479945175719
69	0.5309525138815219
70	0.3775797899972563
71	0.35963270335588476
72	0.06030803830703621
73	0.1972488898661499
74	0.1789432998085812
75	0.18787327440652254
76	0.5484731728386767
77	0.099751787337294
78	0.046513340714587605
79	0.099751787337294
80	0.38375901867528583
81	0.07327797408660769
82	0.0488345393931127
83	0.6144752151203998
84	0.099751787337294
85	0.06030803830703621
86	0.19407281858793665
87	0.6773349667879045
88	0.9524680951766734
89	0.9524680951766734
90	0.9524680951766734
91	0.8364723744993591
92	0.8364723744993591
93	0.9220420515895298
94	0.8364723744993591
95	0.8782156365502464
96	0.8782156365502464
97	1.0
98	0.9838981538483328
99	0.3210038175868602
100	0.03099782162027525
101	0.027222771645920442
102	0.057441482370143404
103	0.6347520014624568
104	0.746625162324361
105	0.7588439508744865
106	0.6773349667879045
107	0.6245313223904276
108	0.8782156365502464
109	0.38375901867528583
110	0.024696375181437503
111	0.038907124553428256
112	0.099751787337294
113	0.6664286233595317
114	0.9838981538483328
115	0.9371316004437404
116	0.9680555771461439
117	0.8925879504045041
118	0.9838981538483328
119	0.9680555771461439
120	0.5224031981891458
121	0.012090370898187429
122	0.0255113195610559
123	0.12725313808047503
124	0.5574491330158785
125	0.2139261322475609
126	0.48167771661524483
127	0.37150005830873634
128	0.38375901867528583
129	0.4513954094697309
130	0.3057458946813884
131	0.2139261322475609
132	0.2209853827589351
133	0.17043778391330405
134	0.1789432998085812
135	0.2685108255202382
136	0.5852680376789872
137	0.8640747434825137
138	0.850161544899417
139	0.7346031188276507
140	0.5224031981891458
141	0.41620554942555466
142	0.3008228213237227
143	0.35384195289534015
144	0.6144752151203998
145	0.5139915422627652
146	0.5574491330158785
147	0.4739218161276198
148	0.6347520014624568
149	0.4587826572335652
150	0.4895605451959227
151	0.3900393726467363
152	0.09049436982916245
153	0.050446008004084886
154	0.10644373457266974
155	0.566571988000523
156	0.4369758436353341
157	0.5139915422627652
158	0.9680555771461439
159	0.8782156365502464
160	0.5224031981891458
161	0.272905101478248
162	0.3210038175868602
163	0.48167771661524483
164	0.41620554942555466
165	0.5484731728386767
166	0.5484731728386767
167	0.6347520014624568
168	0.3964225068633188
169	0.1472709844146142
170	0.09049436982916245
171	0.7838846950415601
172	0.17043778391330405
173	0.17043778391330405
174	0.14027091400018013
175	0.18484816784601615
176	0.5948461590153711
177	0.466290799956401
178	0.02352250942683175
179	0.050446008004084886
180	0.12725313808047503
181	0.5484731728386767
182	0.9524680951766734
183	0.8640747434825137
184	0.48167771661524483
185	0.505715329525985
186	0.566571988000523
187	0.6664286233595317
188	0.9524680951766734
189	0.9524680951766734
190	0.9371316004437404
191	0.9524680951766734
192	0.8782156365502464
193	0.8925879504045041
194	0.6144752151203998
195	0.5309525138815219
196	0.4739218161276198
197	0.5309525138815219
198	0.9524680951766734
199	0.9680555771461439
200	0.9838981538483328
