1	0.9838981538483328
2	0.9524680951766732
3	0.9680555771461439
4	0.9071954723294675
5	0.892587950404504
6	0.892587950404504
7	0.9071954723294675
8	0.9680555771461439
9	0.8782156365502464
10	0.585268037678987
11	0.14027091400017913
12	0.061295000982727665
13	0.08480513362915015
14	0.08343961441458081
15	0.08903724340858059
16	0.06030803830703665
17	0.02277109643911706
18	0.9220420515895167
19	0.9071954723294675
20	0.9524680951766732
21	0.9838981538483328
22	0.9071954723294675
23	0.9220420515895167
24	0.5484731728386766
25	0.14256649781437009
26	0.09814559940423437
27	0.32100381758685564
28	0.43697584363534026
29	0.9371316004437537
30	0.699686033300596
31	0.7111366461700486
32	0.25162997965624895
33	0.39642250686331315
34	0.32625716018606055
35	0.4441271100328742
36	0.002503823749912783
37	0.009632558682416314
38	0.012693727967806762
39	0.029524436113289032
40	0.17322705937263028
41	1.0
42	0.45139540946973084
43	0.016727718463300362
44	0.00016376769190027142
45	0.0007780620682611711
46	0.002198897168339217
47	0.0032463954707181468
48	0.005546852487609716
49	0.013327194928720821
50	0.03254473486014868
51	0.9680555771461439
52	0.9524680951766732
53	1.0
54	1.0
55	1.0
56	0.9838981538483328
57	0.9524680951766732
58	1.0
59	0.03202070454638377
60	0.010617952774480246
61	0.003464183119191529
62	0.0015137643410160016
63	0.002198897168339217
64	0.0007655338325415708
65	0.00016917178699911355
66	0.012901465378461999
67	0.45878265723356515
68	0.18187177108594205
69	0.03254473486014868
70	0.011147830387442922
71	0.010791719379643381
72	0.09814559940423437
73	0.9680555771461439
74	1.0
75	1.0
76	1.0
77	0.09501039487561899
78	0.09814559940423437
79	0.05651656845829485
80	0.04219669209919026
81	0.06540703669975904
82	0.04219669209919026
83	0.08343961441458081
84	0.42301690250933244
85	0.07327797408660822
86	0.06331764666180337
87	0.2773712913382699
88	0.016458371314135665
89	0.001869417813710222
90	0.00041987477004942753
91	2.6585482332195215e-05
92	1.9849390061746685e-05
93	0.0005185228330395548
94	0.0010764932965619178
95	0.002628774404719965
96	1.0
97	1.0
98	0.9838981538483328
99	0.9838981538483328
100	0.9838981538483328
101	0.02065783558954407
102	0.019047393108382143
103	1.0
104	0.030997821620275253
105	0.021688742850449534
106	0.030007614098888347
107	0.9838981538483328
108	0.9838981538483328
109	0.2004769386898946
110	0.050446008004084525
111	0.010617952774480246
112	0.0019948295552353968
113	7.513377685901219e-05
114	0.0008302591310470831
115	1.0
116	1.0
117	1.0
118	1.0
119	1.0
120	0.019359110527733092
121	0.003578496112179934
122	0.002423840545294007
123	0.001206036106664992
124	3.503418891533452e-05
125	0.0021286546673816424
126	0.9838981538483328
127	1.0
128	1.0
129	1.0
130	0.9838981538483328
131	1.0
132	0.002198897168339217
133	0.000258002639649743
134	0.0013511678105428784
135	0.002384812237737476
136	0.0035208757183272242
137	0.01999793295422595
138	1.0
139	1.0
140	1.0
141	1.0
142	0.0010764932965619178
143	6.598365767066156e-05
144	0.001641751955245869
145	0.009174704819918332
146	0.04430247303072592
147	0.19724888986615272
148	0.016193361151328214
149	0.004009124378788979
150	0.013992274382953626
151	0.9838981538483328
152	0.017849913987939232
153	0.030997821620275253
154	0.0016686198147892524
155	0.0010253255196467585
156	0.0005101736581558254
157	1.5559633075313277e-05
158	2.615740698581397e-05
159	0.00041311401109911914
160	0.001869417813710222
161	0.37150005830873634
162	0.6347520014624567
163	0.055606547367959225
164	0.02551131956105608
165	0.11175569566235918
166	0.8782156365502464
167	0.9838981538483328
168	0.9838981538483328
169	0.9838981538483328
170	0.4029101033605889
171	0.09501039487561899
172	0.0231437535989396
173	0.005729890533725427
174	0.0018097003405785055
175	0.001641751955245869
176	0.0011675099792966507
177	2.118100601062627e-05
178	1.9529778236767732e-05
179	0.00029858833578436605
180	3.391504197028072e-05
181	0.0003628031842252333
182	0.0010421053394972023
183	0.6144752151203998
184	1.0
185	1.0
186	1.0
187	0.6144752151203998
188	0.0010253255196467585
189	0.0003628031842252333
190	3.336894718224792e-05
191	0.00029858833578436605
192	1.9529778236767732e-05
193	2.118100601062627e-05
194	0.0011487109132294637
195	0.0015893071365663276
196	0.0017236818362313373
197	0.005546852487609716
198	0.02277109643911706
199	0.0934805521145213
200	0.4029101033605889
