1	0.2819105719970956
2	0.28652413961186873
3	0.3370231708678045
4	0.3900393726467363
5	0.699686033300596
6	0.7967132492073021
7	0.2641873055176485
8	0.13801229332339254
9	0.30574589468138835
10	0.18787327440652257
11	0.3370231708678045
12	0.45139540946972445
13	0.9220420515895298
14	0.9071954723294419
15	0.8925879504045041
16	0.8230036250150508
17	0.8925879504045041
18	0.8640747434825137
19	0.8364723744993591
20	0.26851082552023625
21	0.5224031981891458
22	0.4162055494255606
23	0.3107495359001591
24	0.2557479945175683
25	0.22460188780169515
26	0.2435918051833991
27	0.6451399456130125
28	0.7588439508744759
29	0.8097517472627709
30	0.4816777166152449
31	0.6245313223904277
32	0.5574491330158865
33	0.6451399456130125
34	0.9524680951766599
35	0.15213071221465752
36	0.0358740049446921
37	0.009174704819918332
38	0.002384812237737476
39	0.0023086307871881067
40	0.0023086307871881067
41	0.00463978887130851
42	0.02204368690561934
43	1.0
44	1.0
45	1.0
46	1.0
47	1.0
48	0.01874069491496012
49	0.0050320794624388356
50	0.0016153167178432556
51	0.1972488898661499
52	0.9838981538483328
53	1.0
54	1.0
55	0.2037578156903431
56	0.01814203423202152
57	0.01727970878760305
58	0.01874069491496012
59	0.9838981538483328
60	0.9838981538483328
61	1.0
62	1.0
63	1.0
64	0.9838981538483328
65	0.9838981538483328
66	0.029524436113288612
67	0.006524468815236811
68	0.0010764932965619178
69	0.0012869442307717753
70	0.0014185963995909695
71	0.008597905811488844
72	0.027668282067045125
73	0.14968112689163354
74	0.9680555771461302
75	0.9838981538483328
76	0.9838981538483328
77	0.3596327033558848
78	0.07819389939674473
79	0.0023086307871881067
80	0.001839316735680622
81	0.00479289514036664
82	0.0037570771454724793
83	0.0016686198147892288
84	0.0007532073245460798
85	0.007550815325235738
86	0.06756537356313871
87	0.07209806342155876
88	0.16499324727370096
89	0.012693727967806764
90	0.0058236622472702445
91	0.013992274382953428
92	0.006850065475449624
93	0.003408403375565057
94	0.01248933551297767
95	0.012901465378461817
96	0.026784434765055674
97	0.21742711012398036
98	0.3964225068633132
99	1.0
100	0.7838846950415602
101	0.6884197964379195
102	1.0
103	0.2070923854195534
104	0.21742711012398036
105	1.0
106	0.9838981538483328
107	1.0
108	0.9838981538483328
109	0.2435918051833991
110	0.22460188780169515
111	0.8925879504045041
112	0.176061982325188
113	0.012693727967806764
114	0.023907463729683852
115	0.013112602486345097
116	0.009632558682416177
117	0.0083232506725889
118	0.025511319561055724
119	0.05383022830539339
120	0.06331764666180247
121	0.052963462250909324
122	0.098145599404233
123	0.9220420515895298
124	0.9524680951766599
125	0.9371316004437406
126	0.9524680951766599
127	0.011515692539375738
128	0.00463978887130851
129	0.005457537922228155
130	0.0015893071365663278
131	0.004565079704726483
132	0.011704150977755607
133	0.026784434765055674
134	0.021339514049848227
135	0.030498699465507893
136	0.10818572446379393
137	0.3837590186752804
138	0.9838981538483328
139	0.8501615448994049
140	0.8097517472627709
141	0.17894329980857993
142	0.0876035794134446
143	0.23966952741252573
144	0.2819105719970956
145	0.35384195289533515
146	0.8230036250150508
147	0.8925879504045041
148	0.9838981538483328
149	0.4369758436353341
150	0.30082282132372057
151	0.1972488898661499
152	0.16233655139003356
153	0.27737129133826993
154	0.47392181612761314
155	0.3210038175868557
156	0.2435918051833991
157	0.30082282132372057
158	0.40291010336058325
159	0.9071954723294419
160	0.7466251623243717
161	0.5758441417787838
162	0.699686033300596
163	0.2358104055548831
164	0.3210038175868557
165	0.6245313223904277
166	0.5574491330158865
167	0.9220420515895298
168	0.9220420515895298
169	1.0
170	0.699686033300596
171	0.8925879504045041
172	0.7346031188276507
173	0.6556978921951199
174	0.194072818587938
175	0.11358461770178933
176	0.15715080394779135
177	0.1030434509053353
178	0.23201342268367614
179	0.8782156365502465
180	0.9524680951766599
181	0.6451399456130125
182	0.6347520014624478
183	0.6451399456130125
184	0.7838846950415602
185	0.8501615448994049
186	0.6347520014624478
187	0.5057153295259778
188	0.3900393726467363
189	0.15462038588001323
190	0.2475782724366734
191	0.47392181612761314
192	0.8782156365502465
193	0.7466251623243717
194	0.30574589468138835
195	0.16769342093829856
196	0.1732270593726303
197	0.210481526578285
198	0.8640747434825137
199	0.8782156365502465
200	0.9680555771461302
