1	0.9838981538483189
2	0.9838981538483189
3	0.9838981538483189
4	1.0
5	0.9838981538483189
6	0.9838981538483189
7	0.9838981538483189
8	0.9838981538483189
9	0.9838981538483189
10	0.9838981538483189
11	0.9838981538483189
12	0.9838981538483189
13	0.9680555771461301
14	0.9524680951766463
15	0.9524680951766463
16	0.9680555771461301
17	0.9680555771461301
18	0.9838981538483189
19	0.9838981538483189
20	0.9680555771461301
21	0.9524680951766463
22	0.9524680951766463
23	0.9524680951766463
24	0.9680555771461301
25	0.9838981538483189
26	0.9680555771461301
27	0.9838981538483189
28	0.014930959938100535
29	0.011330268629776648
30	0.009324852154700294
31	0.022404439747548983
32	0.013766972933526904
33	0.026784434765055293
34	0.9680555771461301
35	0.9680555771461301
36	0.9524680951766463
37	0.20047693868989175
38	0.14256649781436706
39	0.9524680951766463
40	0.23581040555488142
41	0.14489964968096344
42	0.15213071221465857
43	0.14256649781436706
44	0.8364723744993591
45	0.9220420515895166
46	0.9371316004437271
47	0.17043778391330286
48	0.0014185963995909494
49	0.00038090849033419806
50	0.01027876840120961
51	0.19407281858793526
52	0.0013294115143323943
53	0.12120455403275994
54	0.009026975134420794
55	0.00487133258825638
56	0.006850065475449526
57	0.022404439747548983
58	0.13360357026643588
59	1.0
60	0.6245313223904233
61	0.6045810297424971
62	0.9680555771461301
63	0.35963270335587966
64	0.3655182215245059
65	0.3775797899972482
66	0.15715080394779024
67	0.677334966787895
68	0.2959790185358472
69	0.6245313223904233
70	0.9838981538483189
71	0.9838981538483189
72	0.9838981538483189
73	0.9838981538483189
74	0.9838981538483189
75	0.677334966787895
76	0.2959790185358472
77	0.32625716018605355
78	0.9838981538483189
79	0.4299397258291107
80	0.3425386759286075
81	0.3538419528953326
82	0.02551131956105554
83	0.614475215120391
84	0.9838981538483189
85	0.23966952741252232
86	0.14027091400017716
87	0.030498699465507678
88	0.008459463654885606
89	0.002271457569431737
90	0.07819389939674361
91	0.3057458946813862
92	0.48956054519591924
93	0.19407281858793526
94	0.01027876840120961
95	0.0038185630603913396
96	0.006316048424505998
97	0.13360357026643588
98	0.9220420515895166
99	0.5484731728386688
100	0.5948461590153628
101	0.783884695041549
102	0.9838981538483189
103	0.9838981538483189
104	0.9680555771461301
105	0.746625162324361
106	0.6045810297424971
107	0.5574491330158785
108	0.9680555771461301
109	0.9071954723294289
110	0.8782156365502339
111	0.8501615448993928
112	0.8925879504044913
113	0.15715080394779024
114	0.07693483325865776
115	0.08343961441457963
116	0.08619300005539272
117	0.08760357941344396
118	0.08760357941344396
119	0.014930959938100535
120	0.10304345090533383
121	0.7227746524257325
122	0.4299397258291107
123	0.8364723744993591
124	0.758843950874465
125	0.6045810297424971
126	0.8501615448993928
127	0.7111366461700386
128	0.614475215120391
129	0.8364723744993591
130	0.7967132492072908
131	0.9524680951766463
132	0.5309525138815068
133	0.45139540946972123
134	0.8782156365502339
135	0.9220420515895166
136	0.8925879504044913
137	0.7967132492072908
138	0.8640747434825136
139	0.042196692099189664
140	0.003142691241050594
141	0.007076107650393189
142	0.010446984132459529
143	0.02766828206704493
144	0.06867110513305663
145	0.07819389939674361
146	0.1623365513900324
147	0.9220420515895166
148	0.17606198232518674
149	0.13360357026643588
150	0.13145230613269135
151	0.18484816784601352
152	0.9071954723294289
153	0.1649932472736998
154	0.20709238541955047
155	0.9524680951766463
156	0.9838981538483189
157	0.9524680951766463
158	0.017279708787602925
159	0.02032520629905422
160	0.012693727967806583
161	0.014690543918280221
162	0.010968329737619126
163	0.013992274382953328
164	0.9838981538483189
165	0.0290490381852773
166	0.02168874285044923
167	0.006214348384487991
168	0.013112602486344908
169	0.9838981538483189
170	0.011515692539375656
171	0.0023464123579847473
172	0.02390746372968368
173	0.758843950874465
174	0.8640747434825136
175	0.33159647562093936
176	0.19094788792080786
177	0.19407281858793526
178	0.1676934209382962
179	0.7967132492072908
180	0.8097517472627709
181	0.9838981538483189
182	0.9838981538483189
183	0.9838981538483189
184	0.9838981538483189
185	0.17043778391330286
186	0.014221262971401433
187	0.031505112088108564
188	0.32625716018605355
189	0.9838981538483189
190	0.6245313223904233
191	1.0
192	0.008597905811488782
193	0.0035784961121798583
194	0.022404439747548983
195	0.007674387126047639
196	0.010968329737619126
197	0.008189230970776996
198	0.01027876840120961
199	0.9220420515895166
200	0.9524680951766463
