1	0.9071954723294419
2	0.9524680951766531
3	1.0
4	0.16233655139003356
5	0.14727098441461417
6	0.3481444442078041
7	0.044302473030725285
8	0.008057369233585021
9	0.0045650797047264505
10	0.04288725609875994
11	0.48167771661524145
12	0.809751747262771
13	0.9680555771461301
14	0.15213071221465968
15	0.024696375181437153
16	0.32625716018605594
17	0.05838153282986845
18	0.0025038237499127296
19	0.0018097003405784802
20	0.6451399456130031
21	0.6451399456130031
22	0.6451399456130031
23	0.6451399456130031
24	0.6245313223904277
25	0.9838981538483259
26	0.18187177108593947
27	0.00707610765039319
28	0.0049510536931115755
29	0.09501039487561765
30	0.10138426111191928
31	0.09049436982916181
32	0.16499324727369982
33	0.9680555771461301
34	0.9371316004437404
35	0.9371316004437404
36	0.7838846950415547
37	0.8364723744993591
38	0.9838981538483259
39	0.9680555771461301
40	0.9524680951766531
41	0.9371316004437404
42	0.9371316004437404
43	0.2516299796562454
44	0.26851082552023436
45	0.9838981538483259
46	0.9838981538483259
47	0.1212045540327608
48	0.03099782162027459
49	0.020995908477665783
50	0.027222771645920248
51	0.026353155917208635
52	0.04219669209918996
53	1.0
54	0.9838981538483259
55	0.23966952741252398
56	0.2865241396118667
57	1.0
58	1.0
59	1.0
60	1.0
61	0.9838981538483259
62	0.9838981538483259
63	0.9838981538483259
64	0.8782156365502403
65	0.3008228213237163
66	0.3900393726467364
67	1.0
68	0.04288725609875994
69	0.0029933131400918323
70	0.015676073575284756
71	0.01784991398793898
72	0.02904903818527751
73	0.10995622264422977
74	0.9838981538483259
75	0.9838981538483259
76	0.16499324727369982
77	0.13801229332339157
78	0.9680555771461301
79	0.9220420515895167
80	0.9680555771461301
81	0.9524680951766531
82	0.9220420515895167
83	0.8782156365502403
84	0.8925879504044913
85	0.8640747434825014
86	0.9371316004437404
87	0.19094788792080786
88	0.11544347070631938
89	0.10138426111191928
90	0.08343961441458023
91	0.008459463654885604
92	0.010446984132459602
93	0.0612950009827268
94	0.5948461590153669
95	0.6347520014624433
96	0.6451399456130031
97	0.6451399456130031
98	0.6451399456130031
99	0.0015385376373511798
100	0.0025447997235481428
101	0.02904903818527751
102	0.3655182215245059
103	0.3655182215245059
104	0.4299397258291138
105	1.0
106	1.0
107	0.4299397258291138
108	0.4299397258291138
109	0.6451399456130031
110	0.03766425891466536
111	0.0023464123579847473
112	0.004639788871308543
113	0.014221262971401433
114	0.03587400494469185
115	0.17606198232518802
116	0.27737129133826793
117	0.8640747434825014
118	0.7712627042813435
119	0.7346031188276455
120	0.8364723744993591
121	0.0612950009827268
122	0.08760357941344458
123	0.03254473486014845
124	0.566571988000515
125	0.05383022830539301
126	0.012090370898187344
127	0.019047393108381872
128	0.24757827243667163
129	0.9071954723294419
130	0.6347520014624433
131	0.746625162324361
132	1.0
133	0.699686033300596
134	0.6451399456130031
135	0.5224031981891458
136	0.6556978921951151
137	0.6884197964379146
138	1.0
139	0.3837590186752776
140	0.15715080394779138
141	0.3655182215245059
142	0.3481444442078041
143	0.9524680951766531
144	1.0
145	0.46629079995640094
146	0.40950387170123137
147	0.46629079995640094
148	0.8925879504044913
149	0.7346031188276455
150	0.7588439508744704
151	1.0
152	0.3481444442078041
153	0.15213071221465968
154	0.1212045540327608
155	0.8925879504044913
156	0.06229811565656806
157	0.01756249741908432
158	0.006015834611932729
159	0.0025447997235481428
160	0.006114285902868104
161	0.006316048424505998
162	0.08619300005539335
163	1.0
164	1.0
165	0.9680555771461301
166	0.19407281858793526
167	0.2070923854195519
168	1.0
169	0.8925879504044913
170	1.0
171	0.22098538275893354
172	0.15213071221465968
173	0.20375781569034312
174	0.9680555771461301
175	0.9680555771461301
176	1.0
177	1.0
178	0.9680555771461301
179	0.9371316004437404
180	0.9220420515895167
181	0.2865241396118667
182	0.24359180518339907
183	0.17043778391330164
184	0.9838981538483259
185	0.9838981538483259
186	0.47392181612760975
187	0.40291010336057753
188	0.7838846950415547
189	0.7227746524257325
190	0.9371316004437404
191	0.04219669209918996
192	0.005283200023099469
193	0.0012458335400746445
194	0.0011866166988220915
195	0.0034641831191915048
196	0.012693727967806583
197	0.05838153282986845
198	0.21392613224755788
199	0.11175569566235839
200	0.3425386759286099
