1	1.0
2	0.2685108255202325
3	0.5309525138815143
4	0.2396695274125257
5	0.00414141963895089
6	0.00024573928273774096
7	0.0011487109132294637
8	0.004491573493650815
9	0.0020606560225769396
10	0.0005270086451646011
11	0.024298717947761457
12	1.0
13	0.037664258914665634
14	0.01967592931444537
15	0.03307734111793637
16	0.2729051014782479
17	0.7588439508744759
18	0.9071954723294418
19	0.3262571601860559
20	0.2773712913382699
21	1.0
22	1.0
23	0.02314375359893927
24	0.021339514049848223
25	1.0
26	0.9371316004437538
27	1.0
28	1.0
29	1.0
30	1.0
31	0.9220420515895166
32	1.0
33	0.020657835589543778
34	0.02314375359893927
35	1.0
36	0.2773712913382699
37	0.2396695274125257
38	1.0
39	0.06647744631284419
40	0.015676073575284756
41	0.0014185963995909494
42	0.01967592931444537
43	0.02510054021835723
44	0.00039991732244170497
45	0.002163490864431252
46	0.004491573493650815
47	0.0011487109132294637
48	0.0005533084497353728
49	0.001962709116638142
50	0.055606547367958434
51	0.3655182215245033
52	0.5309525138815143
53	0.05383022830539263
54	0.1030434509053353
55	0.002715520127955534
56	0.05838153282986846
57	0.062298115656567614
58	0.030997821620274812
59	0.09814559940423438
60	0.5224031981891533
61	0.5224031981891533
62	0.5309525138815143
63	0.14727098441461628
64	0.3775797899972562
65	0.3837590186752804
66	0.04963373414423699
67	0.02168874285044923
68	0.05933696755250705
69	0.0675653735631387
70	0.0997517873372933
71	0.17322705937262783
72	0.9680555771461439
73	0.9680555771461439
74	0.9838981538483329
75	0.9524680951766462
76	0.9071954723294418
77	0.9371316004437538
78	0.9071954723294418
79	0.18484816784601615
80	0.14968112689163143
81	0.07327797408660716
82	0.0934805521145213
83	0.09814559940423438
84	0.3655182215245033
85	0.41620554942556054
86	0.03254473486014822
87	0.02858129504156406
88	0.05296346225091008
89	0.5224031981891533
90	0.5484731728386688
91	0.6045810297425014
92	0.3315964756209441
93	0.006316048424505998
94	0.003578496112179884
95	0.06331764666180337
96	0.0022348829091087073
97	0.028121083425988992
98	0.8925879504045041
99	1.0
100	1.0
101	0.9838981538483329
102	1.0
103	0.7111366461700486
104	0.7111366461700486
105	0.513991542262758
106	0.024696375181437157
107	0.022404439747548983
108	0.4095038717012343
109	0.7838846950415713
110	0.045764390058400266
111	0.001373280156343458
112	0.015423659850313085
113	0.022771096439116737
114	0.05211065273008481
115	0.25162997965624895
116	0.22827757824649858
117	0.2209853827589351
118	0.2209853827589351
119	0.038907124553427985
120	0.7466251623243717
121	0.6773349667879045
122	0.7466251623243717
123	0.7588439508744759
124	0.15972263321475677
125	0.22460188780169194
126	0.210481526578288
127	0.16769342093829856
128	0.13801229332339257
129	0.24757827243666988
130	0.9680555771461439
131	0.6245313223904365
132	0.028121083425988992
133	0.011330268629776648
134	0.08903724340857933
135	0.18787327440651988
136	0.823003625015039
137	0.7466251623243717
138	1.0
139	1.0
140	0.5396417421913039
141	0.5574491330158785
142	0.5396417421913039
143	0.3964225068633132
144	0.2358104055548831
145	0.2912132099152656
146	0.6245313223904365
147	0.7346031188276403
148	0.7588439508744759
149	0.9071954723294418
150	0.9071954723294418
151	0.6884197964379001
152	0.6556978921951199
153	0.014221262971401534
154	0.09501039487561765
155	0.3008228213237205
156	0.5396417421913039
157	0.7588439508744759
158	0.7838846950415713
159	0.9524680951766462
160	0.9524680951766462
161	0.9220420515895166
162	0.8364723744993592
163	0.3655182215245033
164	0.18787327440651988
165	0.05383022830539263
166	0.13579004060925667
167	0.9524680951766462
168	0.8364723744993592
169	0.9071954723294418
170	0.8925879504045041
171	0.7588439508744759
172	0.029524436113289036
173	0.15213071221465968
174	0.2435918051833956
175	0.24757827243666988
176	0.2641873055176523
177	0.35384195289533515
178	1.0
179	0.9838981538483329
180	0.9524680951766462
181	0.164993247273701
182	0.2358104055548831
183	0.06540703669975906
184	0.00707610765039319
185	0.2435918051833956
186	0.24757827243666988
187	0.348144444207809
188	0.11175569566235918
189	0.0997517873372933
190	0.10472979393476876
191	0.3315964756209441
192	1.0
193	0.9071954723294418
194	0.007927630713798602
195	0.007309608887594823
196	0.005823662247270328
197	0.9071954723294418
198	0.9220420515895166
199	0.9220420515895166
200	0.9371316004437538
