1	0.8501615448993988
2	0.7967132492072908
3	0.7588439508744758
4	0.746625162324361
5	0.771262704281338
6	0.9524680951766529
7	0.7838846950415546
8	0.836472374499353
9	0.96805557714613
10	0.9524680951766529
11	0.9524680951766529
12	0.6773349667878948
13	0.522403198189142
14	0.699686033300591
15	0.5484731728386727
16	0.6347520014624431
17	0.746625162324361
18	0.7227746524257325
19	0.699686033300591
20	0.7346031188276402
21	0.7588439508744758
22	0.746625162324361
23	0.13801229332339154
24	0.15462038588001098
25	0.2912132099152594
26	0.056516568458294454
27	0.22460188780169352
28	0.00888162416959136
29	0.014690543918280325
30	0.4441271100328678
31	0.9071954723294418
32	0.8640747434825075
33	0.87821563655024
34	0.9071954723294418
35	0.23966952741252395
36	0.17606198232518674
37	0.15213071221465752
38	0.14027091400017713
39	0.10644373457266824
40	0.01645837131413543
41	0.87821563655024
42	0.7967132492072908
43	0.92204205158951
44	0.8925879504044912
45	0.87821563655024
46	0.96805557714613
47	0.9071954723294418
48	0.06867110513305662
49	0.06756537356313823
50	0.06540703669975813
51	0.1272531380804732
52	0.11733274450692356
53	0.19724888986614847
54	0.9524680951766529
55	0.9838981538483188
56	0.836472374499353
57	0.8640747434825075
58	1.0
59	0.2209853827589335
60	0.056516568458294454
61	0.08619300005539272
62	0.02858129504156386
63	0.03529636723622777
64	0.04651334071458661
65	0.9524680951766529
66	0.87821563655024
67	0.3837590186752776
68	0.4299397258291138
69	0.8925879504044912
70	0.823003625015039
71	0.87821563655024
72	0.3262571601860536
73	0.1272531380804732
74	0.08760357941344458
75	0.08480513362914895
76	0.058381532829868445
77	0.9371316004437338
78	0.18787327440651988
79	0.22460188780169352
80	0.9838981538483188
81	0.699686033300591
82	0.96805557714613
83	0.08209608258032104
84	0.024298717947761454
85	0.06647744631284418
86	0.18484816784601352
87	1.0
88	0.9838981538483188
89	1.0
90	0.9838981538483188
91	0.9838981538483188
92	0.9838981538483188
93	0.9838981538483188
94	0.9838981538483188
95	0.96805557714613
96	0.17894329980857862
97	0.0919753426461984
98	0.06331764666180247
99	0.11925293695084213
100	0.96805557714613
101	0.7227746524257325
102	1.0
103	0.23581040555488136
104	0.1597226332147556
105	0.048834539393112344
106	0.013992274382953326
107	0.06756537356313823
108	0.11544347070631857
109	0.1732270593726278
110	0.5396417421912961
111	0.6773349667878948
112	0.823003625015039
113	0.09814559940423227
114	0.13360357026643682
115	0.13145230613269135
116	0.14027091400017713
117	0.1909478879208092
118	0.2912132099152594
119	0.9838981538483188
120	0.8640747434825075
121	0.823003625015039
122	0.9371316004437338
123	0.3964225068633103
124	0.1704377839133016
125	0.10818572446379238
126	0.08760357941344458
127	0.010791719379643148
128	0.07093715149650966
129	0.21392613224755785
130	0.836472374499353
131	0.96805557714613
132	1.0
133	1.0
134	1.0
135	0.8501615448993988
136	0.7967132492072908
137	0.8097517472627709
138	0.9071954723294418
139	0.92204205158951
140	0.8640747434825075
141	0.8640747434825075
142	0.87821563655024
143	1.0
144	0.9524680951766529
145	0.92204205158951
146	0.9371316004437338
147	0.9524680951766529
148	0.3964225068633103
149	0.24757827243666986
150	0.2320134226836728
151	0.23581040555488136
152	0.2209853827589335
153	0.24359180518339735
154	0.37757978999725084
155	0.92204205158951
156	0.9071954723294418
157	1.0
158	0.9838981538483188
159	0.1732270593726278
160	0.12120455403275991
161	0.056516568458294454
162	0.05383022830539225
163	0.05383022830539225
164	0.22460188780169352
165	1.0
166	1.0
167	0.9838981538483188
168	0.21392613224755785
169	0.008459463654885604
170	0.019997932954225667
171	0.021339514049848074
172	0.07209806342155774
173	0.2320134226836728
174	0.9071954723294418
175	0.9071954723294418
176	0.8925879504044912
177	0.8097517472627709
178	0.43697584363533093
179	0.5057153295259778
180	0.8501615448993988
181	0.92204205158951
182	0.9524680951766529
183	1.0
184	1.0
185	0.9524680951766529
186	0.9524680951766529
187	0.9524680951766529
188	0.13360357026643682
189	0.27290510147824404
190	0.23966952741252395
191	0.39003937264673355
192	0.2912132099152594
193	0.5574491330158785
194	0.5852680376789829
195	0.2865241396118667
196	0.28191057199709557
197	0.27737129133826594
198	0.92204205158951
199	0.9838981538483188
200	0.96805557714613
