1	0.823003625015039
2	0.305745894681384
3	0.28652413961186873
4	0.44412711003287414
5	0.5309525138815142
6	0.47392181612761314
7	0.746625162324361
8	0.5665719880005149
9	0.47392181612761314
10	0.6884197964379098
11	0.6556978921951199
12	0.614475215120391
13	0.6556978921951199
14	0.8782156365502464
15	0.8501615448994049
16	0.809751747262771
17	0.8364723744993591
18	0.8501615448994049
19	0.37150005830873634
20	0.1818717710859369
21	0.025928821455018843
22	0.00018347513186353528
23	1.1065025280814529e-05
24	4.397339814568434e-05
25	6.0839707090036274e-05
26	0.00025800263964974307
27	6.70635038927341e-05
28	0.0028976934794106937
29	0.023907463729683512
30	0.26851082552023625
31	0.27290510147824404
32	0.2641873055176485
33	0.23966952741252567
34	0.013766972933527003
35	0.004074735137074952
36	0.010278768401209682
37	0.007799981223697674
38	0.019997932954225667
39	0.017849913987938726
40	0.00652446881523681
41	0.00038090849033420077
42	0.001206036106664975
43	0.001869417813710169
44	0.0008438466194897108
45	5.257005429737435e-05
46	0.0043480927706904
47	0.03254473486014868
48	1.0
49	0.9680555771461302
50	0.9838981538483328
51	1.0
52	1.0
53	1.0
54	0.9838981538483328
55	0.9680555771461302
56	0.03254473486014868
57	0.004419250868277081
58	5.430478945470508e-05
59	0.0008438466194897108
60	0.001869417813710169
61	0.001206036106664975
62	0.00038090849033420077
63	0.32625716018605594
64	0.3425386759286075
65	0.35384195289533515
66	0.014221262971401534
67	0.007674387126047693
68	0.010968329737619282
69	0.009174704819918332
70	0.0007291465512741478
71	0.005546852487609637
72	0.02858129504156406
73	0.015423659850313085
74	0.024696375181437153
75	0.0019311058764015325
76	6.70635038927341e-05
77	0.00025800263964974307
78	6.0839707090036274e-05
79	4.397339814568434e-05
80	3.4470073795370876e-05
81	0.00021233710769518737
82	0.025928821455018843
83	0.058381532829869284
84	0.12933568132306184
85	0.28652413961186873
86	0.09814559940423298
87	0.05211065273008555
88	0.0876035794134446
89	0.0622981156565685
90	0.06979493239667536
91	0.8782156365502464
92	0.8640747434825136
93	0.9680555771461302
94	0.9680555771461302
95	0.9071954723294418
96	0.9071954723294418
97	0.9071954723294418
98	0.4975723790934108
99	0.513991542262758
100	0.48956054519592274
101	0.513991542262758
102	0.5396417421912962
103	0.5574491330158785
104	0.5057153295259778
105	0.5948461590153711
106	0.699686033300596
107	0.9524680951766598
108	0.8782156365502464
109	0.8640747434825136
110	0.8782156365502464
111	0.9220420515895167
112	0.9371316004437406
113	0.9371316004437406
114	0.9371316004437406
115	0.5396417421912962
116	0.45139540946972445
117	0.43697584363533404
118	0.8782156365502464
119	0.9220420515895167
120	0.9220420515895167
121	0.9071954723294418
122	0.8640747434825136
123	0.9524680951766598
124	0.809751747262771
125	0.7838846950415601
126	0.7227746524257325
127	0.8640747434825136
128	0.7588439508744758
129	0.6045810297425014
130	0.5948461590153711
131	0.46629079995640094
132	0.47392181612761314
133	0.4095038717012285
134	0.5057153295259778
135	0.7227746524257325
136	0.7838846950415601
137	0.809751747262771
138	0.823003625015039
139	0.5852680376789872
140	0.41620554942556054
141	0.614475215120391
142	0.5309525138815142
143	0.07093715149650967
144	0.09656527406216286
145	0.6773349667878948
146	0.4095038717012285
147	0.34814444420780405
148	0.3837590186752804
149	0.5948461590153711
150	0.9371316004437406
151	0.9680555771461302
152	0.8364723744993591
153	0.015175310452307699
154	0.004951053693111611
155	0.001994829555235368
156	0.003299523896879449
157	0.9220420515895167
158	0.8640747434825136
159	0.8501615448994049
160	0.8501615448994049
161	0.10818572446379239
162	0.13579004060925667
163	0.019359110527732818
164	0.04502749889045438
165	0.8640747434825136
166	0.7838846950415601
167	0.44412711003287414
168	0.513991542262758
169	0.5224031981891458
170	0.3596327033558848
171	0.7227746524257325
172	0.35384195289533515
173	0.22827757824649536
174	0.3964225068633132
175	0.28652413961186873
176	0.2516299796562454
177	0.3370231708678045
178	0.6884197964379098
179	0.809751747262771
180	0.8925879504045041
181	0.9838981538483328
182	0.9524680951766598
183	0.9371316004437406
184	0.9071954723294418
185	0.9071954723294418
186	0.8782156365502464
187	0.6556978921951199
188	0.5665719880005149
189	0.5396417421912962
190	0.6347520014624477
191	0.21742711012398033
192	0.12120455403276079
193	0.11733274450692356
194	0.17043778391330167
195	0.4095038717012285
196	0.8782156365502464
197	0.823003625015039
198	0.823003625015039
199	0.9680555771461302
200	0.9838981538483328
