1	0.9838981538483049
2	0.01700147357515897
3	0.0045650797047264175
4	0.11175569566235759
5	0.010446984132459453
6	0.011515692539375738
7	0.6773349667878948
8	0.5948461590153626
9	0.48956054519591574
10	0.5574491330158706
11	0.2557479945175646
12	0.35963270335587966
13	0.20047693868989175
14	0.21392613224755636
15	0.7712627042813325
16	0.937131600443727
17	0.8097517472627709
18	0.6045810297425014
19	0.6347520014624387
20	0.7588439508744649
21	0.7588439508744649
22	0.6773349667878948
23	0.3655182215245033
24	0.17894329980857734
25	0.1472709844146142
26	0.1521307122146575
27	0.15972263321475447
28	0.783884695041549
29	0.9680555771461301
30	0.008459463654885487
31	0.008459463654885487
32	0.004141419638950831
33	0.011330268629776485
34	0.01493095993810043
35	0.02204368690561934
36	0.012901465378461815
37	0.005823662247270162
38	0.0861930000553915
39	0.11925293695084045
40	0.1472709844146142
41	0.2685108255202324
42	0.2865241396118646
43	0.9838981538483049
44	0.9838981538483049
45	0.9680555771461301
46	0.13801229332338863
47	0.14027091400017713
48	0.14489964968096136
49	0.9680555771461301
50	0.9838981538483049
51	0.9838981538483049
52	0.9838981538483049
53	0.9680555771461301
54	0.1496811268916314
55	0.14027091400017713
56	0.04963373414423558
57	0.8230036250150272
58	0.8097517472627709
59	0.8097517472627709
60	0.9838981538483049
61	0.0069621692536538235
62	0.006316048424505908
63	0.020657835589543774
64	0.48956054519591574
65	0.05560654736795764
66	0.04502749889045374
67	0.3107495359001502
68	0.3425386759286026
69	0.9838981538483049
70	0.9838981538483049
71	0.9524680951766462
72	0.9524680951766462
73	0.9524680951766462
74	0.11733274450692356
75	0.07819389939674361
76	0.03202070454638286
77	0.042196692099189664
78	0.6884197964379
79	0.9071954723294416
80	0.8230036250150272
81	0.8097517472627709
82	0.8230036250150272
83	0.7967132492072908
84	0.5758441417787756
85	0.09656527406216012
86	0.0017518905076602488
87	0.002805128333603497
88	0.005283200023099393
89	0.008057369233584962
90	0.01567607357528453
91	0.011895693606067882
92	0.015175310452307267
93	0.005729890533725345
94	0.8640747434825012
95	0.1521307122146575
96	0.09814559940423298
97	0.12120455403275907
98	0.13801229332338863
99	0.22460188780169194
100	0.6773349667878948
101	0.9220420515895035
102	0.27290510147824404
103	0.24757827243666633
104	0.21742711012397725
105	0.176061982325188
106	0.6996860333005861
107	0.4975723790934037
108	0.5665719880005068
109	0.8782156365502338
110	0.9220420515895035
111	0.1496811268916314
112	0.10472979393476874
113	0.0861930000553915
114	0.0364610959014174
115	0.03416884515602799
116	0.8640747434825012
117	0.8925879504044915
118	0.1704377839133016
119	0.04963373414423558
120	0.05383022830539186
121	0.06979493239667436
122	0.08760357941344458
123	0.7588439508744649
124	0.937131600443727
125	0.937131600443727
126	0.16499324727369863
127	0.06129500098272593
128	0.02204368690561934
129	0.059336967552506205
130	0.056516568458294045
131	0.06867110513305613
132	0.20709238541954753
133	0.9680555771461301
134	0.8230036250150272
135	0.9220420515895035
136	0.3715000583087258
137	0.4587826572335521
138	0.9680555771461301
139	0.8364723744993472
140	0.9680555771461301
141	0.10472979393476874
142	0.05744148237014259
143	0.06129500098272593
144	0.06435386265758034
145	0.03954385360034534
146	0.937131600443727
147	0.07819389939674361
148	0.1848481678460109
149	0.746625162324361
150	0.4739218161276063
151	0.11925293695084045
152	0.1314523061326923
153	0.8097517472627709
154	0.9220420515895035
155	0.21742711012397725
156	0.11358461770178932
157	0.06030803830703493
158	0.03202070454638286
159	0.04883453939311166
160	0.8782156365502338
161	0.9220420515895035
162	0.9220420515895035
163	0.9220420515895035
164	0.9680555771461301
165	0.937131600443727
166	0.14027091400017713
167	0.10304345090533237
168	0.09814559940423298
169	0.09814559940423298
170	0.1314523061326923
171	0.7712627042813325
172	0.45139540946972445
173	0.17894329980857734
174	0.1546203858800088
175	0.8925879504044915
176	0.11925293695084045
177	0.08209608258032047
178	0.017279708787602804
179	0.059336967552506205
180	0.020657835589543774
181	0.010791719379643074
182	0.040191002946470614
183	0.6996860333005861
184	0.5224031981891384
185	0.4369758436353278
186	0.7111366461700385
187	0.1521307122146575
188	0.015423659850313085
189	0.0035784961121798323
190	0.034728030561276546
191	0.02722277164591986
192	0.017562497419084194
193	0.028581295041563655
194	0.1496811268916314
195	0.06979493239667436
196	0.06435386265758034
197	0.09501039487561765
198	0.21742711012397725
199	0.9220420515895035
200	0.937131600443727
