1	1.0
2	0.746625162324361
3	0.7346031188276507
4	0.746625162324361
5	0.7967132492072908
6	0.9524680951766596
7	0.746625162324361
8	0.22460188780169513
9	0.14489964968096344
10	0.14027091400017713
11	0.1472709844146142
12	0.3775797899972562
13	0.13801229332339254
14	0.11925293695084384
15	0.6144752151203997
16	0.6451399456130124
17	0.13801229332339254
18	0.2557479945175719
19	0.7967132492072908
20	0.04804821315291692
21	0.024298717947761454
22	0.5758441417787837
23	0.06435386265758217
24	0.08480513362915015
25	0.23201342268367284
26	0.20709238541955044
27	0.7588439508744865
28	0.7712627042813435
29	0.6884197964379096
30	0.7838846950415601
31	0.6664286233595222
32	0.6773349667879044
33	0.8640747434825136
34	0.9680555771461439
35	0.35384195289533515
36	0.2729051014782479
37	0.28191057199709557
38	0.32625716018605594
39	0.836472374499359
40	0.30574589468138835
41	0.22460188780169513
42	0.3775797899972562
43	0.30574589468138835
44	0.31583506350196977
45	0.31583506350196977
46	0.836472374499359
47	0.9680555771461439
48	0.007309608887594926
49	0.005918968568537472
50	0.003757077145472479
51	0.009026975134420918
52	0.015932618141390915
53	0.020657835589543774
54	0.013992274382953624
55	0.007799981223697785
56	0.09049436982916181
57	0.11925293695084384
58	0.14968112689163354
59	0.2729051014782479
60	0.28652413961186873
61	1.0
62	0.9838981538483328
63	0.9838981538483328
64	0.14027091400017713
65	0.14489964968096344
66	0.14968112689163354
67	0.9838981538483328
68	1.0
69	1.0
70	1.0
71	0.9838981538483328
72	0.15213071221465968
73	0.14489964968096344
74	0.050446008004084525
75	0.8230036250150389
76	0.8097517472627823
77	0.8230036250150389
78	1.0
79	0.006631244087325165
80	0.005637628717885406
81	0.01999793295422595
82	0.4975723790934037
83	0.05383022830539339
84	0.045764390058400266
85	0.31583506350196977
86	0.348144444207804
87	1.0
88	1.0
89	0.9680555771461439
90	0.9524680951766596
91	0.9680555771461439
92	0.1154434707063202
93	0.07947357060373075
94	0.03202070454638332
95	0.04288725609876025
96	0.699686033300596
97	0.9220420515895167
98	0.836472374499359
99	0.8230036250150389
100	0.836472374499359
101	0.8097517472627823
102	0.5852680376789872
103	0.09656527406216149
104	0.002586446283687687
105	0.0038185630603913396
106	0.006316048424505998
107	0.007674387126047693
108	0.012489335512977845
109	0.009950419076984586
110	0.013545299253377184
111	0.004009124378788921
112	0.9371316004437404
113	0.28652413961186873
114	0.23201342268367284
115	0.24757827243667338
116	0.31074953590015464
117	0.1546203858800132
118	0.3425386759286123
119	0.9524680951766596
120	0.22098538275893506
121	0.14489964968096344
122	0.07447719441285175
123	0.09814559940423298
124	0.27737129133826594
125	0.22098538275893506
126	0.32625716018605594
127	0.9680555771461439
128	0.9838981538483328
129	0.699686033300596
130	0.2396695274125257
131	0.02952443611328903
132	0.05471117929721339
133	0.10995622264422977
134	0.3900393726467363
135	0.8782156365502463
136	0.836472374499359
137	0.836472374499359
138	0.9071954723294546
139	0.9071954723294546
140	0.9524680951766596
141	0.3964225068633132
142	0.16499324727370096
143	0.8230036250150389
144	0.12318811002815043
145	0.17043778391330403
146	0.45878265723356515
147	0.5852680376789872
148	0.566571988000523
149	0.5574491330158785
150	0.5758441417787837
151	0.699686033300596
152	0.566571988000523
153	0.566571988000523
154	0.5484731728386766
155	0.7111366461700486
156	0.9071954723294546
157	0.9524680951766596
158	0.9680555771461439
159	0.40291010336058325
160	0.20709238541955044
161	0.23201342268367284
162	0.2396695274125257
163	0.08077418408895759
164	0.8097517472627823
165	0.11175569566235917
166	0.29597901853585135
167	0.6556978921951198
168	0.42301690250932045
169	0.11733274450692356
170	0.14968112689163354
171	0.7712627042813435
172	0.9524680951766596
173	0.2282775782464986
174	0.07447719441285175
175	0.02812108342598899
176	0.03766425891466563
177	0.057441482370143404
178	0.7227746524257428
179	0.7346031188276507
180	0.746625162324361
181	0.7838846950415601
182	0.9838981538483328
183	0.9220420515895167
184	0.31074953590015464
185	0.28191057199709557
186	0.2641873055176485
187	0.24757827243667338
188	0.26851082552023625
189	0.7838846950415601
190	0.46629079995640094
191	0.29597901853585135
192	0.1425664978143701
193	0.7346031188276507
194	0.13360357026643777
195	0.09348055211451997
196	0.05296346225091007
197	0.22460188780169513
198	0.25162997965624895
199	0.2557479945175719
200	0.4441271100328741
