1	1.0
2	0.5484731728386649
3	0.09197534264619711
4	0.03705779481220434
5	0.010113261253784572
6	0.009174704819918202
7	0.008323250672588841
8	0.009790198959862089
9	0.0965652740621608
10	0.47392181612760975
11	0.3481444442077991
12	0.3262571601860513
13	0.8925879504044915
14	0.8640747434825012
15	0.7712627042813326
16	0.7346031188276403
17	0.7346031188276403
18	0.16233655139003125
19	0.3370231708678045
20	0.42301690250931745
21	0.7111366461700436
22	0.15972263321475563
23	0.207092385419549
24	0.24359180518339563
25	0.2685108255202324
26	0.783884695041549
27	0.41620554942555466
28	0.34253867592860504
29	0.4299397258291108
30	0.6996860333005861
31	0.8501615448993928
32	0.8230036250150273
33	0.746625162324361
34	0.3964225068633104
35	0.40950387170122554
36	0.22460188780169196
37	0.2209853827589335
38	0.29121320991525734
39	0.2516299796562454
40	0.9071954723294419
41	0.10304345090533311
42	0.06867110513305565
43	0.07569604040982107
44	0.08077418408895644
45	0.15715080394779135
46	0.9680555771461301
47	0.9524680951766462
48	0.9680555771461301
49	0.9680555771461301
50	0.17606198232518674
51	0.09501039487561697
52	0.30574589468138186
53	0.5758441417787756
54	0.9680555771461301
55	0.1192529369508413
56	0.0480482131529159
57	0.03472803056127679
58	0.9680555771461301
59	0.9838981538483048
60	0.9838981538483048
61	0.6245313223904276
62	0.6045810297425014
63	0.6245313223904276
64	0.3538419528953326
65	0.30574589468138186
66	0.1252041276287828
67	0.3262571601860513
68	0.28191057199709557
69	0.3315964756209417
70	0.8364723744993591
71	0.8230036250150273
72	0.1252041276287828
73	0.08480513362914895
74	0.0965652740621608
75	0.06540703669975813
76	0.10995622264422898
77	0.9838981538483048
78	0.688419796437905
79	0.24359180518339563
80	0.4299397258291108
81	0.46629079995639433
82	0.5484731728386649
83	0.9371316004437404
84	0.8925879504044915
85	0.7967132492072908
86	0.47392181612760975
87	0.13360357026643685
88	0.07093715149650967
89	0.17606198232518674
90	0.7227746524257326
91	0.40950387170122554
92	0.5057153295259742
93	0.6556978921951058
94	0.5484731728386649
95	0.5574491330158785
96	0.5665719880005109
97	0.9680555771461301
98	0.3481444442077991
99	0.19094788792080786
100	0.14256649781436706
101	0.21742711012397725
102	0.8640747434825012
103	0.5396417421912961
104	0.2729051014782421
105	0.9524680951766462
106	0.007076107650393088
107	0.028581295041563655
108	0.01727970878760293
109	0.07947357060372906
110	0.9680555771461301
111	0.05044600800408381
112	0.02204368690561934
113	0.030007614098887712
114	0.09348055211451997
115	1.0
116	0.8501615448993928
117	0.5309525138815104
118	0.9680555771461301
119	1.0
120	0.9838981538483048
121	0.9680555771461301
122	0.9680555771461301
123	0.3715000583087311
124	0.9680555771461301
125	0.9680555771461301
126	0.06979493239667438
127	0.04151724745489895
128	0.028581295041563655
129	0.06229811565656806
130	1.0
131	0.11175569566235759
132	0.02812108342598859
133	0.02592882145501866
134	0.04883453939311235
135	0.8230036250150273
136	0.8097517472627709
137	0.5396417421912961
138	0.5396417421912961
139	0.9838981538483048
140	0.9838981538483048
141	0.9371316004437404
142	0.9220420515895035
143	0.9524680951766462
144	0.9680555771461301
145	0.9680555771461301
146	0.1252041276287828
147	0.019997932954225528
148	0.033077341117935664
149	0.009174704819918202
150	0.0007532073245460744
151	0.007429233258548931
152	0.9071954723294419
153	0.0038810552143591025
154	0.0014185963995909593
155	0.023143753598939106
156	1.0
157	0.8640747434825012
158	0.9071954723294419
159	0.21392613224755785
160	0.16233655139003125
161	0.9071954723294419
162	0.022404439747548827
163	0.038280648019664396
164	0.9220420515895035
165	0.9071954723294419
166	0.9371316004437404
167	0.9220420515895035
168	0.9071954723294419
169	0.9071954723294419
170	0.9838981538483048
171	1.0
172	1.0
173	0.9838981538483048
174	0.9071954723294419
175	0.08209608258032106
176	0.08619300005539211
177	0.2599334021689725
178	0.30574589468138186
179	0.9220420515895035
180	0.8640747434825012
181	0.9371316004437404
182	0.9371316004437404
183	0.04358912142584555
184	0.005198130749138925
185	0.014930959938100322
186	0.9838981538483048
187	0.09049436982916052
188	0.09049436982916052
189	0.09197534264619711
190	0.07947357060372906
191	0.08077418408895644
192	0.13360357026643685
193	0.2037578156903402
194	0.008881624169591297
195	0.005369661486237395
196	0.0035784961121798327
197	0.003246395470718078
198	0.028581295041563655
199	0.08760357941344458
200	0.5484731728386649
