1	0.8640747434825012
2	0.8640747434825012
3	0.952468095176653
4	0.35963270335587966
5	0.26418730551764663
6	0.25574799451756647
7	0.33159647562094163
8	0.3370231708678044
9	0.35384195289533266
10	0.40291010336057753
11	0.29597901853584924
12	0.3370231708678044
13	0.5852680376789788
14	0.92204205158951
15	0.9838981538483118
16	0.5758441417787796
17	0.5574491330158785
18	0.6347520014624433
19	0.8501615448993988
20	0.7227746524257325
21	0.8230036250150331
22	0.8501615448993988
23	0.9071954723294353
24	0.7967132492072965
25	0.8364723744993591
26	0.8640747434825012
27	0.9680555771461301
28	0.9680555771461301
29	0.952468095176653
30	0.8925879504044915
31	0.8782156365502276
32	0.9680555771461301
33	0.3370231708678044
34	0.2037578156903402
35	0.17894329980857862
36	0.6664286233595221
37	0.6884197964379049
38	0.31583506350196755
39	0.29597901853584924
40	0.03828064801966439
41	0.013112602486345003
42	0.005114431247540003
43	0.0032995238968794253
44	0.002271457569431753
45	0.0056376287178852855
46	0.15972263321475563
47	0.9680555771461301
48	0.952468095176653
49	0.9071954723294353
50	0.9838981538483118
51	0.9838981538483118
52	0.1496811268916325
53	0.0015137643410159695
54	0.0024238405452939554
55	1.0
56	0.008057369233585021
57	0.010791719379643148
58	0.09197534264619842
59	1.0
60	1.0
61	0.05296346225090932
62	0.008597905811488844
63	0.001695927376489881
64	7.636336806318879e-05
65	0.0038810552143591303
66	1.0
67	0.41620554942555466
68	0.006962169253653774
69	8.695286770701994e-05
70	7.392398434323311e-05
71	0.0023086307871880737
72	0.0190473931083816
73	0.0612950009827268
74	0.9371316004437338
75	0.9680555771461301
76	0.9680555771461301
77	0.952468095176653
78	0.09975178733729258
79	0.03416884515602799
80	0.015423659850313085
81	0.009026975134420856
82	0.0401910029464709
83	1.0
84	0.09656527406216081
85	0.005032079462438728
86	0.002945115272426247
87	1.0
88	1.0
89	1.0
90	1.0
91	1.0
92	1.0
93	1.0
94	1.0
95	0.003092088110184961
96	0.006419412822152425
97	0.09814559940423298
98	0.9838981538483118
99	0.030997821620274594
100	0.0015637163575655455
101	0.006524468815236764
102	0.022404439747548823
103	0.08903724340857869
104	0.9838981538483118
105	0.952468095176653
106	0.8640747434825012
107	0.9680555771461301
108	0.9838981538483118
109	1.0
110	0.9838981538483118
111	0.9838981538483118
112	0.9838981538483118
113	0.952468095176653
114	0.746625162324361
115	0.7346031188276351
116	0.9371316004437338
117	0.9838981538483118
118	0.9371316004437338
119	0.9838981538483118
120	1.0
121	0.6347520014624433
122	0.7588439508744703
123	0.109956222644229
124	0.015932618141390686
125	0.003246395470718078
126	6.816102218550548e-05
127	4.9265059119111716e-05
128	0.006850065475449526
129	0.4230169025093174
130	1.0
131	0.0038810552143591303
132	6.927650175875156e-05
133	0.0016686198147892052
134	0.008597905811488844
135	0.05383022830539225
136	1.0
137	1.0
138	0.09348055211451999
139	0.012090370898187342
140	0.009790198959862157
141	0.9071954723294353
142	0.004074735137074923
143	0.08903724340857869
144	0.15213071221465752
145	0.92204205158951
146	0.10304345090533457
147	0.09656527406216081
148	0.00611428590286806
149	0.210481526578285
150	0.01756249741908432
151	0.15462038588001212
152	0.15462038588001212
153	0.40291010336057753
154	0.27737129133826594
155	0.2209853827589335
156	0.8640747434825012
157	0.9071954723294353
158	0.44412711003287103
159	0.12933568132305906
160	0.15715080394779135
161	0.5852680376789788
162	0.47392181612760975
163	0.4587826572335554
164	0.8501615448993988
165	0.92204205158951
166	0.9680555771461301
167	0.7838846950415547
168	0.699686033300596
169	0.8097517472627709
170	0.6451399456130033
171	0.6045810297425013
172	0.6245313223904276
173	0.42993972582911383
174	0.17894329980857862
175	0.09975178733729258
176	0.5309525138815105
177	0.6556978921951059
178	0.6045810297425013
179	0.6664286233595221
180	0.746625162324361
181	0.5139915422627543
182	0.36551822152450336
183	0.3370231708678044
184	0.39003937264673083
185	0.40291010336057753
186	0.41620554942555466
187	0.21742711012397725
188	0.15213071221465752
189	0.12120455403275907
190	0.46629079995640094
191	0.92204205158951
192	0.7227746524257325
193	0.6884197964379049
194	0.6773349667878948
195	0.6664286233595221
196	0.6556978921951059
197	0.7838846950415547
198	0.6884197964379049
199	0.7346031188276351
200	0.8230036250150331
