1	0.9680555771461301
2	0.48956054519590875
3	0.25993340216897615
4	0.20709238541955044
5	0.20709238541955044
6	0.1252041276287828
7	0.22460188780169194
8	0.20047693868989172
9	0.2320134226836728
10	0.937131600443727
11	0.4029101033605775
12	0.12933568132305998
13	0.04219669209918966
14	0.46629079995640094
15	0.6045810297425014
16	0.4230169025093144
17	0.6556978921951104
18	0.24757827243666986
19	0.4299397258291107
20	0.5057153295259705
21	0.5396417421912961
22	0.481677716615238
23	0.5309525138815067
24	0.5758441417787756
25	0.8640747434825014
26	0.7346031188276299
27	0.7712627042813326
28	0.07447719441285068
29	0.02766828206704473
30	0.2396695274125223
31	0.9680555771461301
32	0.004278080449843476
33	0.0024238405452939554
34	0.0025864462836876316
35	0.0023086307871880572
36	0.004715720680195249
37	0.013545299253376991
38	0.07093715149650866
39	1.0
40	0.030997821620274372
41	0.0010253255196467437
42	0.0013732801563434388
43	0.0011487109132294472
44	0.00048592413239297
45	0.024696375181436803
46	0.22827757824649209
47	0.8230036250150273
48	0.8364723744993472
49	0.8782156365502338
50	0.8364723744993472
51	1.0
52	0.015423659850312865
53	0.0003134890683440509
54	0.0012869442307717567
55	0.0011302145468318776
56	0.00024178242661366994
57	0.0002985883357843618
58	0.08209608258032047
59	1.0
60	1.0
61	1.0
62	1.0
63	1.0
64	1.0
65	0.08209608258032047
66	0.0001664478089116465
67	4.054532224160885e-05
68	0.0007780620682611545
69	0.001668619814789193
70	0.0009925720876842986
71	0.015932618141390686
72	0.783884695041549
73	0.6045810297425014
74	0.5852680376789787
75	0.9071954723294289
76	0.3538419528953301
77	0.04288725609875903
78	0.017279708787602804
79	0.012693727967806401
80	0.012090370898187255
81	0.007429233258548877
82	0.007674387126047639
83	0.013545299253376991
84	0.05471117929721339
85	1.0
86	1.0
87	1.0
88	1.0
89	1.0
90	0.062298115656567614
91	0.015932618141390686
92	0.008597905811488784
93	0.007076107650393087
94	0.005198130749138925
95	0.006015834611932728
96	0.012693727967806401
97	0.04219669209918966
98	0.3596327033558796
99	1.0
100	0.6451399456130031
101	0.6773349667878852
102	0.6884197964379
103	0.8230036250150273
104	0.9838981538483188
105	1.0
106	1.0
107	0.2320134226836728
108	0.02390746372968317
109	0.001186616698822083
110	0.0018097003405784671
111	0.0015137643410159693
112	0.0014418122384338113
113	0.031505112088108564
114	0.07327797408660612
115	0.010791719379643072
116	0.004348092770690369
117	0.0024238405452939554
118	0.0023848122377374253
119	0.001994829555235354
120	0.0056376287178852465
121	0.937131600443727
122	0.10138426111191784
123	0.04288725609875903
124	0.11925293695084045
125	1.0
126	0.2729051014782402
127	0.2685108255202324
128	0.5665719880005069
129	0.5948461590153626
130	0.48956054519590875
131	0.7967132492072908
132	0.937131600443727
133	1.0
134	0.6045810297425014
135	0.5574491330158785
136	0.25993340216897615
137	0.3596327033558796
138	0.3837590186752749
139	0.5758441417787756
140	0.699686033300586
141	0.46629079995640094
142	0.2819105719970916
143	0.2685108255202324
144	0.29121320991525734
145	0.746625162324361
146	0.7346031188276299
147	0.6245313223904276
148	0.8230036250150273
149	0.8230036250150273
150	0.4739218161276063
151	0.4739218161276063
152	0.20047693868989172
153	0.025928821455018475
154	0.11925293695084045
155	0.3596327033558796
156	0.22827757824649209
157	0.8097517472627594
158	0.4739218161276063
159	0.5574491330158785
160	0.758843950874465
161	0.41620554942555466
162	0.4587826572335521
163	0.6144752151203823
164	0.4230169025093144
165	0.3315964756209393
166	0.3315964756209393
167	0.8364723744993472
168	0.18187177108593686
169	0.21392613224755633
170	0.3538419528953301
171	0.39642250686330754
172	0.5484731728386609
173	0.9838981538483188
174	1.0
175	0.3262571601860513
176	0.22098538275893195
177	0.09656527406216012
178	0.10472979393476874
179	0.8501615448993927
180	0.937131600443727
181	0.937131600443727
182	0.9838981538483188
183	0.9838981538483188
184	0.9838981538483188
185	1.0
186	0.25574799451756464
187	0.22460188780169194
188	0.2435918051833956
189	0.3425386759286026
190	0.9838981538483188
191	0.9680555771461301
192	0.937131600443727
193	0.8097517472627594
194	0.8097517472627594
195	0.699686033300586
196	0.783884695041549
197	0.8501615448993927
198	0.8782156365502338
199	0.9680555771461301
200	1.0
