1	0.8501615448993989
2	0.08343961441458023
3	0.0019311058764015462
4	0.14489964968096344
5	0.01079171937964315
6	0.2819105719970956
7	0.8364723744993591
8	0.17894329980857865
9	0.17894329980857865
10	0.2959790185358493
11	0.9220420515895168
12	0.6556978921951152
13	0.7838846950415547
14	0.8230036250150391
15	0.8364723744993591
16	0.8364723744993591
17	0.8230036250150391
18	0.8097517472627768
19	0.13360357026643685
20	0.15715080394779135
21	0.2139261322475594
22	0.9220420515895168
23	0.9071954723294483
24	0.8925879504044916
25	0.9680555771461371
26	0.15462038588001104
27	0.03646109590141792
28	0.007191910689857862
29	0.0008438466194897049
30	0.005198130749138962
31	0.983898153848326
32	0.983898153848326
33	0.009790198959862158
34	0.0015637163575655567
35	0.0016153167178432556
36	0.0019311058764015462
37	0.006316048424505998
38	0.2139261322475594
39	0.983898153848326
40	0.9524680951766532
41	0.983898153848326
42	0.983898153848326
43	0.983898153848326
44	0.9524680951766532
45	0.2139261322475594
46	0.0059189685685374725
47	0.0021286546673816124
48	0.001839316735680609
49	0.0021286546673816124
50	0.010617952774480096
51	0.983898153848326
52	0.983898153848326
53	0.00601583461193273
54	0.0019311058764015462
55	0.008189230970777055
56	0.026353155917208822
57	0.14027091400017816
58	0.9524680951766532
59	0.983898153848326
60	0.9220420515895168
61	0.9071954723294483
62	0.9071954723294483
63	0.9371316004437338
64	0.18187177108593822
65	0.19724888986614852
66	0.30082282132371846
67	0.983898153848326
68	0.9680555771461371
69	0.9680555771461371
70	0.9680555771461371
71	0.8640747434825136
72	0.1496811268916325
73	0.035874004944691854
74	0.035296367236227776
75	0.014930959938100431
76	0.013112602486345005
77	0.020657835589543778
78	0.029049038185277303
79	0.0997517873372933
80	0.22460188780169354
81	0.22460188780169354
82	0.210481526578285
83	0.22098538275893354
84	0.2641873055176486
85	0.8782156365502403
86	0.7967132492072909
87	0.9680555771461371
88	0.28652413961186873
89	0.2599334021689762
90	0.24757827243667163
91	0.19724888986614852
92	0.1521307122146586
93	0.11358461770178935
94	0.7227746524257377
95	0.7111366461700437
96	0.9071954723294483
97	0.9524680951766532
98	0.9680555771461371
99	0.9680555771461371
100	0.30082282132371846
101	0.15972263321475677
102	0.13579004060925765
103	0.4739218161276098
104	0.6884197964379098
105	0.14489964968096344
106	0.08480513362914956
107	0.5574491330158786
108	0.8782156365502403
109	0.7712627042813436
110	0.7838846950415547
111	0.3900393726467336
112	0.228277578246497
113	0.2174271101239804
114	0.228277578246497
115	0.01645837131413555
116	0.024696375181437157
117	0.23581040555488308
118	0.026353155917208822
119	0.029524436113288824
120	0.03254473486014822
121	0.9524680951766532
122	0.7967132492072909
123	0.7967132492072909
124	0.23966952741252404
125	0.4162055494255547
126	0.3655182215245059
127	0.37757978999725095
128	0.4587826572335587
129	0.9220420515895168
130	0.7588439508744704
131	0.7227746524257377
132	0.7346031188276455
133	0.7838846950415547
134	0.8230036250150391
135	0.9371316004437338
136	0.9371316004437338
137	0.983898153848326
138	0.9524680951766532
139	0.8782156365502403
140	0.8925879504044916
141	0.7712627042813436
142	0.7712627042813436
143	0.8097517472627768
144	0.7967132492072909
145	0.8097517472627768
146	0.8364723744993591
147	0.9524680951766532
148	0.9524680951766532
149	0.9220420515895168
150	0.8925879504044916
151	0.8782156365502403
152	0.9071954723294483
153	0.9524680951766532
154	0.9680555771461371
155	0.9680555771461371
156	0.983898153848326
157	0.9220420515895168
158	0.9071954723294483
159	0.8782156365502403
160	0.8925879504044916
161	0.9371316004437338
162	0.983898153848326
163	0.9680555771461371
164	0.9680555771461371
165	0.9071954723294483
166	0.9071954723294483
167	0.9220420515895168
168	0.9371316004437338
169	0.983898153848326
170	0.8640747434825136
171	0.8501615448993989
172	0.8501615448993989
173	0.8501615448993989
174	0.983898153848326
175	0.983898153848326
176	0.8925879504044916
177	0.8501615448993989
178	0.8501615448993989
179	0.8501615448993989
180	0.9680555771461371
181	0.9524680951766532
182	0.9220420515895168
183	0.9220420515895168
184	0.9220420515895168
185	0.9680555771461371
186	0.9371316004437338
187	0.8925879504044916
188	0.8782156365502403
189	0.8925879504044916
190	0.9220420515895168
191	0.983898153848326
192	0.9680555771461371
193	0.9524680951766532
194	0.9680555771461371
195	0.9680555771461371
196	0.9680555771461371
197	0.9371316004437338
198	0.9680555771461371
199	0.983898153848326
200	0.983898153848326
