1	0.699686033300586
2	0.4095038717012285
3	0.3262571601860513
4	0.4095038717012285
5	0.8230036250150273
6	0.9071954723294418
7	0.7712627042813326
8	0.24757827243666988
9	0.08619300005539272
10	0.08903724340857931
11	0.013992274382953427
12	0.06647744631284419
13	0.12120455403275907
14	0.7967132492072908
15	0.2070923854195475
16	0.3370231708678045
17	0.4975723790934037
18	0.3210038175868511
19	0.2209853827589351
20	0.027222771645919863
21	0.5758441417787755
22	0.6144752151203912
23	0.6045810297425014
24	0.5665719880005149
25	0.5309525138815068
26	0.6144752151203912
27	0.9071954723294418
28	0.9371316004437271
29	0.3837590186752749
30	0.3775797899972509
31	0.3596327033558797
32	0.3775797899972509
33	0.5309525138815068
34	0.7346031188276403
35	0.8640747434825014
36	0.06030803830703493
37	0.006214348384488034
38	0.0045650797047264175
39	0.005637628717885326
40	0.003944570074838652
41	0.0190473931083816
42	0.019997932954225667
43	0.019997932954225667
44	0.02099590847766563
45	0.026784434765055293
46	1.0
47	0.9371316004437271
48	0.8501615448994049
49	0.0044192508682770176
50	0.0012869442307717569
51	9.901083980761737e-05
52	0.0012458335400746354
53	1.0
54	1.0
55	1.0
56	1.0
57	0.001225773320081767
58	0.00016113072972067275
59	0.0013732801563434388
60	0.0876035794134446
61	0.9220420515895035
62	0.7712627042813326
63	1.0
64	0.9838981538483188
65	0.9838981538483188
66	0.9838981538483188
67	0.006850065475449525
68	0.0010088158858740138
69	0.0003999173224417049
70	0.0008168904262529228
71	0.0005715668219861325
72	0.002671795240633363
73	0.002671795240633363
74	0.019997932954225667
75	0.007550815325235631
76	0.11544347070631858
77	0.5758441417787755
78	0.2396695274125223
79	0.2037578156903402
80	0.18187177108593688
81	0.1676934209382962
82	0.15972263321475677
83	0.8230036250150273
84	0.96805557714613
85	0.96805557714613
86	1.0
87	0.008881624169591297
88	0.0007291465512741477
89	0.010113261253784643
90	0.004009124378788865
91	0.009174704819918202
92	0.9838981538483188
93	1.0
94	1.0
95	0.9838981538483188
96	0.9838981538483188
97	1.0
98	0.9838981538483188
99	1.0
100	0.9838981538483188
101	0.9838981538483188
102	0.11544347070631858
103	0.1099562226442282
104	0.10138426111191784
105	0.10644373457266823
106	0.1099562226442282
107	0.8640747434825014
108	0.8640747434825014
109	0.8097517472627709
110	0.3715000583087258
111	0.2599334021689725
112	0.22827757824649536
113	0.277371291338262
114	0.305745894681384
115	0.3596327033558797
116	0.3775797899972509
117	0.5139915422627507
118	0.35384195289533515
119	0.4029101033605775
120	0.45878265723355866
121	0.1425664978143681
122	0.10472979393476875
123	0.8097517472627709
124	0.2037578156903402
125	0.305745894681384
126	0.305745894681384
127	0.2209853827589351
128	0.22460188780169194
129	0.3596327033558797
130	0.6884197964379
131	0.5665719880005149
132	0.5665719880005149
133	0.8230036250150273
134	0.5139915422627507
135	0.5574491330158706
136	0.2070923854195475
137	0.2865241396118646
138	0.2959790185358471
139	0.1272531380804732
140	0.034728030561276546
141	0.019675929314445093
142	0.02277109643911641
143	0.022404439747548983
144	0.0370577948122046
145	0.0512715750169613
146	0.09814559940423298
147	0.2516299796562454
148	0.3315964756209393
149	0.481677716615238
150	0.8230036250150273
151	0.45878265723355866
152	0.699686033300586
153	0.699686033300586
154	0.6773349667878948
155	0.783884695041549
156	0.6556978921951105
157	0.7346031188276403
158	0.6664286233595221
159	0.6347520014624477
160	0.6556978921951105
161	0.96805557714613
162	0.06647744631284419
163	0.03150511208810857
164	0.00038090849033420077
165	0.0001283749872229008
166	0.00027087798631395606
167	0.00963255868241604
168	0.03529636723622752
169	1.0
170	1.0
171	1.0
172	1.0
173	0.03766425891466509
174	0.010617952774479945
175	0.0030920881101849616
176	0.0009151932040789202
177	0.0007907953330514215
178	0.01700147357515897
179	0.04963373414423629
180	0.7346031188276403
181	0.47392181612761314
182	0.04804821315291625
183	0.010968329737619124
184	0.012693727967806401
185	0.04288725609875964
186	0.16233655139003125
187	0.052963462250909324
188	0.034728030561276546
189	0.03890712455342798
190	0.04804821315291625
191	0.030997821620274816
192	0.030007614098887924
193	0.03828064801966439
194	0.08619300005539272
195	0.3715000583087258
196	0.4369758436353278
197	0.17606198232518802
198	0.1972488898661499
199	0.2516299796562454
200	0.9838981538483188
