1	0.9838981538483328
2	0.8640747434825137
3	0.823003625015039
4	0.8364723744993651
5	0.8097517472627768
6	0.8501615448994049
7	0.8640747434825137
8	0.3964225068633132
9	0.4162055494255576
10	0.8501615448994049
11	0.8640747434825137
12	0.8782156365502464
13	0.9071954723294419
14	0.15715080394779246
15	0.14489964968096447
16	0.17043778391330164
17	0.2320134226836745
18	0.3370231708678068
19	0.7346031188276507
20	0.9371316004437404
21	0.614475215120391
22	0.7466251623243664
23	0.6451399456130078
24	0.771262704281338
25	0.48956054519592274
26	0.5574491330158825
27	0.5057153295259778
28	0.7227746524257377
29	0.14968112689163246
30	0.057441482370143404
31	0.022043686905619496
32	0.04727454821686514
33	0.17606198232518802
34	0.9838981538483328
35	0.03254473486014845
36	0.004278080449843537
37	0.0009453932456821844
38	0.0019948295552353825
39	0.03416884515602848
40	0.32100381758685337
41	0.8782156365502464
42	0.9524680951766598
43	0.7346031188276507
44	0.771262704281338
45	0.27290510147824404
46	0.29121320991526356
47	0.331596475620944
48	0.35384195289533515
49	0.444127110032871
50	0.699686033300596
51	0.5758441417787797
52	0.47392181612761314
53	0.45878265723355866
54	0.8782156365502464
55	0.892587950404504
56	0.9838981538483328
57	0.5484731728386688
58	0.45139540946972767
59	0.06435386265758217
60	0.03049869946550811
61	0.22827757824649536
62	0.2139261322475594
63	0.2819105719970976
64	1.0
65	0.7588439508744759
66	0.048834539393112705
67	0.014221262971401433
68	0.001286944230771766
69	0.0025447997235481606
70	0.0030920881101849833
71	0.0045650797047264505
72	0.2174271101239819
73	0.1336035702664378
74	0.1293356813230609
75	0.06867110513305712
76	0.1472709844146142
77	0.8782156365502464
78	0.7111366461700486
79	0.8364723744993651
80	0.9220420515895166
81	0.9838981538483328
82	0.8782156365502464
83	0.3596327033558822
84	0.4029101033605804
85	0.5224031981891458
86	0.5139915422627579
87	0.5139915422627579
88	0.42301690250932045
89	0.771262704281338
90	0.7346031188276507
91	0.823003625015039
92	0.8640747434825137
93	0.7967132492072966
94	0.4975723790934073
95	0.5396417421913
96	0.6245313223904321
97	0.5309525138815142
98	0.444127110032871
99	0.4162055494255576
100	0.6245313223904321
101	0.5396417421913
102	0.5057153295259778
103	0.8782156365502464
104	0.9680555771461302
105	0.8782156365502464
106	0.8640747434825137
107	0.31074953590015686
108	0.2139261322475594
109	0.32625716018605594
110	0.04727454821686514
111	0.08760357941344522
112	0.014221262971401433
113	0.03361866366814549
114	0.13579004060925765
115	0.7588439508744759
116	0.9838981538483328
117	0.9071954723294419
118	0.8097517472627768
119	0.8640747434825137
120	0.45878265723355866
121	0.15213071221465857
122	0.08619300005539395
123	0.19407281858793662
124	0.19094788792080922
125	0.1972488898661499
126	0.5758441417787797
127	0.5852680376789872
128	0.6664286233595269
129	0.6773349667878948
130	0.9524680951766598
131	0.5852680376789872
132	0.01493095993810043
133	0.0064194128221524704
134	0.004074735137074952
135	0.00932485215470036
136	0.1154434707063202
137	0.5852680376789872
138	0.7346031188276507
139	0.9371316004437404
140	0.9524680951766598
141	0.8640747434825137
142	0.8640747434825137
143	0.892587950404504
144	0.892587950404504
145	0.8364723744993651
146	0.7838846950415602
147	0.7838846950415602
148	0.771262704281338
149	0.8640747434825137
150	0.5309525138815142
151	0.13145230613269226
152	0.12120455403275993
153	0.5057153295259778
154	0.892587950404504
155	0.28652413961186873
156	0.010791719379643227
157	0.012090370898187427
158	0.10644373457266823
159	1.0
160	0.29121320991526356
161	0.444127110032871
162	0.4369758436353341
163	0.4369758436353341
164	0.4369758436353341
165	0.9838981538483328
166	0.7838846950415602
167	0.42301690250932045
168	0.1173327445069244
169	0.566571988000515
170	0.5948461590153669
171	0.3425386759286075
172	0.331596475620944
173	0.5852680376789872
174	0.6451399456130078
175	0.771262704281338
176	0.6664286233595269
177	0.6664286233595269
178	0.29597901853585135
179	0.6884197964379097
180	1.0
181	0.5396417421913
182	0.30082282132371846
183	0.9524680951766598
184	0.892587950404504
185	0.4299397258291138
186	0.4162055494255576
187	0.09656527406216217
188	0.07819389939674416
189	0.10138426111191856
190	0.07327797408660769
191	0.07209806342155775
192	0.4299397258291138
193	0.5139915422627579
194	0.9838981538483328
195	0.892587950404504
196	0.892587950404504
197	0.3775797899972509
198	0.4029101033605804
199	0.8640747434825137
200	0.9838981538483328
