1	0.6451399456130125
2	0.6884197964379196
3	0.2912132099152615
4	0.27737129133826993
5	0.34814444420780405
6	0.5309525138815143
7	0.5574491330158865
8	0.9371316004437404
9	0.22827757824649864
10	0.04576439005840027
11	0.02032520629905451
12	0.006419412822152426
13	0.251629979656249
14	0.6045810297425099
15	0.575844141778792
16	0.42301690250932644
17	0.19094788792081194
18	0.176061982325188
19	0.3655182215245085
20	0.6045810297425099
21	0.8230036250150508
22	0.5948461590153711
23	0.2641873055176486
24	0.21048152657828798
25	0.4975723790934108
26	0.6451399456130125
27	0.5139915422627652
28	0.34814444420780405
29	0.38375901867528583
30	0.7588439508744865
31	0.6884197964379196
32	0.6556978921951198
33	0.7346031188276507
34	0.6996860333005961
35	0.6773349667879046
36	0.9220420515895298
37	0.8097517472627824
38	0.6245313223904277
39	0.3107495359001591
40	0.47392181612761985
41	0.6245313223904277
42	0.566571988000523
43	0.18484816784601618
44	0.5948461590153711
45	0.6045810297425099
46	0.8364723744993591
47	0.9371316004437404
48	0.8097517472627824
49	0.5396417421913038
50	0.5309525138815143
51	0.5574491330158865
52	0.40291010336058325
53	0.4895605451959228
54	0.6347520014624567
55	0.5852680376789872
56	0.7712627042813545
57	0.566571988000523
58	0.3964225068633132
59	0.3596327033558848
60	0.4441271100328742
61	0.429939725829123
62	0.47392181612761985
63	0.331596475620944
64	0.2435918051833991
65	0.23201342268367614
66	0.2819105719970996
67	0.7466251623243612
68	0.38375901867528583
69	0.2819105719970996
70	0.15462038588001323
71	0.164993247273701
72	0.17894329980858245
73	0.2358104055548831
74	0.23201342268367614
75	0.31583506350197427
76	0.9838981538483329
77	0.8097517472627824
78	0.8097517472627824
79	0.8097517472627824
80	0.18484816784601618
81	0.1357900406092586
82	0.08619300005539395
83	0.0934805521145213
84	0.1472709844146142
85	0.17894329980858245
86	0.15462038588001323
87	0.17322705937263028
88	0.6045810297425099
89	0.7588439508744865
90	0.8230036250150508
91	0.9371316004437404
92	0.9371316004437404
93	0.9071954723294547
94	0.9371316004437404
95	0.8782156365502464
96	0.8782156365502464
97	0.7588439508744865
98	0.7967132492073022
99	0.429939725829123
100	0.21048152657828798
101	0.12725313808047503
102	0.5139915422627652
103	0.7111366461700587
104	0.8925879504045042
105	0.9524680951766733
106	0.9371316004437404
107	0.9838981538483329
108	0.9071954723294547
109	0.8782156365502464
110	0.4975723790934108
111	0.4975723790934108
112	0.4895605451959228
113	0.850161544899417
114	0.7838846950415602
115	0.9371316004437404
116	0.9838981538483329
117	0.9524680951766733
118	0.9838981538483329
119	0.9838981538483329
120	0.006214348384488123
121	0.003818563060391367
122	0.0017236818362313497
123	0.0018393167356806352
124	0.012901465378461817
125	0.03307734111793637
126	0.3655182215245085
127	0.9838981538483329
128	0.9524680951766733
129	1.0
130	0.7227746524257428
131	0.6045810297425099
132	0.4162055494255606
133	0.4441271100328742
134	1.0
135	0.34253867592861237
136	0.10995622264422979
137	0.014453999040223764
138	0.0006508274257463042
139	0.0006614784499805435
140	3.560753598154989e-05
141	0.00030844131559534777
142	9.278618677019129e-05
143	0.004715720680195383
144	1.0
145	1.0
146	0.0008859578853748478
147	2.491409560653889e-05
148	0.0035208757183272242
149	1.0
150	1.0
151	1.0
152	1.0
153	1.0
154	1.0
155	0.024298717947761804
156	0.0010421053394971949
157	0.0012869442307717844
158	0.9838981538483329
159	1.0
160	0.0045650797047264826
161	0.00020555412133940753
162	0.0003134890683440554
163	3.799630272278691e-05
164	0.0003186194293768196
165	0.00015347187921147654
166	0.005283200023099543
167	0.03529636723622802
168	0.13145230613269226
169	0.47392181612761985
170	0.2959790185358514
171	0.05044600800408525
172	0.01133026862977681
173	0.004074735137074952
174	0.0024635075651007446
175	0.00033451979230624115
176	0.0018393167356806352
177	0.005546852487609716
178	0.9071954723294547
179	0.6556978921951198
180	0.4975723790934108
181	0.3900393726467364
182	0.331596475620944
183	0.32625716018605594
184	0.4441271100328742
185	0.575844141778792
186	0.7346031188276507
187	0.6773349667879046
188	0.9071954723294547
189	0.32625716018605594
190	0.13145230613269226
191	0.12933568132306184
192	0.2209853827589351
193	0.2435918051833991
194	0.11733274450692358
195	0.4369758436353341
196	0.7111366461700587
197	0.6773349667879046
198	0.7712627042813545
199	0.8925879504045042
200	0.968055577146144
