1	0.7838846950415601
2	0.7967132492072909
3	0.8925879504044915
4	0.9524680951766463
5	0.9524680951766463
6	0.9371316004437406
7	0.9371316004437406
8	0.06867110513305663
9	0.051271575016961675
10	0.17894329980857865
11	0.9680555771461302
12	0.6245313223904277
13	0.6884197964379
14	0.6884197964379
15	0.5948461590153626
16	0.5948461590153626
17	0.9680555771461302
18	0.6451399456130033
19	0.5948461590153626
20	0.9371316004437406
21	0.4895605451959158
22	0.45139540946972445
23	0.45878265723355216
24	0.9524680951766463
25	0.9680555771461302
26	0.9371316004437406
27	0.9220420515895036
28	0.8782156365502339
29	0.9071954723294418
30	0.4095038717012285
31	0.0401910029464709
32	0.042196692099189664
33	0.04576439005839994
34	0.14727098441461314
35	0.0965652740621615
36	0.1252041276287828
37	0.8364723744993591
38	0.19094788792080922
39	0.14256649781436706
40	0.1878732744065199
41	0.2516299796562454
42	0.2865241396118647
43	0.9680555771461302
44	0.22827757824649536
45	0.9371316004437406
46	0.012901465378461725
47	0.01311260248634491
48	0.057441482370143
49	0.22098538275893195
50	0.8364723744993591
51	0.8640747434825014
52	0.9220420515895036
53	0.8364723744993591
54	0.8364723744993591
55	0.8501615448993928
56	0.9371316004437406
57	0.9071954723294418
58	0.8925879504044915
59	0.9071954723294418
60	0.9371316004437406
61	0.9680555771461302
62	0.3900393726467364
63	0.33159647562093936
64	0.21742711012398036
65	0.09049436982916054
66	0.746625162324361
67	0.8782156365502339
68	0.9220420515895036
69	0.9371316004437406
70	0.9838981538483188
71	0.3425386759286026
72	0.2516299796562454
73	0.18484816784601485
74	0.23201342268367284
75	0.22827757824649536
76	0.020995908477665633
77	0.016193361151328096
78	0.018142034232021265
79	0.8364723744993591
80	0.20047693868989178
81	0.7967132492072909
82	0.20047693868989178
83	0.09049436982916054
84	0.06867110513305663
85	0.07093715149650916
86	0.18484816784601485
87	0.809751747262771
88	0.9220420515895036
89	0.9524680951766463
90	0.15715080394779135
91	0.02204368690561934
92	0.008881624169591297
93	0.04576439005839994
94	0.045027498890454064
95	0.04430247303072498
96	0.9524680951766463
97	0.018438935128663837
98	0.02469637518143698
99	0.15213071221465752
100	0.8501615448993928
101	0.6144752151203824
102	0.823003625015039
103	0.9524680951766463
104	0.9524680951766463
105	0.9524680951766463
106	0.7967132492072909
107	0.7967132492072909
108	0.809751747262771
109	0.09197534264619842
110	0.062298115656568065
111	0.02510054021835705
112	0.9524680951766463
113	0.005546852487609637
114	0.0044192508682770176
115	0.0034084033755650083
116	0.002759960588740092
117	0.02204368690561934
118	0.13145230613269135
119	0.5224031981891458
120	0.42301690250932045
121	0.2912132099152615
122	0.5224031981891458
123	0.14027091400017713
124	0.05651656845829405
125	0.03954385360034535
126	0.05296346225090933
127	0.1676934209382962
128	0.051271575016961675
129	0.8364723744993591
130	0.6347520014624387
131	0.8364723744993591
132	0.8364723744993591
133	0.8640747434825014
134	0.7838846950415601
135	0.9071954723294418
136	0.16233655139003356
137	0.17043778391330042
138	0.1676934209382962
139	0.1649932472736998
140	0.15972263321475563
141	0.22827757824649536
142	0.8782156365502339
143	0.24757827243666988
144	0.2358104055548831
145	0.2959790185358471
146	0.49757237909340374
147	0.823003625015039
148	0.8640747434825014
149	0.9838981538483188
150	0.6347520014624387
151	0.4369758436353341
152	0.17894329980857865
153	0.11544347070631858
154	0.09975178733729258
155	0.09975178733729258
156	0.11925293695084131
157	0.9524680951766463
158	0.9680555771461302
159	0.9524680951766463
160	0.9680555771461302
161	0.10818572446379239
162	0.07693483325865776
163	0.08480513362914895
164	0.109956222644229
165	0.17894329980857865
166	0.06979493239667438
167	0.06129500098272637
168	0.09975178733729258
169	0.057441482370143
170	0.05838153282986846
171	0.3900393726467364
172	0.9524680951766463
173	0.9371316004437406
174	0.9371316004437406
175	0.3370231708678045
176	0.0178499139879386
177	0.01727970878760293
178	0.0890372434085787
179	0.3900393726467364
180	0.5484731728386688
181	0.8640747434825014
182	0.809751747262771
183	0.7838846950415601
184	0.809751747262771
185	0.8925879504044915
186	0.9524680951766463
187	0.00363705948444287
188	8.695286770701993e-05
189	0.0004064621128492915
190	0.00011458596672849097
191	0.0005715668219861366
192	0.05560654736795804
193	0.41620554942555466
194	0.8925879504044915
195	0.9524680951766463
196	0.8925879504044915
197	0.9371316004437406
198	1.0
199	1.0
200	1.0
