1	0.7111366461700386
2	0.5665719880005069
3	0.08619300005539274
4	0.10818572446379239
5	0.3964225068633076
6	0.40950387170122265
7	0.5948461590153626
8	0.01672771846330001
9	0.012901465378461725
10	0.016458371314135314
11	0.05211065273008481
12	0.04430247303072498
13	0.07693483325865721
14	0.9524680951766463
15	0.9680555771461301
16	0.038280648019664666
17	0.021339514049848074
18	0.007076107650393088
19	0.004419250868277018
20	0.09049436982916054
21	0.9838981538483189
22	0.9838981538483189
23	1.0
24	1.0
25	1.0
26	0.09197534264619842
27	0.013766972933526904
28	0.020995908477665633
29	0.005032079462438764
30	0.026353155917208635
31	0.9371316004437272
32	0.9220420515895036
33	0.04084874312373889
34	0.005637628717885326
35	0.0035784961121798587
36	0.0045650797047264175
37	0.022771096439116574
38	0.10138426111191784
39	0.7967132492072908
40	0.6664286233595221
41	0.3370231708678045
42	0.27737129133826594
43	0.35384195289533016
44	0.38375901867527495
45	0.049633734144235934
46	0.5396417421912962
47	0.6347520014624387
48	0.6245313223904277
49	0.6144752151203824
50	0.6144752151203824
51	0.6773349667878853
52	0.6347520014624387
53	0.6773349667878853
54	0.6884197964379
55	0.6996860333005861
56	0.9838981538483189
57	0.466290799956401
58	0.17043778391329922
59	0.45139540946972445
60	0.5224031981891458
61	0.19407281858793526
62	0.07947357060372907
63	0.11925293695084133
64	0.06867110513305663
65	0.09975178733729188
66	0.45878265723355216
67	0.1252041276287828
68	0.10818572446379239
69	0.45139540946972445
70	0.5309525138815068
71	0.6451399456130033
72	0.1521307122146575
73	0.3370231708678045
74	0.3964225068633076
75	0.49757237909340374
76	0.04084874312373889
77	0.012288234154010974
78	0.14727098441461212
79	0.1496811268916314
80	0.2396695274125223
81	1.0
82	0.2516299796562454
83	0.34814444420780405
84	0.027222771645920248
85	0.005729890533725305
86	0.6556978921951104
87	0.17894329980857737
88	0.16233655139003356
89	0.7227746524257325
90	0.9838981538483189
91	1.0
92	1.0
93	1.0
94	0.7227746524257325
95	0.6144752151203824
96	0.5224031981891458
97	0.5396417421912962
98	0.004871332588256346
99	0.0021634908644312368
100	0.0008716923278076547
101	0.05383022830539187
102	0.809751747262771
103	0.783884695041549
104	0.10472979393476875
105	0.0006723037820462311
106	0.00018052084351760924
107	0.0009301706690873582
108	0.1117556956623576
109	0.9838981538483189
110	0.907195472329429
111	0.19407281858793526
112	0.20047693868989175
113	0.3210038175868511
114	0.028121083425988593
115	0.07327797408660665
116	0.6773349667878853
117	0.17894329980857737
118	0.10818572446379239
119	0.5665719880005069
120	0.6451399456130033
121	0.6996860333005861
122	0.6773349667878853
123	0.7346031188276403
124	0.7111366461700386
125	0.6884197964379
126	0.6884197964379
127	0.7111366461700386
128	0.9371316004437272
129	0.5758441417787756
130	0.6245313223904277
131	0.6144752151203824
132	0.1496811268916314
133	0.17894329980857737
134	0.6144752151203824
135	0.03254473486014822
136	0.008057369233585021
137	0.31074953590015464
138	0.22098538275893198
139	0.2819105719970956
140	0.7111366461700386
141	0.6996860333005861
142	0.6884197964379
143	0.7111366461700386
144	0.8782156365502339
145	0.8230036250150391
146	0.809751747262771
147	0.7967132492072908
148	0.5396417421912962
149	0.45139540946972445
150	0.5057153295259778
151	0.5224031981891458
152	0.6556978921951104
153	0.7111366461700386
154	0.9371316004437272
155	0.9524680951766463
156	0.8501615448993928
157	0.7967132492072908
158	0.6884197964379
159	0.6884197964379
160	0.6451399456130033
161	0.466290799956401
162	0.09348055211451997
163	0.09656527406216149
164	0.14256649781436606
165	0.6773349667878853
166	0.26418730551764474
167	0.26418730551764474
168	0.4739218161276064
169	0.6664286233595221
170	0.6144752151203824
171	0.3370231708678045
172	0.35963270335587966
173	0.5852680376789788
174	0.809751747262771
175	0.8364723744993591
176	0.8501615448993928
177	0.8640747434825014
178	0.8640747434825014
179	0.5484731728386688
180	0.5852680376789788
181	0.5665719880005069
182	0.6451399456130033
183	0.8925879504044915
184	0.907195472329429
185	0.6664286233595221
186	0.2865241396118647
187	0.23581040555487975
188	0.2912132099152615
189	0.5484731728386688
190	0.5758441417787756
191	0.7346031188276403
192	0.7967132492072908
193	0.8230036250150391
194	0.8640747434825014
195	0.8640747434825014
196	0.8925879504044915
197	0.8501615448993928
198	0.8364723744993591
199	0.8782156365502339
200	1.0
