1	0.9524680951766531
2	0.7588439508744759
3	0.677334966787895
4	0.6045810297425014
5	0.5758441417787797
6	0.5852680376789872
7	0.6045810297425014
8	0.9071954723294419
9	0.8782156365502402
10	0.8640747434825014
11	0.8782156365502402
12	0.6664286233595269
13	0.34253867592860504
14	0.2435918051833991
15	0.23201342268367448
16	0.239669527412524
17	0.6144752151203954
18	0.44412711003287103
19	0.677334966787895
20	0.3715000583087337
21	0.5309525138815105
22	0.3655182215245085
23	0.34253867592860504
24	0.34814444420780405
25	0.48167771661524145
26	0.3655182215245085
27	0.7967132492072965
28	0.7838846950415602
29	0.6144752151203954
30	0.5758441417787797
31	0.5758441417787797
32	0.22460188780169354
33	0.09049436982916183
34	0.055606547367958045
35	0.04804821315291659
36	0.0876035794134446
37	0.9524680951766531
38	0.9524680951766531
39	0.8230036250150449
40	0.7967132492072965
41	0.8640747434825014
42	0.31074953590015686
43	0.3715000583087337
44	0.176061982325188
45	0.12318811002814957
46	0.0876035794134446
47	0.239669527412524
48	0.3262571601860559
49	0.566571988000515
50	0.3596327033558822
51	0.40291010336057753
52	0.5224031981891458
53	0.4895605451959193
54	0.8782156365502402
55	0.8640747434825014
56	0.2516299796562454
57	0.2819105719970956
58	0.31074953590015686
59	0.3370231708678045
60	0.35384195289533266
61	0.466290799956401
62	0.9838981538483259
63	0.6556978921951152
64	0.42301690250932045
65	0.48167771661524145
66	0.466290799956401
67	0.06867110513305712
68	0.45139540946972445
69	0.5396417421912961
70	0.4895605451959193
71	0.04151724745489895
72	0.030997821620274594
73	0.47392181612760975
74	0.4895605451959193
75	0.5139915422627543
76	0.9371316004437404
77	0.8230036250150449
78	0.8925879504044978
79	0.11733274450692356
80	0.14256649781436811
81	0.6664286233595269
82	0.9838981538483259
83	0.5484731728386727
84	0.5224031981891458
85	0.5224031981891458
86	0.23201342268367448
87	0.08903724340857869
88	0.20709238541955197
89	0.8782156365502402
90	0.9071954723294419
91	0.6347520014624433
92	0.14027091400017716
93	0.09501039487561765
94	0.0876035794134446
95	0.07093715149650967
96	0.5224031981891458
97	0.07327797408660718
98	0.10472979393476875
99	0.15715080394779135
100	0.47392181612760975
101	0.8230036250150449
102	0.8230036250150449
103	0.3262571601860559
104	0.3655182215245085
105	0.9838981538483259
106	0.5139915422627543
107	0.09348055211452064
108	0.10138426111191785
109	0.5484731728386727
110	0.1154434707063194
111	0.3370231708678045
112	0.052963462250909324
113	0.5396417421912961
114	0.5852680376789872
115	0.7111366461700436
116	0.6347520014624433
117	0.45139540946972445
118	0.7227746524257325
119	0.4975723790934073
120	0.35384195289533266
121	0.11925293695084131
122	0.07447719441285124
123	0.15972263321475563
124	0.41620554942555466
125	0.14256649781436811
126	0.5852680376789872
127	0.5948461590153669
128	0.6144752151203954
129	0.5852680376789872
130	0.17894329980857865
131	0.1154434707063194
132	0.176061982325188
133	0.22098538275893354
134	0.45139540946972445
135	0.8782156365502402
136	0.8640747434825014
137	0.8364723744993592
138	0.7111366461700436
139	0.7967132492072965
140	0.26851082552023436
141	0.25574799451756647
142	0.19724888986614994
143	0.2819105719970956
144	0.4369758436353341
145	0.04151724745489895
146	0.003696581267296058
147	0.014221262971401534
148	0.004141419638950832
149	0.1154434707063194
150	0.566571988000515
151	0.9838981538483259
152	0.8501615448993988
153	0.5852680376789872
154	0.2729051014782479
155	0.022404439747548827
156	0.0161933611513281
157	0.007191910689857912
158	0.009477456704464872
159	0.028581295041564064
160	0.013112602486345003
161	0.010113261253784716
162	0.011895693606068052
163	0.013766972933527001
164	0.15715080394779135
165	0.9524680951766531
166	0.34814444420780405
167	0.25574799451756647
168	0.8925879504044978
169	0.9220420515895232
170	1.0
171	1.0
172	0.9838981538483259
173	0.9838981538483259
174	0.2729051014782479
175	0.2004769386898932
176	0.8640747434825014
177	0.17894329980857865
178	0.0330773411179359
179	0.010617952774480096
180	0.3315964756209417
181	0.3315964756209417
182	0.35384195289533266
183	0.033618663668145254
184	0.007429233258548931
185	0.007191910689857912
186	0.009174704819918203
187	0.013766972933527001
188	0.022043686905619343
189	0.04358912142584586
190	0.07327797408660718
191	0.05211065273008518
192	0.03954385360034535
193	0.08343961441458024
194	0.9371316004437404
195	0.9071954723294419
196	0.9220420515895232
197	0.9071954723294419
198	0.9071954723294419
199	0.9524680951766531
200	0.9838981538483259
