1	0.10644373457266824
2	0.004715720680195383
3	0.0007058543855178156
4	0.00463978887130851
5	0.0024635075651007273
6	0.0065244688152368115
7	0.9838981538483329
8	0.9524680951766599
9	0.17043778391330164
10	0.13801229332339257
11	0.9220420515895167
12	0.9220420515895167
13	0.9371316004437404
14	0.9071954723294418
15	0.14489964968096347
16	0.2282775782464986
17	0.21048152657828498
18	0.030498699465507893
19	0.06540703669975813
20	0.005823662247270245
21	0.0013732801563434583
22	0.1013842611119193
23	0.9220420515895167
24	1.0
25	0.9838981538483329
26	0.9220420515895167
27	0.9220420515895167
28	0.9071954723294418
29	0.1030434509053353
30	0.06435386265758218
31	0.030498699465507893
32	0.03150511208810857
33	0.07947357060372964
34	0.2516299796562454
35	0.9524680951766599
36	0.9371316004437404
37	0.9371316004437404
38	0.8782156365502465
39	0.8501615448994048
40	0.17894329980857993
41	0.07209806342155876
42	0.014221262971401534
43	0.01248933551297767
44	0.016458371314135436
45	0.2358104055548831
46	0.9838981538483329
47	0.9838981538483329
48	0.16233655139003356
49	0.07569604040982107
50	0.07569604040982107
51	0.9220420515895167
52	0.9838981538483329
53	0.9524680951766599
54	0.9071954723294418
55	0.8925879504044915
56	0.07819389939674361
57	0.0934805521145213
58	0.16769342093829617
59	0.10818572446379239
60	0.04727454821686481
61	0.15715080394779135
62	0.1212045540327608
63	0.14489964968096347
64	0.15972263321475677
65	0.013992274382953428
66	0.014690543918280221
67	0.11544347070632023
68	0.011704150977755609
69	0.009790198959862228
70	0.011147830387442765
71	0.2139261322475594
72	0.164993247273701
73	0.19724888986614994
74	0.8782156365502465
75	0.5057153295259778
76	0.49757237909340374
77	0.3425386759286123
78	0.3425386759286123
79	0.3481444442078041
80	0.9220420515895167
81	0.6773349667878948
82	0.7838846950415602
83	0.0547111792972134
84	0.051271575016962036
85	0.31074953590015464
86	0.3775797899972509
87	0.6664286233595222
88	0.8782156365502465
89	0.8782156365502465
90	0.7838846950415602
91	0.8364723744993591
92	0.8230036250150508
93	0.8364723744993591
94	0.8640747434825015
95	0.8501615448994048
96	0.8640747434825015
97	0.6045810297425015
98	0.17606198232518802
99	0.2004769386898946
100	0.9838981538483329
101	0.07693483325865831
102	0.020657835589543778
103	0.029049038185277716
104	0.10995622264422977
105	0.48167771661523806
106	0.9838981538483329
107	0.6144752151203998
108	0.07569604040982107
109	0.01133026862977681
110	0.00381856306039134
111	0.002671795240633401
112	0.015932618141390915
113	0.0035208757183272242
114	0.9220420515895167
115	0.8640747434825015
116	0.7967132492073021
117	0.9838981538483329
118	0.3210038175868557
119	0.6773349667878948
120	0.9838981538483329
121	0.9838981538483329
122	0.9838981538483329
123	0.6773349667878948
124	0.5057153295259778
125	0.7838846950415602
126	0.9071954723294418
127	0.699686033300596
128	0.9838981538483329
129	0.9838981538483329
130	0.004419250868277081
131	0.0023848122377374426
132	0.009790198959862228
133	0.006850065475449527
134	0.00902697513442092
135	0.07209806342155876
136	0.1472709844146142
137	0.10472979393476876
138	0.02168874285044954
139	0.01843893512866384
140	0.05838153282986846
141	0.8925879504044915
142	0.12725313808047323
143	0.1030434509053353
144	0.3837590186752804
145	0.4369758436353341
146	0.3837590186752804
147	0.8230036250150508
148	0.3538419528953352
149	0.3008228213237163
150	0.06647744631284419
151	0.09656527406216288
152	0.2819105719970956
153	0.3538419528953352
154	0.7227746524257326
155	0.6451399456130033
156	0.6045810297425015
157	0.6245313223904277
158	0.6144752151203998
159	0.8640747434825015
160	0.5484731728386767
161	0.41620554942555466
162	0.3008228213237163
163	0.6245313223904277
164	0.5574491330158786
165	0.6347520014624478
166	0.699686033300596
167	0.8925879504044915
168	0.8640747434825015
169	0.48167771661523806
170	0.48956054519592274
171	0.6245313223904277
172	0.809751747262771
173	0.6556978921951199
174	0.22460188780169194
175	0.11358461770178932
176	0.07447719441285176
177	0.15462038588001323
178	0.1940728185879353
179	0.32625716018605594
180	0.8230036250150508
181	0.4369758436353341
182	0.23201342268367287
183	0.2819105719970956
184	0.11733274450692356
185	0.030997821620274816
186	0.052963462250909324
187	0.8501615448994048
188	0.746625162324361
189	0.2358104055548831
190	0.2516299796562454
191	0.0358740049446921
192	0.6451399456130033
193	0.3655182215245085
194	0.3655182215245085
195	0.7588439508744758
196	0.2070923854195534
197	0.1818717710859395
198	0.2282775782464986
199	0.9071954723294418
200	0.9680555771461302
