1	0.60458102974251
2	0.8097517472627825
3	0.49757237909340374
4	0.3900393726467364
5	0.466290799956401
6	0.566571988000523
7	0.9524680951766599
8	0.9680555771461439
9	0.9680555771461439
10	0.8501615448994049
11	0.8097517472627825
12	0.6144752151203912
13	0.4299397258291169
14	0.2912132099152615
15	0.30082282132372057
16	0.35384195289533515
17	0.3655182215245085
18	0.6347520014624477
19	0.4513954094697309
20	0.33159647562093936
21	0.47392181612761314
22	0.4513954094697309
23	0.4095038717012343
24	0.9371316004437406
25	0.8501615448994049
26	0.4513954094697309
27	0.4513954094697309
28	0.7838846950415602
29	0.8364723744993591
30	0.9524680951766599
31	0.35384195289533515
32	0.30082282132372057
33	0.9524680951766599
34	0.028581295041564064
35	0.014930959938100641
36	0.014221262971401534
37	0.013545299253376993
38	0.02032520629905422
39	0.02722277164592025
40	0.007799981223697675
41	0.02032520629905422
42	0.9524680951766599
43	0.9680555771461439
44	0.9524680951766599
45	1.0
46	0.095010394875619
47	0.037664258914665634
48	0.014930959938100641
49	0.03646109590141792
50	0.24757827243666988
51	0.23201342268367284
52	0.23201342268367284
53	0.3715000583087311
54	0.9680555771461439
55	1.0
56	0.9680555771461439
57	0.32625716018605594
58	0.19407281858793526
59	0.2004769386898946
60	0.2557479945175683
61	0.9838981538483189
62	0.9838981538483189
63	1.0
64	0.02678443476505567
65	0.015676073575284756
66	0.01619336115132798
67	0.049633734144236996
68	0.9838981538483189
69	0.9071954723294547
70	0.1030434509053353
71	0.0934805521145213
72	0.1676934209382986
73	0.9524680951766599
74	0.9524680951766599
75	0.24359180518339907
76	0.0622981156565685
77	0.7346031188276403
78	0.8782156365502464
79	0.8782156365502464
80	0.9371316004437406
81	0.22098538275893512
82	0.3370231708678093
83	0.8097517472627825
84	0.7838846950415602
85	0.10818572446379239
86	0.12120455403276079
87	0.15972263321475677
88	0.08343961441458082
89	0.06979493239667536
90	0.0013080055346563594
91	0.010791719379643228
92	0.011704150977755607
93	0.011704150977755607
94	0.004491573493650815
95	0.010617952774480095
96	0.9838981538483189
97	0.14027091400017916
98	0.1314523061326923
99	0.6664286233595222
100	0.6556978921951198
101	0.9524680951766599
102	0.7838846950415602
103	0.3775797899972563
104	0.2641873055176523
105	0.7111366461700487
106	0.7346031188276403
107	0.9371316004437406
108	0.566571988000523
109	0.0547111792972134
110	0.011704150977755607
111	0.14489964968096344
112	0.40291010336058325
113	0.3964225068633132
114	0.49757237909340374
115	0.6451399456130125
116	0.5852680376789872
117	0.5758441417787838
118	0.32625716018605594
119	0.566571988000523
120	0.5396417421913039
121	0.10818572446379239
122	0.02635315591720901
123	0.2396695274125257
124	0.20375781569034312
125	0.60458102974251
126	0.49757237909340374
127	0.6144752151203912
128	0.9071954723294547
129	0.9524680951766599
130	0.9838981538483189
131	1.0
132	0.9680555771461439
133	0.8640747434825136
134	0.8782156365502464
135	0.7967132492073021
136	0.8230036250150391
137	0.6347520014624477
138	0.60458102974251
139	0.5309525138815143
140	0.7227746524257428
141	0.7838846950415602
142	0.7967132492073021
143	0.16233655139003358
144	0.1818717710859395
145	0.0336186636681455
146	0.15972263321475677
147	0.6996860333005961
148	0.17043778391330405
149	0.40291010336058325
150	0.9680555771461439
151	0.7227746524257428
152	0.14027091400017916
153	0.015175310452307484
154	0.17894329980857993
155	0.22827757824649864
156	0.2396695274125257
157	0.466290799956401
158	0.6556978921951198
159	0.7712627042813435
160	0.7967132492073021
161	0.9838981538483189
162	0.4513954094697309
163	0.019675929314445374
164	0.015932618141390915
165	0.030997821620274812
166	0.12318811002815043
167	0.1336035702664378
168	0.004278080449843506
169	0.014690543918280431
170	0.22098538275893512
171	0.9680555771461439
172	1.0
173	0.8782156365502464
174	0.8782156365502464
175	0.2396695274125257
176	0.12933568132306
177	0.0043480927706904616
178	0.0062143483844881225
179	0.8782156365502464
180	0.1760619823251905
181	0.15972263321475677
182	0.16233655139003358
183	0.11733274450692523
184	0.057441482370143404
185	0.022771096439116734
186	0.022043686905619652
187	0.007927630713798602
188	0.015423659850313305
189	0.1818717710859395
190	0.15213071221465968
191	0.5224031981891458
192	0.9071954723294547
193	0.7838846950415602
194	0.098145599404233
195	0.24359180518339907
196	0.03254473486014822
197	0.05383022830539263
198	0.5852680376789872
199	0.5852680376789872
200	0.8097517472627825
