1	0.9680555771461438
2	0.9680555771461438
3	0.9680555771461438
4	0.9680555771461438
5	0.7588439508744758
6	0.2282775782464986
7	0.03646109590141792
8	0.01967592931444509
9	0.03890712455342798
10	0.13801229332339257
11	0.4739218161276131
12	0.9524680951766462
13	0.17043778391330405
14	0.1357900406092586
15	0.07693483325865831
16	0.04219669209918966
17	0.06331764666180247
18	0.1030434509053353
19	0.11544347070631858
20	0.210481526578285
21	0.8782156365502464
22	0.8364723744993591
23	0.809751747262771
24	0.5948461590153626
25	0.7227746524257325
26	0.7712627042813435
27	0.809751747262771
28	0.8925879504044913
29	0.823003625015039
30	0.746625162324361
31	0.8364723744993591
32	0.3900393726467364
33	0.3837590186752804
34	0.3837590186752804
35	0.3715000583087311
36	0.3775797899972509
37	0.20047693868989175
38	0.7227746524257325
39	0.17894329980857737
40	0.08760357941344458
41	0.08343961441457963
42	0.0997517873372933
43	0.8501615448994048
44	0.8501615448994048
45	0.8501615448994048
46	0.9524680951766462
47	0.5758441417787837
48	0.06331764666180247
49	0.010113261253784644
50	0.009324852154700358
51	0.009174704819918202
52	0.13801229332339257
53	0.8501615448994048
54	0.9680555771461438
55	0.1357900406092586
56	0.029524436113288616
57	0.019047393108381872
58	0.013992274382953428
59	0.015932618141390915
60	0.04963373414423629
61	0.34253867592860743
62	1.0
63	1.0
64	1.0
65	0.34253867592860743
66	0.05127157501696203
67	0.015175310452307482
68	0.001025325519646744
69	0.00016376769190026909
70	0.008459463654885604
71	0.012901465378461817
72	0.12933568132305998
73	0.0047928951403666395
74	0.009477456704464872
75	0.00042674617124462144
76	0.02592882145501884
77	0.210481526578285
78	0.6773349667878948
79	0.746625162324361
80	0.6451399456130124
81	0.19407281858793526
82	0.04651334071458661
83	0.3655182215245085
84	0.9071954723294419
85	0.9071954723294419
86	0.9220420515895167
87	0.9371316004437403
88	0.9838981538483189
89	0.9371316004437403
90	0.8925879504044913
91	0.9220420515895167
92	0.6347520014624477
93	0.6556978921951198
94	0.6664286233595221
95	0.9220420515895167
96	0.9371316004437403
97	0.8925879504044913
98	0.8782156365502464
99	0.8782156365502464
100	0.823003625015039
101	0.8925879504044913
102	0.9071954723294419
103	0.9680555771461438
104	0.34253867592860743
105	0.3655182215245085
106	0.3900393726467364
107	0.48956054519592274
108	0.9680555771461438
109	0.9680555771461438
110	0.9524680951766462
111	0.9680555771461438
112	0.436975843635334
113	0.1676934209382962
114	0.3655182215245085
115	0.0015137643410159801
116	0.0009151932040789201
117	0.09814559940423298
118	0.5574491330158785
119	0.6045810297425014
120	0.8640747434825136
121	0.9220420515895167
122	0.8364723744993591
123	0.30574589468138835
124	0.07693483325865831
125	0.11733274450692356
126	0.4299397258291168
127	0.5852680376789872
128	0.809751747262771
129	0.9838981538483189
130	0.9680555771461438
131	0.9371316004437403
132	0.8364723744993591
133	0.823003625015039
134	0.6773349667878948
135	0.7838846950415602
136	0.45139540946972445
137	0.614475215120391
138	0.6347520014624477
139	0.6664286233595221
140	0.8925879504044913
141	0.03646109590141792
142	0.004009124378788922
143	0.021339514049848223
144	0.02168874285044923
145	0.011330268629776648
146	0.00011458596672849341
147	0.000580920718013925
148	0.001723681836231313
149	0.052963462250909324
150	0.2037578156903431
151	0.9838981538483189
152	0.9838981538483189
153	0.9838981538483189
154	1.0
155	0.2037578156903431
156	0.07327797408660716
157	0.01999793295422595
158	0.022043686905619336
159	0.015423659850313085
160	0.01727970878760305
161	0.002198897168339217
162	0.0013732801563434388
163	0.006962169253653824
164	0.029049038185277303
165	0.9071954723294419
166	0.7712627042813435
167	0.7588439508744758
168	0.8364723744993591
169	0.9220420515895167
170	0.9371316004437403
171	0.45139540946972445
172	0.3370231708678045
173	0.513991542262758
174	0.9220420515895167
175	0.8501615448994048
176	0.8640747434825136
177	0.8640747434825136
178	0.7712627042813435
179	0.7967132492072908
180	0.9371316004437403
181	0.5665719880005149
182	0.5396417421912961
183	0.6245313223904277
184	0.9680555771461438
185	0.2282775782464986
186	0.16233655139003356
187	0.127253138080475
188	0.13360357026643588
189	0.1472709844146142
190	0.14027091400017713
191	0.10995622264422979
192	0.14489964968096344
193	0.9371316004437403
194	0.4975723790934037
195	0.14489964968096344
196	0.14027091400017713
197	0.13801229332339257
198	0.1676934209382962
199	0.3775797899972509
200	0.8782156365502464
