1	0.9680555771461301
2	0.9524680951766464
3	0.9524680951766464
4	0.9371316004437272
5	0.2070923854195505
6	0.15462038588001104
7	0.1231881100281487
8	0.1336035702664359
9	0.15213071221465752
10	0.16233655139003356
11	0.08619300005539274
12	0.08760357941344458
13	0.10138426111191785
14	0.9220420515895167
15	0.9071954723294289
16	0.9220420515895167
17	0.9220420515895167
18	0.9680555771461301
19	1.0
20	1.0
21	0.05211065273008481
22	0.021339514049847925
23	0.030498699465507897
24	0.1732270593726278
25	0.14256649781436606
26	0.07693483325865721
27	0.0794735706037285
28	0.20047693868989178
29	0.3057458946813841
30	0.17606198232518552
31	0.08209608258032047
32	0.010278768401209682
33	0.003944570074838709
34	0.0038810552143590756
35	0.020995908477665633
36	0.823003625015039
37	0.9524680951766464
38	0.2641873055176448
39	0.2282775782464954
40	0.10644373457266672
41	0.1909478879208065
42	0.9220420515895167
43	0.9220420515895167
44	1.0
45	1.0
46	0.9371316004437272
47	0.2685108255202325
48	0.10644373457266672
49	0.11544347070631858
50	0.2516299796562454
51	0.9220420515895167
52	0.0016153167178432329
53	0.0008716923278076609
54	0.0007655338325415601
55	0.0008302591310470714
56	0.007429233258548931
57	0.08760357941344458
58	0.2599334021689762
59	0.8925879504044915
60	0.09814559940423159
61	0.017001473575159215
62	0.03202070454638286
63	0.059336967552505365
64	0.15462038588001104
65	0.8925879504044915
66	0.823003625015039
67	0.4895605451959158
68	0.466290799956401
69	0.6347520014624387
70	0.5948461590153628
71	0.5665719880005069
72	0.7967132492072909
73	0.4369758436353279
74	0.466290799956401
75	0.513991542262758
76	0.6045810297424928
77	0.6664286233595222
78	0.4299397258291108
79	0.48167771661523806
80	0.5948461590153628
81	0.699686033300586
82	0.49757237909340374
83	0.49757237909340374
84	0.6045810297424928
85	0.5309525138815068
86	0.4369758436353279
87	0.2959790185358472
88	0.2959790185358472
89	0.27290510147824404
90	0.05838153282986846
91	0.4029101033605776
92	0.20047693868989178
93	0.14027091400017713
94	0.2865241396118647
95	0.14489964968096344
96	0.14968112689163143
97	0.3370231708678045
98	0.758843950874465
99	0.8640747434825137
100	0.8501615448993928
101	0.8501615448993928
102	0.7466251623243612
103	0.8782156365502339
104	0.9371316004437272
105	0.5948461590153628
106	0.6664286233595222
107	0.5224031981891384
108	0.23581040555487975
109	0.7111366461700386
110	0.09348055211451997
111	0.06331764666180247
112	0.31583506350196533
113	0.030498699465507897
114	0.7111366461700386
115	0.7227746524257325
116	0.7346031188276403
117	0.8501615448993928
118	0.9220420515895167
119	0.1597226332147545
120	0.31583506350196533
121	0.1909478879208065
122	0.17606198232518552
123	0.3107495359001547
124	0.39003937264673083
125	0.08903724340857805
126	0.06756537356313871
127	0.08760357941344458
128	0.1252041276287828
129	0.1117556956623576
130	0.15715080394779135
131	0.042196692099189664
132	0.07819389939674361
133	0.017001473575159215
134	0.029524436113288612
135	0.823003625015039
136	0.7967132492072909
137	0.8782156365502339
138	0.7346031188276403
139	0.6045810297424928
140	0.5574491330158786
141	0.5852680376789788
142	0.3425386759286075
143	0.32625716018605133
144	0.1818717710859369
145	0.22098538275893195
146	0.4441271100328678
147	0.5852680376789788
148	0.9071954723294289
149	0.823003625015039
150	0.9524680951766464
151	0.8501615448993928
152	0.823003625015039
153	0.7967132492072909
154	0.8782156365502339
155	0.4895605451959158
156	0.45139540946972445
157	0.10304345090533384
158	0.04651334071458662
159	0.3107495359001547
160	0.3008228213237163
161	0.29121320991525734
162	0.36551822152450336
163	0.0512715750169613
164	0.03202070454638286
165	0.16233655139003356
166	0.018740694914959853
167	0.005546852487609638
168	0.003578496112179884
169	0.02722277164592025
170	0.026784434765055293
171	0.026353155917208635
172	0.1676934209382962
173	0.9838981538483189
174	0.23966952741252232
175	0.23581040555487975
176	0.7466251623243612
177	0.513991542262758
178	0.06867110513305615
179	0.1909478879208065
180	0.823003625015039
181	0.8364723744993472
182	0.823003625015039
183	0.8364723744993472
184	0.34814444420780405
185	0.24757827243666988
186	0.07693483325865721
187	0.2865241396118647
188	0.02352250942683125
189	0.513991542262758
190	0.8640747434825137
191	0.07327797408660613
192	0.0472745482168648
193	0.043589121425845555
194	0.05044600800408453
195	0.08760357941344458
196	0.18787327440651988
197	0.9680555771461301
198	0.9680555771461301
199	0.9680555771461301
200	0.9838981538483189
