1	0.9838981538483189
2	0.043589121425845555
3	0.019997932954225667
4	0.030007614098887928
5	0.9371316004437272
6	0.9680555771461302
7	0.03472803056127655
8	0.038907124553427985
9	0.16499324727369863
10	0.6144752151203912
11	0.9838981538483189
12	1.0
13	1.0
14	0.3596327033558848
15	0.10472979393476875
16	0.041517247454898654
17	0.4299397258291169
18	0.9220420515895167
19	0.9371316004437272
20	0.022771096439116737
21	0.025928821455018475
22	0.019359110527732547
23	0.9220420515895167
24	0.9371316004437272
25	0.9371316004437272
26	0.9838981538483189
27	0.9838981538483189
28	0.9680555771461302
29	1.0
30	1.0
31	0.4299397258291169
32	0.3900393726467364
33	0.9524680951766463
34	0.9524680951766463
35	0.9371316004437272
36	0.9371316004437272
37	0.9371316004437272
38	0.42301690250931445
39	0.4162055494255547
40	0.758843950874465
41	0.7346031188276404
42	0.783884695041549
43	0.7227746524257325
44	0.823003625015039
45	0.6996860333005861
46	0.9680555771461302
47	0.9838981538483189
48	0.9680555771461302
49	0.9524680951766463
50	0.9838981538483189
51	0.9838981538483189
52	0.9371316004437272
53	0.9680555771461302
54	0.7346031188276404
55	0.5948461590153626
56	0.5665719880005069
57	0.6884197964379098
58	0.1940728185879353
59	0.1154434707063186
60	0.022043686905619343
61	0.002503823749912712
62	0.002384812237737442
63	0.012901465378461634
64	0.021688742850449232
65	0.03954385360034535
66	0.8925879504044916
67	0.6556978921951105
68	0.24359180518339565
69	0.36551822152450336
70	0.7227746524257325
71	0.9838981538483189
72	0.11175569566235759
73	0.028121083425988992
74	0.09814559940423298
75	0.6556978921951105
76	0.8501615448993928
77	0.8364723744993591
78	1.0
79	1.0
80	0.783884695041549
81	0.809751747262771
82	0.15715080394779135
83	0.037664258914665634
84	0.15715080394779135
85	0.809751747262771
86	0.9220420515895167
87	0.019359110527732547
88	0.013766972933527003
89	0.878215636550234
90	0.17606198232518552
91	0.23201342268367284
92	0.042887256098759645
93	0.037664258914665634
94	0.1272531380804732
95	1.0
96	1.0
97	0.005546852487609638
98	0.003042299783147321
99	0.003142691241050594
100	0.0013294115143323943
101	0.0006833062745535662
102	0.0011302145468318695
103	0.2729051014782441
104	1.0
105	1.0
106	1.0
107	1.0
108	0.2729051014782441
109	0.0005185228330395549
110	2.8833264476781604e-05
111	0.0012662220527620764
112	0.003578496112179884
113	0.003299523896879449
114	0.0083232506725889
115	1.0
116	1.0
117	0.10472979393476875
118	0.2599334021689762
119	0.17043778391330164
120	0.4369758436353279
121	0.37757978999724556
122	0.40291010336058325
123	0.9838981538483189
124	0.9220420515895167
125	0.7967132492072909
126	0.037664258914665634
127	0.027668282067044733
128	0.0001438233477885574
129	0.0008438466194896989
130	0.00022658195241163974
131	0.0004704015664329126
132	0.0013732801563434583
133	0.004278080449843507
134	1.0
135	1.0
136	1.0
137	1.0
138	0.0029933131400918323
139	4.469303857690011e-05
140	0.0004198747700494216
141	0.00014150752636944632
142	0.001225773320081767
143	0.001538537637351158
144	0.003578496112179884
145	0.015175310452307484
146	0.6245313223904277
147	0.13360357026643588
148	0.24359180518339565
149	0.9524680951766463
150	0.3370231708678045
151	0.008459463654885606
152	0.00015100069862380183
153	0.0006833062745535662
154	0.0011675099792966342
155	0.10138426111191928
156	0.9680555771461302
157	0.9680555771461302
158	1.0
159	1.0
160	0.09049436982916183
161	0.0010421053394971877
162	0.0006198923584893026
163	0.0005533084497353729
164	0.054711179297213405
165	0.3837590186752804
166	0.9838981538483189
167	0.05838153282986846
168	0.05296346225090933
169	0.35384195289533016
170	0.7227746524257325
171	0.12933568132305998
172	0.3837590186752804
173	0.3837590186752804
174	0.8925879504044916
175	0.9838981538483189
176	0.9838981538483189
177	0.9680555771461302
178	0.9680555771461302
179	0.6245313223904277
180	0.6347520014624388
181	0.019997932954225667
182	0.2729051014782441
183	0.3370231708678045
184	0.878215636550234
185	0.9220420515895167
186	0.7712627042813435
187	0.7712627042813435
188	0.6884197964379098
189	0.8364723744993591
190	0.9071954723294419
191	0.06867110513305615
192	0.0675653735631387
193	0.05296346225090933
194	0.0574414823701426
195	0.05560654736795765
196	0.061295000982725924
197	0.09814559940423298
198	0.3900393726467364
199	0.9680555771461302
200	0.9838981538483189
