1	0.8364723744993592
2	0.809751747262771
3	0.7712627042813546
4	0.8230036250150508
5	0.8364723744993592
6	0.809751747262771
7	0.809751747262771
8	0.8364723744993592
9	0.13579004060925862
10	0.2004769386898946
11	0.15213071221465968
12	0.1732270593726303
13	0.21742711012398036
14	0.19407281858793804
15	0.8640747434825137
16	0.8501615448994049
17	0.5852680376789872
18	0.6245313223904277
19	0.7466251623243612
20	0.3210038175868557
21	0.28652413961186873
22	0.8925879504045041
23	0.07819389939674472
24	0.08903724340857933
25	0.1676934209382986
26	0.32625716018605594
27	0.2599334021689762
28	0.44412711003287414
29	0.9680555771461303
30	0.809751747262771
31	0.4299397258291169
32	0.809751747262771
33	0.3057458946813884
34	0.17894329980857993
35	0.23966952741252573
36	0.1878732744065199
37	0.9220420515895298
38	0.8501615448994049
39	0.8364723744993592
40	0.8782156365502464
41	0.9680555771461303
42	0.9220420515895298
43	0.8925879504045041
44	0.09049436982916183
45	0.05651656845829486
46	0.12933568132306184
47	0.22460188780169515
48	0.8640747434825137
49	0.5057153295259779
50	0.9071954723294418
51	1.0
52	0.9371316004437406
53	0.9220420515895298
54	0.9524680951766599
55	0.9838981538483328
56	0.3900393726467364
57	0.05560654736795844
58	0.2004769386898946
59	0.22098538275893512
60	0.011330268629776808
61	0.008057369233585078
62	0.03361866366814597
63	0.42301690250932045
64	0.2516299796562454
65	0.23201342268367614
66	0.20375781569034312
67	0.21048152657828503
68	0.22460188780169515
69	0.2139261322475594
70	0.8640747434825137
71	0.5574491330158865
72	0.007309608887594928
73	0.007309608887594928
74	0.006739766775034991
75	0.08903724340857933
76	0.2912132099152615
77	0.04883453939311305
78	0.17043778391330408
79	0.15462038588001323
80	0.16233655139003356
81	0.164993247273701
82	0.9524680951766599
83	0.8925879504045041
84	0.9680555771461303
85	0.8925879504045041
86	0.9071954723294418
87	0.9071954723294418
88	0.9524680951766599
89	0.9371316004437406
90	0.8364723744993592
91	0.9220420515895298
92	0.12933568132306184
93	0.10644373457266826
94	0.02204368690561934
95	0.0025864462836876507
96	0.023143753598939273
97	0.08077418408895876
98	0.7967132492073022
99	0.8230036250150508
100	0.9071954723294418
101	0.9220420515895298
102	1.0
103	1.0
104	0.272905101478248
105	0.1314523061326923
106	0.010446984132459602
107	0.01469054391828043
108	1.0
109	0.08209608258032164
110	0.050446008004085253
111	0.3655182215245085
112	0.15972263321475677
113	0.1676934209382986
114	1.0
115	0.035296367236228025
116	0.00032383375060782415
117	0.000650827425746295
118	0.0005623635409531145
119	0.9524680951766599
120	0.054711179297213405
121	0.0012869442307717753
122	0.015423659850313085
123	0.8640747434825137
124	0.5484731728386767
125	0.11544347070632022
126	0.0018694178137101957
127	0.0025864462836876507
128	2.978472017255798e-05
129	0.00024976089423136064
130	0.12520412762878458
131	1.0
132	1.0
133	1.0
134	0.12520412762878458
135	0.00026222494537734203
136	0.00032383375060782415
137	0.0022714575694317693
138	0.2912132099152615
139	0.40291010336058325
140	0.4299397258291169
141	0.4162055494255606
142	1.0
143	0.006214348384488035
144	0.010791719379643228
145	0.0013732801563434583
146	0.0006198923584893114
147	0.0006300371192533687
148	0.00027087798631395996
149	0.035296367236228025
150	0.9838981538483328
151	0.1972488898661499
152	0.164993247273701
153	0.3425386759286123
154	0.677334966787895
155	0.3655182215245085
156	0.06979493239667538
157	1.0
158	0.020995908477665932
159	0.02168874285044954
160	0.06979493239667538
161	0.17606198232518802
162	0.10995622264422979
163	0.07447719441285176
164	0.0538302283053934
165	0.02952443611328862
166	0.43697584363533404
167	0.7838846950415602
168	0.09348055211452132
169	0.001839316735680622
170	0.003353521788788837
171	0.007309608887594928
172	0.023143753598939273
173	1.0
174	0.0021286546673816424
175	3.3368947182247447e-05
176	0.0003186194293768151
177	6.706350389273412e-05
178	0.00013478140409426748
179	0.00016917178699911117
180	0.2139261322475594
181	0.8640747434825137
182	0.9071954723294418
183	1.0
184	1.0
185	1.0
186	0.9071954723294418
187	0.06867110513305712
188	0.00025800263964974676
189	0.00013698715011009754
190	7.041023655526897e-05
191	0.0003084413155953478
192	2.532182371629836e-05
193	0.0021286546673816424
194	1.0
195	0.022404439747549305
196	0.006214348384488035
197	0.004715720680195384
198	0.005114431247540077
199	0.11358461770179094
200	1.0
