1	0.7111366461700487
2	0.7111366461700487
3	0.6884197964379096
4	0.7111366461700487
5	0.7967132492072908
6	0.5574491330158785
7	0.5852680376789787
8	0.6996860333005959
9	0.7227746524257324
10	0.9371316004437403
11	0.09975178733729329
12	0.0043480927706904
13	0.0045650797047264175
14	0.0066312440873250705
15	0.005114431247540003
16	0.008597905811488844
17	0.04019100294647118
18	0.38375901867528034
19	0.9838981538483188
20	0.4095038717012285
21	0.41620554942555466
22	0.4513954094697244
23	0.8782156365502338
24	0.96805557714613
25	0.96805557714613
26	0.5948461590153626
27	0.5309525138815142
28	0.42993972582911066
29	0.45878265723355866
30	0.30082282132371624
31	0.25574799451756824
32	0.46629079995640094
33	0.6773349667878948
34	0.6996860333005959
35	0.6773349667878948
36	0.3596327033558796
37	0.3370231708678044
38	0.39642250686331315
39	0.31583506350196977
40	0.3900393726467308
41	0.37150005830873106
42	0.23581040555488306
43	0.176061982325188
44	0.22827757824649536
45	0.3262571601860513
46	0.305745894681384
47	0.34253867592860743
48	0.8501615448994049
49	0.8501615448994049
50	0.8782156365502338
51	0.7838846950415602
52	0.7967132492072908
53	0.7712627042813325
54	0.17043778391330164
55	0.06331764666180247
56	0.0370577948122046
57	0.04019100294647118
58	0.08480513362914895
59	0.14489964968096136
60	0.22460188780169194
61	0.32100381758685564
62	0.5852680376789787
63	0.7346031188276403
64	0.5948461590153626
65	0.6347520014624477
66	0.41620554942555466
67	0.4230169025093204
68	0.6245313223904276
69	0.6556978921951104
70	0.6884197964379096
71	0.7346031188276403
72	0.7227746524257324
73	0.43697584363532777
74	0.29121320991525734
75	0.2599334021689724
76	0.25574799451756824
77	0.25574799451756824
78	0.24757827243667335
79	0.013327194928720634
80	0.00495105369311154
81	0.016458371314135432
82	0.16499324727370096
83	0.14027091400017713
84	0.746625162324361
85	0.6773349667878948
86	0.7838846950415602
87	0.3775797899972509
88	0.2685108255202325
89	0.10138426111191784
90	0.09656527406216149
91	0.020325206299054217
92	0.746625162324361
93	0.7588439508744758
94	0.8782156365502338
95	0.9524680951766598
96	0.96805557714613
97	0.823003625015039
98	0.04430247303072529
99	0.03416884515602799
100	0.042196692099189664
101	0.03646109590141792
102	0.14727098441461417
103	0.7588439508744758
104	0.7838846950415602
105	0.15462038588001098
106	0.20375781569034018
107	0.23581040555488306
108	0.2320134226836728
109	0.23581040555488306
110	0.23581040555488306
111	0.21048152657828498
112	0.20375781569034018
113	0.21392613224755935
114	0.2320134226836728
115	0.3900393726467308
116	0.9371316004437403
117	0.9524680951766598
118	0.96805557714613
119	0.7346031188276403
120	0.6996860333005959
121	0.2729051014782441
122	0.28191057199709557
123	0.5309525138815142
124	0.022043686905619336
125	0.01967592931444509
126	0.01967592931444509
127	0.01593261814139069
128	0.39642250686331315
129	0.3775797899972509
130	0.018740694914960117
131	0.022043686905619336
132	0.12318811002815043
133	0.28191057199709557
134	0.5139915422627579
135	0.8501615448994049
136	0.34814444420780405
137	0.3655182215245033
138	0.39642250686331315
139	0.08903724340857931
140	0.06647744631284418
141	0.08480513362914895
142	0.09975178733729329
143	0.5758441417787755
144	0.5758441417787755
145	0.6245313223904276
146	0.614475215120391
147	0.5665719880005149
148	0.5758441417787755
149	0.5948461590153626
150	0.8640747434825012
151	0.45878265723355866
152	0.42993972582911066
153	0.4230169025093204
154	0.4230169025093204
155	0.3655182215245033
156	0.3262571601860513
157	0.4095038717012285
158	0.8782156365502338
159	0.5224031981891458
160	0.21048152657828498
161	0.11358461770178932
162	0.013112602486344908
163	0.011515692539375736
164	0.045027498890454376
165	0.03529636723622752
166	0.014221262971401331
167	0.016458371314135432
168	0.38375901867528034
169	0.3900393726467308
170	0.5396417421912961
171	0.2209853827589351
172	0.11733274450692355
173	0.6451399456130033
174	0.34253867592860743
175	0.34814444420780405
176	0.3538419528953351
177	0.31583506350196977
178	0.0512715750169613
179	0.04019100294647118
180	0.01967592931444509
181	0.09049436982916052
182	0.9838981538483188
183	0.6773349667878948
184	0.20709238541955044
185	0.23966952741252567
186	0.0769348332586572
187	0.07569604040982107
188	0.6045810297425013
189	0.6245313223904276
190	0.5574491330158785
191	0.7588439508744758
192	0.5852680376789787
193	0.49757237909340374
194	0.4513954094697244
195	0.34814444420780405
196	0.39642250686331315
197	0.5665719880005149
198	0.5396417421912961
199	0.6664286233595221
200	1.0
