1	1.0
2	0.7466251623243612
3	0.5948461590153626
4	0.2139261322475594
5	0.2320134226836695
6	0.20709238541955047
7	0.23581040555488308
8	0.6245313223904277
9	0.5852680376789788
10	0.5948461590153626
11	0.061295000982726805
12	0.2819105719970956
13	0.4513954094697245
14	0.2599334021689725
15	0.03049869946550746
16	0.17043778391330164
17	0.005114431247540003
18	0.024696375181437153
19	0.8364723744993591
20	0.823003625015039
21	0.16769342093829617
22	0.18484816784601354
23	0.823003625015039
24	0.809751747262771
25	0.8925879504044915
26	0.8925879504044915
27	0.8364723744993591
28	0.9220420515895036
29	0.9680555771461301
30	0.9524680951766463
31	0.28652413961186873
32	0.29121320991525734
33	1.0
34	1.0
35	0.164993247273701
36	0.164993247273701
37	0.18187177108593688
38	0.210481526578285
39	0.164993247273701
40	0.7588439508744758
41	0.7346031188276402
42	0.783884695041549
43	0.4739218161276131
44	0.13801229332339257
45	0.1336035702664378
46	0.5852680376789788
47	0.5484731728386688
48	0.5758441417787756
49	0.11175569566235759
50	0.4162055494255546
51	0.007927630713798489
52	0.03890712455342798
53	0.1272531380804732
54	0.17043778391330164
55	0.002945115272426268
56	0.007799981223697675
57	0.0016959273764898934
58	0.01567607357528453
59	0.011704150977755606
60	0.9838981538483188
61	0.8501615448994049
62	0.8364723744993591
63	0.8640747434825014
64	0.15213071221465752
65	0.003944570074838652
66	0.00611428590286806
67	0.8364723744993591
68	0.018142034232021265
69	0.018438935128663837
70	0.1252041276287828
71	0.22460188780169196
72	0.2396695274125223
73	0.16233655139003125
74	0.03049869946550746
75	0.0376642589146651
76	0.10304345090533384
77	0.6347520014624477
78	0.03828064801966439
79	0.030007614098887928
80	0.0965652740621615
81	0.17894329980857737
82	0.823003625015039
83	0.020995908477665633
84	0.007927630713798489
85	0.007927630713798489
86	0.8925879504044915
87	0.2516299796562454
88	0.40291010336057753
89	0.9680555771461301
90	0.9680555771461301
91	0.13579004060925667
92	0.12318811002815044
93	0.10818572446379086
94	0.11925293695084216
95	0.10818572446379086
96	0.16769342093829617
97	0.2396695274125223
98	0.0512715750169613
99	0.04430247303072529
100	0.0330773411179359
101	0.48956054519591574
102	0.46629079995640094
103	0.34253867592860743
104	0.8782156365502338
105	0.9071954723294418
106	0.699686033300596
107	0.6245313223904277
108	0.5948461590153626
109	0.614475215120391
110	0.6245313223904277
111	0.9220420515895036
112	0.2037578156903402
113	0.20047693868989175
114	0.19407281858793252
115	0.22827757824649536
116	0.305745894681384
117	0.24359180518339563
118	0.6347520014624477
119	0.614475215120391
120	0.5574491330158785
121	0.5758441417787756
122	0.6045810297425013
123	0.2685108255202324
124	0.3008228213237163
125	0.3262571601860513
126	0.33159647562093936
127	0.27737129133826594
128	0.5139915422627507
129	0.4513954094697245
130	0.40291010336057753
131	0.3481444442077991
132	0.42301690250932045
133	0.42301690250932045
134	0.5574491330158785
135	0.1496811268916314
136	0.13801229332339257
137	0.012489335512977668
138	0.011515692539375738
139	0.032544734860148215
140	0.09348055211451997
141	0.9680555771461301
142	0.9680555771461301
143	0.8925879504044915
144	0.8925879504044915
145	0.1314523061326923
146	0.07209806342155774
147	0.11544347070631857
148	0.10304345090533384
149	0.1252041276287828
150	0.16769342093829617
151	0.7967132492072908
152	0.8501615448994049
153	0.5224031981891384
154	0.4739218161276131
155	0.3837590186752804
156	0.2599334021689725
157	0.28652413961186873
158	0.5758441417787756
159	0.4739218161276131
160	0.3008228213237163
161	0.33159647562093936
162	0.3481444442077991
163	0.5758441417787756
164	0.3775797899972509
165	0.2729051014782441
166	0.03099782162027481
167	0.02766828206704513
168	0.030007614098887928
169	0.042196692099189664
170	0.17894329980857737
171	0.8782156365502338
172	0.8925879504044915
173	0.29121320991525734
174	0.3837590186752804
175	0.8925879504044915
176	0.9220420515895036
177	0.0965652740621615
178	0.13579004060925667
179	0.09197534264619907
180	0.9371316004437404
181	0.9680555771461301
182	0.2641873055176485
183	0.21742711012397728
184	0.164993247273701
185	0.08343961441457963
186	0.8364723744993591
187	0.614475215120391
188	0.29597901853585135
189	0.5758441417787756
190	0.3158350635019698
191	0.176061982325188
192	0.2139261322475594
193	0.12318811002815044
194	0.10818572446379086
195	0.6451399456130033
196	0.8364723744993591
197	0.7967132492072908
198	0.823003625015039
199	0.9680555771461301
200	1.0
