1	0.24757827243667166
2	0.1878732744065199
3	0.20047693868989178
4	0.017001473575158972
5	0.01079171937964315
6	0.012901465378461726
7	0.011704150977755526
8	0.23581040555488145
9	0.8501615448993989
10	0.1878732744065199
11	0.20047693868989178
12	0.8925879504044915
13	0.33159647562093936
14	0.9220420515895036
15	0.19407281858793252
16	0.1878732744065199
17	0.3008228213237163
18	0.8782156365502277
19	0.48956054519591236
20	0.7838846950415436
21	0.7111366461700436
22	0.7346031188276352
23	0.7588439508744704
24	0.6996860333005862
25	0.9071954723294354
26	0.9680555771461302
27	0.4162055494255547
28	0.8230036250150332
29	0.210481526578285
30	0.08077418408895645
31	0.21742711012397725
32	0.42301690250931745
33	0.9838981538483119
34	0.40291010336057753
35	0.35384195289533266
36	0.8640747434825015
37	0.9071954723294354
38	0.2912132099152574
39	0.2641873055176467
40	0.15972263321475563
41	0.7967132492072909
42	0.9524680951766531
43	0.9220420515895036
44	0.1425664978143671
45	0.15715080394779138
46	0.08903724340857869
47	0.6664286233595222
48	0.7111366461700436
49	0.9838981538483119
50	0.210481526578285
51	0.23966952741252404
52	0.22827757824649378
53	0.2865241396118667
54	0.2037578156903402
55	0.06129500098272594
56	0.7588439508744704
57	0.7111366461700436
58	0.8782156365502277
59	0.39003937264673083
60	0.35384195289533266
61	0.3964225068633104
62	0.21392613224755788
63	0.7227746524257325
64	0.40291010336057753
65	0.15462038588000993
66	0.17894329980857865
67	0.5139915422627543
68	0.8230036250150332
69	0.6144752151203868
70	0.5758441417787756
71	0.5758441417787756
72	0.5309525138815105
73	0.7227746524257325
74	0.6144752151203868
75	0.4975723790934038
76	0.4299397258291108
77	0.9220420515895036
78	0.7967132492072909
79	0.32625716018605133
80	0.2865241396118667
81	0.277371291338266
82	0.25993340216897254
83	0.8230036250150332
84	0.6347520014624433
85	0.809751747262771
86	0.2912132099152574
87	0.1732270593726266
88	0.17894329980857865
89	0.00381856306039134
90	0.0034641831191914805
91	0.005637628717885286
92	0.6347520014624433
93	0.6664286233595222
94	0.9220420515895036
95	0.7111366461700436
96	0.6664286233595222
97	0.6773349667878902
98	0.6996860333005862
99	0.5396417421912961
100	0.5484731728386649
101	0.7466251623243612
102	0.6773349667878902
103	0.8640747434825015
104	0.35384195289533266
105	0.3775797899972482
106	0.8230036250150332
107	0.44412711003286787
108	0.5309525138815105
109	0.40291010336057753
110	0.017562497419084198
111	0.02352250942683125
112	0.029049038185277303
113	0.34253867592860504
114	0.2516299796562454
115	0.7346031188276352
116	0.6773349667878902
117	0.24757827243667166
118	0.2641873055176467
119	0.34253867592860504
120	0.6045810297425015
121	0.9838981538483119
122	0.8364723744993591
123	0.9071954723294354
124	0.2819105719970956
125	0.2912132099152574
126	0.25993340216897254
127	0.6451399456130033
128	0.6996860333005862
129	0.5139915422627543
130	0.8501615448993989
131	0.9071954723294354
132	0.7967132492072909
133	0.7588439508744704
134	0.7588439508744704
135	0.6045810297425015
136	0.7712627042813326
137	0.9680555771461302
138	0.4299397258291108
139	0.3837590186752777
140	0.40291010336057753
141	0.8230036250150332
142	0.7227746524257325
143	0.7588439508744704
144	0.3596327033558797
145	0.27290510147824215
146	0.3158350635019676
147	0.3158350635019676
148	0.7967132492072909
149	0.6773349667878902
150	0.6451399456130033
151	0.7588439508744704
152	0.809751747262771
153	0.8230036250150332
154	0.8925879504044915
155	0.9371316004437338
156	0.04430247303072498
157	0.042196692099189664
158	0.04288725609875934
159	0.040191002946470905
160	0.038907124553427985
161	0.05044600800408382
162	0.15462038588000993
163	0.9680555771461302
164	0.9680555771461302
165	0.9680555771461302
166	0.9680555771461302
167	0.12318811002814957
168	0.022043686905619343
169	0.03954385360034535
170	0.007076107650393088
171	0.0076743871260476935
172	0.005198130749138926
173	0.00611428590286806
174	0.809751747262771
175	0.7588439508744704
176	0.7838846950415436
177	0.5948461590153626
178	0.5309525138815105
179	0.13360357026643685
180	0.2641873055176467
181	0.10138426111191785
182	0.4162055494255547
183	0.014453999040223662
184	0.015676073575284645
185	0.011895693606067884
186	0.016193361151328096
187	0.7712627042813326
188	0.7588439508744704
189	0.7588439508744704
190	0.7588439508744704
191	0.23201342268366956
192	0.13579004060925667
193	0.1252041276287828
194	0.18484816784601488
195	0.17894329980857865
196	0.17043778391330044
197	0.17894329980857865
198	0.25993340216897254
199	0.9838981538483119
200	1.0
