1	0.7346031188276507
2	0.7588439508744758
3	0.7346031188276507
4	0.8782156365502464
5	0.9524680951766598
6	0.9680555771461301
7	0.836472374499359
8	0.6245313223904277
9	0.5484731728386766
10	0.9524680951766598
11	0.8230036250150506
12	0.8782156365502464
13	0.9071954723294418
14	0.9071954723294418
15	0.8925879504044913
16	0.9371316004437404
17	0.9371316004437404
18	0.836472374499359
19	0.8925879504044913
20	0.9524680951766598
21	0.9524680951766598
22	0.9838981538483328
23	0.9838981538483328
24	0.7588439508744758
25	0.6347520014624477
26	0.6773349667878948
27	0.6347520014624477
28	0.2516299796562454
29	0.35384195289533515
30	0.331596475620944
31	0.699686033300596
32	0.9071954723294418
33	0.9071954723294418
34	0.481677716615238
35	0.41620554942555466
36	0.15715080394779135
37	0.6773349667878948
38	0.796713249207302
39	0.6347520014624477
40	0.09049436982916181
41	0.0781938993967436
42	0.07209806342155876
43	0.02592882145501884
44	0.22098538275893506
45	0.1357900406092586
46	0.10472979393476875
47	0.24757827243667338
48	0.809751747262771
49	0.746625162324361
50	0.6664286233595221
51	0.746625162324361
52	0.8640747434825012
53	0.9220420515895166
54	0.9838981538483328
55	0.20047693868989458
56	0.022404439747548983
57	0.026353155917208628
58	0.02858129504156406
59	0.016458371314135432
60	0.26851082552023625
61	1.0
62	1.0
63	0.9838981538483328
64	0.2396695274125257
65	0.006524468815236811
66	0.009324852154700358
67	0.004951053693111541
68	0.005198130749138962
69	0.22827757824649536
70	0.9524680951766598
71	0.8640747434825012
72	0.8925879504044913
73	0.8925879504044913
74	0.31074953590015464
75	0.24359180518339907
76	0.10818572446379239
77	0.176061982325188
78	0.8640747434825012
79	0.3596327033558847
80	0.176061982325188
81	0.0593369675525062
82	0.1909478879208092
83	0.836472374499359
84	0.699686033300596
85	0.272905101478248
86	0.29597901853585135
87	0.9220420515895166
88	0.8925879504044913
89	1.0
90	1.0
91	0.1272531380804732
92	0.10995622264422976
93	0.17322705937263028
94	0.020325206299054217
95	0.07447719441285175
96	0.07093715149650967
97	0.8640747434825012
98	0.8501615448994048
99	0.8640747434825012
100	0.0472745482168648
101	0.03890712455342853
102	0.029049038185277713
103	0.019675929314445093
104	0.019997932954225667
105	0.02592882145501884
106	0.05127157501696203
107	0.9371316004437404
108	0.9524680951766598
109	0.18484816784601613
110	0.13360357026643777
111	0.0370577948122046
112	0.02204368690561934
113	0.03049869946550789
114	0.018438935128663837
115	0.019675929314445093
116	0.836472374499359
117	0.9220420515895166
118	1.0
119	1.0
120	0.9680555771461301
121	0.1425664978143681
122	0.11175569566235917
123	0.8782156365502464
124	0.0769348332586583
125	0.002271457569431769
126	0.0019311058764015323
127	0.0026717952406334006
128	0.2773712913382699
129	1.0
130	1.0
131	1.0
132	1.0
133	0.28652413961186873
134	0.005114431247540003
135	0.008738613623635608
136	0.007309608887594926
137	0.024696375181437153
138	0.8640747434825012
139	0.05044600800408453
140	0.10995622264422976
141	0.07093715149650967
142	0.029524436113288612
143	0.13801229332339257
144	0.1293356813230618
145	0.11925293695084214
146	0.1314523061326923
147	0.17322705937263028
148	0.07209806342155876
149	0.05211065273008555
150	0.06331764666180247
151	0.07093715149650967
152	0.04651334071458727
153	0.06540703669975811
154	0.1030434509053353
155	0.9524680951766598
156	0.9524680951766598
157	0.9220420515895166
158	0.06331764666180247
159	0.05651656845829405
160	0.04219669209918966
161	0.7588439508744758
162	0.0934805521145213
163	0.14489964968096342
164	0.14489964968096342
165	0.8640747434825012
166	0.8782156365502464
167	0.2641873055176485
168	0.25993340216897615
169	0.10644373457266823
170	0.0934805521145213
171	0.06647744631284418
172	0.1314523061326923
173	0.5574491330158785
174	0.041517247454899237
175	0.17043778391330164
176	0.10644373457266823
177	0.21048152657828498
178	0.9371316004437404
179	0.8501615448994048
180	0.699686033300596
181	0.809751747262771
182	0.37150005830873634
183	0.28652413961186873
184	0.10472979393476875
185	0.08480513362914893
186	0.05044600800408453
187	0.021339514049848223
188	0.1135846177017893
189	0.1293356813230618
190	0.7346031188276507
191	0.6144752151203998
192	0.5574491330158785
193	0.699686033300596
194	0.7712627042813435
195	0.8501615448994048
196	0.8782156365502464
197	0.8230036250150506
198	0.8782156365502464
199	0.9220420515895166
200	0.9524680951766598
