1	0.9838981538483188
2	0.6884197964378999
3	0.5665719880005069
4	0.37150005830873106
5	0.2912132099152615
6	0.2396695274125223
7	0.24757827243666986
8	0.33159647562093936
9	0.9838981538483188
10	0.9680555771461301
11	0.9680555771461301
12	0.6045810297425014
13	0.5396417421912961
14	0.548473172838661
15	0.5224031981891458
16	0.5224031981891458
17	0.4895605451959158
18	0.5574491330158785
19	0.8640747434825014
20	0.6144752151203823
21	0.6144752151203823
22	0.6144752151203823
23	0.6451399456130031
24	0.9680555771461301
25	0.9838981538483188
26	0.9838981538483188
27	0.9680555771461301
28	0.8640747434825014
29	0.8925879504044913
30	0.8230036250150272
31	0.9838981538483188
32	0.10472979393476874
33	0.09656527406216149
34	0.09814559940423229
35	0.05211065273008481
36	0.176061982325188
37	0.6245313223904277
38	0.5665719880005069
39	0.9220420515895035
40	0.9524680951766462
41	0.937131600443727
42	0.9071954723294288
43	0.6773349667878948
44	0.6773349667878948
45	0.7712627042813325
46	0.07819389939674361
47	0.02812108342598859
48	0.09656527406216149
49	0.09975178733729187
50	0.09348055211451997
51	0.9680555771461301
52	0.9680555771461301
53	0.05127157501696167
54	0.08209608258032106
55	0.9524680951766462
56	0.018438935128663705
57	0.04151724745489894
58	1.0
59	1.0
60	0.16233655139003125
61	0.1496811268916314
62	0.23581040555487973
63	0.9680555771461301
64	0.9838981538483188
65	0.9838981538483188
66	0.20375781569034018
67	0.08903724340857869
68	0.07209806342155672
69	0.0664774463128437
70	0.04651334071458661
71	0.08343961441457963
72	1.0
73	0.048834539393112344
74	0.02510054021835687
75	0.18187177108593688
76	0.41620554942555466
77	0.47392181612760637
78	0.5309525138815068
79	0.20375781569034018
80	0.8097517472627709
81	0.9838981538483188
82	0.9838981538483188
83	0.09975178733729187
84	0.03646109590141791
85	0.019997932954225524
86	0.19724888986614708
87	0.7346031188276403
88	0.7346031188276403
89	0.7346031188276403
90	1.0
91	1.0
92	1.0
93	0.2912132099152615
94	0.09975178733729187
95	0.10304345090533383
96	0.010968329737619124
97	0.8782156365502338
98	0.24757827243666986
99	0.25993340216897615
100	0.20047693868989172
101	0.1521307122146564
102	0.15715080394779024
103	0.23581040555487973
104	0.9838981538483188
105	0.8364723744993591
106	0.8782156365502338
107	0.8782156365502338
108	0.937131600443727
109	0.9220420515895035
110	0.8640747434825014
111	0.6245313223904277
112	0.5758441417787756
113	0.7346031188276403
114	0.01619336115132798
115	0.0034641831191914553
116	0.0002265819524116381
117	0.00010063118771018634
118	0.0003999173224417049
119	0.41620554942555466
120	0.937131600443727
121	0.9524680951766462
122	1.0
123	1.0
124	1.0
125	0.8925879504044913
126	0.41620554942555466
127	0.00046282723278069995
128	0.0002937805123388776
129	0.0003186194293768128
130	0.004278080449843505
131	0.008189230970776996
132	0.04502749889045374
133	0.05211065273008481
134	0.07569604040982107
135	0.08903724340857869
136	0.10304345090533383
137	0.22098538275893195
138	1.0
139	1.0
140	1.0
141	0.2516299796562454
142	0.17043778391330164
143	0.16769342093829617
144	0.05560654736795804
145	0.0664774463128437
146	0.9524680951766462
147	0.0480482131529159
148	0.04084874312373889
149	0.9838981538483188
150	0.9680555771461301
151	0.9220420515895035
152	0.9680555771461301
153	0.9524680951766462
154	0.7111366461700386
155	0.6556978921951104
156	0.9524680951766462
157	0.9680555771461301
158	0.00487133258825638
159	0.0026287744047199095
160	0.0014185963995909491
161	6.08397070900354e-05
162	0.0002937805123388776
163	0.000433730025384725
164	0.013766972933526904
165	0.06540703669975811
166	0.6245313223904277
167	0.8501615448993928
168	1.0
169	1.0
170	1.0
171	0.48167771661523795
172	1.0
173	0.06540703669975811
174	0.011147830387442685
175	0.0009453932456821777
176	0.0035784961121798583
177	0.0036965812672960312
178	0.005369661486237433
179	0.00641941282215238
180	0.008189230970776996
181	1.0
182	0.7712627042813325
183	0.45878265723355216
184	0.5139915422627507
185	0.7712627042813325
186	0.8230036250150272
187	0.9838981538483188
188	0.8925879504044913
189	0.8782156365502338
190	0.8364723744993591
191	0.9071954723294288
192	0.8364723744993591
193	0.7967132492072908
194	0.7227746524257325
195	0.5665719880005069
196	0.4029101033605775
197	0.35963270335587966
198	0.4369758436353278
199	0.9071954723294288
200	0.9220420515895035
