1	0.8782156365502339
2	0.5057153295259778
3	0.444127110032871
4	0.42993972582911383
5	0.4162055494255576
6	0.688419796437905
7	0.8097517472627709
8	0.566571988000515
9	0.5948461590153669
10	0.6144752151203867
11	0.9220420515895101
12	0.8364723744993591
13	0.8364723744993591
14	0.9071954723294418
15	0.7838846950415491
16	0.7967132492072965
17	0.8097517472627709
18	0.7466251623243612
19	0.7967132492072965
20	0.18484816784601485
21	0.1252041276287837
22	0.25574799451756824
23	0.42301690250932045
24	0.7967132492072965
25	0.7588439508744758
26	0.7466251623243612
27	0.5758441417787797
28	0.45878265723355866
29	0.3775797899972509
30	0.05044600800408418
31	0.11175569566235839
32	0.5139915422627543
33	0.566571988000515
34	0.10995622264422977
35	0.04219669209918996
36	0.05383022830539224
37	0.39003937264673355
38	0.39003937264673355
39	0.45878265723355866
40	0.4369758436353279
41	1.0
42	1.0
43	0.6144752151203867
44	0.5852680376789788
45	0.6045810297425014
46	0.5758441417787797
47	0.8640747434825076
48	0.8640747434825076
49	0.8925879504044977
50	0.8925879504044977
51	0.3481444442078016
52	0.3425386759286075
53	0.3481444442078016
54	0.35384195289533515
55	0.3775797899972509
56	0.3775797899972509
57	0.4816777166152414
58	0.5309525138815105
59	0.11925293695084216
60	0.09656527406216081
61	0.444127110032871
62	0.8501615448993989
63	0.771262704281338
64	0.7588439508744758
65	0.771262704281338
66	0.6347520014624477
67	0.42993972582911383
68	0.2599334021689743
69	0.4095038717012285
70	0.31583506350196977
71	0.25574799451756824
72	0.07947357060372963
73	0.1272531380804732
74	0.26851082552023436
75	0.16233655139003242
76	0.3425386759286075
77	0.2037578156903402
78	0.3837590186752776
79	0.4369758436353279
80	0.8097517472627709
81	0.771262704281338
82	0.5396417421913
83	0.5224031981891384
84	0.6347520014624477
85	0.8097517472627709
86	0.42993972582911383
87	0.4162055494255576
88	0.6045810297425014
89	0.6451399456130078
90	0.7838846950415491
91	0.8640747434825076
92	0.7346031188276403
93	0.7466251623243612
94	0.771262704281338
95	0.688419796437905
96	0.5484731728386688
97	0.06756537356313823
98	0.014453999040223762
99	0.027668282067045125
100	0.036461095901418175
101	0.06030803830703536
102	0.45139540946972445
103	1.0
104	0.9838981538483189
105	0.9838981538483189
106	0.444127110032871
107	0.0547111792972134
108	0.022404439747548983
109	0.01700147357515909
110	0.01727970878760305
111	0.07819389939674416
112	0.08209608258032164
113	0.06435386265758127
114	0.18484816784601485
115	0.052963462250909324
116	0.04963373414423629
117	0.030498699465507675
118	0.14256649781436806
119	0.07447719441285122
120	0.098145599404233
121	0.14256649781436806
122	0.16769342093829737
123	0.2358104055548831
124	0.9524680951766531
125	0.10138426111191856
126	0.15715080394779135
127	0.17043778391330164
128	0.3262571601860513
129	0.31583506350196977
130	0.19407281858793388
131	0.1314523061326923
132	0.13360357026643685
133	0.7111366461700436
134	0.7967132492072965
135	0.9371316004437404
136	0.9220420515895101
137	0.9220420515895101
138	0.8925879504044977
139	0.8364723744993591
140	0.8230036250150331
141	0.8782156365502339
142	0.8782156365502339
143	0.8640747434825076
144	0.8782156365502339
145	0.8782156365502339
146	0.3370231708678044
147	0.2729051014782441
148	0.3370231708678044
149	0.8640747434825076
150	0.7346031188276403
151	0.6556978921951105
152	0.25574799451756824
153	0.4029101033605804
154	0.9838981538483189
155	0.9680555771461302
156	0.9371316004437404
157	0.9524680951766531
158	0.2516299796562454
159	0.2865241396118667
160	0.5484731728386688
161	0.42301690250932045
162	0.42301690250932045
163	0.5484731728386688
164	0.7588439508744758
165	0.9071954723294418
166	0.8640747434825076
167	0.7838846950415491
168	0.7838846950415491
169	0.8640747434825076
170	0.6144752151203867
171	0.6144752151203867
172	0.6773349667878948
173	0.7466251623243612
174	0.7111366461700436
175	0.8364723744993591
176	0.6347520014624477
177	0.2819105719970956
178	0.2516299796562454
179	0.8925879504044977
180	0.17322705937262659
181	0.18187177108593688
182	0.15715080394779135
183	0.1546203858800099
184	0.08619300005539272
185	0.061295000982725924
186	0.0547111792972134
187	0.05044600800408418
188	0.02204368690561934
189	0.04288725609875964
190	0.22098538275893354
191	0.4162055494255576
192	0.8782156365502339
193	0.8364723744993591
194	0.7588439508744758
195	0.7346031188276403
196	0.7227746524257325
197	0.7227746524257325
198	0.8640747434825076
199	0.8925879504044977
200	0.9071954723294418
