1	0.9838981538483328
2	0.9371316004437403
3	0.9524680951766462
4	0.7838846950415602
5	0.6451399456130124
6	0.5948461590153625
7	0.5139915422627579
8	0.49757237909340374
9	0.49757237909340374
10	0.8925879504044915
11	0.5758441417787837
12	0.46629079995640094
13	0.29597901853585135
14	0.2037578156903431
15	0.4739218161276131
16	0.23966952741252567
17	0.03472803056127704
18	0.0904943698291618
19	0.1472709844146142
20	0.20709238541955044
21	0.614475215120391
22	0.4739218161276131
23	0.5484731728386766
24	0.5665719880005149
25	0.7346031188276506
26	0.6664286233595221
27	0.37757978999725084
28	0.11925293695084384
29	0.08077418408895759
30	0.3538419528953351
31	0.37150005830873106
32	0.3837590186752804
33	0.49757237909340374
34	0.5396417421913038
35	0.30574589468138835
36	0.6664286233595221
37	0.4895605451959227
38	0.5758441417787837
39	0.3837590186752804
40	0.3538419528953351
41	0.09501039487561898
42	0.24757827243667338
43	0.5484731728386766
44	0.8364723744993591
45	0.27737129133826594
46	0.5758441417787837
47	0.6245313223904276
48	0.6245313223904276
49	0.6996860333005959
50	0.9524680951766462
51	0.7588439508744756
52	0.9071954723294545
53	0.8782156365502464
54	0.8640747434825136
55	0.9680555771461438
56	0.5665719880005149
57	0.6347520014624477
58	0.6451399456130124
59	0.5224031981891458
60	0.5484731728386766
61	0.436975843635334
62	0.25162997965624534
63	0.29121320991526145
64	0.25574799451757185
65	0.13360357026643777
66	0.11925293695084384
67	0.0370577948122046
68	0.7111366461700486
69	0.7838846950415602
70	0.9371316004437403
71	0.44412711003286787
72	0.7227746524257427
73	0.5758441417787837
74	0.30082282132371624
75	0.23966952741252567
76	0.25574799451757185
77	0.30574589468138835
78	0.25574799451757185
79	0.4587826572335586
80	0.25574799451757185
81	0.31074953590015464
82	0.5758441417787837
83	0.44412711003286787
84	0.01619336115132821
85	0.04019100294647118
86	0.823003625015039
87	0.9680555771461438
88	0.9838981538483328
89	0.9371316004437403
90	0.9838981538483328
91	0.8097517472627824
92	0.059336967552506205
93	0.16499324727370096
94	0.29597901853585135
95	0.4895605451959227
96	0.2729051014782479
97	0.22827757824649858
98	0.02204368690561934
99	0.44412711003286787
100	0.5758441417787837
101	0.436975843635334
102	0.6245313223904276
103	0.41620554942555466
104	0.3964225068633131
105	0.09501039487561898
106	0.05651656845829485
107	0.3900393726467363
108	0.49757237909340374
109	0.5574491330158785
110	0.23581040555488308
111	0.08480513362915015
112	0.16499324727370096
113	0.6045810297425099
114	0.31074953590015464
115	0.4230169025093204
116	0.25162997965624534
117	0.0769348332586583
118	0.24359180518339907
119	0.08343961441457963
120	0.03416884515602848
121	0.10995622264422977
122	0.1030434509053353
123	0.6347520014624477
124	0.585268037678987
125	0.6245313223904276
126	0.8640747434825136
127	0.8640747434825136
128	0.4299397258291168
129	0.3425386759286123
130	0.46629079995640094
131	0.6884197964379097
132	0.5139915422627579
133	0.7111366461700486
134	0.6773349667878948
135	0.9071954723294545
136	0.7111366461700486
137	0.5948461590153625
138	0.6245313223904276
139	0.40950387170123426
140	0.5396417421913038
141	0.3655182215245085
142	0.6773349667878948
143	0.6664286233595221
144	0.6556978921951198
145	0.6884197964379097
146	0.9220420515895165
147	0.26851082552023625
148	0.3655182215245085
149	0.585268037678987
150	0.5665719880005149
151	0.4816777166152448
152	0.22460188780169194
153	0.2174271101239803
154	0.08343961441457963
155	0.10644373457266974
156	0.23581040555488308
157	0.7967132492072908
158	0.9524680951766462
159	0.8782156365502464
160	0.7227746524257427
161	0.585268037678987
162	0.746625162324361
163	0.6556978921951198
164	0.4816777166152448
165	0.20709238541955044
166	0.19407281858793524
167	0.24359180518339907
168	0.6245313223904276
169	0.46629079995640094
170	0.746625162324361
171	0.7588439508744756
172	0.7838846950415602
173	0.7588439508744756
174	0.7712627042813434
175	0.7227746524257427
176	0.49757237909340374
177	0.436975843635334
178	0.6664286233595221
179	0.154620385880011
180	0.4230169025093204
181	0.29597901853585135
182	0.15972263321475674
183	0.07327797408660716
184	0.03766425891466563
185	0.045764390058400266
186	0.002128654667381612
187	0.0006300371192533686
188	0.0013294115143323941
189	0.176061982325188
190	0.9220420515895165
191	0.9371316004437403
192	0.9838981538483328
193	0.23581040555488308
194	0.059336967552506205
195	0.06647744631284418
196	0.004639788871308575
197	0.0014185963995909693
198	0.0006614784499805433
199	0.01619336115132821
200	0.3538419528953351
