1	0.8782156365502338
2	0.5309525138815067
3	0.5665719880005149
4	0.6045810297425013
5	0.6773349667878948
6	0.8925879504044913
7	0.6347520014624477
8	0.39642250686330754
9	0.4029101033605775
10	0.27737129133826594
11	0.4029101033605775
12	0.6884197964379
13	0.4975723790934037
14	0.3210038175868511
15	0.37757978999725084
16	0.39642250686330754
17	0.8097517472627709
18	0.7967132492072908
19	0.6773349667878948
20	0.3837590186752749
21	0.6045810297425013
22	0.5948461590153625
23	0.3315964756209393
24	0.3262571601860512
25	0.12318811002815043
26	0.2435918051833956
27	0.4975723790934037
28	0.05211065273008481
29	0.032544734860148215
30	0.0035208757183271744
31	0.007076107650393088
32	0.012288234154010974
33	0.011895693606067882
34	0.012288234154010974
35	0.011704150977755439
36	0.03361866366814501
37	1.0
38	1.0
39	1.0
40	1.0
41	1.0
42	1.0
43	0.02858129504156365
44	0.00010063118771018634
45	0.000493876455090783
46	5.889621776044657e-05
47	0.012489335512977668
48	0.012693727967806401
49	0.012090370898187257
50	0.0011487109132294472
51	0.5139915422627506
52	0.4230169025093204
53	0.12933568132305814
54	0.13360357026643588
55	0.2641873055176485
56	0.5309525138815067
57	0.8097517472627709
58	0.746625162324361
59	0.4895605451959158
60	0.4975723790934037
61	0.6884197964379
62	0.6347520014624477
63	0.7111366461700385
64	0.4162055494255546
65	0.5852680376789787
66	0.17322705937262534
67	0.004209195456615611
68	0.003637059484442896
69	0.2037578156903402
70	0.3210038175868511
71	0.31074953590015464
72	0.666428623359522
73	0.6556978921951104
74	0.44412711003286787
75	0.37757978999725084
76	0.3837590186752749
77	0.48167771661523795
78	0.7227746524257324
79	0.666428623359522
80	0.9680555771461301
81	0.6556978921951104
82	0.4230169025093204
83	0.2685108255202324
84	0.07447719441285175
85	0.4162055494255546
86	0.7967132492072908
87	0.2246018878016919
88	0.03307734111793589
89	0.05651656845829405
90	0.7967132492072908
91	0.9524680951766462
92	0.9371316004437403
93	0.8097517472627709
94	0.7967132492072908
95	0.7588439508744758
96	0.17322705937262534
97	0.17322705937262534
98	0.46629079995640094
99	1.0
100	0.48167771661523795
101	0.4162055494255546
102	0.4029101033605775
103	0.01567607357528453
104	0.12520412762878277
105	0.46629079995640094
106	0.4975723790934037
107	0.5852680376789787
108	0.9838981538483188
109	0.7712627042813325
110	0.6045810297425013
111	0.5852680376789787
112	0.7346031188276402
113	0.7712627042813325
114	0.5484731728386687
115	0.4895605451959158
116	0.48167771661523795
117	0.6773349667878948
118	0.8925879504044913
119	0.1940728185879325
120	0.21048152657828498
121	0.2246018878016919
122	0.024696375181437153
123	0.015932618141390686
124	0.7588439508744758
125	0.025511319561055356
126	0.24757827243666983
127	0.25162997965624534
128	0.2641873055176485
129	0.3370231708678044
130	0.9838981538483188
131	0.7588439508744758
132	0.7588439508744758
133	0.023522509426831248
134	0.012489335512977668
135	0.2320134226836728
136	0.22098538275893506
137	0.9838981538483188
138	1.0
139	0.8230036250150389
140	0.7712627042813325
141	0.746625162324361
142	0.746625162324361
143	0.003637059484442896
144	0.004209195456615611
145	0.00199482955523534
146	0.02390746372968351
147	0.7712627042813325
148	0.3315964756209393
149	0.10472979393476874
150	0.04804821315291624
151	0.2435918051833956
152	0.24757827243666983
153	0.7588439508744758
154	0.011704150977755439
155	0.012489335512977668
156	0.2396695274125223
157	0.27737129133826594
158	0.3262571601860512
159	0.9680555771461301
160	0.9680555771461301
161	0.6245313223904276
162	0.39642250686330754
163	0.44412711003286787
164	0.5665719880005149
165	0.9838981538483188
166	0.7227746524257324
167	0.6884197964379
168	0.6773349667878948
169	0.6884197964379
170	0.6556978921951104
171	0.7346031188276402
172	0.8097517472627709
173	0.666428623359522
174	0.37150005830873106
175	0.15715080394779135
176	0.18187177108593688
177	0.22098538275893506
178	0.7346031188276402
179	0.9680555771461301
180	0.7712627042813325
181	0.6884197964379
182	0.6045810297425013
183	0.2685108255202324
184	0.09656527406216012
185	0.02133951404984792
186	0.019675929314445093
187	0.03416884515602799
188	0.08077418408895645
189	0.746625162324361
190	0.7588439508744758
191	0.7712627042813325
192	0.9220420515895034
193	0.27290510147824404
194	0.28652413961186873
195	0.12933568132305814
196	0.007927630713798489
197	0.024696375181437153
198	0.058381532829868445
199	0.15715080394779135
200	0.4513954094697244
