1	0.9680555771461301
2	0.9071954723294289
3	0.9371316004437271
4	0.5852680376789788
5	0.5396417421912961
6	0.7227746524257324
7	0.9371316004437271
8	0.836472374499359
9	0.8640747434825012
10	0.823003625015039
11	0.8782156365502339
12	0.9220420515895166
13	0.5852680376789788
14	0.5396417421912961
15	0.8782156365502339
16	0.9838981538483189
17	0.9524680951766462
18	0.7227746524257324
19	0.783884695041549
20	0.746625162324361
21	0.7712627042813325
22	0.836472374499359
23	0.9680555771461301
24	0.7712627042813325
25	0.1760619823251855
26	0.10304345090533384
27	0.2685108255202325
28	0.3262571601860513
29	0.6245313223904277
30	0.758843950874465
31	0.8097517472627709
32	0.7227746524257324
33	0.40950387170122843
34	0.04883453939311235
35	0.03646109590141792
36	0.31074953590015464
37	0.41620554942555466
38	1.0
39	1.0
40	0.21392613224755633
41	0.04963373414423558
42	0.04883453939311235
43	0.10818572446379238
44	0.9220420515895166
45	0.08209608258032047
46	0.024298717947761457
47	0.03705779481220407
48	0.06435386265758127
49	0.07569604040982107
50	0.12318811002814868
51	0.8925879504044915
52	0.758843950874465
53	0.9071954723294289
54	0.6773349667878853
55	0.14489964968096344
56	0.3775797899972455
57	0.40950387170122843
58	0.03890712455342798
59	0.014690543918280221
60	0.02766828206704473
61	0.05838153282986845
62	0.25574799451756464
63	0.823003625015039
64	0.9838981538483189
65	0.8925879504044915
66	0.7111366461700386
67	0.27290510147824404
68	0.39642250686330754
69	0.6884197964379097
70	0.16499324727369863
71	0.05211065273008481
72	0.11544347070631857
73	0.15715080394779135
74	0.7111366461700386
75	0.7227746524257324
76	0.7111366461700386
77	0.746625162324361
78	0.18787327440651988
79	0.3158350635019653
80	0.39642250686330754
81	0.39642250686330754
82	0.6245313223904277
83	0.5758441417787756
84	0.746625162324361
85	0.6773349667878853
86	0.7111366461700386
87	0.11925293695084047
88	0.09348055211451997
89	0.17043778391329922
90	0.1597226332147545
91	0.1252041276287828
92	0.1272531380804714
93	0.210481526578285
94	0.25574799451756464
95	0.8097517472627709
96	0.6347520014624387
97	0.746625162324361
98	0.9524680951766462
99	0.9524680951766462
100	0.5139915422627507
101	0.5948461590153626
102	0.5574491330158785
103	0.5309525138815068
104	0.9680555771461301
105	0.9680555771461301
106	0.7346031188276402
107	0.699686033300586
108	0.9680555771461301
109	0.7712627042813325
110	0.9220420515895166
111	0.20047693868989175
112	0.034728030561276546
113	0.024298717947761457
114	0.018142034232021265
115	0.07693483325865721
116	0.10818572446379238
117	0.9371316004437271
118	0.13801229332339057
119	0.057441482370142585
120	0.0472745482168648
121	0.14027091400017713
122	0.9220420515895166
123	1.0
124	1.0
125	1.0
126	1.0
127	0.9838981538483189
128	1.0
129	1.0
130	1.0
131	1.0
132	1.0
133	1.0
134	0.9838981538483189
135	0.9838981538483189
136	0.9838981538483189
137	0.9838981538483189
138	0.9838981538483189
139	0.6347520014624387
140	0.14027091400017713
141	0.002759960588740092
142	0.002586446283687632
143	0.00021233710769518586
144	0.000661478449980534
145	8.017420053217135e-05
146	0.0006508274257462903
147	0.09197534264619776
148	1.0
149	0.9680555771461301
150	1.0
151	1.0
152	1.0
153	0.9680555771461301
154	1.0
155	0.09049436982916181
156	0.00042674617124461537
157	6.183537071603764e-05
158	0.0005904276939048647
159	0.0005270086451645973
160	0.0025447997235481246
161	0.0033535217887888133
162	0.062298115656567614
163	0.1314523061326904
164	0.12120455403276079
165	0.03361866366814501
166	0.009324852154700226
167	0.004348092770690369
168	0.017562497419084194
169	0.019675929314445093
170	0.9680555771461301
171	0.9680555771461301
172	0.9680555771461301
173	0.04576439005839962
174	0.006524468815236718
175	0.006214348384488035
176	0.04219669209918966
177	0.06647744631284325
178	0.1521307122146575
179	0.5057153295259705
180	0.758843950874465
181	0.6347520014624387
182	0.6347520014624387
183	0.699686033300586
184	0.7967132492072908
185	0.746625162324361
186	0.8097517472627709
187	0.9524680951766462
188	0.466290799956401
189	0.3775797899972455
190	0.5139915422627507
191	0.9371316004437271
192	0.9371316004437271
193	1.0
194	0.9524680951766462
195	0.9071954723294289
196	0.9838981538483189
197	0.9838981538483189
198	0.9680555771461301
199	0.9838981538483189
200	1.0
