1	1.0
2	0.9838981538483329
3	0.7967132492072909
4	0.7967132492072909
5	1.0
6	0.23201342268367284
7	0.07447719441285175
8	0.0769348332586583
9	0.10138426111191928
10	0.2959790185358514
11	1.0
12	1.0
13	1.0
14	0.28652413961186873
15	0.09656527406216149
16	0.08209608258032165
17	0.07947357060372963
18	0.2396695274125223
19	0.9838981538483329
20	0.7967132492072909
21	0.8364723744993592
22	0.9680555771461302
23	0.12725313808047323
24	0.11358461770178933
25	1.0
26	1.0
27	0.18484816784601615
28	1.0
29	0.011515692539375738
30	0.010968329737619126
31	0.0026287744047199654
32	0.0025447997235481246
33	0.0036965812672960312
34	0.01209037089818743
35	0.01209037089818743
36	0.01209037089818743
37	0.01493095993810043
38	0.9838981538483329
39	1.0
40	1.0
41	0.4975723790934037
42	0.47392181612761314
43	0.513991542262758
44	0.9838981538483329
45	0.9524680951766463
46	0.9680555771461302
47	0.3900393726467363
48	0.40950387170123426
49	0.06331764666180247
50	0.09814559940423298
51	0.27737129133826594
52	0.9838981538483329
53	0.15972263321475677
54	0.040848743123739185
55	0.012901465378461815
56	0.004141419638950832
57	0.0001091394774638627
58	0.0005101736581558181
59	0.0019000115066771348
60	0.0035208757183271744
61	0.9680555771461302
62	0.053830228305392636
63	0.13801229332339254
64	1.0
65	1.0
66	1.0
67	1.0
68	0.14027091400017716
69	0.02766828206704513
70	1.0
71	0.001538537637351158
72	2.836899568812573e-05
73	0.0005019589204015528
74	6.387584780858406e-05
75	0.0024238405452939728
76	0.010968329737619126
77	0.038907124553427985
78	0.15715080394779135
79	1.0
80	1.0
81	1.0
82	0.004141419638950832
83	0.00011836713659178142
84	0.00019578374240785472
85	0.5057153295259778
86	0.4975723790934037
87	0.0007410792960859195
88	0.0007655338325415709
89	0.11544347070631857
90	0.9071954723294419
91	0.8364723744993592
92	0.9071954723294419
93	0.15972263321475677
94	0.01935911052773282
95	0.00381856306039134
96	0.0058236622472702445
97	0.009477456704464872
98	0.1336035702664378
99	1.0
100	1.0
101	1.0
102	1.0
103	0.12933568132306
104	0.004491573493650815
105	0.004565079704726418
106	0.003578496112179884
107	0.019675929314445093
108	0.06979493239667438
109	0.8364723744993592
110	0.02722277164592025
111	0.00031348906834405315
112	0.0012458335400746534
113	0.0005019589204015528
114	0.002805128333603537
115	7.761308196840182e-05
116	0.0023086307871880737
117	1.0
118	0.9524680951766463
119	1.0
120	1.0
121	0.9838981538483329
122	1.0
123	0.7466251623243612
124	0.45139540946972445
125	0.8640747434825015
126	0.823003625015039
127	0.6884197964379098
128	0.9524680951766463
129	1.0
130	0.9071954723294419
131	1.0
132	1.0
133	0.7967132492072909
134	1.0
135	1.0
136	0.6884197964379098
137	0.6884197964379098
138	1.0
139	1.0
140	1.0
141	1.0
142	0.9838981538483329
143	1.0
144	1.0
145	0.9838981538483329
146	1.0
147	1.0
148	0.9838981538483329
149	1.0
150	0.9680555771461302
151	1.0
152	0.17322705937262783
153	0.008057369233585077
154	0.013766972933527001
155	0.007191910689857913
156	0.01784991398793898
157	0.20375781569034312
158	1.0
159	1.0
160	0.9838981538483329
161	0.9838981538483329
162	0.2282775782464986
163	0.04288725609876025
164	0.029049038185277303
165	0.02352250942683125
166	0.028121083425988593
167	0.12933568132306
168	0.9220420515895167
169	0.3715000583087311
170	0.3715000583087311
171	0.5948461590153626
172	0.6347520014624478
173	0.11544347070631857
174	0.07569604040982107
175	0.6556978921951198
176	0.8501615448994048
177	0.9524680951766463
178	1.0
179	0.513991542262758
180	0.47392181612761314
181	0.5057153295259778
182	1.0
183	0.9838981538483329
184	1.0
185	0.0050320794624388356
186	0.002945115272426268
187	0.002715520127955534
188	0.010791719379643228
189	0.011704150977755607
190	0.00033451979230623877
191	0.0005019589204015528
192	0.00031348906834405315
193	0.001641751955245846
194	0.1909478879208092
195	0.9838981538483329
196	0.23201342268367284
197	0.12318811002815044
198	0.8925879504044915
199	0.9838981538483329
200	0.9680555771461302
