1	1.0
2	0.11358461770178932
3	0.02551131956105536
4	0.019675929314445093
5	0.03587400494469108
6	0.20047693868989175
7	0.9371316004437406
8	0.9220420515895035
9	0.9680555771461301
10	0.9680555771461301
11	0.9524680951766463
12	0.9371316004437406
13	0.9838981538483048
14	0.22098538275893195
15	0.024696375181437153
16	0.013327194928720634
17	0.024696375181437153
18	0.0861930000553915
19	0.9524680951766463
20	0.1909478879208065
21	0.017849913987938726
22	0.020657835589543778
23	0.0376642589146651
24	0.022404439747548664
25	0.00381856306039134
26	0.005198130749138963
27	0.03361866366814501
28	0.9838981538483048
29	0.9838981538483048
30	0.9838981538483048
31	0.9680555771461301
32	0.9680555771461301
33	0.9838981538483048
34	0.9838981538483048
35	0.9524680951766463
36	0.6996860333005861
37	0.6884197964379
38	0.677334966787895
39	0.6884197964379
40	0.7111366461700386
41	0.9071954723294418
42	0.9220420515895035
43	0.06979493239667438
44	0.0744771944128507
45	0.07209806342155671
46	0.07693483325865612
47	0.09501039487561765
48	0.7967132492072909
49	0.8782156365502214
50	0.23581040555488308
51	0.05296346225090933
52	0.12725313808047323
53	0.01567607357528453
54	0.758843950874465
55	0.023907463729683512
56	0.025928821455018475
57	0.9838981538483048
58	1.0
59	0.9838981538483048
60	0.9838981538483048
61	0.9838981538483048
62	0.783884695041549
63	0.783884695041549
64	0.809751747262771
65	0.05296346225090933
66	0.16499324727369863
67	0.8364723744993591
68	0.13801229332338863
69	0.05044600800408382
70	0.059336967552506205
71	0.23581040555488308
72	0.11544347070631694
73	0.14968112689163143
74	0.05044600800408382
75	0.09049436982916054
76	0.1252041276287828
77	0.9680555771461301
78	0.9220420515895035
79	0.17894329980857737
80	0.03361866366814501
81	0.028121083425988593
82	0.03646109590141791
83	0.01493095993810043
84	0.017001473575158972
85	0.060308038307034934
86	0.9524680951766463
87	0.08343961441457964
88	0.0744771944128507
89	0.06979493239667438
90	0.07693483325865612
91	0.053830228305391865
92	0.04727454821686481
93	0.677334966787895
94	0.45878265723355216
95	0.4299397258291107
96	0.45878265723355216
97	0.5758441417787756
98	0.9071954723294418
99	0.14027091400017713
100	0.14256649781436606
101	0.20047693868989175
102	0.31583506350196533
103	0.46629079995639433
104	0.4162055494255547
105	0.5396417421912962
106	0.3715000583087311
107	0.5948461590153628
108	0.6451399456130033
109	0.677334966787895
110	0.783884695041549
111	0.9680555771461301
112	0.9680555771461301
113	0.8364723744993591
114	0.5396417421912962
115	0.009324852154700226
116	0.0069621692536537255
117	0.7967132492072909
118	0.10304345090533237
119	0.2959790185358471
120	0.2641873055176448
121	0.6245313223904277
122	0.4975723790934038
123	0.4369758436353279
124	0.4739218161276064
125	0.2037578156903402
126	0.42301690250931445
127	0.5309525138815068
128	0.6996860333005861
129	0.9524680951766463
130	0.9371316004437406
131	0.9220420515895035
132	0.9220420515895035
133	0.21392613224755636
134	0.14727098441461212
135	0.01619336115132798
136	0.0007780620682611601
137	0.0003134890683440487
138	0.02551131956105536
139	0.9220420515895035
140	0.9220420515895035
141	0.06129500098272593
142	0.026784434765054915
143	0.02168874285044923
144	0.024696375181437153
145	0.05838153282986845
146	0.020995908477665633
147	0.17043778391330164
148	0.9680555771461301
149	0.20709238541954753
150	0.19407281858793252
151	0.1732270593726254
152	0.19407281858793252
153	0.2599334021689725
154	0.32100381758685115
155	0.014690543918280223
156	0.013327194928720634
157	0.04804821315291556
158	0.9838981538483048
159	0.2729051014782441
160	0.0038810552143591303
161	0.012090370898187085
162	0.0016417519552458227
163	0.03361866366814501
164	0.10818572446379086
165	0.15213071221465752
166	0.9680555771461301
167	0.9838981538483048
168	1.0
169	0.9838981538483048
170	0.9838981538483048
171	0.16233655139003125
172	0.06435386265758034
173	0.5396417421912962
174	0.46629079995639433
175	0.006850065475449526
176	0.023522509426831248
177	0.017849913987938726
178	0.2729051014782441
179	0.9838981538483048
180	0.04883453939311235
181	0.0018393167356805958
182	0.002503823749912712
183	0.2729051014782441
184	0.8925879504044915
185	0.8782156365502214
186	0.07327797408660718
187	0.02032520629905393
188	0.030498699465507463
189	0.03254473486014822
190	0.053830228305391865
191	0.04288725609875964
192	0.03202070454638286
193	0.040848743123738596
194	0.038907124553427985
195	0.02551131956105536
196	0.02858129504156366
197	0.040848743123738596
198	0.1972488898661471
199	0.9838981538483048
200	0.9838981538483048
