1	1.0
2	0.8782156365502464
3	0.7588439508744865
4	0.7967132492073135
5	0.3900393726467364
6	0.3900393726467364
7	0.43697584363534026
8	0.6451399456130124
9	0.6451399456130124
10	0.7712627042813436
11	0.9071954723294676
12	0.9220420515895166
13	0.836472374499359
14	0.8501615448994169
15	1.0
16	0.030997821620275253
17	0.006015834611932857
18	0.0005623635409531224
19	0.0012060361066649921
20	0.0012257733200817845
21	2.746276449392541e-05
22	1.581427205087711e-05
23	0.0011302145468319016
24	1.0
25	0.0012257733200817845
26	4.542445618186491e-05
27	0.0003999173224417106
28	0.00044082817280253036
29	0.03202070454638377
30	0.2070923854195534
31	0.026784434765056053
32	0.023907463729684192
33	0.02858129504156447
34	0.0001369871501100995
35	0.0004553748598836698
36	0.00010565307984570816
37	0.0019948295552353968
38	8.148628007745359e-05
39	1.7717326391993755e-05
40	0.00012837498722290263
41	0.0934805521145213
42	1.0
43	1.0
44	1.0
45	1.0
46	1.0
47	1.0
48	0.09501039487562034
49	0.0001485693086057692
50	1.3888340995739812e-05
51	6.492119896632338e-05
52	0.0013080055346563592
53	5.343038208960675e-05
54	0.0004553748598836698
55	0.000230290047323916
56	0.02858129504156447
57	1.0
58	0.024696375181437503
59	0.01445399904022397
60	0.9838981538483329
61	0.8782156365502464
62	0.9371316004437538
63	0.9838981538483329
64	0.01593261814139114
65	0.004491573493650878
66	0.0017236818362313376
67	0.0028510352648105333
68	0.0021634908644312827
69	0.0015385376373511796
70	0.19094788792081194
71	1.0
72	1.0
73	1.0
74	0.03361866366814549
75	0.007429233258549036
76	0.001869417813710222
77	0.00010913947746386425
78	0.00011646120716896718
79	0.004951053693111611
80	0.03646109590141843
81	0.9838981538483329
82	0.9371316004437538
83	0.9838981538483329
84	1.0
85	1.0
86	1.0
87	0.9524680951766733
88	0.9680555771461439
89	0.02032520629905451
90	0.008459463654885726
91	0.002628774404719965
92	0.0028051283336035767
93	0.006114285902868147
94	0.008323250672589017
95	0.03000761409888835
96	1.0
97	1.0
98	1.0
99	1.0
100	1.0
101	0.0038185630603913942
102	6.492119896632338e-05
103	0.0003134890683440576
104	0.6245313223904366
105	0.38375901867528583
106	0.083439614414582
107	0.6996860333005961
108	0.7712627042813436
109	1.0
110	1.0
111	1.0
112	0.7838846950415713
113	0.6884197964379196
114	0.7111366461700486
115	0.3715000583087311
116	0.009632558682416314
117	0.0045650797047264826
118	0.0001485693086057692
119	0.0028051283336035767
120	0.194072818587938
121	0.0019311058764015598
122	0.0025447997235481606
123	0.0024635075651007273
124	0.0015637163575655901
125	0.0043480927706904616
126	0.0070761076503932895
127	0.9220420515895166
128	0.8925879504045041
129	0.9838981538483329
130	0.9680555771461439
131	1.0
132	0.9838981538483329
133	0.9838981538483329
134	0.9838981538483329
135	0.9680555771461439
136	0.9838981538483329
137	0.9680555771461439
138	0.9838981538483329
139	0.9838981538483329
140	1.0
141	1.0
142	1.0
143	0.3262571601860559
144	0.047274548216865483
145	0.00044804248394847955
146	0.0004267461712446275
147	0.0033535217887888853
148	0.004871332588256484
149	1.0
150	1.0
151	1.0
152	0.0043480927706904616
153	0.0028510352648105333
154	0.0029451152724262676
155	0.0012257733200817845
156	0.0011675099792966507
157	6.083970709003714e-05
158	0.002094379397417435
159	0.01619336115132821
160	0.9838981538483329
161	0.8782156365502464
162	1.0
163	0.6884197964379196
164	0.5852680376789872
165	0.7588439508744865
166	0.20375781569034598
167	0.047274548216865483
168	0.01079171937964338
169	0.004639788871308576
170	0.023522509426831584
171	0.4029101033605889
172	0.9371316004437538
173	0.9524680951766733
174	0.083439614414582
175	0.0010941104954323084
176	0.000600090254865846
177	0.003194122510301129
178	0.008189230970777114
179	0.06030803830703665
180	1.0
181	1.0
182	1.0
183	1.0
184	1.0
185	0.059336967552507044
186	0.009477456704465008
187	0.009324852154700492
188	0.0020274756563298992
189	0.0013080055346563592
190	0.07693483325865831
191	1.0
192	1.0
193	1.0
194	0.42301690250933244
195	0.3655182215245137
196	0.35963270335588476
197	0.3655182215245137
198	0.3964225068633132
199	0.5224031981891532
200	0.9680555771461439
