1	0.8925879504044978
2	0.8364723744993591
3	0.8230036250150449
4	0.8230036250150449
5	0.8230036250150449
6	0.8364723744993591
7	0.8501615448994109
8	0.7111366461700436
9	0.46629079995640094
10	0.2004769386898946
11	0.11358461770179094
12	0.7227746524257427
13	0.3837590186752831
14	0.1472709844146142
15	0.1293356813230609
16	0.1425664978143691
17	0.07209806342155825
18	0.10472979393476876
19	0.2641873055176485
20	0.7346031188276455
21	0.7227746524257427
22	0.6884197964379147
23	0.7588439508744812
24	0.42301690250932344
25	0.25993340216897615
26	0.04963373414423664
27	0.05383022830539301
28	0.1154434707063194
29	0.18484816784601485
30	0.24757827243667163
31	1.0
32	0.3775797899972562
33	0.3425386759286099
34	0.272905101478248
35	0.12725313808047503
36	0.29597901853584924
37	0.46629079995640094
38	0.48167771661524483
39	0.24359180518339907
40	0.3655182215245085
41	0.9680555771461439
42	0.6773349667878997
43	0.5574491330158785
44	0.3210038175868579
45	0.09975178733729399
46	0.22460188780169513
47	0.7838846950415602
48	0.5852680376789872
49	0.7838846950415602
50	0.026353155917209006
51	0.034728030561276796
52	0.14027091400017713
53	0.7838846950415602
54	0.48956054519591924
55	0.7346031188276455
56	0.30082282132372057
57	0.11175569566235997
58	0.04288725609875994
59	0.04219669209919026
60	0.08209608258032164
61	0.106443734572669
62	0.35963270335588476
63	0.9524680951766666
64	0.9071954723294482
65	0.8925879504044978
66	0.3262571601860559
67	0.13360357026643874
68	0.08480513362915015
69	0.03254473486014845
70	0.03254473486014845
71	0.0794735706037302
72	0.1314523061326923
73	0.6045810297425099
74	0.8097517472627824
75	0.699686033300596
76	0.08760357941344458
77	0.03254473486014845
78	0.06331764666180337
79	0.7967132492072965
80	0.02352250942683158
81	0.016458371314135665
82	0.016193361151328096
83	0.019047393108381876
84	0.017562497419084444
85	0.024696375181437507
86	0.14489964968096344
87	0.9838981538483258
88	0.02812108342598919
89	0.03202070454638332
90	1.0
91	0.19407281858793526
92	0.1013842611119193
93	0.19724888986614994
94	1.0
95	0.2037578156903431
96	0.0794735706037302
97	0.07819389939674416
98	0.9838981538483258
99	0.09501039487561899
100	0.02429871794776163
101	0.01727970878760305
102	0.9071954723294482
103	0.9371316004437406
104	0.9838981538483258
105	0.9838981538483258
106	0.9838981538483258
107	0.9524680951766666
108	0.9838981538483258
109	0.07327797408660716
110	0.040191002946471474
111	0.0794735706037302
112	0.9220420515895231
113	0.0076743871260476935
114	0.010446984132459676
115	0.19407281858793526
116	0.8501615448994109
117	0.17043778391330286
118	0.15213071221465965
119	0.2819105719970996
120	0.030498699465507893
121	0.02592882145501866
122	0.9680555771461439
123	0.12520412762878458
124	0.02678443476505548
125	0.03954385360034591
126	0.04963373414423664
127	0.051271575016962036
128	0.037057794812204864
129	0.04084874312373918
130	0.9220420515895231
131	0.8782156365502402
132	0.9220420515895231
133	0.8501615448994109
134	0.8230036250150449
135	0.8230036250150449
136	0.8364723744993591
137	0.5758441417787837
138	0.40950387170123137
139	0.8230036250150449
140	0.030498699465507893
141	0.04430247303072561
142	0.11175569566235997
143	0.11358461770179094
144	0.058381532829868875
145	0.040191002946471474
146	0.1597226332147579
147	0.8230036250150449
148	0.746625162324361
149	0.8782156365502402
150	0.08209608258032164
151	0.05044600800408454
152	0.1357900406092586
153	0.9071954723294482
154	0.9071954723294482
155	0.8925879504044978
156	0.8925879504044978
157	0.5139915422627616
158	0.5758441417787837
159	0.1425664978143691
160	0.49757237909340724
161	0.5224031981891458
162	0.7227746524257427
163	1.0
164	0.272905101478248
165	0.15213071221465965
166	0.14027091400017713
167	0.13801229332339157
168	0.07819389939674416
169	0.054711179297213405
170	0.10818572446379317
171	0.5852680376789872
172	0.08480513362915015
173	0.15213071221465965
174	0.2865241396118708
175	0.23201342268367448
176	0.062298115656568065
177	0.06647744631284465
178	0.7111366461700436
179	0.24757827243667163
180	0.228277578246497
181	0.3262571601860559
182	0.6045810297425099
183	0.7712627042813436
184	0.5484731728386727
185	0.6451399456130124
186	0.7227746524257427
187	0.9071954723294482
188	0.8640747434825137
189	0.8501615448994109
190	0.9071954723294482
191	0.8925879504044978
192	0.8925879504044978
193	0.9071954723294482
194	0.9071954723294482
195	0.9220420515895231
196	0.7838846950415602
197	0.746625162324361
198	0.8230036250150449
199	0.8640747434825137
200	1.0
