1	0.9371316004437404
2	0.9524680951766599
3	0.8501615448994169
4	0.7588439508744865
5	0.5139915422627617
6	0.5309525138815142
7	0.6347520014624477
8	0.968055577146144
9	1.0
10	0.9071954723294546
11	0.8640747434825136
12	0.39642250686331315
13	0.2641873055176485
14	0.46629079995640427
15	0.6347520014624477
16	0.5484731728386766
17	0.40950387170123426
18	0.5396417421913038
19	0.7111366461700486
20	0.5948461590153669
21	0.645139945613017
22	0.6045810297425099
23	0.6884197964379195
24	0.7838846950415601
25	0.9220420515895167
26	0.7588439508744865
27	0.7466251623243612
28	0.6664286233595317
29	0.6144752151203955
30	0.2865241396118708
31	0.3655182215245085
32	0.33702317086780925
33	0.5948461590153669
34	0.8364723744993591
35	0.8364723744993591
36	0.645139945613017
37	0.7227746524257427
38	0.8782156365502464
39	0.9220420515895167
40	0.9220420515895167
41	0.968055577146144
42	0.9838981538483329
43	0.8782156365502464
44	0.968055577146144
45	0.7466251623243612
46	0.3481444442078065
47	0.2729051014782479
48	0.21048152657828498
49	0.1789432998085812
50	0.1909478879208119
51	0.9838981538483329
52	0.968055577146144
53	1.0
54	0.018142034232021393
55	0.01619336115132821
56	0.00414141963895089
57	0.23966952741252742
58	0.9838981538483329
59	0.9838981538483329
60	0.9838981538483329
61	0.25162997965624895
62	0.027668282067045125
63	0.014221262971401635
64	0.017001473575159333
65	0.9838981538483329
66	0.119252936950843
67	0.1472709844146142
68	0.18484816784601618
69	0.2641873055176485
70	0.968055577146144
71	0.9838981538483329
72	0.9838981538483329
73	0.9838981538483329
74	0.20709238541955194
75	0.1173327445069244
76	0.095010394875619
77	0.095010394875619
78	0.9220420515895167
79	0.8501615448994169
80	0.8640747434825136
81	0.8097517472627825
82	0.7588439508744865
83	0.3837590186752831
84	0.3596327033558873
85	0.9524680951766599
86	0.48956054519592274
87	0.9524680951766599
88	0.259933402168978
89	0.01209037089818743
90	0.034728030561277046
91	0.1293356813230609
92	0.017279708787603047
93	0.1173327445069244
94	0.07947357060373075
95	0.29597901853585135
96	0.2865241396118708
97	0.9220420515895167
98	0.2282775782464986
99	0.1496811268916346
100	0.14256649781437009
101	0.05651656845829525
102	0.025928821455018843
103	0.1047297939347695
104	0.10995622264422977
105	0.8782156365502464
106	0.8925879504044913
107	0.8364723744993591
108	0.8230036250150508
109	0.04151724745489924
110	0.119252936950843
111	0.5396417421913038
112	0.5224031981891458
113	0.12120455403276166
114	0.06979493239667486
115	0.10818572446379315
116	0.25162997965624895
117	0.6245313223904322
118	0.5396417421913038
119	0.2912132099152615
120	0.24757827243667163
121	0.8925879504044913
122	0.10644373457266976
123	0.03150511208810924
124	0.13145230613269226
125	0.2139261322475609
126	0.20375781569034312
127	0.15213071221465968
128	0.1909478879208119
129	0.9371316004437404
130	0.34253867592860987
131	0.8097517472627825
132	0.3538419528953351
133	0.3775797899972563
134	0.8501615448994169
135	0.2282775782464986
136	0.20709238541955194
137	0.2174271101239819
138	0.19407281858793662
139	0.176061982325188
140	0.7466251623243612
141	0.7967132492073021
142	0.8640747434825136
143	0.7838846950415601
144	0.0075508153252356845
145	0.0023086307871881067
146	0.0001438233477885584
147	0.006015834611932771
148	0.018740694914960252
149	0.13145230613269226
150	1.0
151	0.3596327033558873
152	0.3715000583087337
153	0.0025038237499127474
154	0.0022348829091087073
155	0.566571988000523
156	1.0
157	1.0
158	1.0
159	1.0
160	1.0
161	0.566571988000523
162	0.5852680376789872
163	0.02858129504156406
164	0.3900393726467364
165	0.2641873055176485
166	0.46629079995640427
167	0.13579004060925862
168	0.01645837131413555
169	0.0045650797047264505
170	0.003246395470718101
171	0.0068500654754495745
172	0.011895693606068052
173	0.9838981538483329
174	0.8925879504044913
175	0.7588439508744865
176	0.6245313223904322
177	0.6664286233595317
178	0.7227746524257427
179	0.7346031188276507
180	0.9071954723294546
181	0.7967132492073021
182	0.7346031188276507
183	0.9071954723294546
184	0.9220420515895167
185	0.9524680951766599
186	0.9524680951766599
187	0.9371316004437404
188	0.8640747434825136
189	0.8230036250150508
190	0.6347520014624477
191	0.6773349667879045
192	0.7466251623243612
193	0.8925879504044913
194	0.9524680951766599
195	0.968055577146144
196	0.8925879504044913
197	0.7712627042813435
198	0.6773349667879045
199	0.6664286233595317
200	0.9220420515895167
