1	0.9838981538483188
2	0.8230036250150391
3	0.677334966787895
4	0.5948461590153626
5	0.6347520014624433
6	0.7588439508744758
7	0.6664286233595221
8	0.7227746524257377
9	0.8230036250150391
10	0.5396417421913
11	0.45139540946972445
12	0.5139915422627543
13	0.5852680376789829
14	0.9838981538483188
15	0.8364723744993591
16	0.7967132492072908
17	0.809751747262771
18	0.3262571601860513
19	0.2475782724366716
20	0.35384195289533266
21	0.31583506350196755
22	0.7588439508744758
23	0.8230036250150391
24	0.8501615448993988
25	0.7967132492072908
26	0.688419796437905
27	0.7227746524257377
28	0.7227746524257377
29	0.9524680951766531
30	0.8782156365502402
31	0.9071954723294418
32	0.8925879504044915
33	0.9524680951766531
34	0.9680555771461371
35	0.9524680951766531
36	0.9680555771461371
37	0.809751747262771
38	0.7838846950415547
39	0.7838846950415547
40	0.9371316004437338
41	0.8640747434825075
42	0.8364723744993591
43	0.8640747434825075
44	0.7967132492072908
45	0.8925879504044915
46	0.8501615448993988
47	0.8925879504044915
48	0.9371316004437338
49	0.8925879504044915
50	0.8925879504044915
51	0.6245313223904277
52	0.6245313223904277
53	0.6245313223904277
54	0.614475215120391
55	0.9680555771461371
56	0.6664286233595221
57	0.6451399456130078
58	0.6451399456130078
59	0.6245313223904277
60	0.5948461590153626
61	0.5758441417787797
62	0.9371316004437338
63	0.11358461770178932
64	0.15213071221465752
65	0.24359180518339735
66	0.4975723790934038
67	0.5484731728386688
68	0.9071954723294418
69	0.9371316004437338
70	0.9371316004437338
71	0.9220420515895101
72	0.8501615448993988
73	0.7967132492072908
74	0.6451399456130078
75	0.6664286233595221
76	0.688419796437905
77	0.239669527412524
78	0.15213071221465752
79	0.13360357026643682
80	0.17606198232518674
81	0.07693483325865776
82	0.03705779481220434
83	0.8364723744993591
84	0.8925879504044915
85	0.8782156365502402
86	0.9680555771461371
87	0.9680555771461371
88	0.9680555771461371
89	0.9680555771461371
90	0.12520412762878277
91	0.025511319561055536
92	0.016193361151328096
93	0.08480513362914956
94	0.10644373457266824
95	0.16769342093829617
96	0.26851082552023436
97	0.45878265723355866
98	0.3837590186752777
99	0.4299397258291138
100	0.06540703669975813
101	0.043589121425845555
102	0.32100381758685337
103	0.2139261322475594
104	0.08760357941344458
105	0.17606198232518674
106	0.17894329980857865
107	0.02722277164592025
108	0.02722277164592025
109	0.11175569566235759
110	0.7967132492072908
111	0.7967132492072908
112	0.0756960404098216
113	0.05296346225090933
114	0.04019100294647119
115	0.2557479945175683
116	0.27290510147824404
117	0.9524680951766531
118	0.9680555771461371
119	0.7588439508744758
120	0.746625162324361
121	0.17606198232518674
122	0.17322705937262783
123	0.17606198232518674
124	0.2320134226836728
125	0.1818717710859382
126	0.7588439508744758
127	0.22827757824649536
128	0.29597901853584924
129	0.27290510147824404
130	0.22460188780169354
131	0.26851082552023436
132	0.10138426111191857
133	0.13145230613269135
134	0.7967132492072908
135	0.08903724340857931
136	0.29121320991525945
137	0.07093715149650967
138	0.5139915422627543
139	0.45139540946972445
140	0.14968112689163246
141	0.5139915422627543
142	0.5057153295259778
143	0.45878265723355866
144	0.9220420515895101
145	0.746625162324361
146	0.4816777166152414
147	0.14027091400017716
148	0.42301690250931745
149	0.5224031981891422
150	0.699686033300591
151	0.699686033300591
152	0.9220420515895101
153	0.809751747262771
154	0.6451399456130078
155	0.688419796437905
156	0.7588439508744758
157	0.8925879504044915
158	0.8364723744993591
159	0.677334966787895
160	0.6347520014624433
161	0.6664286233595221
162	0.5758441417787797
163	0.6045810297425014
164	0.746625162324361
165	0.305745894681384
166	0.08209608258032106
167	0.09049436982916118
168	0.11925293695084214
169	0.2516299796562454
170	0.305745894681384
171	0.11544347070631857
172	0.2516299796562454
173	0.6451399456130078
174	0.7346031188276403
175	0.7111366461700436
176	0.8782156365502402
177	0.7967132492072908
178	0.8230036250150391
179	0.8501615448993988
180	0.9524680951766531
181	0.8782156365502402
182	0.041517247454898945
183	0.003696581267296058
184	0.012901465378461725
185	0.14727098441461314
186	0.6045810297425014
187	0.5758441417787797
188	0.8640747434825075
189	0.8501615448993988
190	0.8501615448993988
191	0.746625162324361
192	0.688419796437905
193	0.688419796437905
194	0.809751747262771
195	0.688419796437905
196	0.809751747262771
197	0.7111366461700436
198	0.3775797899972482
199	0.4369758436353279
200	0.7967132492072908
