1	0.20709238541955047
2	0.03646109590141791
3	0.013766972933527098
4	0.007429233258548983
5	0.08760357941344458
6	0.9371316004437404
7	0.96805557714613
8	0.0070761076503931385
9	0.021688742850449538
10	0.01843893512866397
11	0.0024238405452939723
12	0.1425664978143681
13	0.9071954723294418
14	0.5484731728386688
15	0.17043778391330164
16	0.11733274450692356
17	0.12120455403276079
18	0.21742711012398033
19	0.2773712913382699
20	0.16499324727370096
21	0.1972488898661499
22	0.6556978921951104
23	0.3008228213237163
24	0.4816777166152449
25	0.5484731728386688
26	0.4975723790934108
27	0.4095038717012285
28	0.331596475620944
29	0.09656527406216149
30	0.0934805521145213
31	0.7227746524257325
32	0.823003625015039
33	0.7346031188276403
34	0.15715080394779135
35	0.16233655139003356
36	0.2773712913382699
37	0.4095038717012285
38	0.9071954723294418
39	0.3655182215245033
40	0.09656527406216149
41	0.4095038717012285
42	0.7111366461700486
43	0.836472374499359
44	0.836472374499359
45	0.16233655139003356
46	0.12120455403276079
47	0.2037578156903402
48	0.176061982325188
49	0.2959790185358513
50	0.24757827243667338
51	0.305745894681384
52	0.6556978921951104
53	0.19407281858793526
54	0.0769348332586572
55	0.07947357060372963
56	0.0769348332586572
57	0.09814559940423298
58	0.9838981538483188
59	0.5309525138815143
60	0.1272531380804732
61	0.2959790185358513
62	0.1909478879208092
63	0.02099590847766593
64	0.5057153295259778
65	0.4739218161276131
66	0.9371316004437404
67	0.9838981538483188
68	0.9524680951766598
69	0.7967132492073021
70	0.8925879504045041
71	0.4895605451959158
72	0.03472803056127704
73	0.06331764666180247
74	0.09814559940423298
75	0.11733274450692356
76	0.6664286233595316
77	0.9524680951766598
78	0.04804821315291624
79	0.00042674617124462144
80	0.00032383375060782187
81	0.0070761076503931385
82	0.305745894681384
83	0.9071954723294418
84	0.8640747434825136
85	0.8640747434825136
86	0.6556978921951104
87	0.16233655139003356
88	0.18187177108593688
89	0.25993340216897615
90	0.7111366461700486
91	0.6045810297425014
92	0.5758441417787837
93	0.7588439508744758
94	0.7588439508744758
95	0.5057153295259778
96	0.7111366461700486
97	0.7346031188276403
98	0.96805557714613
99	0.29121320991525734
100	0.4513954094697244
101	0.6347520014624477
102	0.823003625015039
103	0.9524680951766598
104	0.7588439508744758
105	0.746625162324361
106	0.5948461590153712
107	0.746625162324361
108	0.6884197964379097
109	0.6884197964379097
110	0.7588439508744758
111	0.7346031188276403
112	0.6664286233595316
113	0.6773349667878948
114	0.7346031188276403
115	0.96805557714613
116	0.96805557714613
117	0.9524680951766598
118	0.96805557714613
119	0.6664286233595316
120	0.6556978921951104
121	0.6773349667878948
122	0.7111366461700486
123	0.783884695041549
124	0.7712627042813435
125	0.7588439508744758
126	0.8501615448994048
127	0.7967132492073021
128	0.746625162324361
129	0.7346031188276403
130	0.96805557714613
131	0.15972263321475674
132	0.010968329737619204
133	0.011704150977755606
134	0.013992274382953427
135	0.01874069491496012
136	0.9838981538483188
137	0.0472745482168648
138	0.014221262971401432
139	0.00932485215470036
140	0.0370577948122046
141	0.1972488898661499
142	0.7227746524257325
143	0.614475215120391
144	0.38375901867528034
145	0.5309525138815143
146	0.39642250686331315
147	0.4029101033605775
148	0.5224031981891384
149	0.9371316004437404
150	0.41620554942555466
151	0.3008228213237163
152	0.020325206299054217
153	0.001751890507660249
154	0.05383022830539263
155	0.0769348332586572
156	0.9838981538483188
157	0.44412711003287414
158	0.44412711003287414
159	0.8925879504045041
160	0.7967132492073021
161	0.7712627042813435
162	0.823003625015039
163	0.9838981538483188
164	0.331596475620944
165	0.3008228213237163
166	0.9838981538483188
167	0.8925879504045041
168	0.3158350635019698
169	0.0512715750169613
170	0.08903724340857931
171	0.11733274450692356
172	0.3538419528953351
173	0.4369758436353278
174	0.41620554942555466
175	0.3655182215245033
176	0.6045810297425014
177	0.4369758436353278
178	0.7588439508744758
179	0.6347520014624477
180	0.32100381758685564
181	0.41620554942555466
182	0.6556978921951104
183	0.5948461590153712
184	0.6773349667878948
185	0.6773349667878948
186	0.5852680376789787
187	0.2959790185358513
188	0.2396695274125257
189	0.29121320991525734
190	0.18484816784601615
191	0.3425386759286075
192	0.3538419528953351
193	0.45878265723355866
194	0.8640747434825136
195	0.7227746524257325
196	0.9524680951766598
197	0.9371316004437404
198	0.9371316004437404
199	0.96805557714613
200	0.9838981538483188
