1	0.13579004060925862
2	0.01332719492872073
3	0.013992274382953428
4	0.012489335512977758
5	0.010968329737619204
6	0.034168845156028485
7	0.07209806342155825
8	0.07819389939674416
9	0.21392613224755788
10	0.11925293695084216
11	0.08209608258032164
12	0.10995622264422979
13	0.20709238541955194
14	0.6045810297425014
15	0.9371316004437404
16	0.9680555771461302
17	0.5484731728386728
18	0.5852680376789872
19	0.9680555771461302
20	0.6347520014624478
21	0.6045810297425014
22	0.6045810297425014
23	0.6144752151203954
24	0.575844141778788
25	0.5574491330158825
26	0.7967132492072966
27	0.07819389939674416
28	0.0005019589204015528
29	0.000208918088254788
30	0.00024573928273773917
31	0.006015834611932772
32	0.11925293695084216
33	1.0
34	0.9838981538483259
35	0.1013842611119193
36	0.0336186636681455
37	0.12933568132306092
38	1.0
39	1.0
40	1.0
41	1.0
42	0.9838981538483259
43	0.12933568132306092
44	0.0488345393931127
45	0.10818572446379317
46	0.9838981538483259
47	0.12318811002815044
48	0.012288234154011063
49	0.00888162416959136
50	0.009026975134420856
51	0.006739766775034943
52	0.15972263321475677
53	0.5574491330158825
54	0.5484731728386728
55	0.8364723744993591
56	0.771262704281349
57	0.9220420515895232
58	0.9680555771461302
59	0.5574491330158825
60	0.5139915422627617
61	0.4895605451959228
62	0.41620554942555765
63	0.3370231708678045
64	0.6245313223904279
65	0.9838981538483259
66	0.9838981538483259
67	0.5057153295259778
68	0.15462038588001215
69	0.029049038185277508
70	0.005637628717885326
71	0.005823662247270286
72	0.005546852487609677
73	0.009174704819918268
74	0.13579004060925862
75	0.9371316004437404
76	0.8782156365502402
77	0.9071954723294418
78	0.9071954723294418
79	0.9680555771461302
80	1.0
81	0.9838981538483259
82	0.9838981538483259
83	0.9838981538483259
84	0.8501615448993989
85	0.771262704281349
86	0.7838846950415602
87	0.008057369233585078
88	0.029049038185277508
89	0.023907463729683682
90	0.10995622264422979
91	0.11358461770179094
92	0.03828064801966494
93	0.02204368690561934
94	0.005637628717885326
95	0.8364723744993591
96	0.9680555771461302
97	0.9680555771461302
98	0.239669527412524
99	0.10304345090533458
100	0.05933696755250663
101	0.012693727967806583
102	0.809751747262771
103	0.015175310452307592
104	0.08343961441458023
105	0.9680555771461302
106	0.8501615448993989
107	0.8230036250150449
108	0.809751747262771
109	0.04651334071458695
110	0.013766972933527001
111	0.809751747262771
112	0.009174704819918268
113	0.006419412822152426
114	0.019675929314445374
115	0.08077418408895817
116	0.19094788792080924
117	0.13579004060925862
118	0.1380122933233916
119	0.04651334071458695
120	0.09348055211452065
121	0.09501039487561766
122	0.10995622264422979
123	0.20375781569034312
124	0.8501615448993989
125	0.8230036250150449
126	0.9524680951766531
127	0.20375781569034312
128	0.1972488898661499
129	0.19094788792080924
130	0.19094788792080924
131	0.1380122933233916
132	0.13579004060925862
133	0.9220420515895232
134	0.9071954723294418
135	0.8501615448993989
136	0.8501615448993989
137	0.8501615448993989
138	0.8230036250150449
139	0.809751747262771
140	0.7967132492072966
141	0.015423659850313087
142	0.0051144312475400406
143	0.001839316735680622
144	0.006015834611932772
145	0.009790198959862158
146	0.01784991398793885
147	0.09656527406216218
148	0.24757827243667163
149	0.15213071221465968
150	0.26851082552023436
151	0.809751747262771
152	0.7111366461700436
153	0.7967132492072966
154	0.7967132492072966
155	0.9680555771461302
156	0.9371316004437404
157	0.8782156365502402
158	0.8640747434825137
159	0.6884197964379146
160	0.6996860333005961
161	0.8501615448993989
162	0.3057458946813862
163	0.42301690250932045
164	0.7838846950415602
165	0.8230036250150449
166	0.9838981538483259
167	0.9680555771461302
168	0.8640747434825137
169	0.8640747434825137
170	0.7967132492072966
171	0.809751747262771
172	0.809751747262771
173	0.8782156365502402
174	0.9371316004437404
175	0.9071954723294418
176	0.8364723744993591
177	0.40291010336058036
178	0.5224031981891458
179	0.9071954723294418
180	0.8230036250150449
181	0.8925879504044978
182	0.9680555771461302
183	0.9524680951766531
184	0.9071954723294418
185	0.9071954723294418
186	0.809751747262771
187	0.1972488898661499
188	0.19407281858793668
189	0.19094788792080924
190	0.24757827243667163
191	0.8230036250150449
192	0.6884197964379146
193	0.7111366461700436
194	0.9680555771461302
195	0.9838981538483259
196	0.9838981538483259
197	0.9680555771461302
198	0.9220420515895232
199	0.9071954723294418
200	0.9220420515895232
