1	0.9838981538483187
2	0.699686033300596
3	0.6884197964379097
4	0.892587950404504
5	0.8501615448994048
6	0.34814444420780405
7	0.23201342268367284
8	0.23581040555488308
9	0.09814559940423297
10	0.05838153282986928
11	0.176061982325188
12	0.7346031188276403
13	0.5484731728386688
14	0.5758441417787837
15	0.6556978921951104
16	0.614475215120391
17	0.614475215120391
18	0.6451399456130124
19	0.5758441417787837
20	0.5139915422627579
21	0.20709238541955338
22	0.40950387170122843
23	0.17043778391330164
24	0.1521307122146575
25	0.15972263321475674
26	0.17043778391330164
27	0.25574799451756824
28	0.3008228213237163
29	0.010617952774480095
30	0.007674387126047692
31	0.002384812237737476
32	0.013327194928720634
33	0.017849913987938722
34	0.01700147357515921
35	0.01700147357515921
36	0.013766972933527001
37	0.9838981538483187
38	0.022043686905619336
39	0.005546852487609637
40	0.1212045540327608
41	0.9071954723294418
42	0.9838981538483187
43	0.9838981538483187
44	0.9838981538483187
45	0.96805557714613
46	0.96805557714613
47	0.9071954723294418
48	1.0
49	1.0
50	0.9838981538483187
51	0.12520412762878458
52	0.009324852154700358
53	0.013992274382953427
54	0.01700147357515921
55	0.008597905811488844
56	0.007076107650393189
57	0.007927630713798602
58	0.011147830387442765
59	0.010278768401209682
60	0.00755081532523563
61	0.011895693606067882
62	0.04804821315291624
63	0.1272531380804732
64	0.03099782162027481
65	0.0242987179477618
66	0.021688742850449538
67	0.027668282067045125
68	0.025511319561055356
69	0.9371316004437403
70	0.26851082552023625
71	0.018142034232021518
72	0.6556978921951104
73	0.08760357941344458
74	0.004009124378788864
75	0.00011836713659178141
76	0.0007058543855178155
77	0.0031941225103010833
78	0.008881624169591297
79	0.0050320794624387636
80	0.0034084033755650564
81	0.0036965812672960837
82	0.003578496112179884
83	0.011147830387442765
84	0.9838981538483187
85	1.0
86	1.0
87	1.0
88	0.9838981538483187
89	1.0
90	0.9838981538483187
91	0.02314375359893927
92	0.005457537922228154
93	0.005283200023099468
94	0.005198130749138961
95	0.005729890533725346
96	0.009174704819918202
97	0.0031941225103010833
98	0.0008302591310470713
99	0.0010088158858740138
100	0.002715520127955534
101	0.08760357941344458
102	0.024696375181437153
103	0.0104469841324596
104	0.9220420515895166
105	0.011704150977755607
106	0.011895693606067882
107	0.06030803830703579
108	0.09975178733729329
109	0.10995622264422977
110	0.0675653735631387
111	0.0612950009827268
112	0.38375901867528034
113	0.3655182215245033
114	0.3655182215245033
115	0.5396417421912961
116	0.9524680951766596
117	0.9220420515895166
118	0.9371316004437403
119	0.7111366461700486
120	0.3900393726467308
121	0.4029101033605775
122	0.5309525138815142
123	0.46629079995640094
124	0.18787327440651988
125	0.1789432998085799
126	0.10995622264422977
127	0.31583506350196977
128	0.699686033300596
129	0.823003625015039
130	0.8782156365502338
131	0.4975723790934108
132	0.03766425891466563
133	0.03472803056127704
134	0.5396417421912961
135	0.5758441417787837
136	0.5396417421912961
137	0.5484731728386688
138	0.7111366461700486
139	0.35963270335588476
140	0.4029101033605775
141	0.48956054519591574
142	0.9524680951766596
143	0.44412711003287414
144	0.4975723790934108
145	0.305745894681384
146	0.0675653735631387
147	0.39642250686331315
148	0.39642250686331315
149	0.13145230613269226
150	0.25162997965624534
151	0.24757827243667335
152	0.13145230613269226
153	0.2246018878016951
154	0.3370231708678044
155	0.2396695274125257
156	0.24757827243667335
157	0.10644373457266823
158	0.06647744631284418
159	0.0675653735631387
160	0.21742711012398033
161	0.16499324727370096
162	0.18484816784601613
163	0.677334966787895
164	0.38375901867528034
165	0.331596475620944
166	0.8097517472627709
167	0.5057153295259778
168	0.4230169025093204
169	0.38375901867528034
170	0.9220420515895166
171	0.3008228213237163
172	0.21048152657828498
173	0.20709238541955338
174	0.23201342268367284
175	0.26851082552023625
176	0.677334966787895
177	0.6884197964379097
178	0.24757827243667335
179	0.176061982325188
180	0.18484816784601613
181	0.6664286233595317
182	0.823003625015039
183	0.7967132492073021
184	0.2396695274125257
185	0.23201342268367284
186	0.2246018878016951
187	0.7111366461700486
188	0.677334966787895
189	0.24757827243667335
190	0.2209853827589351
191	0.25574799451756824
192	0.31583506350196977
193	0.27290510147824404
194	0.677334966787895
195	0.5224031981891384
196	0.5057153295259778
197	0.5758441417787837
198	0.614475215120391
199	0.6347520014624477
200	0.7227746524257325
