1	0.9524680951766463
2	0.9524680951766463
3	0.9524680951766463
4	0.9524680951766463
5	0.9371316004437404
6	0.9220420515895035
7	0.9524680951766463
8	0.5139915422627507
9	0.46629079995640094
10	0.4369758436353279
11	0.4299397258291107
12	0.42301690250932045
13	0.9071954723294418
14	0.8782156365502464
15	0.9071954723294418
16	0.8925879504044913
17	0.9524680951766463
18	0.9524680951766463
19	0.9071954723294418
20	0.9838981538483188
21	0.8501615448993928
22	0.809751747262771
23	0.9524680951766463
24	0.0059189685685373875
25	0.0038810552143591303
26	0.0002538483208393753
27	0.002759960588740092
28	0.018740694914959853
29	0.10304345090533384
30	0.004951053693111541
31	0.0021286546673816124
32	0.002234882909108675
33	0.004074735137074894
34	0.9220420515895035
35	0.9680555771461302
36	0.9680555771461302
37	0.9680555771461302
38	0.9838981538483188
39	0.5396417421912961
40	0.04963373414423629
41	0.026353155917208628
42	0.02314375359893927
43	0.014690543918280221
44	0.009026975134420792
45	0.001186616698822083
46	8.148628007745127e-05
47	0.0005185228330395475
48	0.00021581208061492
49	0.012090370898187257
50	0.9680555771461302
51	0.9680555771461302
52	0.9680555771461302
53	1.0
54	0.08209608258032164
55	0.04084874312373918
56	0.04151724745489924
57	0.03361866366814501
58	0.9838981538483188
59	0.9524680951766463
60	0.10138426111191784
61	0.11544347070631857
62	0.10138426111191784
63	0.22098538275893506
64	0.5139915422627507
65	0.9680555771461302
66	0.9680555771461302
67	1.0
68	1.0
69	0.5057153295259778
70	0.1972488898661499
71	0.09656527406216012
72	0.07327797408660716
73	0.06756537356313776
74	0.9524680951766463
75	0.024696375181437153
76	0.0547111792972134
77	0.05744148237014259
78	0.0876035794134446
79	0.01170415097775544
80	0.0003628031842252282
81	0.0006000902548658376
82	6.927650175875156e-05
83	0.0011302145468318856
84	0.0018097003405784802
85	0.001395754378613407
86	0.001094110495432293
87	0.0003569613831694935
88	0.026353155917208628
89	0.5396417421912961
90	0.9524680951766463
91	1.0
92	1.0
93	1.0
94	0.9680555771461302
95	1.0
96	0.007191910689857911
97	0.004491573493650815
98	0.004009124378788921
99	0.002851035264810493
100	1.0
101	0.10472979393476875
102	0.01967592931444509
103	0.007191910689857911
104	0.0034641831191914805
105	0.002759960588740092
106	0.003578496112179884
107	0.9838981538483188
108	0.7712627042813326
109	0.7346031188276403
110	0.9071954723294418
111	0.836472374499359
112	0.9071954723294418
113	0.8501615448993928
114	0.9220420515895035
115	0.8230036250150273
116	0.8230036250150273
117	0.09501039487561763
118	0.09348055211451997
119	0.09348055211451997
120	0.1252041276287828
121	0.12725313808047323
122	0.10995622264422977
123	0.7838846950415602
124	0.9680555771461302
125	0.9220420515895035
126	0.809751747262771
127	0.5309525138815067
128	0.481677716615238
129	0.8925879504044913
130	0.9371316004437404
131	0.9524680951766463
132	0.9524680951766463
133	0.9524680951766463
134	0.9524680951766463
135	0.9680555771461302
136	0.9838981538483188
137	0.5574491330158785
138	0.5574491330158785
139	0.7588439508744759
140	0.9071954723294418
141	0.10304345090533384
142	0.09975178733729187
143	0.09656527406216012
144	0.1972488898661499
145	0.11175569566235759
146	0.10995622264422977
147	0.7466251623243612
148	0.018438935128663837
149	0.017562497419084194
150	0.010968329737619124
151	0.02510054021835687
152	0.1425664978143681
153	0.9680555771461302
154	1.0
155	0.9371316004437404
156	0.9220420515895035
157	0.1972488898661499
158	0.1909478879208092
159	0.9524680951766463
160	0.0876035794134446
161	0.06331764666180247
162	0.07093715149650967
163	0.008189230970776996
164	0.03529636723622752
165	0.9371316004437404
166	1.0
167	1.0
168	0.03766425891466509
169	0.0015137643410159801
170	0.0038810552143591303
171	0.023907463729683512
172	0.08480513362914895
173	0.9371316004437404
174	0.9371316004437404
175	0.0769348332586572
176	0.12933568132305814
177	0.9371316004437404
178	0.7838846950415602
179	0.9371316004437404
180	1.0
181	0.9838981538483188
182	0.9838981538483188
183	0.17894329980857737
184	0.08077418408895645
185	0.06540703669975811
186	0.05744148237014259
187	0.10472979393476875
188	0.18484816784601352
189	0.23581040555488308
190	0.21742711012397725
191	0.25574799451756824
192	0.3900393726467363
193	0.9220420515895035
194	0.9071954723294418
195	0.9524680951766463
196	1.0
197	1.0
198	1.0
199	0.9838981538483188
200	1.0
