1	0.8640747434825012
2	0.7346031188276402
3	0.7346031188276402
4	0.7346031188276402
5	0.6773349667878852
6	0.9220420515895166
7	0.937131600443727
8	0.5758441417787837
9	0.5057153295259705
10	0.4975723790934037
11	0.9524680951766462
12	0.9680555771461301
13	0.9838981538483188
14	0.9680555771461301
15	0.9071954723294289
16	0.937131600443727
17	0.9524680951766462
18	0.5224031981891383
19	0.5309525138815068
20	0.12520412762878277
21	0.15972263321475447
22	0.20047693868989175
23	0.45139540946972445
24	0.18787327440651988
25	0.11544347070631857
26	0.1272531380804714
27	0.4441271100328678
28	0.6451399456130031
29	0.9220420515895166
30	0.7111366461700385
31	0.6245313223904189
32	0.4230169025093144
33	0.4095038717012285
34	0.39642250686330754
35	0.10644373457266672
36	0.08903724340857805
37	0.26418730551764474
38	0.5948461590153625
39	0.2865241396118646
40	0.8230036250150389
41	0.6045810297424928
42	0.30082282132371624
43	0.050446008004084525
44	0.0061142859028680595
45	0.05383022830539263
46	0.08209608258032047
47	0.5574491330158785
48	0.16769342093829617
49	0.2865241396118646
50	0.8501615448993928
51	0.6556978921951104
52	0.6773349667878852
53	0.9838981538483188
54	0.9838981538483188
55	0.3158350635019653
56	0.20047693868989175
57	0.17894329980857734
58	0.11733274450692356
59	0.758843950874465
60	0.9524680951766462
61	0.9838981538483188
62	0.9838981538483188
63	0.04651334071458661
64	0.008738613623635485
65	0.009477456704464805
66	0.45139540946972445
67	0.9838981538483188
68	0.9838981538483188
69	0.7227746524257324
70	0.937131600443727
71	0.12318811002814868
72	0.12520412762878277
73	0.12120455403276079
74	0.9680555771461301
75	0.937131600443727
76	0.9220420515895166
77	0.699686033300586
78	0.758843950874465
79	0.5574491330158785
80	0.5484731728386688
81	0.5665719880005069
82	0.06867110513305613
83	0.07093715149650866
84	0.07093715149650866
85	0.3315964756209393
86	0.3538419528953301
87	0.3370231708678045
88	0.3158350635019653
89	0.3210038175868511
90	0.30082282132371624
91	0.1972488898661471
92	0.1732270593726278
93	0.16233655139003353
94	0.16233655139003353
95	0.27290510147824404
96	0.9220420515895166
97	0.9220420515895166
98	0.9838981538483188
99	0.9838981538483188
100	0.9838981538483188
101	0.9838981538483188
102	0.2685108255202324
103	0.17043778391330164
104	0.154620385880011
105	0.1496811268916314
106	0.17894329980857734
107	0.7712627042813435
108	0.0295244361132884
109	0.02065783558954363
110	0.02510054021835687
111	0.05383022830539263
112	0.27737129133826594
113	0.9838981538483188
114	0.9838981538483188
115	0.9524680951766462
116	0.9071954723294289
117	0.9680555771461301
118	0.699686033300586
119	0.6045810297424928
120	0.5224031981891383
121	0.48167771661523795
122	0.4895605451959158
123	0.305745894681384
124	0.5309525138815068
125	0.6773349667878852
126	0.07569604040982106
127	0.04358912142584555
128	0.04084874312373917
129	0.04651334071458661
130	0.48167771661523795
131	0.45878265723355866
132	0.6773349667878852
133	0.39642250686330754
134	0.050446008004084525
135	0.012489335512977491
136	0.011330268629776647
137	0.041517247454898654
138	0.45878265723355866
139	0.46629079995640094
140	0.45878265723355866
141	0.5396417421912961
142	0.6884197964379097
143	0.937131600443727
144	0.5758441417787837
145	0.5396417421912961
146	0.48167771661523795
147	0.5057153295259705
148	0.4299397258291107
149	0.8230036250150389
150	0.8230036250150389
151	0.5309525138815068
152	0.5057153295259705
153	0.5758441417787837
154	0.8782156365502338
155	0.9071954723294289
156	0.8640747434825012
157	0.7967132492072908
158	0.7967132492072908
159	0.8364723744993471
160	0.8640747434825012
161	0.9524680951766462
162	0.9838981538483188
163	0.9220420515895166
164	0.9071954723294289
165	0.04430247303072466
166	0.01170415097775544
167	0.026353155917208444
168	0.02390746372968351
169	0.07947357060372849
170	0.08480513362914895
171	0.03766425891466509
172	0.7967132492072908
173	0.9071954723294289
174	0.7346031188276402
175	0.07093715149650866
176	0.022404439747548983
177	0.0295244361132884
178	0.35963270335587966
179	0.9680555771461301
180	0.6245313223904189
181	0.699686033300586
182	0.9838981538483188
183	1.0
184	0.6664286233595221
185	0.3655182215245033
186	0.30082282132371624
187	0.6556978921951104
188	0.2435918051833956
189	0.27737129133826594
190	0.3315964756209393
191	0.3107495359001546
192	0.11925293695084045
193	0.027222771645920053
194	0.026784434765055293
195	0.03766425891466509
196	0.09049436982916181
197	0.03000761409888792
198	0.03766425891466509
199	0.8501615448993928
200	0.9220420515895166
