1	1.0
2	0.9680555771461371
3	0.9680555771461371
4	0.6144752151203912
5	0.5574491330158786
6	0.9838981538483189
7	0.9838981538483189
8	0.9838981538483189
9	0.9838981538483189
10	0.9838981538483189
11	1.0
12	0.5484731728386689
13	0.08077418408895759
14	0.14968112689163143
15	0.010446984132459602
16	0.012090370898187257
17	0.034728030561276546
18	0.2104815265782835
19	0.8640747434825076
20	0.7838846950415547
21	0.8364723744993532
22	0.8925879504044915
23	0.8640747434825076
24	0.8640747434825076
25	0.8640747434825076
26	0.8501615448993989
27	0.8364723744993532
28	0.8640747434825076
29	0.2516299796562454
30	0.12318811002814957
31	0.14968112689163143
32	0.08209608258032106
33	0.09197534264619842
34	0.7967132492072908
35	0.7227746524257377
36	0.22098538275893354
37	0.3481444442078041
38	0.8640747434825076
39	0.9680555771461371
40	0.17322705937262783
41	0.17043778391330286
42	0.4162055494255547
43	0.9524680951766463
44	0.9071954723294483
45	0.8230036250150391
46	0.2104815265782835
47	0.023522509426831584
48	0.13801229332339063
49	0.9838981538483189
50	0.9838981538483189
51	0.3057458946813862
52	0.31074953590015464
53	0.9838981538483189
54	0.109956222644229
55	0.12725313808047412
56	0.14968112689163143
57	0.19094788792080924
58	0.3158350635019676
59	0.9838981538483189
60	0.9524680951766463
61	0.9680555771461371
62	0.9680555771461371
63	0.9838981538483189
64	0.9838981538483189
65	0.017001473575159215
66	0.00832325067258896
67	0.9838981538483189
68	0.005729890533725346
69	0.0006000902548658376
70	0.015423659850312977
71	0.028121083425988996
72	0.3262571601860536
73	1.0
74	0.9838981538483189
75	0.9838981538483189
76	0.3262571601860536
77	0.0358740049446916
78	0.016458371314135432
79	0.007429233258548984
80	0.005729890533725346
81	0.9838981538483189
82	0.0010088158858740067
83	0.006631244087325118
84	0.13579004060925765
85	0.034728030561276546
86	0.02469637518143698
87	0.028121083425988996
88	0.10304345090533458
89	0.9371316004437339
90	0.029524436113288408
91	0.06979493239667438
92	0.07447719441285122
93	0.08480513362914956
94	0.9071954723294483
95	0.8925879504044915
96	0.10304345090533458
97	0.10138426111191857
98	0.7967132492072908
99	0.9220420515895167
100	0.35963270335588476
101	0.3370231708678021
102	0.3425386759286075
103	0.3481444442078041
104	0.3481444442078041
105	0.436975843635331
106	0.4441271100328679
107	0.27290510147824604
108	0.07569604040982161
109	0.08903724340857869
110	0.033077341117935664
111	0.03646109590141792
112	0.7346031188276403
113	0.8097517472627768
114	0.9680555771461371
115	0.9371316004437339
116	0.9524680951766463
117	0.0876035794134446
118	0.09814559940423229
119	0.04430247303072498
120	0.2174271101239788
121	0.23581040555488145
122	0.4299397258291169
123	0.5484731728386689
124	0.5948461590153628
125	0.6245313223904233
126	0.8925879504044915
127	0.9071954723294483
128	0.585268037678983
129	0.522403198189142
130	0.513991542262758
131	0.9838981538483189
132	0.4662907999563977
133	0.14727098441461317
134	0.13579004060925765
135	0.4513954094697213
136	0.4587826572335587
137	0.4739218161276098
138	0.13801229332339063
139	0.5309525138815068
140	0.5396417421913001
141	0.5057153295259742
142	0.5309525138815068
143	0.6144752151203912
144	0.23966952741252573
145	0.2174271101239788
146	0.15462038588001104
147	0.4029101033605804
148	0.49757237909340374
149	0.4513954094697213
150	0.6996860333005911
151	0.7111366461700386
152	0.8925879504044915
153	0.3481444442078041
154	0.36551822152450597
155	0.29597901853584924
156	0.3481444442078041
157	0.1940728185879353
158	0.17894329980857993
159	0.7111366461700386
160	0.7227746524257377
161	0.6347520014624433
162	0.7712627042813436
163	0.21392613224755938
164	0.19094788792080924
165	0.8364723744993532
166	0.8364723744993532
167	0.8364723744993532
168	0.8230036250150391
169	0.029049038185277303
170	0.0020943793974173906
171	0.08480513362914956
172	0.04727454821686515
173	0.02314375359893911
174	0.013766972933526906
175	0.09197534264619842
176	0.015423659850312977
177	0.0794735706037302
178	0.6556978921951151
179	0.7466251623243612
180	0.8364723744993532
181	0.9680555771461371
182	0.9071954723294483
183	0.8925879504044915
184	0.6884197964379098
185	0.5574491330158786
186	0.6664286233595222
187	0.9371316004437339
188	0.9524680951766463
189	0.9071954723294483
190	0.9220420515895167
191	0.8097517472627768
192	0.8364723744993532
193	0.1252041276287828
194	0.03954385360034506
195	0.06867110513305663
196	0.1117556956623576
197	0.13145230613269135
198	0.436975843635331
199	0.9838981538483189
200	0.9838981538483189
