1	0.9524680951766463
2	0.15213071221465752
3	0.11175569566235759
4	0.11544347070631858
5	0.24359180518339563
6	0.38375901867527495
7	0.4299397258291107
8	0.4369758436353279
9	0.6996860333005861
10	0.7346031188276403
11	0.8230036250150273
12	0.3481444442077991
13	0.2641873055176485
14	0.1314523061326923
15	0.0876035794134446
16	0.20709238541954753
17	0.24757827243666988
18	0.25574799451756824
19	0.16769342093829617
20	0.7588439508744758
21	0.8230036250150273
22	0.878215636550234
23	0.8925879504044913
24	0.2819105719970956
25	0.15462038588000881
26	0.10995622264422822
27	0.7967132492072908
28	0.6664286233595221
29	0.7967132492072908
30	0.8364723744993472
31	0.07947357060372963
32	0.05471117929721263
33	0.14968112689163143
34	0.016458371314135432
35	0.12725313808047323
36	0.7838846950415491
37	0.7227746524257325
38	0.7588439508744758
39	0.677334966787895
40	0.6884197964379
41	0.7838846950415491
42	0.48167771661523806
43	0.4299397258291107
44	0.2959790185358471
45	0.24757827243666988
46	0.06867110513305615
47	0.06647744631284419
48	0.1380122933233906
49	0.19094788792080924
50	0.2819105719970956
51	0.38375901867527495
52	0.6664286233595221
53	0.878215636550234
54	0.7838846950415491
55	0.7967132492072908
56	0.7712627042813325
57	0.8364723744993472
58	0.5948461590153626
59	0.3964225068633076
60	0.3481444442077991
61	0.3775797899972509
62	0.09656527406216013
63	0.07947357060372963
64	0.04727454821686481
65	0.048834539393111664
66	0.1878732744065199
67	0.14968112689163143
68	0.8230036250150273
69	0.6144752151203824
70	0.5484731728386688
71	0.7838846950415491
72	0.04651334071458662
73	0.02352250942683125
74	0.02858129504156366
75	0.03202070454638286
76	0.06979493239667438
77	0.04651334071458662
78	0.05838153282986845
79	0.04804821315291625
80	0.08903724340857933
81	0.10644373457266823
82	0.11358461770178933
83	0.15462038588000881
84	0.31074953590015025
85	0.21392613224755636
86	0.14968112689163143
87	0.09348055211451997
88	0.878215636550234
89	0.8230036250150273
90	0.8097517472627709
91	0.878215636550234
92	0.9524680951766463
93	0.9524680951766463
94	0.9371316004437271
95	0.7967132492072908
96	0.06435386265758127
97	0.031505112088108564
98	0.210481526578285
99	0.32625716018605133
100	0.6884197964379
101	0.3158350635019698
102	0.22460188780169196
103	0.04963373414423629
104	0.03254473486014776
105	0.08209608258032049
106	0.7838846950415491
107	0.4513954094697245
108	0.42301690250932045
109	0.49757237909340374
110	0.7838846950415491
111	0.6996860333005861
112	0.7588439508744758
113	0.4587826572335587
114	0.47392181612761314
115	0.5484731728386688
116	0.9524680951766463
117	0.2959790185358471
118	0.19407281858793252
119	0.18484816784601354
120	0.21392613224755636
121	0.2599334021689725
122	0.8501615448993928
123	0.8640747434825012
124	0.9524680951766463
125	0.35963270335587966
126	0.07327797408660612
127	0.015175310452307267
128	0.0034084033755650083
129	0.009950419076984445
130	0.02352250942683125
131	0.5484731728386688
132	0.5574491330158706
133	0.12318811002814868
134	0.08209608258032049
135	0.07819389939674361
136	0.11544347070631858
137	0.11544347070631858
138	0.6045810297425014
139	0.5057153295259778
140	0.03049869946550746
141	0.008189230970776996
142	0.0058236622472702445
143	0.24757827243666988
144	0.1972488898661499
145	0.40291010336057753
146	0.7466251623243612
147	0.4299397258291107
148	0.32625716018605133
149	0.20375781569034024
150	0.04727454821686481
151	0.0364610959014174
152	0.005637628717885326
153	0.004792895140366572
154	0.005457537922228077
155	0.31074953590015025
156	0.22827757824649536
157	0.4095038717012285
158	0.8097517472627709
159	0.9371316004437271
160	0.9071954723294419
161	0.8501615448993928
162	0.6664286233595221
163	0.5484731728386688
164	0.35963270335587966
165	0.3370231708678045
166	0.06979493239667438
167	0.08343961441457964
168	0.12725313808047323
169	0.3370231708678045
170	0.3425386759286075
171	0.8501615448993928
172	0.8364723744993472
173	0.8501615448993928
174	0.9680555771461301
175	0.40291010336057753
176	0.2516299796562454
177	0.2516299796562454
178	0.2819105719970956
179	0.062298115656567614
180	0.6144752151203824
181	0.7111366461700386
182	0.02204368690561934
183	0.02168874285044923
184	0.2865241396118647
185	0.9680555771461301
186	0.8640747434825012
187	0.24757827243666988
188	0.19407281858793252
189	0.1380122933233906
190	0.13579004060925667
191	0.5396417421912962
192	0.5057153295259778
193	0.5139915422627507
194	0.8640747434825012
195	0.8501615448993928
196	0.8925879504044913
197	0.8230036250150273
198	0.6144752151203824
199	0.677334966787895
200	0.8230036250150273
