1	0.9524680951766463
2	0.3964225068633132
3	0.23201342268367284
4	0.2282775782464986
5	0.40291010336058325
6	1.0
7	0.9524680951766463
8	0.2557479945175719
9	0.1818717710859395
10	0.1472709844146142
11	0.031505112088109015
12	0.03361866366814549
13	0.09975178733729329
14	0.1676934209382962
15	0.2557479945175719
16	0.9680555771461439
17	0.8925879504044915
18	0.9071954723294547
19	0.9071954723294547
20	0.8097517472627825
21	0.8782156365502464
22	0.7838846950415601
23	0.5309525138815143
24	0.5574491330158786
25	0.10818572446379239
26	0.26851082552023625
27	0.4513954094697309
28	0.823003625015039
29	0.823003625015039
30	0.823003625015039
31	0.6664286233595222
32	0.7588439508744759
33	0.4441271100328678
34	0.4513954094697309
35	0.4299397258291169
36	0.5057153295259778
37	0.5948461590153626
38	0.7227746524257427
39	0.7712627042813436
40	0.8097517472627825
41	0.7588439508744759
42	0.7838846950415601
43	0.7588439508744759
44	0.7346031188276507
45	0.7838846950415601
46	0.8364723744993591
47	0.823003625015039
48	0.6245313223904277
49	0.5574491330158786
50	0.4816777166152449
51	0.7227746524257427
52	0.7111366461700386
53	0.6451399456130124
54	0.5852680376789873
55	0.3900393726467364
56	0.5948461590153626
57	0.8097517472627825
58	0.7346031188276507
59	0.8501615448994049
60	0.17043778391330405
61	0.08209608258032165
62	0.01619336115132821
63	0.007550815325235632
64	0.009174704819918202
65	0.14027091400017716
66	0.1425664978143701
67	0.2139261322475594
68	0.7967132492072908
69	0.1972488898661499
70	0.05933696755250705
71	0.035296367236228025
72	0.09348055211451997
73	0.6884197964379097
74	0.6144752151203912
75	0.6045810297425099
76	0.6347520014624478
77	0.6451399456130124
78	0.6556978921951199
79	0.6884197964379097
80	0.8640747434825137
81	0.7346031188276507
82	0.9071954723294547
83	0.9220420515895167
84	0.8925879504044915
85	0.9524680951766463
86	0.8640747434825137
87	0.7712627042813436
88	0.4441271100328678
89	0.10818572446379239
90	0.098145599404233
91	0.09975178733729329
92	0.154620385880011
93	0.19407281858793526
94	0.3715000583087311
95	0.5309525138815143
96	0.3158350635019698
97	0.17894329980857993
98	0.05127157501696203
99	0.003944570074838709
100	0.00381856306039134
101	0.0031941225103010837
102	0.0020943793974174054
103	0.0029933131400918323
104	0.0018097003405784804
105	1.0
106	1.0
107	1.0
108	1.0
109	1.0
110	1.0
111	1.0
112	0.0033535217887888376
113	0.0015385376373511798
114	0.0005019589204015528
115	0.0020943793974174054
116	0.0047928951403666395
117	0.003944570074838709
118	0.02429871794776146
119	0.035296367236228025
120	0.019997932954225955
121	0.4441271100328678
122	0.2912132099152615
123	0.18787327440651988
124	0.1336035702664378
125	0.10995622264422979
126	0.09975178733729329
127	0.095010394875619
128	0.11358461770179093
129	0.21048152657828498
130	0.1336035702664378
131	0.04727454821686548
132	0.01967592931444509
133	0.04804821315291693
134	0.8097517472627825
135	0.4816777166152449
136	0.06979493239667438
137	0.07447719441285175
138	0.008738613623635611
139	0.003944570074838709
140	0.05127157501696203
141	0.14489964968096344
142	0.9838981538483189
143	0.9680555771461439
144	0.9838981538483189
145	0.9524680951766463
146	0.9220420515895167
147	0.8640747434825137
148	0.9220420515895167
149	0.0876035794134446
150	0.05127157501696203
151	0.014690543918280221
152	0.02551131956105572
153	0.09049436982916181
154	0.21048152657828498
155	0.5758441417787837
156	0.9371316004437406
157	0.9524680951766463
158	0.9524680951766463
159	0.9524680951766463
160	0.10472979393476876
161	0.05127157501696203
162	0.08209608258032165
163	0.06540703669975813
164	0.9220420515895167
165	0.9220420515895167
166	0.9524680951766463
167	0.9680555771461439
168	0.9680555771461439
169	0.9680555771461439
170	0.9680555771461439
171	0.09049436982916181
172	0.05127157501696203
173	0.019997932954225955
174	0.1314523061326923
175	0.7588439508744759
176	0.7838846950415601
177	0.8640747434825137
178	0.02766828206704513
179	0.1314523061326923
180	0.024696375181437157
181	0.02510054021835723
182	0.0965652740621615
183	0.8501615448994049
184	0.015932618141390915
185	0.013992274382953427
186	0.14968112689163143
187	0.15715080394779135
188	0.04151724745489924
189	0.07569604040982215
190	0.03828064801966493
191	0.08209608258032165
192	0.22098538275893512
193	0.3210038175868557
194	0.1472709844146142
195	0.24757827243666988
196	0.1013842611119193
197	0.14489964968096344
198	0.7838846950415601
199	0.9838981538483189
200	1.0
