1	0.7967132492072908
2	0.6451399456130124
3	0.5948461590153626
4	0.6245313223904276
5	0.7967132492072908
6	0.7967132492072908
7	0.6451399456130124
8	0.5758441417787838
9	0.45878265723355866
10	0.45878265723355866
11	0.1972488898661471
12	0.11175569566235759
13	0.22460188780169196
14	0.18484816784601354
15	0.1789432998085799
16	0.14489964968096347
17	0.17322705937262783
18	0.28652413961186873
19	0.9680555771461301
20	0.05211065273008481
21	0.03361866366814549
22	0.020657835589543483
23	0.03254473486014822
24	0.05560654736795764
25	0.23201342268367284
26	0.8925879504044915
27	0.8782156365502339
28	0.9680555771461301
29	0.02858129504156366
30	0.02133951404984792
31	0.8501615448993928
32	0.24359180518339563
33	0.15462038588001104
34	0.0358740049446916
35	0.00479289514036664
36	0.14027091400017716
37	0.9680555771461301
38	0.08209608258032047
39	0.05838153282986845
40	0.07327797408660612
41	0.49757237909340374
42	0.22460188780169196
43	0.6556978921951104
44	0.15715080394779135
45	0.030997821620274375
46	0.025100540218357226
47	0.1314523061326904
48	0.02204368690561934
49	0.0083232506725889
50	0.00947745670446487
51	0.5665719880005069
52	0.7346031188276403
53	0.9220420515895167
54	0.9220420515895167
55	0.9220420515895167
56	0.9220420515895167
57	0.24359180518339563
58	0.1380122933233906
59	0.09348055211451999
60	0.10995622264422822
61	0.8097517472627709
62	0.8364723744993472
63	0.8925879504044915
64	0.9371316004437271
65	0.3370231708678045
66	0.3370231708678045
67	0.4162055494255547
68	0.746625162324361
69	0.7838846950415491
70	0.758843950874465
71	0.7838846950415491
72	0.6347520014624387
73	0.5948461590153626
74	0.47392181612760637
75	0.8097517472627709
76	0.28652413961186873
77	0.23581040555487975
78	0.09975178733729188
79	0.1252041276287828
80	0.6884197964379097
81	0.9371316004437271
82	0.05651656845829486
83	0.03529636723622752
84	0.12725313808047323
85	0.1336035702664378
86	0.04727454821686481
87	0.005546852487609637
88	0.19407281858793526
89	0.8782156365502339
90	0.39003937264673083
91	0.17043778391330164
92	0.5574491330158785
93	0.8782156365502339
94	0.11175569566235759
95	0.1676934209382962
96	0.11358461770178932
97	0.9524680951766463
98	0.05296346225090933
99	0.04804821315291624
100	0.023143753598938943
101	0.060308038307035794
102	0.1789432998085799
103	0.9371316004437271
104	0.022404439747548983
105	0.05838153282986845
106	0.9524680951766463
107	0.17606198232518552
108	0.01248933551297767
109	0.004009124378788865
110	0.059336967552506205
111	0.05127157501696131
112	0.017849913987938722
113	0.9524680951766463
114	0.037664258914665634
115	0.07327797408660612
116	0.07819389939674361
117	0.11733274450692358
118	0.1314523061326904
119	0.2004769386898946
120	0.22460188780169196
121	0.7111366461700385
122	0.6884197964379097
123	0.5665719880005069
124	0.45878265723355866
125	0.39003937264673083
126	0.39003937264673083
127	0.3370231708678045
128	0.34814444420780405
129	0.6045810297425014
130	0.8501615448993928
131	0.47392181612760637
132	0.6451399456130124
133	0.5309525138815068
134	0.5574491330158785
135	0.5948461590153626
136	0.5057153295259705
137	0.45878265723355866
138	0.48956054519591574
139	0.8640747434825136
140	0.8364723744993472
141	0.6144752151203912
142	0.5852680376789788
143	0.4299397258291168
144	0.7967132492072908
145	0.35384195289533016
146	0.33159647562093936
147	0.2004769386898946
148	0.17043778391330164
149	0.20709238541955047
150	0.2959790185358471
151	0.746625162324361
152	0.7227746524257325
153	0.6664286233595222
154	0.5852680376789788
155	0.42301690250931445
156	0.3775797899972455
157	0.40291010336057753
158	0.39642250686330754
159	0.6045810297425014
160	0.48956054519591574
161	0.5758441417787838
162	0.7712627042813435
163	0.5484731728386688
164	0.42301690250931445
165	0.4095038717012285
166	0.34814444420780405
167	0.758843950874465
168	0.7346031188276403
169	0.7346031188276403
170	0.6556978921951104
171	0.6884197964379097
172	0.8782156365502339
173	0.7967132492072908
174	0.9220420515895167
175	0.9220420515895167
176	0.40291010336057753
177	0.1212045540327608
178	0.07819389939674361
179	0.08209608258032047
180	0.24359180518339563
181	0.21392613224755938
182	0.14489964968096347
183	0.13579004060925667
184	0.08480513362914895
185	0.04963373414423558
186	0.23581040555487975
187	0.8364723744993472
188	0.5948461590153626
189	0.6996860333005861
190	0.6884197964379097
191	0.6451399456130124
192	0.6347520014624387
193	0.6773349667878948
194	0.8364723744993472
195	0.3210038175868557
196	0.2685108255202363
197	0.3837590186752804
198	0.4299397258291168
199	0.47392181612760637
200	0.7346031188276403
