1	1.0
2	0.23201342268367284
3	0.09348055211451999
4	0.13360357026643588
5	0.8640747434825015
6	0.14256649781436606
7	0.1357900406092567
8	0.20047693868989178
9	0.2865241396118647
10	0.12725313808047323
11	0.016458371314135432
12	0.06867110513305615
13	0.7967132492072909
14	1.0
15	0.983898153848319
16	0.983898153848319
17	0.983898153848319
18	0.21048152657828503
19	0.11733274450692358
20	0.09348055211451999
21	0.10138426111191787
22	0.7346031188276299
23	0.8230036250150273
24	0.14727098441461212
25	0.0036370594844428446
26	0.0007291465512741478
27	0.0009765898446339532
28	0.015423659850313087
29	0.05838153282986846
30	0.809751747262771
31	0.8364723744993592
32	0.8364723744993592
33	0.8230036250150273
34	0.983898153848319
35	0.6245313223904279
36	0.4975723790934038
37	0.6045810297425014
38	0.7967132492072909
39	0.983898153848319
40	0.983898153848319
41	0.9071954723294419
42	0.9220420515895037
43	0.9220420515895037
44	0.9220420515895037
45	0.9071954723294419
46	0.9220420515895037
47	0.8925879504044916
48	0.39003937264673644
49	0.4587826572335522
50	0.5574491330158785
51	0.809751747262771
52	0.8640747434825015
53	0.9371316004437406
54	0.983898153848319
55	0.983898153848319
56	0.4095038717012227
57	0.3425386759286026
58	0.39003937264673644
59	0.2865241396118647
60	0.23201342268367284
61	0.24359180518339563
62	0.5665719880005069
63	0.7967132492072909
64	0.677334966787895
65	0.4587826572335522
66	0.6451399456130033
67	0.8925879504044916
68	0.9220420515895037
69	0.32625716018605133
70	0.11544347070631858
71	0.1252041276287828
72	0.11733274450692358
73	0.12933568132306
74	0.25162997965624545
75	0.9071954723294419
76	0.3107495359001547
77	0.2959790185358471
78	0.9524680951766464
79	0.9071954723294419
80	0.48167771661523806
81	0.04576439005840027
82	0.10304345090533384
83	0.013327194928720634
84	0.878215636550234
85	0.983898153848319
86	0.983898153848319
87	0.9220420515895037
88	0.9371316004437406
89	0.03954385360034535
90	0.028121083425988597
91	0.3425386759286026
92	0.809751747262771
93	0.5665719880005069
94	0.8640747434825015
95	0.4441271100328679
96	0.4975723790934038
97	0.8925879504044916
98	0.878215636550234
99	0.4095038717012227
100	0.33159647562093936
101	0.30574589468137975
102	0.30574589468137975
103	0.20047693868989178
104	0.33159647562093936
105	0.6144752151203824
106	0.5665719880005069
107	0.5139915422627507
108	0.7712627042813327
109	0.6144752151203824
110	0.5574491330158785
111	0.3425386759286026
112	0.4095038717012227
113	0.16499324727369866
114	0.1878732744065199
115	0.2959790185358471
116	0.2865241396118647
117	0.2959790185358471
118	0.1878732744065199
119	0.020657835589543778
120	0.015676073575284534
121	0.04804821315291557
122	0.7227746524257326
123	0.7838846950415491
124	0.06756537356313776
125	0.07819389939674362
126	0.1448996496809614
127	0.39003937264673644
128	0.9680555771461303
129	0.9680555771461303
130	0.9680555771461303
131	0.9524680951766464
132	0.5574491330158785
133	0.48956054519591585
134	0.48167771661523806
135	0.4739218161276064
136	0.8925879504044916
137	0.8925879504044916
138	0.9371316004437406
139	0.983898153848319
140	0.983898153848319
141	0.0376642589146651
142	0.028581295041563662
143	0.0376642589146651
144	0.009632558682416041
145	0.0083232506725889
146	0.3425386759286026
147	0.34814444420780405
148	0.7967132492072909
149	0.020995908477665633
150	0.08903724340857806
151	0.12933568132306
152	0.1940728185879353
153	0.4369758436353279
154	0.809751747262771
155	0.06647744631284325
156	0.03472803056127655
157	0.05838153282986846
158	0.23201342268367284
159	0.2912132099152615
160	0.6556978921951105
161	0.48167771661523806
162	0.983898153848319
163	0.9680555771461303
164	0.9680555771461303
165	0.9680555771461303
166	0.4441271100328679
167	0.06647744631284325
168	0.017001473575159215
169	0.01493095993810043
170	0.03416884515602848
171	0.05560654736795765
172	0.9071954723294419
173	0.5665719880005069
174	0.983898153848319
175	1.0
176	0.35384195289533016
177	0.1448996496809614
178	0.06229811565656762
179	0.05296346225090933
180	0.8230036250150273
181	0.3964225068633076
182	0.48167771661523806
183	0.9371316004437406
184	0.09656527406216013
185	0.08480513362914896
186	0.08343961441457964
187	0.04963373414423559
188	0.10472979393476876
189	0.7712627042813327
190	0.5484731728386611
191	0.6245313223904279
192	0.7227746524257326
193	0.0443024730307253
194	0.09197534264619778
195	0.0300076140988875
196	0.06979493239667438
197	0.053830228305391865
198	0.15715080394779138
199	0.9220420515895037
200	0.9371316004437406
