1	0.9838981538483048
2	0.1272531380804732
3	0.0027155201279554955
4	0.003637059484442844
5	0.0021286546673815816
6	0.010617952774479945
7	0.012489335512977491
8	0.9838981538483048
9	0.9680555771461301
10	0.9680555771461301
11	0.14027091400017713
12	0.0190473931083816
13	0.0001109255841541958
14	1.7151356625887633e-05
15	0.00025384832083937524
16	5.0890734253447406e-05
17	0.0011487109132294472
18	0.001206036106664975
19	0.0002417824266136699
20	0.002805128333603497
21	0.018438935128663837
22	1.0
23	1.0
24	1.0
25	1.0
26	1.0
27	1.0
28	1.0
29	0.006524468815236718
30	0.014930959938100214
31	0.00033999432867907325
32	0.0011487109132294472
33	0.0011302145468318693
34	5.0890734253447406e-05
35	0.00025384832083937524
36	2.187994833216931e-05
37	0.00010913947746386113
38	0.01619336115132775
39	0.13579004060925667
40	0.9838981538483048
41	0.9524680951766462
42	0.48956054519590875
43	0.004209195456615552
44	0.0005715668219861325
45	0.0027155201279554955
46	0.02099590847766563
47	0.1064437345726667
48	0.9524680951766462
49	1.0
50	1.0
51	1.0
52	0.1252041276287828
53	0.024298717947761114
54	0.004009124378788865
55	0.0013080055346563221
56	0.003194122510301038
57	0.4299397258291107
58	0.19724888986614708
59	0.017849913987938722
60	0.01967592931444509
61	0.02168874285044892
62	0.03705779481220407
63	0.0781938993967436
64	0.6664286233595221
65	0.6045810297425014
66	0.9220420515895036
67	0.9524680951766462
68	0.7838846950415491
69	0.9838981538483048
70	0.9838981538483048
71	0.9838981538483048
72	0.8925879504044913
73	0.9838981538483048
74	0.9524680951766462
75	0.9838981538483048
76	0.9838981538483048
77	0.9524680951766462
78	0.9680555771461301
79	0.9371316004437271
80	0.9680555771461301
81	0.8364723744993471
82	0.9524680951766462
83	0.9680555771461301
84	0.6556978921951011
85	0.5665719880005069
86	0.7588439508744649
87	0.23966952741252226
88	0.023522509426831248
89	0.006316048424505908
90	0.004009124378788865
91	0.009477456704464737
92	0.21048152657828498
93	0.7346031188276297
94	0.4299397258291107
95	0.18484816784601088
96	0.9838981538483048
97	0.9524680951766462
98	0.6884197964379
99	0.7111366461700385
100	0.007076107650393087
101	0.0512715750169613
102	0.02678443476505491
103	0.023522509426831248
104	0.9838981538483048
105	0.9838981538483048
106	1.0
107	1.0
108	1.0
109	0.9838981538483048
110	0.03587400494469108
111	0.01967592931444509
112	0.04883453939311166
113	0.1704377839132992
114	0.7712627042813325
115	0.6451399456130033
116	0.7111366461700385
117	0.9680555771461301
118	0.7588439508744649
119	0.40950387170122265
120	0.14027091400017713
121	0.010278768401209682
122	0.0046397888713085094
123	0.006419412822152334
124	0.008189230970776996
125	0.009790198959862087
126	0.13360357026643588
127	0.7838846950415491
128	0.7346031188276297
129	0.7227746524257325
130	0.7346031188276297
131	0.9071954723294289
132	0.9680555771461301
133	0.9680555771461301
134	0.9071954723294289
135	0.7111366461700385
136	0.699686033300586
137	0.7111366461700385
138	0.7466251623243504
139	0.9838981538483048
140	0.020657835589543483
141	0.004792895140366572
142	0.002423840545293938
143	0.003142691241050549
144	0.007674387126047693
145	0.004491573493650751
146	0.0045650797047264175
147	0.09656527406216012
148	1.0
149	1.0
150	1.0
151	0.9838981538483048
152	0.09656527406216012
153	0.0020274756563298415
154	0.0043480927706903375
155	0.0053696614862373945
156	0.0012257733200817494
157	0.00020224432050175352
158	0.00013922899395053855
159	0.029524436113288612
160	0.09501039487561763
161	0.002198897168339186
162	0.00077806206826116
163	0.0008716923278076609
164	0.00010565307984570665
165	0.007674387126047693
166	0.0016686198147892052
167	5.43047894547043e-05
168	7.888324788986941e-05
169	0.003142691241050549
170	0.0043480927706903375
171	0.0014185963995909292
172	1.0
173	1.0
174	1.0
175	1.0
176	1.0
177	1.0
178	0.9838981538483048
179	0.011515692539375738
180	0.006850065475449526
181	0.0020943793974173754
182	5.343038208960522e-05
183	0.0001415075263694463
184	0.0016153167178432556
185	1.0
186	0.007799981223697562
187	0.00013478140409426556
188	0.0008716923278076609
189	0.0007655338325415599
190	0.0005623635409531064
191	0.09348055211451997
192	0.9838981538483048
193	0.9220420515895036
194	0.8364723744993471
195	0.8230036250150273
196	0.8230036250150273
197	0.8364723744993471
198	0.9071954723294289
199	0.9680555771461301
200	0.9838981538483048
