1	0.699686033300596
2	0.6773349667878948
3	0.9838981538483188
4	0.5574491330158785
5	0.18787327440651988
6	0.20709238541955044
7	0.9371316004437404
8	0.9524680951766462
9	0.07209806342155774
10	0.06647744631284418
11	0.1472709844146142
12	0.7967132492072908
13	0.9371316004437404
14	0.9220420515895035
15	0.9680555771461301
16	0.2865241396118646
17	0.27290510147824404
18	0.9524680951766462
19	0.9680555771461301
20	1.0
21	0.9680555771461301
22	0.9220420515895035
23	0.9524680951766462
24	0.7588439508744758
25	0.7227746524257325
26	0.028121083425988593
27	0.01814203423202126
28	0.9220420515895035
29	0.5852680376789872
30	0.6884197964378999
31	0.25574799451756824
32	0.22460188780169194
33	0.1117556956623576
34	0.6245313223904276
35	0.7838846950415602
36	0.2685108255202325
37	0.305745894681384
38	0.481677716615238
39	0.7838846950415602
40	0.19094788792080922
41	0.2641873055176485
42	0.0781938993967436
43	0.07569604040982107
44	0.0330773411179359
45	0.07569604040982107
46	0.04651334071458662
47	0.01619336115132798
48	0.043589121425845555
49	0.04804821315291624
50	0.9838981538483188
51	0.9680555771461301
52	0.11733274450692355
53	0.019675929314445093
54	0.019675929314445093
55	0.7967132492072908
56	0.8640747434825014
57	0.7838846950415602
58	0.8501615448993928
59	0.8640747434825014
60	0.8782156365502338
61	0.8925879504044913
62	0.9220420515895035
63	0.8230036250150389
64	0.305745894681384
65	0.4029101033605775
66	0.9680555771461301
67	0.0781938993967436
68	0.0769348332586572
69	0.8097517472627709
70	0.9220420515895035
71	0.8501615448993928
72	0.9524680951766462
73	0.9524680951766462
74	0.9838981538483188
75	0.7967132492072908
76	0.9071954723294418
77	0.8925879504044913
78	0.18787327440651988
79	0.034728030561276546
80	0.6884197964378999
81	0.39642250686330754
82	0.45878265723355216
83	0.7227746524257325
84	0.746625162324361
85	0.8640747434825014
86	0.3655182215245085
87	0.25993340216897615
88	0.2819105719970956
89	0.40950387170122843
90	0.9524680951766462
91	0.8364723744993591
92	0.7838846950415602
93	0.7346031188276402
94	0.7588439508744758
95	0.20709238541955044
96	0.1496811268916314
97	0.0358740049446916
98	0.11733274450692355
99	0.6451399456130031
100	0.08077418408895644
101	0.08077418408895644
102	0.04804821315291624
103	0.7346031188276402
104	0.7227746524257325
105	0.1496811268916314
106	0.21742711012398033
107	0.20709238541955044
108	0.210481526578285
109	0.15972263321475447
110	0.8230036250150389
111	0.03828064801966494
112	0.045027498890453745
113	0.14027091400017713
114	0.15213071221465752
115	0.25574799451756824
116	0.4975723790934037
117	0.5852680376789872
118	0.25574799451756824
119	0.13579004060925667
120	0.8925879504044913
121	0.009950419076984445
122	0.02240443974754898
123	0.07569604040982107
124	0.07093715149650967
125	0.09501039487561765
126	1.0
127	1.0
128	1.0
129	1.0
130	0.09049436982916052
131	0.016458371314135432
132	0.01248933551297767
133	0.023522509426831248
134	0.10138426111191784
135	0.10138426111191784
136	0.015932618141390686
137	0.8925879504044913
138	0.001994829555235368
139	0.03954385360034534
140	0.03202070454638331
141	0.03954385360034534
142	0.9071954723294418
143	0.9071954723294418
144	0.0028051283336035368
145	0.001962709116638142
146	0.0020606560225769105
147	0.0025864462836876503
148	0.08619300005539272
149	0.9524680951766462
150	0.8364723744993591
151	0.8230036250150389
152	0.8925879504044913
153	0.8925879504044913
154	0.9220420515895035
155	0.9220420515895035
156	0.8230036250150389
157	0.746625162324361
158	0.8230036250150389
159	0.9220420515895035
160	0.007550815325235631
161	0.0033535217887888376
162	0.011330268629776647
163	0.010446984132459453
164	0.010278768401209682
165	0.9524680951766462
166	0.9524680951766462
167	0.03416884515602847
168	0.02390746372968351
169	0.028121083425988593
170	0.024696375181437153
171	0.9071954723294418
172	0.010617952774479945
173	0.04883453939311235
174	0.9524680951766462
175	0.9838981538483188
176	1.0
177	1.0
178	1.0
179	1.0
180	0.9524680951766462
181	0.9680555771461301
182	0.0876035794134446
183	0.003637059484442844
184	0.003944570074838652
185	0.005729890533725346
186	0.02204368690561934
187	0.17894329980857737
188	0.1704377839133016
189	0.16769342093829617
190	0.04151724745489865
191	0.029049038185277303
192	0.7346031188276402
193	0.0876035794134446
194	0.41620554942555466
195	0.9371316004437404
196	0.8501615448993928
197	0.7712627042813326
198	0.7967132492072908
199	0.9071954723294418
200	0.9838981538483188
