1	1.0
2	0.37150005830873106
3	0.1252041276287828
4	0.04804821315291556
5	0.015423659850313085
6	0.9524680951766462
7	1.0
8	0.002346412357984714
9	0.002945115272426226
10	0.006524468815236718
11	0.004074735137074894
12	0.0032995238968794023
13	0.005729890533725346
14	0.038907124553427985
15	0.45878265723355216
16	0.5139915422627507
17	0.0861930000553915
18	0.24757827243666986
19	1.0
20	1.0
21	1.0
22	0.9524680951766462
23	0.9680555771461302
24	0.9220420515895036
25	0.9680555771461302
26	0.5309525138815067
27	0.45878265723355216
28	0.45878265723355216
29	0.8925879504044913
30	0.9524680951766462
31	0.8925879504044913
32	0.04430247303072529
33	0.04288725609875963
34	1.0
35	0.038907124553427985
36	0.0008438466194896988
37	0.0008716923278076609
38	0.001395754378613407
39	0.045027498890453745
40	0.9680555771461302
41	0.9680555771461302
42	1.0
43	0.057441482370142585
44	0.03361866366814501
45	0.09197534264619776
46	0.9680555771461302
47	0.9680555771461302
48	0.9680555771461302
49	0.9680555771461302
50	0.0861930000553915
51	0.009026975134420662
52	0.03828064801966439
53	0.9680555771461302
54	1.0
55	1.0
56	1.0
57	0.04576439005839962
58	0.02133951404984792
59	0.02168874285044923
60	0.023522509426831248
61	0.017849913987938726
62	0.9838981538483049
63	0.01967592931444509
64	0.018740694914959853
65	0.9680555771461302
66	0.35963270335587966
67	0.45878265723355216
68	0.5057153295259778
69	0.9680555771461302
70	0.17894329980857737
71	0.04651334071458661
72	0.05044600800408382
73	0.022771096439116408
74	0.06756537356313774
75	0.02678443476505491
76	0.012901465378461633
77	0.012288234154010974
78	0.010446984132459454
79	0.0038810552143591307
80	7.513377685901113e-05
81	4.326534525397529e-05
82	4.256869332099702e-05
83	1.890591074252985e-05
84	0.0014418122384338217
85	0.06756537356313774
86	0.9524680951766462
87	0.045027498890453745
88	0.003944570074838652
89	0.0015637163575655455
90	0.00028439586342649594
91	0.03202070454638286
92	1.0
93	1.0
94	1.0
95	0.03254473486014822
96	0.00030844131559533894
97	0.0013294115143323753
98	0.0038185630603913396
99	0.0013080055346563406
100	0.06756537356313774
101	0.0014418122384338217
102	1.890591074252985e-05
103	4.256869332099702e-05
104	4.326534525397529e-05
105	7.513377685901113e-05
106	0.014221262971401333
107	0.04576439005839962
108	0.06979493239667438
109	0.07569604040982107
110	0.13801229332338863
111	0.8782156365502214
112	0.8640747434825014
113	0.9371316004437404
114	0.8782156365502214
115	0.048834539393112344
116	0.0769348332586561
117	0.07209806342155672
118	0.07209806342155672
119	0.17043778391330164
120	0.9838981538483049
121	0.9838981538483049
122	0.9071954723294418
123	0.9071954723294418
124	0.9071954723294418
125	0.22098538275893195
126	0.15715080394779135
127	0.04019100294647062
128	0.04019100294647062
129	0.004278080449843506
130	0.002384812237737408
131	0.0036965812672960317
132	0.0053696614862373945
133	0.0015137643410159587
134	0.0007532073245460798
135	0.9524680951766462
136	0.9680555771461302
137	0.04651334071458661
138	0.048834539393112344
139	0.005918968568537387
140	0.10818572446379085
141	0.3008228213237163
142	0.25574799451756464
143	0.25574799451756464
144	0.25574799451756464
145	0.3481444442077991
146	0.6773349667878948
147	0.7227746524257325
148	0.6347520014624387
149	0.783884695041549
150	0.5224031981891383
151	1.0
152	0.014453999040223557
153	0.0045650797047264175
154	0.007309608887594823
155	0.01967592931444509
156	0.09197534264619776
157	1.0
158	1.0
159	0.9071954723294418
160	1.0
161	1.0
162	0.005032079462438764
163	0.0021634908644312515
164	0.0006833062745535662
165	6.284732873436204e-05
166	0.0006944888267967084
167	0.0021634908644312515
168	0.003637059484442844
169	0.006631244087325071
170	0.03954385360034535
171	0.481677716615238
172	1.0
173	1.0
174	1.0
175	0.481677716615238
176	0.038907124553427985
177	0.005283200023099393
178	0.003092088110184961
179	0.002128654667381612
180	0.0012869442307717569
181	0.0006723037820462359
182	0.0006944888267967084
183	0.0016417519552458227
184	0.00463978887130851
185	0.23201342268366953
186	0.21392613224755636
187	0.17322705937262536
188	0.06756537356313774
189	0.012693727967806401
190	0.7712627042813325
191	0.3425386759286026
192	0.5852680376789788
193	0.9371316004437404
194	0.08480513362914895
195	0.034728030561276546
196	0.02032520629905393
197	0.02099590847766563
198	0.29121320991525734
199	0.7346031188276299
200	0.8782156365502214
