1	1.0
2	0.8782156365502339
3	0.8501615448993927
4	0.836472374499359
5	0.8097517472627824
6	0.36551822152450847
7	0.09814559940423298
8	0.07209806342155774
9	0.1496811268916314
10	0.30574589468138397
11	0.7967132492072908
12	0.36551822152450847
13	0.41620554942555466
14	0.6884197964379097
15	0.6773349667878948
16	0.836472374499359
17	0.6245313223904277
18	0.6664286233595221
19	0.9220420515895166
20	0.16233655139003356
21	0.012489335512977668
22	0.0007410792960859193
23	0.0011487109132294472
24	0.0015137643410159693
25	0.00041311401109911324
26	0.008189230970776996
27	0.015676073575284753
28	0.018142034232021265
29	1.0
30	1.0
31	1.0
32	1.0
33	0.016458371314135432
34	0.017562497419084444
35	1.0
36	0.009950419076984586
37	0.00024178242661367335
38	0.001206036106664975
39	0.0008302591310470713
40	0.00021233710769518586
41	0.0061142859028680595
42	0.154620385880011
43	0.9071954723294418
44	0.8501615448993927
45	0.8230036250150389
46	0.836472374499359
47	0.7967132492072908
48	0.6245313223904277
49	0.5057153295259778
50	0.5309525138815068
51	0.8097517472627824
52	0.12520412762878277
53	0.012489335512977668
54	0.05383022830539262
55	0.04963373414423628
56	0.13145230613269226
57	0.08209608258032164
58	0.09501039487561899
59	0.18187177108593947
60	0.2959790185358471
61	0.9680555771461439
62	0.9838981538483188
63	0.9371316004437403
64	0.9220420515895166
65	0.2246018878016919
66	0.09814559940423298
67	0.07947357060372963
68	0.6045810297425099
69	0.6347520014624387
70	0.5309525138815068
71	0.5758441417787838
72	0.8640747434825136
73	0.8782156365502339
74	0.8782156365502339
75	0.2516299796562454
76	0.2641873055176485
77	0.2865241396118687
78	0.31583506350196977
79	0.43697584363533404
80	0.9838981538483188
81	0.9838981538483188
82	0.8501615448993927
83	0.30574589468138397
84	0.12120455403276079
85	0.0769348332586572
86	0.07327797408660716
87	0.10138426111191928
88	0.9680555771461439
89	0.7111366461700385
90	0.6245313223904277
91	0.614475215120391
92	0.9220420515895166
93	0.7346031188276402
94	0.7111366461700385
95	0.47392181612760637
96	0.18484816784601354
97	0.1732270593726278
98	0.34253867592860743
99	0.9680555771461439
100	0.176061982325188
101	0.15715080394779135
102	0.21048152657828498
103	0.9680555771461439
104	0.9524680951766462
105	0.9371316004437403
106	0.9220420515895166
107	0.26851082552023625
108	0.14489964968096344
109	0.10304345090533384
110	0.11733274450692356
111	0.07569604040982215
112	0.09049436982916181
113	0.09501039487561899
114	0.02352250942683158
115	0.06867110513305712
116	0.6664286233595221
117	0.6773349667878948
118	0.6773349667878948
119	0.566571988000515
120	0.37150005830873106
121	0.4095038717012285
122	0.6347520014624387
123	0.6451399456130124
124	0.6451399456130124
125	0.8501615448993927
126	0.7838846950415601
127	0.7588439508744758
128	0.4299397258291168
129	0.48956054519592274
130	0.5852680376789872
131	0.9524680951766462
132	0.7967132492072908
133	0.034728030561276546
134	0.09814559940423298
135	0.10138426111191928
136	0.024298717947761457
137	0.10644373457266823
138	0.9838981538483188
139	0.9838981538483188
140	1.0
141	0.9680555771461439
142	0.10138426111191928
143	0.014930959938100428
144	0.010278768401209682
145	0.0370577948122046
146	0.04288725609875964
147	0.9838981538483188
148	1.0
149	0.007550815325235631
150	0.00010565307984570665
151	0.000803736982286617
152	0.00209437939741739
153	0.0022714575694317528
154	0.0045650797047264175
155	0.005283200023099469
156	1.0
157	1.0
158	1.0
159	1.0
160	1.0
161	0.004491573493650814
162	0.005369661486237472
163	0.006524468815236717
164	0.006524468815236717
165	0.005283200023099469
166	0.004639788871308575
167	0.0061142859028680595
168	0.8097517472627824
169	0.7588439508744758
170	0.6556978921951104
171	0.41620554942555466
172	0.2516299796562454
173	0.5309525138815068
174	0.5396417421913038
175	0.8640747434825136
176	0.6045810297425099
177	0.5057153295259778
178	0.8925879504044913
179	0.38375901867528034
180	0.27737129133826594
181	0.2865241396118687
182	0.2865241396118687
183	0.37757978999725084
184	0.8501615448993927
185	0.8782156365502339
186	0.9371316004437403
187	0.9524680951766462
188	0.9838981538483188
189	0.7838846950415601
190	0.7588439508744758
191	0.746625162324361
192	0.7346031188276402
193	0.7111366461700385
194	0.699686033300596
195	0.7227746524257427
196	0.9071954723294418
197	0.9071954723294418
198	0.9220420515895166
199	0.9220420515895166
200	0.9524680951766462
