1	0.8640747434825137
2	0.7227746524257427
3	0.4513954094697244
4	0.1380122933233906
5	0.22827757824649533
6	0.9838981538483189
7	0.3655182215245033
8	0.35963270335588476
9	0.21048152657828498
10	0.2037578156903402
11	0.045764390058400266
12	0.1336035702664378
13	0.6451399456130124
14	0.7967132492073021
15	0.9680555771461439
16	0.9838981538483189
17	0.466290799956401
18	0.6451399456130124
19	0.5574491330158785
20	0.44412711003286787
21	0.055606547367958434
22	0.006524468815236809
23	0.010968329737619282
24	0.6347520014624477
25	0.7111366461700486
26	0.1972488898661471
27	0.44412711003286787
28	0.027668282067045125
29	0.010791719379643074
30	0.011515692539375738
31	0.005198130749138962
32	0.0032995238968794487
33	0.006419412822152425
34	1.0
35	1.0
36	1.0
37	1.0
38	0.010791719379643074
39	0.008323250672588899
40	0.010446984132459602
41	0.012693727967806582
42	0.020657835589543774
43	0.01967592931444537
44	0.783884695041549
45	0.9680555771461439
46	0.783884695041549
47	0.7588439508744756
48	0.783884695041549
49	0.23581040555488308
50	0.41620554942555466
51	0.40291010336058325
52	0.9680555771461439
53	0.1380122933233906
54	0.1336035702664378
55	0.2004769386898946
56	0.9071954723294416
57	0.9220420515895166
58	0.42301690250932045
59	0.5057153295259776
60	0.24359180518339907
61	0.699686033300596
62	0.5484731728386688
63	0.33159647562093936
64	0.04883453939311235
65	0.003042299783147364
66	0.003944570074838708
67	0.009174704819918333
68	0.018740694914960117
69	0.018142034232021265
70	0.017279708787602804
71	0.007309608887594927
72	0.0047928951403666395
73	0.4975723790934037
74	0.10644373457266823
75	0.6664286233595221
76	0.11175569566235917
77	0.32100381758685564
78	0.33702317086780925
79	0.9838981538483189
80	0.9838981538483189
81	0.7346031188276403
82	0.08077418408895759
83	0.18484816784601352
84	0.305745894681384
85	0.6347520014624477
86	0.12318811002814867
87	1.0
88	0.01228823415401115
89	0.012901465378461631
90	0.017849913987938726
91	0.018142034232021265
92	0.018142034232021265
93	0.012901465378461631
94	0.010278768401209682
95	0.012489335512977668
96	0.11175569566235917
97	0.31583506350196977
98	0.5574491330158785
99	0.42993972582911677
100	0.614475215120391
101	0.7712627042813436
102	0.566571988000515
103	0.4975723790934037
104	0.5948461590153711
105	0.9524680951766596
106	0.7111366461700486
107	0.7227746524257427
108	0.6884197964379097
109	0.5574491330158785
110	0.5396417421913038
111	0.4739218161276131
112	0.5948461590153711
113	0.4739218161276131
114	0.614475215120391
115	0.892587950404504
116	0.8364723744993591
117	0.8640747434825137
118	0.8640747434825137
119	0.7712627042813436
120	0.6451399456130124
121	0.783884695041549
122	0.22460188780169513
123	0.07569604040982214
124	0.0290490381852773
125	0.02952443611328903
126	0.08343961441458081
127	0.015932618141390912
128	0.015932618141390912
129	0.019047393108381872
130	0.024696375181437153
131	0.11925293695084214
132	0.016727718463300126
133	0.027222771645920248
134	0.783884695041549
135	0.23581040555488308
136	0.8364723744993591
137	0.06979493239667536
138	0.0769348332586572
139	0.027222771645920248
140	0.07947357060372963
141	0.9220420515895166
142	0.3262571601860513
143	0.7712627042813436
144	0.09348055211452129
145	0.1425664978143681
146	0.8640747434825137
147	0.8782156365502339
148	0.892587950404504
149	0.9220420515895166
150	0.1732270593726278
151	0.2959790185358471
152	0.7967132492073021
153	0.21742711012398033
154	0.0675653735631387
155	0.08903724340857931
156	0.009026975134420792
157	0.00932485215470036
158	0.783884695041549
159	0.14489964968096344
160	0.0675653735631387
161	0.1425664978143681
162	0.14027091400017913
163	0.04963373414423629
164	0.014453999040223556
165	0.012693727967806582
166	0.02390746372968351
167	0.11733274450692523
168	0.11733274450692523
169	0.12725313808047323
170	0.12933568132305998
171	0.1336035702664378
172	0.7967132492073021
173	0.7967132492073021
174	0.7227746524257427
175	0.5057153295259776
176	0.4513954094697244
177	0.5852680376789787
178	0.746625162324361
179	0.9680555771461439
180	0.6451399456130124
181	0.6045810297425014
182	0.5948461590153711
183	0.4895605451959158
184	0.5057153295259776
185	0.5309525138815142
186	0.19407281858793524
187	0.2819105719970956
188	0.11358461770178932
189	0.614475215120391
190	0.6347520014624477
191	0.4739218161276131
192	0.24757827243666986
193	0.24757827243666986
194	0.22098538275893195
195	0.42993972582911677
196	0.16769342093829856
197	0.7588439508744756
198	0.7967132492073021
199	1.0
200	1.0
