1	1.0
2	0.9524680951766462
3	0.783884695041549
4	0.8501615448993927
5	0.7588439508744756
6	0.8640747434825012
7	0.39642250686330754
8	0.10138426111191784
9	0.14027091400017713
10	0.5309525138815067
11	0.045764390058399614
12	0.3210038175868511
13	0.11925293695084214
14	0.1314523061326923
15	0.3315964756209393
16	0.277371291338262
17	0.8640747434825012
18	0.8097517472627709
19	0.7227746524257324
20	0.5948461590153626
21	0.4441271100328678
22	0.46629079995639433
23	0.8097517472627709
24	0.783884695041549
25	0.7111366461700385
26	0.836472374499359
27	0.836472374499359
28	0.37150005830873106
29	0.20047693868989172
30	0.18187177108593688
31	0.23201342268366953
32	0.3655182215245033
33	0.481677716615238
34	0.14027091400017713
35	0.6245313223904189
36	1.0
37	0.062298115656567614
38	0.05838153282986845
39	0.06435386265758125
40	0.009632558682416177
41	0.0012458335400746354
42	0.0026717952406333624
43	0.0012869442307717567
44	0.05127157501696131
45	0.7967132492072907
46	0.6773349667878948
47	0.783884695041549
48	0.9680555771461301
49	0.6451399456130031
50	0.4299397258291107
51	0.5948461590153626
52	0.6664286233595221
53	0.6347520014624386
54	0.566571988000515
55	0.08480513362914895
56	0.1380122933233906
57	0.22827757824649536
58	0.40291010336057753
59	0.5057153295259778
60	0.23581040555488306
61	0.2685108255202324
62	0.5224031981891384
63	0.8640747434825012
64	0.6664286233595221
65	0.31583506350196977
66	0.5574491330158785
67	0.3370231708678045
68	0.7346031188276402
69	0.062298115656567614
70	0.04883453939311235
71	0.4975723790934037
72	0.6347520014624386
73	0.7712627042813325
74	0.7712627042813325
75	0.7967132492072907
76	0.3655182215245033
77	0.39642250686330754
78	0.030498699465507456
79	0.031505112088108564
80	0.12120455403275905
81	0.03828064801966439
82	0.004491573493650751
83	0.2865241396118646
84	0.10995622264422977
85	0.23201342268366953
86	0.21048152657828498
87	0.03828064801966439
88	0.012693727967806401
89	0.4975723790934037
90	0.46629079995639433
91	0.5574491330158785
92	0.4299397258291107
93	0.04804821315291624
94	0.5758441417787756
95	0.4299397258291107
96	0.48956054519591574
97	0.46629079995639433
98	0.028581295041563655
99	0.02722277164591986
100	0.23201342268366953
101	0.17322705937262534
102	0.2959790185358471
103	0.8925879504044915
104	0.9524680951766462
105	0.9838981538483188
106	0.9680555771461301
107	0.9680555771461301
108	0.5948461590153626
109	0.6045810297425014
110	0.5574491330158785
111	0.7111366461700385
112	0.053830228305391865
113	0.06030803830703493
114	0.09814559940423298
115	0.6245313223904189
116	0.5224031981891384
117	0.6451399456130031
118	0.6045810297425014
119	0.40291010336057753
120	0.4369758436353278
121	0.5396417421912961
122	0.5758441417787756
123	0.746625162324361
124	0.783884695041549
125	0.7967132492072907
126	0.8501615448993927
127	0.783884695041549
128	0.7712627042813325
129	0.8925879504044915
130	0.9371316004437271
131	0.5396417421912961
132	0.4441271100328678
133	0.5396417421912961
134	0.9071954723294418
135	0.9524680951766462
136	0.8925879504044915
137	0.8782156365502338
138	0.40291010336057753
139	0.3262571601860513
140	0.34253867592860743
141	0.3370231708678045
142	0.31583506350196977
143	0.07947357060372963
144	0.05044600800408381
145	0.061295000982725924
146	0.1314523061326923
147	0.10472979393476875
148	0.062298115656567614
149	0.059336967552506205
150	0.02722277164591986
151	0.02133951404984792
152	0.017849913987938726
153	0.06756537356313774
154	0.04804821315291624
155	0.9071954723294418
156	0.7111366461700385
157	0.3370231708678045
158	0.15462038588000881
159	0.22827757824649536
160	0.2435918051833956
161	0.23581040555488306
162	0.34253867592860743
163	0.8230036250150273
164	0.8925879504044915
165	0.8501615448993927
166	0.8640747434825012
167	0.4975723790934037
168	0.2959790185358471
169	0.11175569566235759
170	0.3900393726467308
171	0.9371316004437271
172	0.746625162324361
173	0.7227746524257324
174	0.6773349667878948
175	0.6664286233595221
176	0.783884695041549
177	0.9220420515895035
178	0.6451399456130031
179	0.37757978999725084
180	0.5758441417787756
181	0.3596327033558796
182	0.5484731728386688
183	0.15462038588000881
184	0.17043778391330164
185	0.4162055494255487
186	0.27290510147824404
187	0.3210038175868511
188	0.3837590186752749
189	0.9838981538483188
190	0.4162055494255487
191	0.3900393726467308
192	0.3315964756209393
193	0.9220420515895035
194	0.9220420515895035
195	0.8925879504044915
196	0.8782156365502338
197	0.7346031188276402
198	0.7712627042813325
199	0.8097517472627709
200	0.9524680951766462
