1	0.9838981538483189
2	0.1972488898661471
3	0.00932485215470036
4	0.010446984132459602
5	0.9838981538483189
6	0.029524436113288616
7	0.026353155917209006
8	0.0997517873372933
9	0.9838981538483189
10	0.07327797408660716
11	0.05127157501696131
12	0.9838981538483189
13	0.019997932954225667
14	0.012693727967806583
15	0.06540703669975813
16	1.0
17	1.0
18	1.0
19	1.0
20	0.6451399456130124
21	1.0
22	1.0
23	1.0
24	1.0
25	0.9524680951766463
26	0.8501615448994049
27	0.9838981538483189
28	0.9524680951766463
29	0.9371316004437271
30	0.42301690250931445
31	0.3538419528953301
32	0.34814444420780405
33	0.6773349667878948
34	0.26851082552023625
35	0.10995622264422822
36	0.3837590186752804
37	0.6045810297425014
38	0.11175569566235918
39	0.029524436113288616
40	0.020657835589543483
41	0.9838981538483189
42	0.009950419076984445
43	0.013112602486345097
44	0.20047693868989458
45	0.9838981538483189
46	0.8782156365502338
47	0.9220420515895166
48	0.9680555771461302
49	0.06647744631284418
50	0.026353155917209006
51	0.022404439747548983
52	0.9220420515895166
53	0.9220420515895166
54	0.07447719441285175
55	0.9220420515895166
56	0.0330773411179359
57	0.020325206299054217
58	0.10995622264422822
59	0.02133951404984792
60	0.08077418408895759
61	0.07947357060372963
62	0.08077418408895759
63	0.08480513362914896
64	0.024298717947761457
65	0.007927630713798602
66	0.1231881100281487
67	0.1878732744065199
68	0.4975723790934037
69	0.7588439508744758
70	0.008189230970776997
71	0.002715520127955496
72	0.00381856306039134
73	0.0023464123579847473
74	0.017562497419084444
75	1.0
76	1.0
77	0.7346031188276403
78	1.0
79	0.034728030561276546
80	0.00032383375060782415
81	0.0021286546673816124
82	0.002851035264810493
83	0.024696375181437157
84	0.8925879504044913
85	0.1212045540327608
86	0.061295000982725924
87	0.04883453939311235
88	0.07209806342155774
89	0.005546852487609716
90	0.9220420515895166
91	0.836472374499359
92	0.9838981538483189
93	0.9838981538483189
94	0.9838981538483189
95	0.9838981538483189
96	0.9071954723294418
97	0.9838981538483189
98	0.0015385376373511798
99	0.00742923325854893
100	0.0004859241323929804
101	0.07093715149650967
102	0.1231881100281487
103	0.9680555771461302
104	0.8640747434825137
105	0.9371316004437271
106	0.08343961441457963
107	0.0009004569039077774
108	0.0001304758899290419
109	0.0003687405884503359
110	0.034728030561276546
111	1.0
112	0.7227746524257428
113	0.9838981538483189
114	1.0
115	0.01445399904022356
116	0.002993313140091832
117	0.005918968568537472
118	0.007309608887594824
119	0.060308038307035794
120	0.6451399456130124
121	0.6451399456130124
122	0.4299397258291168
123	0.22098538275893195
124	0.25574799451756824
125	0.04288725609875964
126	0.06229811565656762
127	0.1732270593726278
128	0.1878732744065199
129	0.3900393726467363
130	0.8501615448994049
131	0.809751747262771
132	0.809751747262771
133	0.809751747262771
134	0.22827757824649536
135	0.1732270593726278
136	0.1878732744065199
137	0.1940728185879353
138	0.1972488898661471
139	0.8230036250150391
140	0.210481526578285
141	0.1380122933233906
142	0.7111366461700385
143	0.7111366461700385
144	0.7967132492072908
145	0.7967132492072908
146	0.836472374499359
147	0.9680555771461302
148	0.9680555771461302
149	0.9680555771461302
150	0.8782156365502338
151	0.8230036250150391
152	0.6996860333005861
153	0.9220420515895166
154	0.7712627042813435
155	0.5484731728386689
156	0.03254473486014822
157	0.025100540218357226
158	0.035296367236228025
159	0.05127157501696131
160	0.026353155917209006
161	0.04963373414423629
162	0.04804821315291625
163	0.9680555771461302
164	0.10304345090533383
165	0.010617952774480096
166	0.0083232506725889
167	0.9838981538483189
168	0.0005443991622033086
169	0.00038714219438704524
170	0.0018097003405784544
171	0.020995908477665932
172	0.25574799451756824
173	1.0
174	1.0
175	1.0
176	1.0
177	0.25574799451756824
178	0.020995908477665932
179	0.001994829555235368
180	0.0011487109132294637
181	0.0034641831191914805
182	1.0
183	0.01445399904022356
184	0.019997932954225667
185	0.0876035794134446
186	0.1231881100281487
187	0.05044600800408453
188	0.06540703669975813
189	0.9371316004437271
190	0.10818572446379239
191	0.9680555771461302
192	0.9524680951766463
193	0.04358912142584555
194	0.0876035794134446
195	0.06867110513305615
196	0.9371316004437271
197	0.9371316004437271
198	0.9071954723294418
199	0.8640747434825137
200	0.9371316004437271
