1	0.4975723790934037
2	0.4975723790934037
3	0.5139915422627543
4	0.4816777166152414
5	0.5758441417787796
6	0.5948461590153626
7	0.5139915422627543
8	0.6144752151203866
9	0.25162997965624534
10	0.3107495359001546
11	0.23201342268367117
12	0.08760357941344457
13	0.6451399456130077
14	0.67733496678789
15	0.8097517472627709
16	0.6664286233595221
17	0.67733496678789
18	0.67733496678789
19	0.6884197964379047
20	0.6556978921951104
21	0.7588439508744703
22	0.6144752151203866
23	0.5574491330158784
24	0.7466251623243609
25	0.4369758436353278
26	0.20709238541955044
27	0.17894329980857734
28	0.18484816784601352
29	0.17322705937262656
30	0.17894329980857734
31	0.2435918051833956
32	0.9524680951766462
33	0.13801229332339154
34	0.04804821315291624
35	0.03472803056127679
36	0.026353155917208628
37	0.02277109643911657
38	0.017849913987938722
39	0.032544734860148215
40	0.7346031188276402
41	0.9838981538483187
42	0.9371316004437337
43	0.67733496678789
44	0.6556978921951104
45	0.6664286233595221
46	0.6884197964379047
47	0.96805557714613
48	0.7466251623243609
49	0.6664286233595221
50	0.5574491330158784
51	0.783884695041549
52	0.8364723744993531
53	0.5139915422627543
54	0.4162055494255546
55	0.4230169025093174
56	0.4162055494255546
57	0.4369758436353278
58	0.4299397258291138
59	0.8925879504044913
60	0.8782156365502338
61	0.8364723744993531
62	0.8925879504044913
63	0.9071954723294352
64	0.8640747434825073
65	0.36551822152450325
66	0.37757978999724817
67	0.35963270335588216
68	0.8501615448993987
69	0.8097517472627709
70	0.8364723744993531
71	0.8501615448993987
72	0.23201342268367117
73	0.2435918051833956
74	0.3964225068633103
75	0.8640747434825073
76	0.823003625015033
77	0.8097517472627709
78	0.7967132492072908
79	0.7967132492072908
80	0.9838981538483187
81	0.96805557714613
82	0.8782156365502338
83	0.2037578156903402
84	0.10138426111191855
85	0.18484816784601352
86	0.2685108255202324
87	0.1704377839133016
88	0.31583506350196755
89	0.5396417421912961
90	0.5139915422627543
91	0.5309525138815067
92	0.823003625015033
93	0.5574491330158784
94	0.5224031981891383
95	0.5396417421912961
96	0.6556978921951104
97	0.783884695041549
98	0.8501615448993987
99	0.8501615448993987
100	0.3315964756209393
101	0.13360357026643585
102	0.10818572446379161
103	0.09814559940423227
104	0.08760357941344457
105	0.25993340216897426
106	0.9524680951766462
107	0.9838981538483187
108	0.96805557714613
109	0.19407281858793385
110	0.04576439005839961
111	0.03828064801966439
112	0.03828064801966439
113	0.08480513362914895
114	0.06435386265758125
115	0.0031941225103010833
116	0.02032520629905407
117	0.01619336115132798
118	0.02168874285044923
119	0.04288725609875963
120	0.059336967552505775
121	0.1597226332147556
122	0.96805557714613
123	0.19407281858793385
124	0.04084874312373917
125	0.13579004060925762
126	0.7588439508744703
127	0.9838981538483187
128	0.14256649781436806
129	0.06435386265758125
130	0.00487133258825638
131	0.02168874285044923
132	0.033077341117935664
133	0.3964225068633103
134	0.9071954723294352
135	0.9838981538483187
136	0.92204205158951
137	0.4162055494255546
138	0.04430247303072497
139	0.024696375181436976
140	0.032544734860148215
141	0.02099590847766578
142	0.03954385360034506
143	0.9524680951766462
144	0.7227746524257324
145	0.5139915422627543
146	0.46629079995640094
147	0.45139540946972123
148	0.4299397258291138
149	0.03705779481220434
150	0.059336967552505775
151	0.48956054519591574
152	0.4739218161276097
153	0.4816777166152414
154	0.0401910029464709
155	0.4975723790934037
156	0.48956054519591574
157	0.04963373414423593
158	0.06435386265758125
159	0.5139915422627543
160	0.9371316004437337
161	0.9838981538483187
162	0.9838981538483187
163	0.9838981538483187
164	0.96805557714613
165	0.9838981538483187
166	0.5574491330158784
167	0.4975723790934037
168	0.5396417421912961
169	0.9838981538483187
170	0.9838981538483187
171	0.5057153295259741
172	0.48956054519591574
173	0.5139915422627543
174	0.5057153295259741
175	0.4739218161276097
176	0.5057153295259741
177	0.8501615448993987
178	0.8640747434825073
179	0.823003625015033
180	0.9071954723294352
181	0.92204205158951
182	0.48956054519591574
183	0.39003937264673355
184	0.2685108255202324
185	0.17894329980857734
186	0.3107495359001546
187	0.823003625015033
188	0.6996860333005909
189	0.02858129504156365
190	0.08480513362914895
191	0.08343961441457963
192	0.1496811268916314
193	0.10644373457266822
194	0.08903724340857869
195	0.5057153295259741
196	0.6884197964379047
197	0.6245313223904232
198	0.5852680376789787
199	0.5948461590153626
200	0.604581029742497
