1	1.0
2	0.30574589468138835
3	0.0358740049446921
4	0.013992274382953427
5	0.008597905811488844
6	0.13801229332339254
7	0.2004769386898946
8	0.12933568132306184
9	0.016458371314135432
10	0.014453999040223764
11	0.015175310452307699
12	0.014453999040223764
13	0.014453999040223764
14	0.020657835589543774
15	0.9838981538483328
16	0.009950419076984586
17	0.0008859578853748478
18	0.0004780998567717995
19	0.0019627091166381696
20	0.022771096439116734
21	0.9838981538483328
22	1.0
23	1.0
24	1.0
25	1.0
26	0.6045810297425014
27	0.6884197964379196
28	0.04151724745489924
29	0.024696375181437157
30	0.03416884515602848
31	0.6664286233595316
32	0.3900393726467363
33	0.4299397258291169
34	0.6556978921951199
35	0.6664286233595316
36	0.2912132099152615
37	0.5484731728386766
38	0.49757237909341084
39	0.6347520014624477
40	0.5057153295259778
41	0.4441271100328742
42	0.164993247273701
43	0.6451399456130125
44	0.4739218161276131
45	0.9838981538483328
46	0.45878265723356515
47	0.3425386759286123
48	0.4895605451959227
49	0.5484731728386766
50	0.5057153295259778
51	0.43697584363533404
52	0.43697584363533404
53	0.16769342093829856
54	0.12520412762878458
55	0.5665719880005149
56	0.7111366461700486
57	0.9524680951766599
58	0.9524680951766599
59	0.3964225068633132
60	0.43697584363533404
61	0.22098538275893506
62	0.11358461770179093
63	0.03828064801966493
64	0.23966952741252573
65	0.2070923854195534
66	0.8640747434825136
67	0.9838981538483328
68	0.9838981538483328
69	0.4162055494255606
70	0.028581295041564064
71	0.5852680376789872
72	0.03828064801966493
73	0.06331764666180247
74	0.18787327440651988
75	0.8925879504045041
76	0.7346031188276506
77	0.8640747434825136
78	0.9680555771461301
79	0.9838981538483328
80	1.0
81	0.9838981538483328
82	0.013112602486345095
83	0.008189230970777112
84	0.007799981223697675
85	0.006316048424506089
86	0.01469054391828043
87	0.9838981538483328
88	0.016727718463300126
89	0.00346418311919148
90	0.00463978887130851
91	0.005369661486237472
92	0.0033535217887888376
93	0.004871332588256415
94	0.9838981538483328
95	0.8925879504045041
96	0.8097517472627709
97	0.8364723744993591
98	0.3964225068633132
99	0.3315964756209441
100	0.4095038717012343
101	0.9838981538483328
102	0.9838981538483328
103	0.9524680951766599
104	0.9680555771461301
105	0.9524680951766599
106	0.9680555771461301
107	0.6884197964379196
108	0.6664286233595316
109	0.10472979393477025
110	0.10644373457266824
111	0.18187177108593947
112	0.6884197964379196
113	0.9220420515895297
114	0.7967132492073021
115	0.8097517472627709
116	0.7967132492073021
117	0.8925879504045041
118	0.8925879504045041
119	0.7588439508744758
120	0.7967132492073021
121	0.9220420515895297
122	0.8782156365502465
123	0.6556978921951199
124	0.2729051014782479
125	0.11544347070632022
126	0.2475782724366734
127	0.3370231708678045
128	0.30574589468138835
129	0.49757237909341084
130	0.4230169025093204
131	0.23966952741252573
132	0.164993247273701
133	0.2475782724366734
134	0.12318811002815044
135	0.15715080394779135
136	0.7967132492073021
137	0.0876035794134446
138	0.08903724340857933
139	0.07947357060372963
140	0.08077418408895874
141	0.4095038717012343
142	0.7712627042813435
143	0.7588439508744758
144	0.8782156365502465
145	0.8782156365502465
146	0.2475782724366734
147	0.12933568132306184
148	0.10995622264422977
149	0.2685108255202363
150	0.29597901853585135
151	0.08619300005539395
152	0.04804821315291693
153	0.04883453939311235
154	0.05560654736795844
155	0.06030803830703665
156	0.2516299796562454
157	0.28652413961186873
158	0.37150005830873634
159	0.5139915422627653
160	0.6347520014624477
161	0.8230036250150508
162	0.8097517472627709
163	0.8097517472627709
164	0.7967132492073021
165	0.7111366461700486
166	0.7588439508744758
167	0.8782156365502465
168	0.5948461590153711
169	0.5852680376789872
170	0.7712627042813435
171	0.15213071221465965
172	0.14968112689163354
173	0.022771096439116734
174	0.052110652730085555
175	0.11925293695084216
176	0.8364723744993591
177	0.8364723744993591
178	0.8364723744993591
179	0.8640747434825136
180	0.12933568132306184
181	0.001994829555235368
182	0.10644373457266824
183	0.009950419076984586
184	0.012693727967806583
185	0.8230036250150508
186	0.9524680951766599
187	0.7111366461700486
188	0.8640747434825136
189	0.36551822152450847
190	0.32625716018605594
191	0.21392613224755938
192	0.22460188780169513
193	0.15715080394779135
194	0.04019100294647176
195	0.04430247303072529
196	0.8925879504045041
197	0.8925879504045041
198	0.8925879504045041
199	0.9838981538483328
200	0.9838981538483328
