1	0.9524680951766462
2	0.937131600443727
3	0.9220420515895166
4	0.9220420515895166
5	0.9524680951766462
6	0.3538419528953301
7	0.00963255868241604
8	0.008881624169591424
9	0.009950419076984445
10	0.014453999040223557
11	0.003092088110184961
12	0.0016417519552458459
13	0.0005443991622033086
14	0.006015834611932685
15	0.0002753110017073124
16	0.0022714575694317367
17	0.006214348384488035
18	0.9680555771461301
19	0.9220420515895166
20	0.9838981538483188
21	0.9838981538483188
22	0.34253867592860743
23	0.16233655139003356
24	0.09049436982916181
25	0.10644373457266673
26	0.6773349667878853
27	0.9680555771461301
28	0.15715080394779135
29	0.11175569566235759
30	0.9524680951766462
31	0.937131600443727
32	0.9680555771461301
33	0.9680555771461301
34	0.9838981538483188
35	0.9680555771461301
36	0.10818572446379238
37	0.1521307122146575
38	0.9838981538483188
39	0.6664286233595221
40	0.9680555771461301
41	0.08760357941344458
42	0.08343961441457963
43	0.154620385880011
44	0.3262571601860513
45	0.9838981538483188
46	0.9524680951766462
47	0.9680555771461301
48	0.9524680951766462
49	0.9680555771461301
50	0.008597905811488844
51	0.003520875718327174
52	0.019675929314445093
53	0.02032520629905422
54	0.5057153295259778
55	0.48956054519591574
56	0.004348092770690338
57	0.014221262971401534
58	0.014690543918280221
59	0.014221262971401534
60	0.011147830387442765
61	0.012288234154010974
62	0.05838153282986845
63	0.614475215120391
64	0.6773349667878853
65	0.6451399456130125
66	0.6556978921951105
67	0.7111366461700385
68	0.9524680951766462
69	0.9220420515895166
70	0.9220420515895166
71	0.8230036250150389
72	0.9220420515895166
73	0.7227746524257428
74	0.7111366461700385
75	0.0794735706037285
76	0.08343961441457963
77	0.10644373457266673
78	0.1972488898661471
79	0.758843950874465
80	0.5057153295259778
81	0.5057153295259778
82	1.0
83	0.45139540946972445
84	0.37150005830873106
85	0.37150005830873106
86	0.11544347070631858
87	0.07327797408660718
88	0.07819389939674361
89	0.3655182215245033
90	0.34253867592860743
91	0.37150005830873106
92	0.21392613224755938
93	0.6556978921951105
94	0.6556978921951105
95	0.3538419528953301
96	0.25574799451756824
97	0.154620385880011
98	0.9524680951766462
99	0.2959790185358471
100	0.2516299796562454
101	0.3775797899972509
102	0.013545299253376991
103	0.002503823749912712
104	0.1597226332147545
105	0.001869417813710169
106	0.00963255868241604
107	0.017849913987938722
108	0.014453999040223557
109	0.02635315591720863
110	0.8364723744993591
111	0.1597226332147545
112	0.06030803830703579
113	0.8230036250150389
114	0.02314375359893894
115	0.013545299253376991
116	0.03049869946550789
117	0.6556978921951105
118	0.7712627042813435
119	0.937131600443727
120	1.0
121	1.0
122	0.22098538275893193
123	0.25993340216897615
124	0.31074953590015464
125	0.614475215120391
126	0.5484731728386688
127	0.45878265723355866
128	0.44412711003286787
129	0.809751747262771
130	0.466290799956401
131	0.7967132492072908
132	0.9220420515895166
133	0.6884197964379097
134	0.746625162324361
135	0.9524680951766462
136	0.9524680951766462
137	0.5665719880005069
138	0.5224031981891458
139	0.47392181612760637
140	0.08209608258032047
141	0.06979493239667438
142	0.21742711012398033
143	0.9071954723294289
144	0.9220420515895166
145	1.0
146	0.6996860333005861
147	0.746625162324361
148	0.14727098441461212
149	0.11544347070631858
150	0.1380122933233906
151	0.8230036250150389
152	0.18484816784601352
153	0.030007614098887924
154	0.8364723744993591
155	0.04430247303072466
156	0.00947745670446487
157	0.013112602486344908
158	0.12933568132305998
159	0.02204368690561934
160	0.02032520629905422
161	0.17043778391330164
162	0.17322705937262783
163	0.7967132492072908
164	0.6664286233595221
165	0.3538419528953301
166	0.3538419528953301
167	0.5396417421912961
168	0.758843950874465
169	0.45139540946972445
170	0.5758441417787837
171	0.40950387170122843
172	0.5057153295259778
173	0.746625162324361
174	0.7712627042813435
175	0.8230036250150389
176	0.3008228213237163
177	0.1597226332147545
178	0.12933568132305998
179	0.1099562226442282
180	0.3538419528953301
181	0.7111366461700385
182	0.32100381758685564
183	0.45878265723355866
184	0.4029101033605775
185	0.37150005830873106
186	0.2959790185358471
187	0.6664286233595221
188	0.6045810297425014
189	0.48956054519591574
190	0.6245313223904277
191	0.5224031981891458
192	0.6245313223904277
193	0.08343961441457963
194	0.04963373414423558
195	0.04358912142584555
196	0.08077418408895759
197	0.9838981538483188
198	0.937131600443727
199	0.9680555771461301
200	1.0
