1	0.006015834611932729
2	0.0036965812672960577
3	0.0031941225103010833
4	0.0016959273764898812
5	0.00209437939741739
6	0.003881055214359103
7	0.00441925086827708
8	0.0045650797047264175
9	0.005114431247540003
10	0.9071954723294482
11	0.9071954723294482
12	0.03254473486014822
13	0.016727718463300126
14	0.004639788871308542
15	0.002851035264810493
16	0.002128654667381612
17	0.0026287744047199277
18	0.010113261253784643
19	0.018740694914960117
20	0.0781938993967436
21	0.2174271101239788
22	0.3315964756209393
23	1.0
24	0.7588439508744703
25	0.6045810297425056
26	0.5852680376789829
27	0.6664286233595221
28	1.0
29	0.06979493239667436
30	0.0025038237499127296
31	0.0007532073245460744
32	6.706350389273315e-05
33	5.172357937089214e-05
34	0.00014150752636944532
35	0.0061142859028680595
36	1.0
37	0.9071954723294482
38	1.0
39	1.0
40	1.0
41	1.0
42	1.0
43	1.0
44	0.9220420515895166
45	0.0061142859028680595
46	0.00024178242661367335
47	4.6923397017945535e-05
48	2.0839952710505188e-05
49	0.0006300371192533642
50	0.0004408281728025209
51	0.034168845156028235
52	0.6884197964379097
53	0.513991542262758
54	0.04576439005839993
55	0.028121083425988992
56	0.016727718463300126
57	0.010113261253784643
58	0.005032079462438799
59	0.004278080449843506
60	0.003881055214359103
61	0.003944570074838709
62	0.011895693606067967
63	0.022771096439116734
64	0.02678443476505548
65	0.4587826572335586
66	0.37757978999724817
67	0.39003937264673355
68	0.8097517472627767
69	0.8925879504044915
70	0.8640747434825075
71	0.7838846950415546
72	0.7838846950415546
73	0.7838846950415546
74	0.17043778391330283
75	0.2599334021689762
76	0.272905101478246
77	0.6556978921951151
78	0.6451399456130078
79	0.5852680376789829
80	0.6245313223904232
81	0.6556978921951151
82	0.4739218161276097
83	0.6347520014624431
84	0.614475215120391
85	0.5665719880005109
86	0.37757978999724817
87	0.24757827243666986
88	0.2516299796562454
89	0.3057458946813862
90	0.37757978999724817
91	0.8640747434825075
92	0.8501615448993988
93	0.6245313223904232
94	0.45139540946972123
95	0.3057458946813862
96	0.6245313223904232
97	0.6773349667878901
98	0.6773349667878901
99	0.3370231708678021
100	0.24359180518339735
101	0.24757827243666986
102	0.34814444420780405
103	0.7227746524257376
104	0.4587826572335586
105	0.4441271100328678
106	0.5574491330158785
107	0.614475215120391
108	0.3596327033558847
109	0.34253867592860743
110	0.40950387170123137
111	0.4230169025093174
112	0.5484731728386688
113	0.7227746524257376
114	0.5484731728386688
115	0.3315964756209393
116	0.5396417421912999
117	0.7712627042813434
118	0.6773349667878901
119	0.8501615448993988
120	0.5852680376789829
121	0.6347520014624431
122	0.513991542262758
123	0.9524680951766462
124	0.9220420515895166
125	0.7111366461700385
126	0.39003937264673355
127	0.34253867592860743
128	0.07327797408660663
129	0.08903724340857869
130	0.32100381758685564
131	0.2174271101239788
132	0.13579004060925762
133	0.08760357941344458
134	0.10138426111191856
135	0.49757237909340374
136	0.4895605451959192
137	0.5057153295259741
138	0.6556978921951151
139	0.40950387170123137
140	0.40950387170123137
141	0.6347520014624431
142	0.5758441417787837
143	0.8097517472627767
144	0.6347520014624431
145	0.28191057199709363
146	0.08343961441457963
147	0.08480513362914954
148	0.9371316004437337
149	0.87821563655024
150	0.9071954723294482
151	0.9220420515895166
152	0.9838981538483188
153	0.9838981538483188
154	0.9371316004437337
155	0.968055577146137
156	0.11175569566235759
157	0.11358461770179012
158	0.13145230613269135
159	0.21392613224755938
160	0.45139540946972123
161	0.4230169025093174
162	0.6556978921951151
163	0.8501615448993988
164	0.9071954723294482
165	0.8925879504044915
166	0.6451399456130078
167	0.3262571601860536
168	0.3315964756209393
169	0.4739218161276097
170	0.8097517472627767
171	0.8925879504044915
172	0.87821563655024
173	0.9838981538483188
174	0.007799981223697619
175	0.00441925086827708
176	0.004009124378788894
177	0.0034641831191914553
178	0.0015893071365663048
179	0.0010591597671173467
180	1.0
181	0.002851035264810493
182	0.002851035264810493
183	0.0045650797047264175
184	0.7838846950415546
185	0.7588439508744703
186	0.7346031188276403
187	0.7838846950415546
188	0.7967132492072908
189	1.0
190	0.968055577146137
191	0.968055577146137
192	0.9371316004437337
193	0.7712627042813434
194	0.746625162324361
195	0.7712627042813434
196	0.7838846950415546
197	0.7838846950415546
198	0.968055577146137
199	0.968055577146137
200	1.0
