1	0.8501615448994048
2	0.1357900406092586
3	0.17043778391330405
4	0.2139261322475624
5	0.37757978999725084
6	0.6245313223904276
7	0.9371316004437403
8	0.2912132099152615
9	0.3107495359001546
10	0.9524680951766596
11	0.9371316004437403
12	0.9524680951766596
13	0.3107495359001546
14	0.25574799451757185
15	0.7227746524257427
16	0.8230036250150506
17	1.0
18	1.0
19	0.9838981538483328
20	0.8640747434825136
21	0.9220420515895166
22	0.44412711003287414
23	0.47392181612761314
24	0.5948461590153711
25	0.585268037678987
26	0.585268037678987
27	0.2865241396118728
28	0.699686033300596
29	1.0
30	0.09814559940423298
31	0.17043778391330405
32	0.5484731728386766
33	0.585268037678987
34	0.20047693868989458
35	0.08480513362915015
36	0.035874004944692096
37	0.03472803056127704
38	0.6144752151203998
39	0.9680555771461438
40	0.9838981538483328
41	0.9071954723294545
42	0.9220420515895166
43	0.9838981538483328
44	1.0
45	1.0
46	0.6451399456130124
47	0.4895605451959227
48	0.4816777166152448
49	0.5948461590153711
50	0.09049436982916181
51	0.0029451152724262676
52	0.002759960588740131
53	0.4029101033605832
54	1.0
55	0.4299397258291168
56	0.4029101033605832
57	0.4029101033605832
58	0.40950387170123426
59	1.0
60	0.4230169025093204
61	0.002759960588740131
62	0.0034641831191915295
63	0.585268037678987
64	0.585268037678987
65	0.5396417421913038
66	0.5396417421913038
67	0.16233655139003356
68	0.4895605451959227
69	0.5309525138815143
70	0.5309525138815143
71	0.5224031981891457
72	0.6144752151203998
73	0.9838981538483328
74	0.9838981538483328
75	0.9524680951766596
76	0.9371316004437403
77	0.9680555771461438
78	0.9220420515895166
79	0.9524680951766596
80	0.005283200023099468
81	0.0009151932040789332
82	0.035874004944692096
83	0.0011487109132294637
84	0.0022348829091087073
85	0.12933568132305998
86	0.4513954094697309
87	0.2865241396118728
88	0.11544347070632022
89	0.7967132492073021
90	0.26851082552023625
91	0.5665719880005149
92	0.6556978921951198
93	0.9838981538483328
94	0.9371316004437403
95	0.9838981538483328
96	0.9838981538483328
97	0.8640747434825136
98	0.8097517472627824
99	0.7838846950415601
100	0.46629079995640094
101	0.5484731728386766
102	0.176061982325188
103	0.21742711012398033
104	0.4299397258291168
105	0.7712627042813435
106	0.06435386265758217
107	0.0007058543855178155
108	0.0004628272327807098
109	0.0011302145468318856
110	0.000960864945202363
111	0.04084874312373918
112	0.9680555771461438
113	0.9680555771461438
114	0.9838981538483328
115	0.9838981538483328
116	0.9838981538483328
117	0.746625162324361
118	0.7588439508744758
119	0.8782156365502464
120	0.836472374499359
121	0.8925879504044913
122	0.9071954723294545
123	1.0
124	0.9838981538483328
125	0.836472374499359
126	0.8501615448994048
127	0.4230169025093204
128	0.15213071221465965
129	0.16769342093829617
130	0.32100381758685564
131	0.21742711012398033
132	0.02352250942683158
133	0.00027531100170731434
134	0.00029378051233887965
135	5.5193506809930345e-05
136	0.0015637163575655676
137	0.0005623635409531145
138	0.14489964968096344
139	1.0
140	1.0
141	1.0
142	1.0
143	1.0
144	1.0
145	0.14489964968096344
146	0.000590427693904873
147	0.0015637163575655676
148	5.17235793708925e-05
149	0.0003345197923062411
150	0.000351213645895612
151	0.0395438536003459
152	0.25162997965624534
153	0.9680555771461438
154	0.8925879504044913
155	0.2139261322475624
156	0.22827757824649858
157	0.2773712913382699
158	0.18187177108593947
159	0.5484731728386766
160	0.5484731728386766
161	0.9838981538483328
162	0.9524680951766596
163	0.6347520014624477
164	0.15715080394779135
165	0.09814559940423298
166	0.06979493239667536
167	0.059336967552507044
168	0.06540703669975813
169	0.5665719880005149
170	0.4029101033605832
171	0.0050320794624388356
172	0.02314375359893927
173	0.01645837131413543
174	0.01189569360606805
175	0.39642250686331315
176	0.1357900406092586
177	0.6773349667879045
178	0.08760357941344458
179	0.23581040555488308
180	0.3900393726467363
181	0.4895605451959227
182	1.0
183	0.9838981538483328
184	0.9680555771461438
185	0.8782156365502464
186	0.9071954723294545
187	1.0
188	1.0
189	1.0
190	0.9680555771461438
191	0.9838981538483328
192	1.0
193	0.9838981538483328
194	0.9838981538483328
195	1.0
196	1.0
197	1.0
198	1.0
199	1.0
200	1.0
