1	1.0
2	0.9838981538483189
3	0.9838981538483189
4	0.9220420515895167
5	0.8782156365502465
6	0.809751747262771
7	0.7588439508744759
8	0.8364723744993591
9	0.8364723744993591
10	0.9524680951766463
11	0.8925879504044915
12	0.8640747434825138
13	0.9071954723294419
14	0.7967132492072909
15	0.5852680376789872
16	0.5139915422627581
17	0.614475215120391
18	0.7346031188276404
19	0.809751747262771
20	0.6245313223904279
21	0.6556978921951199
22	0.6347520014624478
23	0.7588439508744759
24	0.48956054519592274
25	0.23966952741252234
26	0.17043778391330408
27	0.12520412762878283
28	0.10472979393476876
29	0.23581040555488314
30	0.10995622264422979
31	0.1878732744065199
32	0.4299397258291169
33	0.4441271100328679
34	0.614475215120391
35	0.677334966787895
36	0.6245313223904279
37	0.37757978999725095
38	0.5224031981891458
39	0.481677716615238
40	0.3964225068633132
41	0.4299397258291169
42	0.42301690250932045
43	0.49757237909340374
44	0.34814444420780405
45	0.4095038717012343
46	0.5057153295259778
47	0.3158350635019698
48	0.566571988000515
49	0.6045810297425014
50	0.7838846950415602
51	0.33159647562093936
52	0.3008228213237163
53	0.2685108255202325
54	0.3370231708678045
55	0.8925879504044915
56	0.4162055494255547
57	0.32625716018605594
58	0.850161544899405
59	0.7967132492072909
60	0.809751747262771
61	0.6664286233595222
62	0.15462038588001104
63	0.2685108255202325
64	0.9220420515895167
65	0.11925293695084217
66	0.09197534264619908
67	0.2685108255202325
68	0.3964225068633132
69	0.699686033300596
70	0.677334966787895
71	0.699686033300596
72	0.6884197964379097
73	0.6884197964379097
74	0.7838846950415602
75	0.7838846950415602
76	0.809751747262771
77	0.7111366461700386
78	0.5396417421912962
79	0.2641873055176486
80	0.277371291338266
81	0.48956054519592274
82	0.48956054519592274
83	0.38375901867528045
84	0.18484816784601354
85	0.21392613224755938
86	0.23966952741252234
87	0.04963373414423629
88	0.034728030561277046
89	0.42301690250932045
90	0.052963462250909324
91	0.04502749889045438
92	0.11925293695084217
93	0.49757237909340374
94	0.3655182215245086
95	0.32625716018605594
96	0.224601887801692
97	0.23966952741252234
98	0.1940728185879353
99	0.1425664978143681
100	0.19094788792081194
101	0.002503823749912748
102	0.006316048424505999
103	0.011704150977755443
104	0.224601887801692
105	0.9838981538483189
106	0.34814444420780405
107	0.31074953590015464
108	0.3158350635019698
109	0.2912132099152615
110	0.16233655139003358
111	0.3057458946813884
112	0.04151724745489924
113	0.04151724745489924
114	0.6245313223904279
115	0.06756537356313871
116	0.28652413961186873
117	0.6884197964379097
118	0.9220420515895167
119	0.968055577146144
120	0.9524680951766463
121	0.24359180518339907
122	0.24757827243666988
123	0.5948461590153626
124	0.03954385360034535
125	0.055606547367958434
126	0.466290799956401
127	0.9838981538483189
128	0.9838981538483189
129	0.9838981538483189
130	0.4095038717012343
131	0.028581295041564068
132	0.008459463654885606
133	0.566571988000515
134	0.5758441417787838
135	0.6045810297425014
136	0.9524680951766463
137	0.968055577146144
138	0.2174271101239804
139	0.20375781569034312
140	0.32625716018605594
141	0.9838981538483189
142	0.9838981538483189
143	0.9838981538483189
144	0.2599334021689762
145	0.12933568132305998
146	0.1336035702664359
147	0.9838981538483189
148	0.9524680951766463
149	0.3596327033558797
150	0.3655182215245086
151	0.34814444420780405
152	0.3596327033558797
153	0.6556978921951199
154	0.7227746524257326
155	0.19094788792081194
156	0.17322705937262783
157	0.4513954094697245
158	0.5139915422627581
159	0.7712627042813436
160	1.0
161	0.9838981538483189
162	0.9838981538483189
163	0.6664286233595222
164	0.42301690250932045
165	0.4441271100328679
166	0.28652413961186873
167	0.3158350635019698
168	0.3596327033558797
169	0.7712627042813436
170	0.07947357060372963
171	0.04651334071458662
172	0.053830228305392636
173	0.04288725609876025
174	0.07327797408660718
175	0.49757237909340374
176	0.05211065273008482
177	0.277371291338266
178	0.024696375181437157
179	0.7466251623243612
180	0.28652413961186873
181	0.272905101478248
182	0.2641873055176486
183	0.272905101478248
184	0.28652413961186873
185	0.7967132492072909
186	0.7466251623243612
187	0.7227746524257326
188	0.7111366461700386
189	0.001441812238433822
190	0.000816890426252923
191	0.0022348829091087077
192	0.0030422997831473643
193	0.0007907953330514328
194	0.005198130749138963
195	0.11925293695084217
196	0.2685108255202325
197	0.7588439508744759
198	0.614475215120391
199	0.6245313223904279
200	0.968055577146144
