1	0.823003625015039
2	0.566571988000515
3	0.6884197964379097
4	0.27737129133826594
5	0.154620385880011
6	0.18484816784601615
7	0.3425386759286075
8	0.2599334021689725
9	0.6556978921951104
10	0.6884197964379097
11	0.6884197964379097
12	0.9838981538483188
13	0.9680555771461301
14	0.2070923854195534
15	0.1732270593726278
16	0.06331764666180247
17	0.16769342093829617
18	0.2641873055176485
19	0.24757827243667338
20	0.746625162324361
21	0.08480513362914895
22	0.07327797408660716
23	0.7346031188276403
24	0.06647744631284418
25	0.29121320991525734
26	0.02678443476505529
27	0.016727718463300126
28	0.9524680951766598
29	0.9838981538483188
30	0.9524680951766598
31	0.10644373457266824
32	0.04084874312373918
33	0.07093715149650967
34	0.1425664978143681
35	0.746625162324361
36	0.40291010336057753
37	0.3775797899972509
38	0.6556978921951104
39	0.7346031188276403
40	0.9524680951766598
41	0.9524680951766598
42	0.7111366461700487
43	0.699686033300596
44	0.6451399456130033
45	0.331596475620944
46	0.3775797899972509
47	0.9524680951766598
48	0.836472374499359
49	0.8640747434825014
50	0.27737129133826594
51	0.2599334021689725
52	0.2599334021689725
53	0.29597901853585135
54	0.7712627042813326
55	0.7712627042813326
56	0.2435918051833956
57	0.06979493239667438
58	0.017562497419084444
59	0.034168845156027985
60	0.7111366461700487
61	0.7227746524257325
62	0.29121320991525734
63	0.27737129133826594
64	0.9220420515895166
65	0.3008228213237163
66	0.305745894681384
67	0.056516568458294045
68	0.05127157501696131
69	0.012288234154010974
70	0.015175310452307482
71	0.09049436982916054
72	0.08903724340857931
73	0.07947357060372963
74	0.10644373457266824
75	0.28652413961186873
76	0.3008228213237163
77	0.08077418408895759
78	0.5948461590153711
79	0.7588439508744758
80	0.16769342093829617
81	0.07819389939674361
82	0.04883453939311235
83	0.1272531380804732
84	0.7712627042813326
85	0.8640747434825014
86	0.836472374499359
87	0.746625162324361
88	0.7712627042813326
89	0.10472979393476875
90	0.0058236622472702445
91	0.006316048424505998
92	0.1472709844146142
93	0.9838981538483188
94	0.9680555771461301
95	0.9838981538483188
96	0.3370231708678045
97	0.28652413961186873
98	0.15972263321475677
99	0.03890712455342853
100	0.029524436113288616
101	1.0
102	0.746625162324361
103	0.1272531380804732
104	0.10138426111191784
105	0.10304345090533383
106	0.9838981538483188
107	0.004141419638950832
108	0.005369661486237471
109	0.002128654667381612
110	0.04883453939311235
111	0.36551822152450336
112	1.0
113	1.0
114	1.0
115	0.9838981538483188
116	0.3775797899972509
117	0.059336967552506205
118	0.002628774404719928
119	0.0023464123579847473
120	0.003246395470718101
121	0.9220420515895166
122	0.028581295041563655
123	0.02635315591720863
124	0.08077418408895759
125	0.8925879504044913
126	0.783884695041549
127	0.6884197964379097
128	0.7346031188276403
129	0.0358740049446916
130	0.0612950009827268
131	0.08343961441458081
132	0.18484816784601615
133	0.3262571601860513
134	0.9071954723294416
135	0.8925879504044913
136	0.7346031188276403
137	0.2246018878016919
138	0.056516568458294045
139	0.008057369233585077
140	0.029524436113288616
141	0.4230169025093204
142	0.28652413961186873
143	0.45139540946972445
144	0.809751747262771
145	0.699686033300596
146	0.9071954723294416
147	0.18484816784601615
148	0.06979493239667438
149	0.056516568458294045
150	0.007550815325235631
151	0.03361866366814549
152	0.9524680951766598
153	1.0
154	0.9838981538483188
155	0.9680555771461301
156	0.03890712455342853
157	0.04804821315291624
158	0.04651334071458728
159	0.07327797408660716
160	0.14968112689163354
161	0.8501615448994048
162	0.6884197964379097
163	0.9838981538483188
164	0.45878265723355866
165	0.2246018878016919
166	0.2070923854195534
167	0.4230169025093204
168	0.8782156365502339
169	0.783884695041549
170	0.15213071221465752
171	0.2819105719970956
172	0.35384195289533515
173	0.746625162324361
174	0.9220420515895166
175	0.746625162324361
176	0.7588439508744758
177	0.7712627042813326
178	0.7346031188276403
179	0.6045810297425014
180	0.8640747434825014
181	0.8501615448994048
182	0.9071954723294416
183	0.6664286233595221
184	0.6773349667878948
185	0.809751747262771
186	0.7967132492073021
187	0.836472374499359
188	0.21742711012397725
189	0.21742711012397725
190	0.31074953590015464
191	0.305745894681384
192	0.27737129133826594
193	0.29121320991525734
194	0.29121320991525734
195	0.32100381758685564
196	0.305745894681384
197	0.47392181612761314
198	0.5057153295259778
199	0.6245313223904276
200	1.0
