1	0.9680555771461302
2	0.9680555771461302
3	0.9680555771461302
4	0.3655182215245085
5	0.10818572446379239
6	0.08619300005539396
7	0.07447719441285175
8	0.06331764666180247
9	0.08209608258032164
10	0.8364723744993592
11	0.823003625015039
12	0.15213071221465752
13	0.0612950009827268
14	0.1252041276287828
15	0.8640747434825014
16	0.012901465378461817
17	0.008189230970776996
18	0.017562497419084194
19	0.1272531380804732
20	0.11733274450692356
21	0.1030434509053353
22	0.11175569566235917
23	0.9680555771461302
24	0.5758441417787756
25	0.3596327033558797
26	0.2685108255202325
27	0.25993340216897615
28	0.11925293695084216
29	0.331596475620944
30	0.28652413961186873
31	0.3370231708678045
32	0.210481526578285
33	0.3655182215245085
34	0.11733274450692356
35	0.04430247303072529
36	0.10995622264422979
37	0.10138426111191784
38	0.1732270593726278
39	0.3775797899972509
40	0.13579004060925667
41	0.176061982325188
42	0.2516299796562454
43	0.0370577948122046
44	0.023522509426831248
45	0.02390746372968385
46	0.03150511208810857
47	0.051271575016962036
48	0.40950387170123426
49	0.46629079995640094
50	0.03890712455342853
51	0.004419250868277018
52	0.015932618141390915
53	0.8782156365502464
54	0.06331764666180247
55	0.08343961441458081
56	0.6884197964379097
57	0.9680555771461302
58	0.7466251623243612
59	0.699686033300596
60	0.1030434509053353
61	0.09501039487561765
62	0.677334966787895
63	0.8925879504044913
64	0.2641873055176485
65	0.10138426111191784
66	0.01493095993810043
67	0.06979493239667438
68	0.6451399456130033
69	0.9524680951766598
70	0.40950387170123426
71	0.32625716018605594
72	0.08903724340857933
73	0.02812108342598899
74	0.013545299253377184
75	0.04963373414423629
76	0.28652413961186873
77	0.41620554942555466
78	0.2641873055176485
79	0.7466251623243612
80	0.6245313223904277
81	0.6045810297425014
82	0.6451399456130033
83	0.677334966787895
84	0.7346031188276507
85	0.1030434509053353
86	0.0622981156565685
87	0.054711179297213405
88	0.2819105719970956
89	0.014690543918280221
90	0.06647744631284418
91	0.6347520014624477
92	0.48956054519592274
93	0.5396417421912961
94	0.677334966787895
95	0.5948461590153626
96	0.5484731728386766
97	0.513991542262758
98	0.6245313223904277
99	0.7466251623243612
100	0.823003625015039
101	0.6884197964379097
102	0.10818572446379239
103	0.08903724340857933
104	0.09814559940423298
105	0.10138426111191784
106	0.13579004060925667
107	0.3775797899972509
108	0.39642250686331315
109	0.6664286233595221
110	0.47392181612761314
111	0.6347520014624477
112	0.6347520014624477
113	0.7346031188276507
114	0.8097517472627709
115	0.8782156365502464
116	0.8097517472627709
117	0.4369758436353341
118	0.44412711003287414
119	0.6884197964379097
120	0.5574491330158785
121	0.5396417421912961
122	0.030498699465507893
123	0.1030434509053353
124	0.03646109590141792
125	0.026353155917208635
126	0.021688742850449538
127	0.04430247303072529
128	0.1030434509053353
129	0.8925879504044913
130	0.14489964968096344
131	0.0612950009827268
132	0.056516568458294045
133	0.8364723744993592
134	0.7967132492072908
135	0.677334966787895
136	0.7227746524257325
137	0.9524680951766598
138	0.005637628717885407
139	0.0013294115143323943
140	0.0006833062745535759
141	0.001225773320081767
142	0.0026717952406334006
143	0.00873861362363561
144	0.0769348332586583
145	1.0
146	0.9680555771461302
147	0.9838981538483329
148	1.0
149	1.0
150	1.0
151	0.9680555771461302
152	0.07947357060372963
153	0.00932485215470036
154	0.0025038237499127474
155	0.0012458335400746532
156	0.0006099109471023051
157	0.0012869442307717569
158	0.005823662247270245
159	0.46629079995640094
160	0.331596475620944
161	0.35384195289533515
162	0.8097517472627709
163	0.8925879504044913
164	0.9071954723294418
165	0.823003625015039
166	0.7111366461700487
167	0.7111366461700487
168	0.6884197964379097
169	0.49757237909340374
170	0.47392181612761314
171	0.8925879504044913
172	0.6245313223904277
173	0.024298717947761457
174	0.012693727967806583
175	0.01619336115132821
176	0.31074953590015464
177	0.32625716018605594
178	0.9371316004437404
179	0.6556978921951199
180	0.6884197964379097
181	0.13579004060925667
182	0.10818572446379239
183	0.2685108255202325
184	0.23201342268367284
185	0.176061982325188
186	0.8640747434825014
187	0.9680555771461302
188	0.9524680951766598
189	0.9371316004437404
190	0.9371316004437404
191	0.9371316004437404
192	0.8640747434825014
193	0.9071954723294418
194	0.9680555771461302
195	0.12318811002815043
196	0.11925293695084216
197	0.11733274450692356
198	0.11544347070632022
199	0.1496811268916314
200	0.3837590186752804
