1	0.8640747434825014
2	0.1789432998085799
3	0.03202070454638286
4	0.022404439747548983
5	0.0376642589146651
6	0.12725313808047323
7	0.2396695274125257
8	0.23201342268367284
9	0.7346031188276403
10	0.4369758436353279
11	0.466290799956401
12	0.2729051014782441
13	0.2139261322475594
14	0.09348055211451999
15	0.09501039487561766
16	0.6347520014624477
17	1.0
18	0.9371316004437406
19	0.9838981538483189
20	0.6556978921951105
21	0.05933696755250621
22	0.28652413961186873
23	0.4029101033605776
24	0.8925879504044915
25	0.4441271100328678
26	0.040848743123739185
27	0.053830228305392636
28	0.015423659850313085
29	0.6556978921951105
30	0.18484816784601618
31	0.21048152657828498
32	0.2037578156903402
33	0.6245313223904277
34	0.3481444442078041
35	0.3370231708678045
36	0.35384195289533515
37	0.5396417421912962
38	0.9220420515895036
39	0.6884197964379097
40	0.07819389939674361
41	0.15972263321475677
42	0.481677716615238
43	0.5057153295259778
44	0.5224031981891458
45	0.6996860333005961
46	0.09501039487561766
47	0.29597901853585135
48	1.0
49	0.8782156365502464
50	0.3481444442078041
51	0.4095038717012285
52	0.35963270335587966
53	0.1314523061326923
54	0.5057153295259778
55	0.3900393726467363
56	0.4029101033605776
57	0.06540703669975813
58	0.6451399456130033
59	0.5852680376789872
60	0.677334966787895
61	0.4095038717012285
62	0.277371291338266
63	0.08480513362914895
64	0.07693483325865831
65	0.5574491330158785
66	0.6996860333005961
67	0.6664286233595221
68	0.1336035702664378
69	0.10644373457266824
70	0.15715080394779138
71	0.6451399456130033
72	0.6664286233595221
73	0.164993247273701
74	0.2037578156903402
75	0.23201342268367284
76	0.12120455403275907
77	0.6996860333005961
78	0.4587826572335587
79	0.3425386759286075
80	0.3370231708678045
81	0.9220420515895036
82	0.20047693868989175
83	0.1940728185879325
84	0.6884197964379097
85	0.7466251623243612
86	0.6556978921951105
87	0.07093715149650967
88	0.005546852487609638
89	0.10818572446379085
90	0.0876035794134446
91	0.09049436982916054
92	1.0
93	0.12933568132305998
94	0.08619300005539274
95	0.09197534264619908
96	0.05933696755250621
97	0.007927630713798489
98	0.09501039487561766
99	0.10472979393476876
100	0.13801229332339257
101	0.513991542262758
102	0.8925879504044915
103	0.8925879504044915
104	0.9071954723294419
105	0.9838981538483189
106	0.5948461590153626
107	0.14968112689163143
108	0.016193361151328214
109	0.008323250672588899
110	0.0358740049446916
111	0.08343961441458082
112	0.8925879504044915
113	0.04883453939311235
114	0.025928821455018843
115	0.025928821455018843
116	0.0027599605887400924
117	0.10472979393476876
118	0.005283200023099469
119	0.016193361151328214
120	0.12318811002815044
121	0.2516299796562454
122	0.305745894681384
123	0.3210038175868511
124	0.2037578156903402
125	0.2396695274125257
126	0.9524680951766599
127	0.9838981538483189
128	1.0
129	0.9371316004437406
130	0.9838981538483189
131	1.0
132	1.0
133	0.8925879504044915
134	0.7588439508744758
135	0.8782156365502464
136	0.809751747262771
137	0.3158350635019698
138	0.13801229332339257
139	0.1252041276287828
140	0.809751747262771
141	0.22460188780169196
142	0.2358104055548831
143	0.8640747434825014
144	0.3481444442078041
145	0.3370231708678045
146	0.7588439508744758
147	0.19094788792080922
148	0.07447719441285175
149	0.029524436113288616
150	0.098145599404233
151	0.7838846950415602
152	0.9071954723294419
153	0.8925879504044915
154	0.2641873055176485
155	0.21048152657828498
156	0.2729051014782441
157	0.3775797899972509
158	0.8501615448994048
159	0.8640747434825014
160	0.13579004060925667
161	0.07327797408660716
162	0.1940728185879325
163	0.31074953590015464
164	1.0
165	0.8640747434825014
166	0.7466251623243612
167	0.24359180518339563
168	0.08903724340857933
169	0.29121320991525734
170	0.10304345090533532
171	0.6556978921951105
172	0.8782156365502464
173	0.9371316004437406
174	0.9680555771461302
175	0.4299397258291108
176	0.3315964756209441
177	0.2729051014782441
178	0.3425386759286075
179	0.9838981538483189
180	1.0
181	1.0
182	1.0
183	0.3481444442078041
184	0.305745894681384
185	0.3481444442078041
186	0.305745894681384
187	0.9680555771461302
188	0.9838981538483189
189	0.809751747262771
190	0.8364723744993592
191	0.5484731728386689
192	0.6556978921951105
193	0.3210038175868511
194	0.2557479945175683
195	0.2729051014782441
196	0.32625716018605133
197	0.4095038717012285
198	0.9838981538483189
199	1.0
200	0.9838981538483189
