1	0.9838981538483049
2	0.8640747434825012
3	0.8501615448993927
4	0.8640747434825012
5	0.23581040555488308
6	0.176061982325188
7	0.1546203858800088
8	0.23581040555488308
9	0.9680555771461301
10	0.2641873055176448
11	0.04358912142584555
12	0.0017805608241138152
13	0.0007532073245460797
14	0.002463507565100692
15	0.4975723790934037
16	0.4975723790934037
17	0.010278768401209682
18	0.010617952774479944
19	0.0048713325882563455
20	0.022404439747548664
21	1.0
22	0.009790198959862089
23	0.0015137643410159587
24	1.0
25	1.0
26	1.0
27	1.0
28	0.0023086307871880737
29	0.008189230970776996
30	0.9838981538483049
31	0.018142034232021004
32	0.006214348384488034
33	0.00028439586342649995
34	0.001025325519646744
35	0.009324852154700358
36	0.002544799723548124
37	0.002463507565100692
38	0.0024238405452939723
39	0.03202070454638286
40	0.22827757824649533
41	0.6045810297425014
42	0.4587826572335521
43	0.4029101033605775
44	0.3900393726467308
45	0.3837590186752749
46	0.3964225068633075
47	0.3964225068633075
48	0.09656527406216012
49	0.3715000583087258
50	0.3715000583087258
51	0.3538419528953301
52	0.6884197964379
53	0.548473172838661
54	0.5758441417787756
55	0.5224031981891384
56	0.6347520014624387
57	0.6773349667878948
58	0.6773349667878948
59	0.7346031188276299
60	0.937131600443727
61	0.9524680951766462
62	0.3775797899972509
63	0.3008228213237163
64	0.1272531380804732
65	0.040191002946470614
66	0.04651334071458661
67	0.13360357026643588
68	0.6664286233595221
69	0.6773349667878948
70	0.6996860333005861
71	0.7111366461700385
72	0.8501615448993927
73	0.8097517472627709
74	0.35963270335587966
75	0.2959790185358471
76	0.30574589468138397
77	0.3315964756209393
78	0.3655182215245033
79	0.3655182215245033
80	0.9524680951766462
81	0.9680555771461301
82	0.9680555771461301
83	0.9071954723294416
84	0.8230036250150272
85	0.9220420515895035
86	0.548473172838661
87	0.783884695041549
88	0.7967132492072908
89	0.19724888986614708
90	0.20047693868989175
91	0.3008228213237163
92	0.5139915422627507
93	0.5139915422627507
94	0.5139915422627507
95	0.5224031981891384
96	0.6245313223904189
97	0.04430247303072529
98	0.05838153282986846
99	0.04430247303072529
100	0.0472745482168648
101	0.13360357026643588
102	0.9524680951766462
103	0.9524680951766462
104	0.6347520014624387
105	0.548473172838661
106	0.9680555771461301
107	0.9220420515895035
108	0.41620554942554877
109	0.4299397258291107
110	0.4029101033605775
111	0.8640747434825012
112	0.5665719880005068
113	0.9838981538483049
114	0.9838981538483049
115	0.9680555771461301
116	0.9680555771461301
117	0.9524680951766462
118	0.8501615448993927
119	0.5139915422627507
120	0.937131600443727
121	0.3715000583087258
122	0.35963270335587966
123	0.5224031981891384
124	0.9838981538483049
125	0.9680555771461301
126	0.03307734111793589
127	0.011147830387442765
128	0.0018097003405784802
129	0.011330268629776485
130	0.010113261253784499
131	0.026784434765055293
132	0.9838981538483049
133	0.012901465378461815
134	0.019997932954225667
135	0.019359110527732544
136	0.03254473486014775
137	0.14027091400017713
138	0.12120455403275907
139	0.9838981538483049
140	0.9838981538483049
141	0.9838981538483049
142	0.9838981538483049
143	1.0
144	0.12120455403275907
145	0.14489964968096136
146	0.5758441417787756
147	0.4441271100328678
148	0.019359110527732544
149	0.005283200023099393
150	0.0016153167178432556
151	0.026784434765055293
152	0.0008859578853748227
153	0.001206036106664975
154	0.0009301706690873582
155	0.0030422997831473205
156	0.019047393108381605
157	0.9680555771461301
158	0.9071954723294416
159	0.6144752151203823
160	0.6884197964379
161	0.9680555771461301
162	0.07819389939674361
163	0.02099590847766563
164	0.04151724745489865
165	0.03416884515602799
166	0.0769348332586572
167	0.9838981538483049
168	0.9680555771461301
169	0.7111366461700385
170	0.7227746524257325
171	0.6664286233595221
172	0.7111366461700385
173	0.7712627042813325
174	0.8782156365502338
175	0.6045810297425014
176	0.5948461590153626
177	0.6347520014624387
178	0.4975723790934037
179	0.5665719880005068
180	0.27290510147824404
181	0.003520875718327124
182	0.017279708787602804
183	0.48167771661523795
184	0.6347520014624387
185	1.0
186	0.5665719880005068
187	0.5309525138815068
188	0.5224031981891384
189	0.18787327440651988
190	0.41620554942554877
191	0.41620554942554877
192	0.48956054519591574
193	0.02722277164591986
194	0.1521307122146575
195	0.24757827243666633
196	0.2557479945175646
197	0.7712627042813325
198	0.746625162324361
199	0.8501615448993927
200	0.9524680951766462
