1	0.9838981538483189
2	0.9371316004437271
3	1.0
4	0.823003625015039
5	0.809751747262771
6	0.809751747262771
7	0.9371316004437271
8	0.9220420515895167
9	0.07093715149650967
10	0.1818717710859369
11	0.8364723744993591
12	0.0029933131400918106
13	0.0016417519552458459
14	0.002163490864431267
15	0.5224031981891384
16	0.513991542262758
17	0.03361866366814549
18	0.022043686905619496
19	0.003944570074838709
20	0.01843893512866397
21	0.06756537356313871
22	0.08343961441458082
23	1.0
24	0.1336035702664378
25	0.02858129504156366
26	0.005918968568537429
27	0.0001776141246681195
28	0.0002055541213394046
29	0.006114285902868104
30	0.01843893512866397
31	0.06647744631284419
32	0.36551822152450336
33	0.8640747434825137
34	0.8501615448994049
35	0.783884695041549
36	0.9371316004437271
37	1.0
38	0.27737129133826594
39	0.05933696755250621
40	0.006962169253653824
41	0.0006000902548658419
42	0.0005904276939048648
43	0.006631244087325118
44	0.014453999040223766
45	0.027668282067045125
46	0.023907463729683682
47	0.014453999040223766
48	0.08903724340857931
49	0.08077418408895759
50	0.0997517873372933
51	0.47392181612761314
52	0.7712627042813436
53	0.7588439508744758
54	0.783884695041549
55	0.783884695041549
56	0.7588439508744758
57	0.7111366461700487
58	0.8782156365502339
59	1.0
60	1.0
61	0.809751747262771
62	0.7588439508744758
63	0.8364723744993591
64	0.7466251623243612
65	0.6996860333005861
66	0.8364723744993591
67	0.9838981538483189
68	0.5484731728386688
69	0.5948461590153712
70	0.6884197964379097
71	0.9071954723294418
72	0.9071954723294418
73	0.40291010336057753
74	0.3425386759286075
75	0.39642250686331315
76	0.32625716018605133
77	0.3596327033558848
78	0.8640747434825137
79	0.21048152657828498
80	0.11925293695084216
81	0.1380122933233906
82	0.6556978921951105
83	0.7227746524257325
84	0.677334966787895
85	0.6556978921951105
86	0.2209853827589351
87	0.32100381758685564
88	0.305745894681384
89	0.8501615448994049
90	0.11358461770178932
91	0.01843893512866397
92	0.015423659850313087
93	0.16769342093829856
94	0.21048152657828498
95	0.6664286233595317
96	0.1314523061326923
97	0.154620385880011
98	0.614475215120391
99	0.7466251623243612
100	0.3158350635019698
101	0.5057153295259778
102	0.5665719880005149
103	0.022771096439116574
104	0.08903724340857931
105	0.39003937264673083
106	0.32100381758685564
107	0.3315964756209441
108	0.027222771645920248
109	0.008057369233584964
110	0.00033451979230624115
111	0.00027531100170731244
112	0.0006099109471023051
113	0.008189230970777055
114	0.06540703669975813
115	0.28652413961186873
116	0.40291010336057753
117	0.2004769386898946
118	0.19094788792080922
119	0.9680555771461302
120	0.037664258914665634
121	0.03361866366814549
122	0.030007614098887924
123	0.05744148237014259
124	1.0
125	1.0
126	1.0
127	0.052963462250909324
128	0.023522509426831418
129	0.0358740049446916
130	0.03646109590141792
131	1.0
132	0.1231881100281487
133	0.15972263321475677
134	0.34814444420780405
135	0.9220420515895167
136	0.9220420515895167
137	0.9838981538483189
138	0.40291010336057753
139	0.055606547367958434
140	0.021339514049848074
141	0.006419412822152471
142	0.002198897168339217
143	0.001225773320081767
144	0.023907463729683682
145	0.04883453939311235
146	0.098145599404233
147	1.0
148	0.9524680951766598
149	0.1314523061326923
150	0.06647744631284419
151	0.9838981538483189
152	0.018740694914960117
153	0.01784991398793885
154	0.020995908477665932
155	0.03361866366814549
156	0.014221262971401433
157	0.03416884515602799
158	0.037664258914665634
159	0.01843893512866397
160	0.05651656845829486
161	0.12933568132305998
162	0.8640747434825137
163	0.7712627042813436
164	0.5758441417787837
165	0.6045810297425014
166	0.823003625015039
167	0.8640747434825137
168	0.9680555771461302
169	0.8640747434825137
170	0.8364723744993591
171	0.8364723744993591
172	0.24359180518339563
173	0.17894329980857993
174	0.12520412762878458
175	0.10138426111191928
176	0.08760357941344458
177	0.10995622264422977
178	0.23201342268367284
179	0.9524680951766598
180	0.9838981538483189
181	0.9838981538483189
182	0.06435386265758125
183	0.06540703669975813
184	1.0
185	0.9838981538483189
186	0.9838981538483189
187	0.9838981538483189
188	0.9680555771461302
189	0.06331764666180247
190	0.06030803830703579
191	1.0
192	1.0
193	0.23201342268367284
194	0.154620385880011
195	0.15972263321475677
196	0.154620385880011
197	0.16233655139003356
198	0.1818717710859369
199	0.36551822152450336
200	1.0
