1	0.6045810297425099
2	0.305745894681384
3	0.251629979656249
4	0.35963270335588476
5	0.4369758436353341
6	0.4895605451959228
7	0.09975178733729329
8	0.08209608258032164
9	0.49757237909340374
10	0.3775797899972563
11	0.5224031981891458
12	0.968055577146144
13	0.5852680376789872
14	0.41620554942555466
15	0.505715329525985
16	0.055606547367958434
17	0.055606547367958434
18	0.11358461770179093
19	0.466290799956401
20	0.3158350635019698
21	0.33159647562093936
22	0.35963270335588476
23	0.614475215120391
24	0.9524680951766599
25	0.9524680951766599
26	0.9524680951766599
27	0.6884197964379097
28	0.5758441417787838
29	0.5309525138815143
30	0.7346031188276403
31	0.8097517472627824
32	0.6996860333005961
33	0.34253867592860743
34	0.40291010336058325
35	0.33159647562093936
36	0.4095038717012285
37	0.40291010336058325
38	0.4369758436353341
39	0.9524680951766599
40	0.33159647562093936
41	0.305745894681384
42	0.31074953590015464
43	0.47392181612761314
44	0.9371316004437404
45	0.9371316004437404
46	0.9071954723294419
47	0.7588439508744758
48	0.6773349667879046
49	0.6884197964379097
50	0.2641873055176485
51	0.1425664978143681
52	0.10644373457266824
53	0.3775797899972563
54	0.6556978921951105
55	0.614475215120391
56	0.6451399456130125
57	0.7712627042813435
58	0.8097517472627824
59	0.5396417421913039
60	0.44412711003286787
61	0.23966952741252573
62	0.07819389939674361
63	0.06331764666180337
64	0.5396417421913039
65	0.47392181612761314
66	0.2959790185358472
67	0.6884197964379097
68	0.49757237909340374
69	0.614475215120391
70	0.5665719880005149
71	0.6996860333005961
72	0.06435386265758125
73	0.01645837131413567
74	0.015676073575284756
75	0.1380122933233906
76	0.15972263321475677
77	0.8640747434825136
78	0.7967132492073022
79	0.8097517472627824
80	0.8097517472627824
81	0.031505112088109015
82	0.009026975134420792
83	0.01645837131413567
84	0.1380122933233906
85	0.07209806342155775
86	0.3655182215245085
87	0.41620554942555466
88	0.31074953590015464
89	0.21392613224755938
90	0.17322705937262783
91	0.11925293695084216
92	0.1013842611119193
93	0.3900393726467363
94	0.20375781569034312
95	0.2912132099152615
96	0.2959790185358472
97	0.19407281858793526
98	0.20375781569034312
99	0.2641873055176485
100	0.3715000583087311
101	0.44412711003286787
102	0.5396417421913039
103	0.2819105719970996
104	0.05933696755250705
105	0.04019100294647119
106	0.8364723744993591
107	0.005114431247540004
108	0.006419412822152426
109	0.029049038185277303
110	0.002945115272426268
111	0.0013294115143323946
112	0.025928821455018475
113	0.0675653735631387
114	0.23966952741252573
115	0.968055577146144
116	0.9524680951766599
117	0.9524680951766599
118	0.23966952741252573
119	0.05838153282986846
120	0.012693727967806583
121	0.0006944888267967183
122	0.0015637163575655678
123	0.03890712455342798
124	0.045027498890454376
125	0.0612950009827268
126	0.17322705937262783
127	0.15715080394779357
128	0.25574799451756824
129	0.6556978921951105
130	0.49757237909340374
131	0.3775797899972563
132	0.23581040555488644
133	0.35384195289533515
134	0.272905101478248
135	0.6996860333005961
136	0.823003625015039
137	0.6664286233595222
138	0.14968112689163354
139	0.24757827243666988
140	0.5309525138815143
141	0.8097517472627824
142	0.6773349667879046
143	0.5574491330158785
144	0.251629979656249
145	0.33702317086780925
146	0.12933568132305998
147	0.5484731728386688
148	0.3158350635019698
149	0.5758441417787838
150	0.5574491330158785
151	0.9524680951766599
152	0.44412711003286787
153	0.3837590186752804
154	0.3775797899972563
155	0.24757827243666988
156	0.0675653735631387
157	0.10818572446379239
158	0.17322705937262783
159	0.14027091400017916
160	0.9371316004437404
161	0.49757237909340374
162	0.47392181612761314
163	0.2959790185358472
164	0.2819105719970996
165	0.4816777166152449
166	0.49757237909340374
167	0.513991542262758
168	0.7227746524257428
169	0.2912132099152615
170	0.4369758436353341
171	0.305745894681384
172	0.5758441417787838
173	0.32625716018605594
174	0.4095038717012285
175	0.2282775782464954
176	0.3210038175868557
177	0.27737129133826594
178	0.4895605451959228
179	0.6451399456130125
180	0.8640747434825136
181	0.42301690250932045
182	0.42301690250932045
183	0.10995622264422977
184	0.26851082552023625
185	0.23581040555488644
186	0.22098538275893195
187	0.3655182215245085
188	0.18787327440652257
189	0.04963373414423629
190	0.127253138080475
191	0.47392181612761314
192	0.4513954094697309
193	0.2599334021689762
194	0.513991542262758
195	0.6556978921951105
196	0.614475215120391
197	0.34253867592860743
198	0.42301690250932045
199	0.6045810297425099
200	0.8925879504044915
