1	0.9524680951766462
2	0.9371316004437271
3	0.9071954723294418
4	0.9838981538483189
5	0.9838981538483189
6	0.5852680376789872
7	0.48167771661523795
8	0.699686033300596
9	0.9371316004437271
10	0.7227746524257325
11	0.699686033300596
12	0.7466251623243505
13	0.9524680951766462
14	0.41620554942554877
15	0.42993972582910467
16	0.6556978921951104
17	0.8501615448993927
18	0.8925879504044787
19	0.8782156365502338
20	0.8501615448993927
21	0.466290799956401
22	0.3775797899972455
23	0.15213071221465535
24	0.20709238541955044
25	0.23966952741251887
26	0.45878265723355216
27	0.12933568132305814
28	0.11358461770178933
29	0.27290510147824015
30	0.42993972582910467
31	0.35384195289533515
32	0.2282775782464921
33	0.4029101033605775
34	0.09348055211451865
35	0.08077418408895529
36	0.1940728185879325
37	0.2004769386898889
38	0.2004769386898889
39	0.21048152657828198
40	0.31074953590015464
41	0.38375901867527495
42	0.6556978921951104
43	0.5574491330158785
44	0.36551822152450336
45	0.300822821323712
46	0.35963270335587455
47	0.3900393726467363
48	0.6347520014624387
49	0.6664286233595221
50	0.6556978921951104
51	0.5852680376789872
52	0.4369758436353279
53	0.25993340216897615
54	0.4029101033605775
55	0.16233655139003125
56	0.24757827243666988
57	0.5396417421912885
58	0.9524680951766462
59	0.1972488898661499
60	0.02635315591720826
61	0.0002089180882547865
62	1.60730782845992e-05
63	3.8618125843789045e-05
64	8.417520853263029e-05
65	5.519350680992956e-05
66	0.0010421053394971728
67	1.0
68	0.002805128333603497
69	0.0001926312627086003
70	0.0021634908644312515
71	1.0
72	0.009174704819918202
73	0.00010565307984570667
74	0.0028976934794106525
75	1.0
76	0.006850065475449428
77	0.0016417519552458227
78	0.0008438466194897108
79	0.0006300371192533597
80	0.5057153295259778
81	0.5057153295259778
82	0.001538537637351136
83	0.00076553383254156
84	0.0001805208435176092
85	0.023522509426831248
86	1.0
87	1.0
88	1.0
89	1.0
90	0.02429871794776111
91	0.0012662220527620764
92	0.0006614784499805246
93	0.001751890507660224
94	0.010278768401209537
95	0.0006099109471023051
96	0.0008302591310470595
97	0.003757077145472372
98	0.006850065475449428
99	1.0
100	0.00135116781054284
101	0.00011836713659177976
102	0.009174704819918202
103	1.0
104	0.002198897168339186
105	0.00025384832083937166
106	0.0025038237499126763
107	1.0
108	1.0
109	0.0009453932456821709
110	5.701481207581245e-05
111	3.8618125843789045e-05
112	0.00031348906834405315
113	0.00037477516042497033
114	0.001780560824113815
115	0.038907124553427985
116	0.21048152657828198
117	0.8782156365502338
118	0.783884695041549
119	0.5139915422627507
120	0.18484816784601352
121	0.22098538275893193
122	0.41620554942554877
123	0.2685108255202324
124	0.10304345090533384
125	0.3210038175868511
126	0.47392181612760637
127	0.32625716018604667
128	0.3425386759286026
129	0.5396417421912885
130	0.5852680376789872
131	0.48167771661523795
132	0.4975723790933967
133	0.6556978921951104
134	0.5057153295259778
135	0.35963270335587455
136	0.45878265723355216
137	0.5574491330158785
138	0.5396417421912885
139	0.42993972582910467
140	0.8364723744993591
141	0.7111366461700386
142	0.5574491330158785
143	0.5665719880005069
144	0.5484731728386688
145	0.645139945612994
146	0.4369758436353279
147	0.006214348384487946
148	0.012693727967806222
149	0.025928821455018472
150	0.17322705937262783
151	0.21048152657828198
152	0.4029101033605775
153	0.8925879504044787
154	0.45878265723355216
155	0.5139915422627507
156	0.2959790185358471
157	0.25574799451756824
158	0.2516299796562418
159	0.4441271100328678
160	0.02277109643911673
161	0.026784434765055293
162	0.35384195289533515
163	0.3210038175868511
164	0.29121320991525734
165	0.6884197964379
166	0.8782156365502338
167	0.8925879504044787
168	0.6773349667878853
169	0.05044600800408381
170	0.04502749889045374
171	0.305745894681384
172	0.0612950009827268
173	0.09975178733729188
174	0.7111366461700386
175	0.9371316004437271
176	0.9524680951766462
177	0.9071954723294418
178	0.2819105719970956
179	0.05383022830539186
180	0.08480513362914774
181	0.0876035794134446
182	0.1425664978143681
183	0.9220420515894904
184	0.08209608258032047
185	0.02551131956105536
186	0.04084874312373918
187	0.9071954723294418
188	0.9071954723294418
189	0.9371316004437271
190	0.9838981538483189
191	1.0
192	0.9524680951766462
193	0.10818572446379085
194	0.03828064801966439
195	0.04288725609875903
196	0.9071954723294418
197	0.6556978921951104
198	0.6347520014624387
199	0.6773349667878853
200	0.7588439508744758
