1	1.0
2	0.9838981538483049
3	1.0
4	0.8364723744993472
5	0.8097517472627594
6	0.6996860333005861
7	0.8364723744993472
8	0.6884197964379
9	0.758843950874465
10	0.6664286233595221
11	0.3715000583087311
12	0.38375901867527495
13	0.45878265723355216
14	0.9680555771461163
15	0.9838981538483049
16	1.0
17	0.003042299783147321
18	0.0006300371192533597
19	0.0026287744047198904
20	0.003520875718327124
21	0.0043480927706903375
22	0.062298115656567614
23	0.4739218161276064
24	0.5396417421912961
25	0.14256649781436606
26	0.9838981538483049
27	1.0
28	0.028121083425988593
29	0.03529636723622752
30	0.062298115656567614
31	0.5758441417787756
32	0.07093715149650867
33	0.4299397258291107
34	0.9371316004437271
35	1.0
36	1.0
37	1.0
38	0.17894329980857737
39	0.5758441417787756
40	0.05127157501696058
41	0.019047393108381605
42	0.0007058543855178055
43	0.0023464123579847143
44	0.0012060361066649579
45	0.0009151932040789073
46	1.0
47	1.0
48	1.0
49	0.9680555771461163
50	0.9838981538483049
51	0.9838981538483049
52	0.039543853600344785
53	0.031505112088108564
54	0.024696375181436803
55	0.019997932954225386
56	0.1231881100281487
57	0.040191002946470614
58	0.48167771661523806
59	0.48167771661523806
60	0.48956054519590886
61	0.11925293695084045
62	0.06331764666180247
63	0.04963373414423558
64	0.9371316004437271
65	0.9524680951766463
66	0.14256649781436606
67	0.040191002946470614
68	0.040191002946470614
69	0.0008302591310470595
70	0.00135116781054284
71	0.0014893899404870186
72	0.007429233258548825
73	0.008597905811488723
74	1.0
75	0.9680555771461163
76	0.9524680951766463
77	0.33702317086779965
78	0.24359180518339216
79	0.2729051014782402
80	0.9371316004437271
81	0.8097517472627594
82	0.6773349667878853
83	0.6664286233595221
84	0.758843950874465
85	0.9838981538483049
86	0.8501615448993928
87	0.4299397258291107
88	0.20375781569033732
89	0.17043778391329922
90	0.21742711012397725
91	0.8640747434825012
92	0.015423659850312866
93	0.008459463654885485
94	0.0101132612537845
95	0.011515692539375573
96	0.18187177108593688
97	0.030498699465507893
98	0.006850065475449526
99	0.0001664478089116465
100	8.017420053217135e-05
101	0.0020274756563298415
102	0.0069621692536537255
103	0.013992274382953229
104	0.0744771944128507
105	1.0
106	0.6245313223904189
107	0.10818572446379086
108	0.023143753598938943
109	0.277371291338266
110	0.5948461590153626
111	0.17322705937262536
112	0.08480513362914774
113	0.014221262971401333
114	0.013992274382953229
115	1.0
116	1.0
117	1.0
118	1.0
119	0.9680555771461163
120	0.9680555771461163
121	0.043589121425845555
122	0.040848743123738596
123	0.03646109590141792
124	0.1448996496809614
125	0.9071954723294289
126	0.7111366461700386
127	1.0
128	0.1272531380804714
129	0.012693727967806401
130	0.02133951404984762
131	1.0
132	0.9071954723294289
133	0.07569604040982107
134	0.014930959938100218
135	0.007429233258548825
136	0.0044192508682770176
137	0.002271457569431737
138	0.0005443991622033009
139	0.008323250672588782
140	0.034728030561276546
141	1.0
142	1.0
143	0.9838981538483049
144	0.9838981538483049
145	0.9838981538483049
146	0.9838981538483049
147	0.15715080394778913
148	0.1314523061326904
149	0.14256649781436606
150	0.13579004060925667
151	0.06540703669975813
152	0.06867110513305615
153	0.06435386265758034
154	0.09348055211451997
155	0.20375781569033732
156	0.2729051014782402
157	0.1676934209382962
158	0.21392613224755636
159	0.1760619823251855
160	0.6245313223904189
161	0.8640747434825012
162	0.8501615448993928
163	0.3008228213237163
164	0.2641873055176448
165	0.3775797899972455
166	0.20375781569033732
167	0.7111366461700386
168	0.34253867592860254
169	0.210481526578282
170	0.2685108255202325
171	0.5224031981891384
172	0.44412711003286787
173	0.7712627042813326
174	0.783884695041549
175	0.7111366461700386
176	0.7967132492072908
177	0.8097517472627594
178	0.7346031188276299
179	0.7346031188276299
180	0.8782156365502214
181	0.5574491330158786
182	0.5396417421912961
183	0.5057153295259706
184	0.4162055494255547
185	0.48167771661523806
186	0.6245313223904189
187	0.4029101033605775
188	0.20709238541955047
189	0.13579004060925667
190	0.22098538275893195
191	0.31074953590015464
192	0.7712627042813326
193	0.9071954723294289
194	0.9071954723294289
195	0.5057153295259706
196	0.43697584363532166
197	0.48956054519590886
198	0.6664286233595221
199	0.9524680951766463
200	0.9838981538483049
