1	0.45139540946972445
2	0.2209853827589351
3	0.19094788792081194
4	0.2004769386898946
5	0.059336967552506205
6	0.04804821315291693
7	0.2641873055176485
8	0.2685108255202363
9	0.16769342093829856
10	0.17043778391330405
11	0.8782156365502465
12	0.9071954723294418
13	0.8501615448994049
14	0.8364723744993591
15	0.1357900406092586
16	0.2912132099152615
17	0.2475782724366734
18	0.30082282132372057
19	0.9371316004437404
20	1.0
21	1.0
22	0.18787327440652254
23	0.010791719379643227
24	0.013992274382953624
25	0.01999793295422595
26	0.04502749889045502
27	0.2475782724366734
28	0.9838981538483329
29	0.9371316004437404
30	0.9371316004437404
31	1.0
32	1.0
33	1.0
34	0.892587950404504
35	0.892587950404504
36	0.8230036250150506
37	0.8230036250150506
38	0.7588439508744758
39	0.8640747434825137
40	0.6884197964379196
41	0.048834539393113045
42	0.04651334071458728
43	0.2475782724366734
44	0.9838981538483329
45	0.3655182215245085
46	0.08760357941344458
47	0.08209608258032164
48	0.06979493239667536
49	0.07327797408660718
50	0.009324852154700492
51	0.020995908477666227
52	0.058381532829869284
53	0.04288725609876025
54	0.04019100294647176
55	0.08619300005539396
56	0.9838981538483329
57	0.9371316004437404
58	0.9524680951766598
59	0.9838981538483329
60	0.9838981538483329
61	0.9838981538483329
62	0.9371316004437404
63	0.9371316004437404
64	0.04084874312373918
65	0.0547111792972134
66	0.019047393108381876
67	0.013112602486345095
68	0.9220420515895297
69	0.892587950404504
70	0.6347520014624477
71	0.1472709844146142
72	0.14489964968096553
73	0.8640747434825137
74	0.8782156365502465
75	0.892587950404504
76	0.9838981538483329
77	0.0547111792972134
78	0.03766425891466617
79	0.429939725829123
80	0.6884197964379196
81	0.9524680951766598
82	0.9838981538483329
83	0.3057458946813884
84	0.03254473486014868
85	0.04727454821686548
86	0.04084874312373918
87	0.04430247303072529
88	0.05127157501696203
89	0.8097517472627824
90	1.0
91	0.9838981538483329
92	0.32100381758686025
93	0.2320134226836761
94	0.2516299796562454
95	0.9071954723294418
96	0.31583506350196977
97	0.3900393726467363
98	0.9680555771461439
99	0.9838981538483329
100	0.9220420515895297
101	0.35963270335588987
102	0.1336035702664378
103	0.20375781569034312
104	0.2516299796562454
105	0.07947357060372963
106	0.06435386265758217
107	0.3425386759286123
108	0.7227746524257428
109	0.5139915422627652
110	0.7712627042813545
111	0.5396417421913039
112	0.5852680376789872
113	0.8782156365502465
114	0.7227746524257428
115	0.5948461590153711
116	0.5574491330158864
117	0.9220420515895297
118	0.9071954723294418
119	0.7838846950415601
120	0.5139915422627652
121	0.2320134226836761
122	0.3964225068633132
123	0.09656527406216286
124	0.05651656845829486
125	0.030498699465507893
126	0.13801229332339254
127	0.566571988000515
128	0.009950419076984587
129	0.023522509426831584
130	0.0009151932040789202
131	0.0030422997831473643
132	0.03828064801966493
133	0.9371316004437404
134	0.9524680951766598
135	0.9680555771461439
136	1.0
137	0.9838981538483329
138	0.04727454821686548
139	0.04727454821686548
140	0.0547111792972134
141	0.059336967552506205
142	0.22460188780169513
143	0.7967132492073021
144	0.03705779481220461
145	0.017562497419084444
146	0.566571988000515
147	0.08209608258032164
148	0.07947357060372963
149	0.09814559940423298
150	0.6556978921951198
151	0.7111366461700487
152	0.8364723744993591
153	0.9524680951766598
154	0.4095038717012343
155	0.2819105719970956
156	0.2819105719970956
157	0.11733274450692358
158	0.1472709844146142
159	0.12318811002815043
160	0.08209608258032164
161	0.25993340216897987
162	0.30082282132372057
163	0.9838981538483329
164	0.11358461770179093
165	0.055606547367958434
166	0.06331764666180337
167	0.0769348332586583
168	0.21392613224756243
169	0.9838981538483329
170	0.9838981538483329
171	0.9371316004437404
172	0.9371316004437404
173	0.19094788792081194
174	0.04019100294647176
175	0.015676073575284753
176	0.01727970878760305
177	0.059336967552506205
178	0.9371316004437404
179	0.22460188780169513
180	0.1972488898661499
181	0.210481526578285
182	0.7588439508744758
183	0.9838981538483329
184	0.9680555771461439
185	0.9371316004437404
186	0.9524680951766598
187	0.9680555771461439
188	0.9071954723294418
189	0.9071954723294418
190	0.013766972933527001
191	0.06867110513305712
192	0.023143753598939273
193	0.03202070454638332
194	0.027222771645920633
195	0.10304345090533532
196	0.38375901867528583
197	0.9071954723294418
198	0.010278768401209684
199	0.050446008004085253
200	0.10138426111191928
