1	1.0
2	0.1272531380804714
3	0.002544799723548124
4	0.004491573493650751
5	9.584799567368471e-05
6	0.00024573928273773744
7	0.010617952774479944
8	0.9838981538483188
9	0.034728030561276546
10	0.37150005830872573
11	0.14256649781436806
12	0.03202070454638286
13	0.020325206299054217
14	0.01311260248634491
15	0.011895693606067882
16	0.012090370898187257
17	0.012288234154010973
18	0.016458371314135196
19	0.7588439508744756
20	1.0
21	1.0
22	0.9838981538483188
23	0.9838981538483188
24	0.9838981538483188
25	1.0
26	0.7466251623243505
27	1.0
28	0.010113261253784643
29	0.011515692539375575
30	0.0066312440873250705
31	0.011704150977755439
32	0.012901465378461631
33	0.016458371314135196
34	0.05744148237014259
35	0.18484816784601352
36	0.4230169025093204
37	0.9680555771461162
38	0.9680555771461162
39	0.9524680951766598
40	0.9680555771461162
41	0.9838981538483188
42	0.9838981538483188
43	0.9524680951766598
44	0.937131600443727
45	0.9838981538483188
46	0.007799981223697563
47	0.01935911052773254
48	0.015932618141390686
49	0.010446984132459453
50	0.030007614098887924
51	0.0019627091166381414
52	0.0014893899404870398
53	0.003637059484442844
54	0.010617952774479944
55	0.024298717947761454
56	0.023143753598938943
57	0.028581295041563655
58	0.9838981538483188
59	1.0
60	0.9680555771461162
61	0.09656527406216012
62	0.02635315591720863
63	0.034168845156027985
64	0.024696375181436803
65	0.14027091400017713
66	0.12120455403275905
67	0.12120455403275905
68	0.030997821620274372
69	0.021688742850449225
70	0.12120455403275905
71	0.8640747434825012
72	0.3315964756209393
73	0.9071954723294416
74	0.1272531380804714
75	0.14968112689163351
76	0.14027091400017713
77	0.19724888986614988
78	0.5665719880005069
79	0.6045810297425014
80	0.06867110513305613
81	0.09656527406216012
82	0.7712627042813326
83	0.783884695041549
84	0.8501615448993928
85	0.937131600443727
86	1.0
87	0.9838981538483188
88	0.9220420515895034
89	0.9071954723294416
90	0.2037578156903402
91	0.1173327445069219
92	0.09348055211451997
93	0.17322705937262534
94	0.2246018878016919
95	0.09501039487561765
96	0.07569604040982106
97	0.8364723744993472
98	0.5139915422627507
99	0.937131600443727
100	0.15213071221465535
101	0.19724888986614988
102	0.038907124553427985
103	0.23581040555488306
104	0.7712627042813326
105	0.007309608887594823
106	0.0018393167356805958
107	0.08760357941344458
108	0.21392613224755938
109	0.09656527406216012
110	0.14027091400017713
111	0.823003625015039
112	0.28191057199709557
113	0.7227746524257324
114	0.002851035264810493
115	0.0003399943286790685
116	0.03828064801966439
117	1.0
118	1.0
119	0.27737129133826594
120	0.27290510147824015
121	0.03646109590141791
122	0.7227746524257324
123	0.0006403479026656334
124	0.002805128333603497
125	0.008881624169591297
126	0.007309608887594823
127	0.030007614098887924
128	0.6045810297425014
129	0.2435918051833956
130	0.08760357941344458
131	0.2516299796562418
132	0.1472709844146121
133	0.4230169025093204
134	0.6996860333005761
135	0.7111366461700385
136	0.8640747434825012
137	0.41620554942555466
138	0.4095038717012226
139	0.451395409469718
140	0.17322705937262534
141	0.6144752151203823
142	0.39642250686330754
143	0.40291010336057753
144	0.5852680376789704
145	0.3655182215245033
146	0.45878265723355866
147	0.0781938993967436
148	0.24757827243666633
149	0.1818717710859343
150	0.06435386265758125
151	0.01493095993810043
152	0.7346031188276297
153	0.013766972933526805
154	0.025100540218356872
155	0.15715080394779132
156	0.9220420515895034
157	1.0
158	0.27737129133826594
159	0.05744148237014259
160	0.05933696755250536
161	0.9220420515895034
162	0.41620554942555466
163	0.8925879504044913
164	0.2516299796562418
165	0.3370231708678045
166	0.47392181612760637
167	0.6664286233595221
168	0.025511319561055356
169	0.02766828206704473
170	0.08077418408895644
171	0.9680555771461162
172	0.0031426912410505935
173	0.0019948295552353395
174	0.0008168904262529112
175	0.00025384832083937166
176	0.024696375181436803
177	0.024696375181436803
178	0.014690543918280221
179	0.9680555771461162
180	0.9838981538483188
181	1.0
182	0.9838981538483188
183	0.9680555771461162
184	0.025928821455018472
185	0.002897693479410652
186	0.004565079704726418
187	0.009324852154700226
188	0.011147830387442607
189	0.09656527406216012
190	0.9838981538483188
191	0.021688742850449225
192	0.004348092770690338
193	0.003944570074838709
194	0.004278080449843506
195	0.0047157206801953155
196	0.1314523061326923
197	1.0
198	1.0
199	1.0
200	1.0
