1	0.3158350635019653
2	0.27737129133826594
3	0.3262571601860513
4	0.8925879504044915
5	0.3158350635019653
6	0.17322705937262536
7	0.12933568132305814
8	0.1099562226442282
9	0.8230036250150273
10	0.8230036250150273
11	0.5948461590153626
12	0.6045810297425014
13	0.07327797408660718
14	0.013112602486344912
15	0.0051981307491388885
16	0.0038185630603913396
17	0.0025864462836876507
18	0.0006099109471022964
19	4.397339814568434e-05
20	0.001869417813710169
21	0.0023464123579847143
22	0.0013511678105428402
23	0.0036370594844428446
24	0.0051981307491388885
25	0.008881624169591299
26	0.029524436113288612
27	0.17894329980857737
28	1.0
29	1.0
30	1.0
31	0.0861930000553915
32	0.016458371314135432
33	0.004951053693111541
34	0.0016153167178432559
35	4.769131523869025e-05
36	0.0012662220527620764
37	0.006419412822152426
38	0.0794735706037285
39	0.27737129133826594
40	1.0
41	1.0
42	1.0
43	1.0
44	0.27737129133826594
45	0.0794735706037285
46	0.006214348384488034
47	0.001112016006080391
48	5.430478945470431e-05
49	0.0014418122384338217
50	0.004715720680195249
51	0.01672771846329989
52	0.11733274450692358
53	0.9680555771461301
54	0.9838981538483048
55	0.18484816784601354
56	0.03202070454638286
57	0.010617952774479945
58	0.0067397667750348
59	0.005114431247540003
60	0.0013511678105428402
61	0.0023464123579847143
62	0.001869417813710169
63	4.542445618186427e-05
64	0.0006000902548658376
65	0.002163490864431252
66	0.00199482955523534
67	0.0015637163575655457
68	0.0010764932965619026
69	0.0861930000553915
70	0.9680555771461301
71	0.6884197964379001
72	0.6144752151203824
73	0.9220420515895035
74	0.8782156365502214
75	0.2320134226836728
76	0.2320134226836728
77	0.23966952741252232
78	0.3775797899972509
79	0.9371316004437272
80	0.3008228213237163
81	0.23581040555487975
82	0.34814444420780405
83	0.8640747434825014
84	0.783884695041549
85	0.758843950874465
86	0.7712627042813325
87	0.809751747262771
88	0.8364723744993592
89	0.9371316004437272
90	0.5758441417787756
91	0.5057153295259778
92	0.5574491330158785
93	0.9220420515895035
94	0.9371316004437272
95	0.9838981538483048
96	0.9838981538483048
97	0.0050320794624386924
98	0.005457537922228077
99	0.0017805608241138406
100	0.0024238405452939385
101	0.00611428590286806
102	0.020657835589543483
103	0.09197534264619776
104	1.0
105	1.0
106	1.0
107	1.0
108	0.9838981538483048
109	0.09348055211451999
110	0.017279708787602804
111	0.007550815325235523
112	0.0026717952406334006
113	0.006214348384488034
114	0.0009301706690873582
115	0.0037570771454723726
116	1.0
117	0.9838981538483048
118	0.9838981538483048
119	0.9838981538483048
120	0.5758441417787756
121	0.40291010336057753
122	0.3057458946813797
123	0.7967132492072908
124	0.5139915422627507
125	0.3425386759286026
126	0.783884695041549
127	0.17043778391329922
128	0.12933568132305814
129	0.2320134226836728
130	1.0
131	0.8925879504044915
132	0.9680555771461301
133	0.809751747262771
134	0.11358461770178932
135	0.1252041276287828
136	0.35963270335587966
137	0.9838981538483048
138	0.45878265723355216
139	0.4513954094697245
140	0.6773349667878853
141	0.809751747262771
142	0.2685108255202325
143	0.043589121425845555
144	0.008738613623635486
145	9.430466599340139e-05
146	5.0890734253447406e-05
147	0.0007532073245460797
148	0.0016417519552458224
149	0.0003871421943870397
150	0.029049038185277303
151	0.05127157501696131
152	0.2282775782464921
153	1.0
154	1.0
155	1.0
156	1.0
157	1.0
158	0.2282775782464921
159	0.05296346225090933
160	0.00013478140409426559
161	6.816102218550548e-05
162	0.001538537637351158
163	0.0006300371192533597
164	3.127109487802175e-05
165	0.00013698715011009559
166	0.0083232506725889
167	0.04963373414423558
168	0.3057458946813797
169	0.9838981538483048
170	0.9838981538483048
171	0.9680555771461301
172	0.907195472329429
173	0.8230036250150273
174	0.7712627042813325
175	0.783884695041549
176	0.8925879504044915
177	0.9220420515895035
178	0.21392613224755633
179	0.004009124378788922
180	0.003520875718327124
181	0.0007907953330514216
182	0.04019100294647062
183	0.1448996496809614
184	1.0
185	1.0
186	1.0
187	1.0
188	0.9838981538483048
189	1.0
190	0.10644373457266673
191	0.004278080449843506
192	0.0004553748598836568
193	0.0007655338325415601
194	0.002851035264810493
195	0.09049436982916054
196	0.6884197964379001
197	0.4895605451959088
198	0.45878265723355216
199	0.481677716615238
200	0.809751747262771
