1	0.9524680951766463
2	0.210481526578285
3	0.2435918051833991
4	0.2475782724366734
5	0.2475782724366734
6	0.3008228213237163
7	0.7346031188276507
8	0.9680555771461301
9	1.0
10	0.9371316004437406
11	0.9371316004437406
12	0.9838981538483328
13	0.9680555771461301
14	0.9838981538483328
15	0.9680555771461301
16	0.9838981538483328
17	0.9680555771461301
18	0.8501615448994049
19	0.7466251623243612
20	0.5758441417787756
21	0.614475215120391
22	0.9071954723294419
23	0.9524680951766463
24	0.07209806342155774
25	0.03202070454638331
26	0.053830228305392636
27	0.9680555771461301
28	0.9838981538483328
29	0.9680555771461301
30	0.08077418408895759
31	0.059336967552506205
32	0.06979493239667436
33	0.4095038717012343
34	0.1472709844146142
35	0.13801229332339257
36	0.8925879504044913
37	0.9371316004437406
38	0.7838846950415601
39	0.7967132492072909
40	0.8364723744993591
41	0.9524680951766463
42	0.9680555771461301
43	0.9680555771461301
44	0.9680555771461301
45	0.466290799956401
46	0.44412711003286787
47	0.47392181612761314
48	0.9371316004437406
49	0.28652413961186873
50	0.2685108255202325
51	0.23966952741252232
52	0.22460188780169196
53	0.2209853827589351
54	0.007799981223697675
55	0.031505112088108564
56	0.010617952774480096
57	0.009477456704464872
58	0.012693727967806582
59	0.042196692099189664
60	0.03954385360034535
61	0.06540703669975813
62	0.3775797899972509
63	0.37150005830873106
64	0.11925293695084216
65	0.020995908477665633
66	0.04288725609876025
67	0.05651656845829405
68	0.17043778391330164
69	0.7712627042813435
70	0.8640747434825012
71	0.7111366461700486
72	0.4095038717012343
73	0.4230169025093204
74	0.466290799956401
75	0.7838846950415601
76	0.8501615448994049
77	0.8782156365502465
78	0.8782156365502465
79	0.8782156365502465
80	0.9071954723294419
81	0.7588439508744758
82	0.677334966787895
83	0.9371316004437406
84	0.8925879504044913
85	0.9524680951766463
86	0.9680555771461301
87	0.9680555771461301
88	0.9220420515895167
89	0.9524680951766463
90	0.45139540946972445
91	0.47392181612761314
92	0.9680555771461301
93	0.9071954723294419
94	0.6451399456130033
95	0.48167771661523795
96	0.3158350635019698
97	0.35384195289533515
98	0.3775797899972509
99	0.09348055211451999
100	0.4587826572335587
101	0.4029101033605775
102	0.7712627042813435
103	0.8364723744993591
104	0.823003625015039
105	0.35384195289533515
106	0.16769342093829617
107	0.02635315591720863
108	0.007309608887594824
109	0.0034084033755650083
110	0.015423659850313087
111	0.0061142859028680595
112	0.06540703669975813
113	0.9680555771461301
114	0.9838981538483328
115	0.9838981538483328
116	1.0
117	0.06435386265758217
118	0.9371316004437406
119	0.060308038307035794
120	0.014221262971401534
121	0.01248933551297767
122	0.003353521788788838
123	0.010968329737619126
124	0.04651334071458728
125	0.164993247273701
126	0.1940728185879353
127	0.15972263321475677
128	0.9220420515895167
129	0.23966952741252232
130	0.15213071221465968
131	0.9071954723294419
132	0.9071954723294419
133	0.9680555771461301
134	0.9838981538483328
135	0.9838981538483328
136	0.05211065273008482
137	0.03202070454638331
138	0.7838846950415601
139	0.06229811565656851
140	0.043589121425845555
141	0.6347520014624477
142	0.823003625015039
143	0.9680555771461301
144	0.9371316004437406
145	0.8364723744993591
146	0.7838846950415601
147	0.9838981538483328
148	0.2037578156903431
149	0.08903724340857933
150	0.12120455403276079
151	0.1472709844146142
152	0.8640747434825012
153	0.9371316004437406
154	0.9071954723294419
155	0.8782156365502465
156	0.9371316004437406
157	0.11733274450692356
158	0.0547111792972134
159	0.0547111792972134
160	0.31074953590015464
161	0.9680555771461301
162	0.9680555771461301
163	0.8501615448994049
164	0.7838846950415601
165	0.5396417421912961
166	0.5396417421912961
167	0.9371316004437406
168	0.48167771661523795
169	0.5484731728386766
170	0.6347520014624477
171	0.8925879504044913
172	0.7712627042813435
173	0.7838846950415601
174	0.7227746524257325
175	0.44412711003286787
176	0.18484816784601615
177	0.1252041276287828
178	0.6347520014624477
179	0.2685108255202325
180	0.1252041276287828
181	0.18187177108593947
182	0.09049436982916181
183	0.11544347070631858
184	0.43697584363533404
185	0.5758441417787756
186	0.14027091400017713
187	0.03954385360034535
188	0.030997821620274812
189	0.3775797899972509
190	0.3655182215245085
191	0.024298717947761457
192	0.0023086307871880737
193	0.016458371314135432
194	0.004951053693111541
195	0.03646109590141791
196	0.013766972933527003
197	0.018142034232021265
198	0.9838981538483328
199	0.9838981538483328
200	0.9838981538483328
