1	1.0
2	0.9071954723294416
3	1.0
4	1.0
5	0.21392613224755938
6	0.1272531380804732
7	0.14489964968096344
8	0.3315964756209393
9	0.9838981538483188
10	0.9838981538483188
11	0.9524680951766462
12	0.836472374499359
13	0.18787327440651988
14	0.06435386265758125
15	0.03202070454638286
16	0.04358912142584555
17	0.9838981538483188
18	0.9220420515895166
19	0.8782156365502339
20	0.699686033300596
21	0.6045810297425014
22	1.0
23	0.20709238541955044
24	0.18187177108593947
25	0.01967592931444509
26	0.008323250672588899
27	0.006631244087325164
28	0.05044600800408453
29	0.06867110513305613
30	0.8782156365502339
31	0.15715080394779135
32	0.14489964968096344
33	0.1380122933233906
34	0.2396695274125257
35	0.6045810297425014
36	0.758843950874465
37	0.2819105719970956
38	0.3425386759286075
39	0.43697584363533404
40	0.758843950874465
41	0.3370231708678045
42	0.3262571601860559
43	0.3315964756209393
44	0.40291010336057753
45	0.43697584363533404
46	0.3964225068633075
47	0.16233655139003353
48	0.001962709116638142
49	0.0018694178137101955
50	0.0026717952406334006
51	0.0024238405452939723
52	0.002463507565100727
53	0.22827757824649536
54	1.0
55	1.0
56	1.0
57	0.21392613224755938
58	0.0021634908644312515
59	0.0015637163575655455
60	0.002198897168339217
61	0.0016153167178432556
62	0.0018694178137101955
63	0.10995622264422976
64	0.6773349667878948
65	0.46629079995640094
66	0.12120455403276079
67	0.042196692099190254
68	0.09197534264619776
69	0.3370231708678045
70	0.2912132099152615
71	0.2959790185358471
72	1.0
73	1.0
74	0.9371316004437403
75	0.8097517472627824
76	0.758843950874465
77	0.4441271100328678
78	0.45878265723355866
79	0.5224031981891458
80	0.9838981538483188
81	0.9838981538483188
82	0.5758441417787837
83	0.0032995238968794487
84	0.0010253255196467437
85	0.0010764932965619026
86	0.0005623635409531144
87	0.000262224945377342
88	0.024298717947761454
89	1.0
90	1.0
91	1.0
92	0.0612950009827268
93	0.0005443991622033086
94	0.000609910947102305
95	0.0012869442307717567
96	0.0012458335400746532
97	0.0014418122384338217
98	0.0904943698291618
99	0.8230036250150389
100	0.8925879504044915
101	0.2685108255202324
102	0.176061982325188
103	0.08077418408895759
104	0.19407281858793526
105	0.20375781569034307
106	0.21742711012398033
107	0.5574491330158785
108	0.783884695041549
109	0.7227746524257427
110	0.783884695041549
111	0.26418730551764474
112	0.025928821455018472
113	0.03646109590141791
114	0.2819105719970956
115	0.31074953590015464
116	0.8097517472627824
117	0.8501615448993927
118	0.836472374499359
119	0.8501615448993927
120	0.8501615448993927
121	0.836472374499359
122	0.783884695041549
123	0.2396695274125257
124	0.17894329980857734
125	0.28652413961186873
126	0.38375901867528034
127	0.2819105719970956
128	0.2959790185358471
129	0.28652413961186873
130	0.16499324727369863
131	0.1732270593726278
132	0.19407281858793526
133	0.2685108255202324
134	0.8925879504044915
135	0.746625162324361
136	0.7712627042813434
137	0.8782156365502339
138	0.9371316004437403
139	0.3655182215245033
140	0.002234882909108707
141	0.0016417519552458456
142	0.0022714575694317367
143	0.005729890533725346
144	0.042196692099190254
145	0.19724888986614708
146	1.0
147	1.0
148	1.0
149	0.1848481678460135
150	0.0030422997831473205
151	0.003353521788788837
152	0.008597905811488843
153	0.014690543918280221
154	0.02204368690561934
155	0.8782156365502339
156	0.783884695041549
157	0.783884695041549
158	0.7346031188276403
159	0.746625162324361
160	0.783884695041549
161	0.8782156365502339
162	0.8782156365502339
163	0.8925879504044915
164	0.7346031188276403
165	0.7111366461700385
166	0.09814559940423298
167	0.11544347070631857
168	0.2396695274125257
169	0.25993340216897615
170	0.2819105719970956
171	0.3596327033558847
172	0.3315964756209393
173	0.5057153295259778
174	0.27737129133826594
175	0.17043778391330164
176	0.1732270593726278
177	0.20709238541955044
178	0.27737129133826594
179	0.7111366461700385
180	0.5484731728386688
181	0.5484731728386688
182	0.5948461590153626
183	0.8782156365502339
184	0.8501615448993927
185	0.8782156365502339
186	0.8097517472627824
187	0.3315964756209393
188	0.1357900406092586
189	0.12120455403276079
190	0.12933568132305998
191	0.7227746524257427
192	0.014453999040223556
193	0.015932618141390915
194	0.011330268629776647
195	0.010113261253784643
196	0.04883453939311235
197	0.18187177108593947
198	0.24359180518339907
199	0.585268037678987
200	0.6884197964379097
