1	0.9524680951766599
2	0.8364723744993592
3	0.8925879504044915
4	0.9838981538483189
5	1.0
6	0.8925879504044915
7	0.8640747434825014
8	0.7712627042813326
9	0.8640747434825014
10	0.9838981538483189
11	1.0
12	1.0
13	1.0
14	0.2819105719970956
15	0.15715080394779135
16	0.1314523061326923
17	0.08343961441457964
18	0.07209806342155774
19	0.07327797408660718
20	0.18484816784601615
21	0.3596327033558797
22	1.0
23	0.9838981538483189
24	0.6664286233595221
25	0.7346031188276403
26	0.7227746524257325
27	0.7111366461700486
28	0.809751747262771
29	0.08343961441457964
30	0.11544347070631858
31	0.08343961441457964
32	0.07093715149650967
33	0.059336967552506205
34	0.12120455403275908
35	0.7967132492072909
36	0.8364723744993592
37	0.7838846950415602
38	0.8364723744993592
39	0.7967132492072909
40	0.6664286233595221
41	0.05127157501696203
42	0.3008228213237163
43	0.14727098441461423
44	0.1357900406092567
45	0.6996860333005961
46	0.9524680951766599
47	0.9371316004437404
48	0.9220420515895036
49	0.9220420515895036
50	0.20375781569034024
51	0.10138426111191785
52	0.035296367236227526
53	0.05744148237014259
54	0.1336035702664378
55	0.5057153295259778
56	0.8364723744993592
57	0.4975723790934038
58	0.40291010336057753
59	0.4162055494255547
60	0.35384195289533515
61	0.7838846950415602
62	0.466290799956401
63	0.566571988000515
64	0.5057153295259778
65	0.7346031188276403
66	0.8925879504044915
67	0.614475215120391
68	0.34814444420780405
69	0.5758441417787756
70	0.6451399456130033
71	0.9371316004437404
72	0.052963462250909324
73	0.04084874312373918
74	0.030007614098887924
75	0.07447719441285176
76	0.8782156365502464
77	0.9680555771461302
78	0.1252041276287828
79	0.006850065475449526
80	0.005729890533725346
81	0.031505112088108564
82	0.0016417519552458344
83	0.9680555771461302
84	0.4095038717012285
85	0.9680555771461302
86	1.0
87	1.0
88	0.9680555771461302
89	0.4095038717012285
90	0.9680555771461302
91	0.004951053693111576
92	0.0020274756563298706
93	0.001962709116638128
94	0.0031941225103010837
95	0.08077418408895645
96	0.9524680951766599
97	0.4095038717012285
98	0.40291010336057753
99	0.40291010336057753
100	0.04963373414423629
101	0.5574491330158785
102	0.3775797899972509
103	0.20375781569034024
104	0.1972488898661499
105	0.29597901853585135
106	0.809751747262771
107	0.677334966787895
108	0.809751747262771
109	0.9680555771461302
110	0.9371316004437404
111	0.6884197964379097
112	0.7346031188276403
113	0.9680555771461302
114	0.7346031188276403
115	0.6347520014624477
116	0.6556978921951105
117	0.5309525138815143
118	0.677334966787895
119	0.9071954723294419
120	0.7967132492072909
121	0.5758441417787756
122	0.7346031188276403
123	0.7346031188276403
124	0.3370231708678045
125	0.4975723790934038
126	0.17322705937262783
127	0.09348055211451997
128	0.04883453939311235
129	0.2819105719970956
130	0.03828064801966439
131	0.0029451152724262472
132	0.5574491330158785
133	0.37150005830873106
134	0.6664286233595221
135	0.9071954723294419
136	0.6884197964379097
137	0.7111366461700486
138	0.7712627042813326
139	0.8501615448994049
140	0.8925879504044915
141	0.8501615448994049
142	0.7838846950415602
143	0.7227746524257325
144	0.2209853827589351
145	0.6045810297425014
146	0.2209853827589351
147	0.1972488898661499
148	0.21742711012397725
149	0.16769342093829617
150	0.14727098441461423
151	0.32625716018605133
152	1.0
153	1.0
154	0.6451399456130033
155	0.566571988000515
156	0.3107495359001547
157	0.23581040555488308
158	0.2516299796562454
159	0.8925879504044915
160	0.8640747434825014
161	0.9524680951766599
162	0.9680555771461302
163	0.9524680951766599
164	0.9371316004437404
165	0.7588439508744758
166	0.1496811268916314
167	0.1314523061326923
168	0.18484816784601615
169	0.35384195289533515
170	0.8640747434825014
171	0.9838981538483189
172	0.9838981538483189
173	0.8782156365502464
174	0.8640747434825014
175	0.23581040555488308
176	0.3425386759286075
177	0.3425386759286075
178	0.23201342268367284
179	0.09656527406216149
180	0.21742711012397725
181	0.6556978921951105
182	0.809751747262771
183	0.6451399456130033
184	0.1336035702664378
185	0.03828064801966439
186	0.02858129504156366
187	0.10644373457266824
188	0.08619300005539272
189	0.10818572446379086
190	0.14027091400017716
191	0.2475782724366734
192	1.0
193	1.0
194	0.9838981538483189
195	1.0
196	0.9220420515895036
197	0.9220420515895036
198	0.9371316004437404
199	0.9071954723294419
200	1.0
