1	0.21392613224755636
2	0.030997821620274372
3	0.020657835589543483
4	0.03646109590141792
5	0.04651334071458662
6	0.20709238541955047
7	0.2865241396118647
8	0.18787327440651988
9	0.9680555771461302
10	0.9838981538483188
11	1.0
12	0.9838981538483188
13	0.9838981538483188
14	0.9838981538483188
15	0.907195472329429
16	0.2320134226836728
17	0.20047693868989178
18	0.9524680951766462
19	0.9680555771461302
20	0.22098538275893195
21	0.05383022830539186
22	0.019675929314445093
23	0.04019100294647062
24	0.01332719492872054
25	0.210481526578285
26	1.0
27	1.0
28	1.0
29	0.9838981538483188
30	0.9680555771461302
31	0.7712627042813325
32	0.7227746524257325
33	0.758843950874465
34	0.7466251623243612
35	0.7838846950415491
36	0.7967132492072909
37	0.8230036250150273
38	0.809751747262771
39	0.7346031188276403
40	0.809751747262771
41	1.0
42	1.0
43	0.19724888986614708
44	0.019997932954225382
45	0.015676073575284534
46	0.14489964968096344
47	1.0
48	1.0
49	1.0
50	1.0
51	1.0
52	0.13579004060925667
53	0.01700147357515921
54	0.01332719492872054
55	0.20709238541955047
56	1.0
57	0.9838981538483188
58	0.14256649781436606
59	0.08903724340857806
60	0.07569604040982107
61	0.12120455403275908
62	0.46629079995640105
63	0.45878265723355216
64	0.4029101033605775
65	0.20709238541955047
66	0.028581295041563655
67	0.015423659850313085
68	0.5948461590153626
69	0.7346031188276403
70	0.6884197964379
71	0.5309525138815068
72	0.2516299796562454
73	0.1252041276287828
74	0.19407281858793526
75	0.25993340216897615
76	0.8925879504044915
77	1.0
78	0.9680555771461302
79	1.0
80	1.0
81	0.45139540946972445
82	0.47392181612760637
83	0.001723681836231313
84	0.0002457392827377357
85	0.014690543918280223
86	0.10304345090533383
87	0.27290510147824404
88	0.16233655139003125
89	0.3775797899972509
90	0.4029101033605775
91	1.0
92	1.0
93	1.0
94	0.9838981538483188
95	0.6556978921951104
96	0.6556978921951104
97	0.3775797899972509
98	0.40950387170122265
99	0.699686033300596
100	0.6451399456130033
101	0.7227746524257325
102	0.7838846950415491
103	0.8501615448993929
104	0.8230036250150273
105	0.8925879504044915
106	0.9524680951766462
107	0.8230036250150273
108	0.6347520014624387
109	0.041517247454898654
110	0.06647744631284323
111	0.1117556956623576
112	0.23581040555487975
113	0.3481444442078041
114	0.3008228213237163
115	0.3538419528953301
116	0.22460188780169194
117	0.14027091400017713
118	0.16769342093829617
119	0.176061982325188
120	0.9371316004437271
121	0.16499324727369863
122	0.19094788792080652
123	1.0
124	0.10472979393476875
125	0.09049436982916054
126	0.9371316004437271
127	0.42301690250931445
128	0.9838981538483188
129	0.9838981538483188
130	0.7838846950415491
131	0.7967132492072909
132	0.7967132492072909
133	0.7967132492072909
134	1.0
135	1.0
136	1.0
137	0.6144752151203823
138	0.9371316004437271
139	0.09975178733729188
140	0.2037578156903402
141	0.8230036250150273
142	0.09197534264619776
143	0.025100540218356872
144	0.7838846950415491
145	0.00611428590286806
146	0.002897693479410673
147	0.00805736923358502
148	0.9838981538483188
149	1.0
150	1.0
151	1.0
152	0.9220420515895036
153	0.8925879504044915
154	0.9838981538483188
155	1.0
156	1.0
157	0.6144752151203823
158	0.5139915422627507
159	0.4299397258291107
160	0.3964225068633076
161	0.9371316004437271
162	0.24359180518339563
163	0.20709238541955047
164	0.0612950009827268
165	0.02133951404984792
166	0.7712627042813325
167	0.7838846950415491
168	0.9680555771461302
169	0.7712627042813325
170	0.01079171937964315
171	0.02812108342598859
172	0.012489335512977581
173	0.012901465378461725
174	0.7967132492072909
175	0.9371316004437271
176	0.7466251623243612
177	0.45878265723355216
178	0.758843950874465
179	0.907195472329429
180	0.8364723744993591
181	0.9524680951766462
182	0.9838981538483188
183	0.47392181612760637
184	0.16499324727369863
185	0.13360357026643588
186	0.27737129133826594
187	0.38375901867527495
188	0.45878265723355216
189	0.4029101033605775
190	0.9220420515895036
191	0.210481526578285
192	0.21392613224755636
193	0.2396695274125223
194	0.2819105719970956
195	0.9680555771461302
196	0.9680555771461302
197	1.0
198	0.9220420515895036
199	0.9371316004437271
200	0.9371316004437271
