1	1.0
2	0.9838981538483188
3	1.0
4	0.9838981538483188
5	0.9524680951766464
6	0.9524680951766464
7	0.9680555771461302
8	0.9680555771461302
9	0.02551131956105536
10	0.015423659850312866
11	0.008459463654885606
12	0.004419250868277081
13	0.9838981538483188
14	0.9680555771461302
15	0.9680555771461302
16	0.06979493239667438
17	0.020325206299054217
18	0.03202070454638286
19	0.05838153282986846
20	0.4513954094697245
21	1.0
22	0.9838981538483188
23	0.9838981538483188
24	0.4369758436353278
25	0.0358740049446916
26	0.013992274382953427
27	0.037664258914665634
28	0.0876035794134446
29	1.0
30	0.010791719379643074
31	0.0036965812672960317
32	0.0028051283336034973
33	0.0083232506725889
34	0.9838981538483188
35	0.9524680951766464
36	0.9838981538483188
37	1.0
38	1.0
39	1.0
40	0.809751747262771
41	0.783884695041549
42	0.7712627042813436
43	0.783884695041549
44	0.7712627042813436
45	0.7712627042813436
46	0.9680555771461302
47	0.9680555771461302
48	1.0
49	0.9680555771461302
50	0.9838981538483188
51	0.9220420515895167
52	0.9220420515895167
53	0.8925879504044916
54	0.9680555771461302
55	0.277371291338266
56	0.12725313808047323
57	0.1380122933233906
58	0.1252041276287828
59	0.020995908477665932
60	0.017849913987938726
61	0.017001473575159215
62	0.03954385360034535
63	0.014221262971401333
64	0.1972488898661471
65	0.566571988000515
66	0.17894329980857993
67	0.38375901867528034
68	0.9838981538483188
69	0.3715000583087311
70	0.20709238541955047
71	0.06979493239667438
72	0.7967132492072909
73	0.7967132492072909
74	0.028581295041563655
75	0.006419412822152335
76	0.004491573493650752
77	0.004951053693111541
78	0.006739766775034896
79	0.15715080394778913
80	0.11358461770178932
81	0.060308038307035794
82	0.8782156365502339
83	0.9524680951766464
84	0.03202070454638286
85	0.0020943793974173754
86	0.0023464123579847477
87	0.015423659850312866
88	0.19094788792080922
89	0.19094788792080922
90	0.19094788792080922
91	0.23201342268367284
92	1.0
93	0.33159647562093936
94	0.03954385360034535
95	0.004491573493650752
96	0.0022348829091086756
97	0.0408487431237386
98	0.9524680951766464
99	0.9524680951766464
100	0.2959790185358472
101	0.8925879504044916
102	0.7111366461700386
103	0.8364723744993472
104	0.7111366461700386
105	0.6996860333005861
106	0.6884197964379098
107	0.6884197964379098
108	0.6996860333005861
109	0.783884695041549
110	0.7588439508744758
111	0.6245313223904189
112	0.809751747262771
113	0.8640747434825015
114	0.15972263321475677
115	0.7967132492072909
116	0.8925879504044916
117	0.15715080394778913
118	0.06647744631284419
119	0.12318811002814868
120	0.0512715750169613
121	0.23966952741252573
122	0.13145230613269043
123	0.08619300005539272
124	0.10138426111191785
125	0.10304345090533384
126	0.04219669209919026
127	0.10995622264422822
128	0.10818572446379239
129	0.12933568132306
130	0.8925879504044916
131	0.9071954723294419
132	0.9680555771461302
133	0.9680555771461302
134	0.9071954723294419
135	0.9524680951766464
136	0.16233655139003128
137	0.10138426111191785
138	0.07327797408660613
139	0.8925879504044916
140	0.17322705937262783
141	0.09049436982916183
142	0.10995622264422822
143	0.060308038307035794
144	0.05651656845829406
145	0.823003625015039
146	0.8364723744993472
147	0.12725313808047323
148	0.17043778391330167
149	0.1212045540327608
150	0.6664286233595222
151	0.5852680376789788
152	0.6556978921951105
153	0.6347520014624387
154	0.0876035794134446
155	0.08480513362914896
156	0.08619300005539272
157	0.08480513362914896
158	0.0807741840889576
159	0.07209806342155775
160	0.10138426111191785
161	0.9838981538483188
162	0.9838981538483188
163	0.9838981538483188
164	0.9838981538483188
165	0.9220420515895167
166	0.9220420515895167
167	0.03202070454638286
168	0.0015385376373511798
169	0.005032079462438764
170	0.013112602486345095
171	0.012693727967806585
172	0.011895693606067882
173	0.07209806342155775
174	0.3425386759286075
175	0.23966952741252573
176	0.06979493239667438
177	0.10644373457266823
178	0.060308038307035794
179	0.14727098441461212
180	0.09814559940423159
181	0.1336035702664378
182	0.7967132492072909
183	0.08209608258032047
184	0.059336967552506205
185	0.06129500098272593
186	0.15462038588001104
187	0.7967132492072909
188	1.0
189	1.0
190	0.9838981538483188
191	0.9680555771461302
192	0.9838981538483188
193	1.0
194	1.0
195	1.0
196	1.0
197	0.9838981538483188
198	0.9838981538483188
199	1.0
200	1.0
