1	0.9371316004437272
2	0.9071954723294418
3	0.9524680951766463
4	0.07819389939674361
5	0.06979493239667438
6	0.07693483325865721
7	0.06129500098272593
8	0.05560654736795765
9	0.4369758436353278
10	0.9680555771461302
11	0.9371316004437272
12	0.41620554942555466
13	0.009950419076984445
14	0.006850065475449527
15	0.08480513362914895
16	0.0009301706690873715
17	0.007309608887594824
18	0.00381856306039134
19	0.006739766775034896
20	0.004951053693111611
21	0.003696581267296084
22	0.003696581267296084
23	0.001094110495432293
24	0.038280648019664396
25	0.9524680951766463
26	0.4369758436353278
27	0.7712627042813435
28	0.7712627042813435
29	0.24359180518339563
30	0.9838981538483189
31	0.9838981538483189
32	0.9838981538483189
33	0.9838981538483189
34	0.41620554942555466
35	1.0
36	0.7838846950415491
37	0.22827757824649536
38	0.7838846950415491
39	0.009477456704464872
40	0.011147830387442766
41	0.0019000115066771077
42	0.0022714575694317367
43	0.0034641831191914805
44	0.002897693479410653
45	0.00381856306039134
46	0.007309608887594824
47	0.4587826572335587
48	0.5309525138815068
49	0.0013732801563434583
50	0.0007174059456835026
51	0.02722277164592025
52	0.41620554942555466
53	0.9680555771461302
54	0.9220420515895167
55	0.9838981538483189
56	0.060308038307035794
57	0.013766972933527001
58	0.012693727967806585
59	0.015423659850312868
60	0.02635315591720901
61	0.17606198232518552
62	0.9071954723294418
63	0.9371316004437272
64	0.9371316004437272
65	0.31583506350196533
66	0.17894329980857993
67	0.17322705937262783
68	0.14489964968096344
69	0.12725313808047323
70	0.14968112689163143
71	0.9680555771461302
72	0.9524680951766463
73	0.9680555771461302
74	0.9680555771461302
75	0.9371316004437272
76	0.5948461590153626
77	0.8640747434825137
78	0.8925879504044915
79	0.6884197964379098
80	0.6451399456130124
81	0.8501615448993929
82	0.9838981538483189
83	0.9838981538483189
84	0.9680555771461302
85	0.7588439508744651
86	0.5852680376789788
87	0.27737129133826594
88	0.8230036250150391
89	0.809751747262771
90	0.8230036250150391
91	0.6347520014624387
92	0.8230036250150391
93	0.9220420515895167
94	0.9838981538483189
95	0.9680555771461302
96	0.1972488898661471
97	0.10995622264422822
98	0.09975178733729188
99	0.06540703669975813
100	0.08480513362914895
101	0.9680555771461302
102	0.9524680951766463
103	0.6884197964379098
104	0.9838981538483189
105	0.9838981538483189
106	0.9220420515895167
107	0.9220420515895167
108	0.08903724340857933
109	0.06435386265758127
110	0.0547111792972134
111	0.03361866366814549
112	0.014930959938100431
113	0.022771096439116737
114	1.0
115	0.013327194928720634
116	0.005032079462438764
117	0.0013080055346563406
118	0.000960864945202363
119	0.0005101736581558108
120	0.003246395470718055
121	0.030997821620274375
122	0.41620554942555466
123	0.16499324727369863
124	0.14489964968096344
125	0.32625716018605133
126	0.40950387170122854
127	0.8925879504044915
128	0.5057153295259706
129	0.5852680376789788
130	0.6045810297425014
131	0.5948461590153626
132	0.5852680376789788
133	0.9220420515895167
134	0.9680555771461302
135	0.9838981538483189
136	0.9838981538483189
137	0.9838981538483189
138	0.9838981538483189
139	0.4895605451959158
140	0.5484731728386689
141	0.0358740049446916
142	0.018438935128663576
143	0.026784434765055296
144	0.12725313808047323
145	0.17322705937262783
146	1.0
147	0.023143753598938943
148	0.0006944888267967183
149	0.0019311058764015325
150	0.0016153167178432329
151	0.0028510352648104934
152	0.00335352178878879
153	0.00932485215470036
154	0.9838981538483189
155	0.02722277164592025
156	0.014930959938100431
157	0.005369661486237395
158	0.009477456704464872
159	0.01445399904022356
160	0.04502749889045438
161	0.9838981538483189
162	0.9838981538483189
163	0.746625162324361
164	0.9838981538483189
165	0.9838981538483189
166	0.006015834611932686
167	0.011147830387442766
168	0.008459463654885606
169	0.022404439747548986
170	0.10304345090533384
171	0.9838981538483189
172	0.9838981538483189
173	0.9838981538483189
174	0.9838981538483189
175	0.9524680951766463
176	0.6884197964379098
177	0.40291010336057753
178	0.6664286233595222
179	0.8364723744993472
180	0.7967132492072909
181	0.7227746524257325
182	0.3481444442078041
183	0.16233655139003356
184	0.8230036250150391
185	0.9371316004437272
186	0.9524680951766463
187	0.9524680951766463
188	0.9680555771461302
189	0.5665719880005069
190	0.9680555771461302
191	0.03416884515602799
192	0.030498699465507893
193	0.04019100294647119
194	0.07693483325865721
195	0.08343961441457964
196	0.9071954723294418
197	0.9220420515895167
198	0.9524680951766463
199	0.9838981538483189
200	1.0
