1	0.8230036250150389
2	0.24757827243666986
3	0.31074953590015464
4	0.37150005830873106
5	0.38375901867528034
6	0.45878265723355866
7	0.9220420515895166
8	0.7588439508744758
9	0.783884695041549
10	0.7967132492073021
11	0.7111366461700486
12	0.8364723744993472
13	0.8230036250150389
14	0.7346031188276403
15	0.699686033300586
16	0.7227746524257325
17	0.566571988000515
18	0.6245313223904189
19	0.25574799451756824
20	0.24359180518339563
21	0.21742711012397722
22	0.210481526578285
23	0.23581040555488308
24	0.6884197964379097
25	0.6773349667878948
26	0.7227746524257325
27	0.24359180518339563
28	0.0769348332586572
29	0.19407281858793526
30	0.7588439508744758
31	0.22098538275893506
32	0.9524680951766598
33	0.9680555771461301
34	0.9680555771461301
35	0.6451399456130031
36	0.5948461590153711
37	0.5948461590153711
38	0.6245313223904189
39	0.7967132492073021
40	0.331596475620944
41	0.699686033300586
42	0.11733274450692356
43	0.2037578156903402
44	0.38375901867528034
45	0.9680555771461301
46	0.9220420515895166
47	0.8782156365502338
48	0.9220420515895166
49	0.7588439508744758
50	0.937131600443727
51	0.10644373457266823
52	0.0014418122384338217
53	0.0009453932456821709
54	0.04727454821686481
55	0.04804821315291625
56	0.04804821315291625
57	0.04963373414423629
58	0.015175310452307482
59	0.9524680951766598
60	0.9524680951766598
61	0.9524680951766598
62	0.06030803830703579
63	0.0036370594844428957
64	0.004009124378788865
65	0.006214348384488034
66	0.04804821315291625
67	0.02592882145501884
68	0.02592882145501884
69	0.154620385880011
70	1.0
71	0.14489964968096344
72	0.3262571601860513
73	0.9524680951766598
74	0.10644373457266823
75	0.06540703669975813
76	0.048834539393112344
77	0.0593369675525062
78	0.028121083425988992
79	0.06030803830703579
80	0.13145230613269226
81	0.7346031188276403
82	1.0
83	0.7967132492073021
84	0.7227746524257325
85	0.6664286233595221
86	0.8097517472627709
87	0.06435386265758125
88	0.06030803830703579
89	0.13801229332339057
90	0.9524680951766598
91	0.9680555771461301
92	1.0
93	0.937131600443727
94	0.6773349667878948
95	0.7227746524257325
96	0.14027091400017716
97	0.41620554942555466
98	0.331596475620944
99	0.937131600443727
100	0.9524680951766598
101	0.8097517472627709
102	0.7712627042813435
103	0.8501615448994048
104	0.7111366461700486
105	0.7588439508744758
106	0.7967132492073021
107	0.7967132492073021
108	0.9071954723294418
109	0.9524680951766598
110	0.08619300005539272
111	0.014930959938100428
112	0.006739766775034895
113	0.005283200023099468
114	0.020657835589543774
115	0.8925879504044913
116	1.0
117	1.0
118	1.0
119	1.0
120	0.08077418408895759
121	0.06540703669975813
122	0.06331764666180247
123	1.0
124	1.0
125	1.0
126	1.0
127	1.0
128	1.0
129	0.0593369675525062
130	0.05471117929721262
131	0.09501039487561765
132	1.0
133	0.8925879504044913
134	1.0
135	0.022771096439116734
136	0.009790198959862228
137	0.00742923325854893
138	0.006739766775034895
139	0.003299523896879449
140	0.14727098441461417
141	0.13801229332339057
142	0.09656527406216149
143	0.7227746524257325
144	0.28652413961186873
145	0.331596475620944
146	0.3262571601860513
147	0.9071954723294418
148	0.9071954723294418
149	0.937131600443727
150	0.9680555771461301
151	0.937131600443727
152	0.22460188780169194
153	0.08077418408895759
154	0.1272531380804732
155	0.6451399456130031
156	0.029524436113288612
157	0.01700147357515921
158	0.025511319561055356
159	0.8782156365502338
160	0.9838981538483188
161	0.9524680951766598
162	0.3008228213237163
163	0.01619336115132798
164	0.005457537922228155
165	0.006214348384488034
166	0.006316048424505998
167	0.004565079704726483
168	0.00963255868241604
169	0.005114431247540003
170	0.9838981538483188
171	1.0
172	0.9838981538483188
173	1.0
174	1.0
175	1.0
176	0.9838981538483188
177	0.9838981538483188
178	0.01700147357515921
179	0.024696375181437153
180	0.02133951404984792
181	0.019359110527732818
182	0.0190473931083816
183	0.002128654667381612
184	0.0031941225103010833
185	0.03646109590141791
186	0.36551822152450336
187	0.26851082552023625
188	0.3008228213237163
189	0.2729051014782441
190	0.3008228213237163
191	0.0024238405452939723
192	0.03202070454638286
193	0.055606547367958434
194	0.06540703669975813
195	0.6556978921951104
196	0.6773349667878948
197	0.7588439508744758
198	0.9680555771461301
199	0.9838981538483188
200	1.0
