1	0.9838981538483188
2	1.0
3	1.0
4	0.96805557714613
5	0.96805557714613
6	0.96805557714613
7	0.3158350635019653
8	0.015423659850312865
9	0.012489335512977668
10	0.6884197964379097
11	0.027222771645920248
12	0.025511319561055356
13	0.03646109590141791
14	0.030498699465507886
15	0.030498699465507886
16	0.045027498890454376
17	0.027222771645920248
18	0.08209608258032046
19	0.011895693606067882
20	0.02168874285044923
21	0.0172797087876028
22	0.04151724745489865
23	0.008738613623635608
24	0.0043480927706903375
25	0.9524680951766461
26	1.0
27	0.9371316004437271
28	0.9220420515895166
29	0.9220420515895166
30	0.9220420515895166
31	0.9371316004437271
32	0.03307734111793542
33	0.030498699465507886
34	0.05560654736795764
35	0.05296346225090932
36	0.05296346225090932
37	0.05296346225090932
38	0.050446008004084525
39	0.8364723744993471
40	0.7346031188276402
41	0.6347520014624387
42	0.7967132492072908
43	0.7346031188276402
44	0.96805557714613
45	0.7588439508744758
46	0.7346031188276402
47	0.8501615448993927
48	0.7227746524257324
49	0.699686033300586
50	0.7838846950415489
51	0.9838981538483188
52	0.9838981538483188
53	0.9838981538483188
54	0.21048152657828198
55	0.8925879504044913
56	0.9371316004437271
57	0.12520412762878277
58	0.07209806342155774
59	0.4975723790934037
60	0.5948461590153626
61	0.034168845156027985
62	0.017849913987938726
63	0.1789432998085799
64	0.9371316004437271
65	0.9838981538483188
66	0.10644373457266823
67	0.1272531380804732
68	0.1521307122146575
69	0.09348055211451997
70	0.0047157206801953155
71	0.008459463654885604
72	0.8097517472627709
73	0.9524680951766461
74	0.9524680951766461
75	0.9220420515895166
76	0.9220420515895166
77	0.7838846950415489
78	0.7967132492072908
79	0.08903724340857931
80	0.1135846177017893
81	0.057441482370142585
82	0.8925879504044913
83	0.10138426111191783
84	0.14027091400017713
85	0.1380122933233906
86	0.9071954723294418
87	0.1314523061326904
88	0.03954385360034534
89	0.06030803830703578
90	0.08343961441457963
91	0.154620385880011
92	0.10818572446379238
93	0.8097517472627709
94	0.7967132492072908
95	0.1848481678460135
96	0.9071954723294418
97	0.8925879504044913
98	0.03890712455342798
99	0.09814559940423158
100	0.08903724340857931
101	0.1272531380804732
102	0.9838981538483188
103	0.5852680376789787
104	0.20047693868989458
105	0.04084874312373917
106	0.3964225068633075
107	0.23581040555487973
108	0.05651656845829485
109	0.5665719880005069
110	0.9524680951766461
111	0.40950387170122843
112	0.07947357060372962
113	0.025511319561055356
114	0.9220420515895166
115	0.07569604040982106
116	0.025100540218357226
117	0.025511319561055356
118	0.96805557714613
119	1.0
120	1.0
121	1.0
122	0.96805557714613
123	0.021339514049847918
124	0.0027155201279554955
125	0.025100540218357226
126	0.6451399456130124
127	0.6347520014624387
128	0.9220420515895166
129	0.38375901867528034
130	0.3775797899972455
131	0.1135846177017893
132	0.6451399456130124
133	0.30082282132371624
134	0.27737129133826594
135	0.9220420515895166
136	0.9524680951766461
137	0.5665719880005069
138	0.5665719880005069
139	0.9220420515895166
140	0.4513954094697244
141	0.5309525138815067
142	0.6245313223904188
143	0.5139915422627579
144	0.022043686905619336
145	0.07447719441285068
146	0.08760357941344457
147	0.11733274450692355
148	0.9838981538483188
149	0.0472745482168648
150	0.05560654736795764
151	0.05560654736795764
152	0.05560654736795764
153	0.054711179297212614
154	0.052110652730084805
155	0.07947357060372962
156	0.052110652730084805
157	0.04358912142584555
158	0.04804821315291624
159	0.024298717947761454
160	0.006739766775034894
161	0.013327194928720632
162	0.9524680951766461
163	0.06030803830703578
164	0.09348055211451997
165	1.0
166	0.9524680951766461
167	0.9220420515895166
168	0.9071954723294418
169	0.9371316004437271
170	0.9220420515895166
171	1.0
172	0.9371316004437271
173	0.049633734144235574
174	0.02277109643911673
175	0.024298717947761454
176	0.008459463654885604
177	0.004141419638950831
178	0.005637628717885326
179	0.9838981538483188
180	0.001668619814789205
181	0.009790198959862087
182	0.017562497419084444
183	1.0
184	1.0
185	1.0
186	1.0
187	0.7111366461700385
188	0.6884197964379097
189	0.7227746524257324
190	0.9838981538483188
191	0.96805557714613
192	1.0
193	1.0
194	1.0
195	0.9838981538483188
196	0.9838981538483188
197	0.6773349667878947
198	0.6556978921951104
199	0.6773349667878947
200	1.0
