1	0.9838981538483189
2	0.9524680951766598
3	0.9071954723294419
4	0.9071954723294419
5	0.8925879504044915
6	0.9524680951766598
7	0.9524680951766598
8	0.9524680951766598
9	0.9838981538483189
10	0.030007614098887928
11	0.015175310452307484
12	0.010113261253784643
13	0.010968329737619126
14	0.020995908477665932
15	0.0965652740621615
16	0.8640747434825014
17	0.28652413961186873
18	0.2516299796562454
19	0.21392613224755938
20	0.5852680376789872
21	0.4513954094697245
22	0.12120455403275908
23	0.13801229332339257
24	1.0
25	1.0
26	0.046513340714587285
27	0.02635315591720863
28	1.0
29	0.9838981538483189
30	0.030498699465507893
31	0.023143753598939273
32	0.018142034232021265
33	0.016458371314135432
34	0.021688742850449538
35	0.1336035702664378
36	0.9524680951766598
37	0.823003625015039
38	0.8364723744993591
39	0.8925879504044915
40	0.3964225068633132
41	0.15213071221465752
42	0.1818717710859369
43	0.11544347070631858
44	0.10995622264422979
45	0.11544347070631858
46	0.9220420515895036
47	0.9220420515895036
48	0.9680555771461302
49	0.4299397258291107
50	0.4369758436353279
51	0.3964225068633132
52	0.4095038717012285
53	0.4095038717012285
54	0.809751747262771
55	0.8782156365502464
56	0.6045810297425014
57	0.022404439747548986
58	0.014221262971401333
59	0.02635315591720863
60	0.014930959938100431
61	0.17606198232518802
62	0.5665719880005149
63	0.9680555771461302
64	0.5224031981891458
65	0.5396417421912961
66	0.042196692099189664
67	0.08209608258032165
68	0.4587826572335587
69	0.4587826572335587
70	0.7346031188276403
71	0.6884197964379097
72	0.7967132492072908
73	1.0
74	0.5948461590153628
75	0.5396417421912961
76	0.5396417421912961
77	0.5574491330158786
78	0.5852680376789872
79	0.5665719880005149
80	0.043589121425845555
81	0.5758441417787756
82	0.20375781569034024
83	0.2599334021689762
84	0.46629079995640105
85	0.331596475620944
86	0.3715000583087311
87	0.5574491330158786
88	0.7346031188276403
89	0.7227746524257326
90	0.41620554942555466
91	0.5948461590153628
92	0.1252041276287828
93	0.02722277164592025
94	0.022043686905619343
95	0.3964225068633132
96	0.2599334021689762
97	0.8364723744993591
98	0.823003625015039
99	0.8364723744993591
100	0.10995622264422979
101	0.1448996496809614
102	0.15213071221465752
103	0.059336967552506205
104	0.020995908477665932
105	0.009632558682416179
106	0.012090370898187429
107	0.011515692539375738
108	1.0
109	0.9838981538483189
110	1.0
111	0.9838981538483189
112	0.9838981538483189
113	0.9524680951766598
114	0.9680555771461302
115	0.022043686905619343
116	0.025511319561055356
117	0.04430247303072529
118	0.31074953590015464
119	0.3158350635019698
120	0.2959790185358514
121	0.0014418122384338217
122	0.0011866166988220832
123	0.009174704819918203
124	0.10304345090533532
125	0.09814559940423298
126	0.15972263321475677
127	0.08619300005539274
128	0.08903724340857933
129	0.24359180518339563
130	0.9838981538483189
131	0.09049436982916054
132	0.017849913987938726
133	0.007076107650393089
134	0.020995908477665932
135	0.019675929314445093
136	0.018438935128663837
137	0.9838981538483189
138	0.9838981538483189
139	0.00932485215470036
140	0.03254473486014822
141	0.9838981538483189
142	0.9838981538483189
143	0.9838981538483189
144	0.13801229332339257
145	0.11358461770178932
146	0.04288725609875964
147	0.2599334021689762
148	0.210481526578285
149	0.3008228213237163
150	0.9838981538483189
151	0.9371316004437404
152	0.8640747434825014
153	0.15972263321475677
154	0.013992274382953427
155	0.00902697513442092
156	0.00902697513442092
157	0.009632558682416179
158	0.013766972933527001
159	0.9838981538483189
160	0.16769342093829617
161	0.06756537356313776
162	0.05560654736795844
163	0.05838153282986846
164	0.06435386265758127
165	0.06979493239667438
166	0.9838981538483189
167	1.0
168	0.8501615448994049
169	0.8501615448994049
170	0.8364723744993591
171	0.014453999040223766
172	0.09814559940423298
173	0.0965652740621615
174	0.10818572446379086
175	0.12120455403275908
176	0.19407281858793252
177	0.9680555771461302
178	0.9680555771461302
179	0.9524680951766598
180	0.9371316004437404
181	0.9680555771461302
182	0.9680555771461302
183	1.0
184	0.20375781569034024
185	0.05744148237014259
186	0.04019100294647119
187	0.03954385360034535
188	0.03828064801966439
189	0.1425664978143681
190	0.07447719441285175
191	0.054711179297213405
192	0.05744148237014259
193	0.0358740049446916
194	0.043589121425845555
195	0.12725313808047323
196	0.8782156365502464
197	0.8501615448994049
198	0.8364723744993591
199	0.8640747434825014
200	0.9838981538483189
