1	0.9220420515895035
2	0.8501615448993927
3	0.8097517472627709
4	0.783884695041549
5	0.5139915422627543
6	0.783884695041549
7	0.2865241396118667
8	0.2396695274125223
9	0.30574589468138186
10	0.9220420515895035
11	0.9220420515895035
12	0.3370231708678044
13	0.20047693868989172
14	0.17894329980857862
15	0.836472374499359
16	0.7111366461700385
17	0.07693483325865666
18	0.13579004060925667
19	0.08209608258032104
20	0.07947357060372905
21	0.2685108255202324
22	0.9680555771461301
23	0.9524680951766462
24	0.836472374499359
25	0.9071954723294416
26	0.9838981538483048
27	0.11175569566235759
28	0.0012869442307717567
29	0.00038714219438703966
30	0.0006099109471023007
31	0.0027599605887400915
32	0.00363705948444287
33	0.0035208757183271488
34	0.0032463954707180774
35	0.14727098441461314
36	0.1597226332147556
37	0.15715080394779132
38	0.05127157501696094
39	0.061295000982726354
40	0.2865241396118667
41	0.8501615448993927
42	0.8230036250150272
43	0.7227746524257324
44	0.9524680951766462
45	0.14727098441461314
46	0.05560654736795804
47	0.0401910029464709
48	0.032544734860148215
49	0.034728030561276796
50	0.13801229332339157
51	0.37757978999724817
52	0.45878265723355544
53	0.08480513362914893
54	0.09501039487561697
55	0.10818572446379084
56	1.0
57	0.06229811565656806
58	0.06331764666180247
59	0.06756537356313774
60	0.07093715149650916
61	0.03202070454638263
62	0.06979493239667436
63	0.3315964756209393
64	0.16233655139003125
65	0.21742711012397725
66	0.9220420515895035
67	0.9220420515895035
68	0.21392613224755783
69	0.2599334021689724
70	0.8782156365502338
71	0.2209853827589335
72	0.31583506350196755
73	0.20709238541955044
74	0.2282775782464937
75	0.9680555771461301
76	0.6996860333005959
77	0.6884197964379
78	0.6884197964379
79	0.758843950874465
80	0.9371316004437404
81	0.9371316004437404
82	0.9838981538483048
83	0.3481444442077991
84	0.3262571601860512
85	0.31583506350196755
86	0.3370231708678044
87	0.9838981538483048
88	0.2865241396118667
89	0.2819105719970936
90	0.8925879504044913
91	0.21392613224755783
92	0.1597226332147556
93	0.20709238541955044
94	0.8097517472627709
95	0.9680555771461301
96	0.8925879504044913
97	0.8925879504044913
98	0.9680555771461301
99	0.836472374499359
100	0.758843950874465
101	0.9071954723294416
102	0.9220420515895035
103	0.8782156365502338
104	0.8230036250150272
105	0.8925879504044913
106	0.05471117929721339
107	0.052110652730084805
108	0.04358912142584555
109	0.022771096439116408
110	0.01672771846330001
111	0.018438935128663837
112	0.06867110513305565
113	0.05560654736795804
114	0.10644373457266747
115	0.01445399904022366
116	0.01445399904022366
117	0.030997821620274594
118	0.0267844347650551
119	0.01935911052773268
120	0.03000761409888771
121	0.11175569566235759
122	0.9071954723294416
123	0.35963270335587966
124	0.06540703669975811
125	0.029524436113288612
126	0.0267844347650551
127	0.1521307122146575
128	0.2729051014782421
129	0.26418730551764663
130	0.9680555771461301
131	0.8501615448993927
132	0.8640747434825011
133	0.8640747434825011
134	1.0
135	0.2865241396118667
136	0.2912132099152573
137	0.14489964968096136
138	0.0035208757183271488
139	0.00394457007483868
140	0.004209195456615581
141	0.0028510352648104926
142	0.0028510352648104926
143	0.002945115272426247
144	0.0031941225103010833
145	0.018142034232021265
146	0.783884695041549
147	0.8230036250150272
148	0.10644373457266747
149	0.0664774463128437
150	0.09814559940423227
151	0.1940728185879325
152	0.2435918051833956
153	0.9524680951766462
154	0.9680555771461301
155	0.30082282132371624
156	0.31583506350196755
157	0.3655182215245007
158	0.9371316004437404
159	0.9220420515895035
160	0.3538419528953326
161	0.3837590186752776
162	0.1521307122146575
163	0.5224031981891383
164	0.20709238541955044
165	0.5224031981891383
166	0.5396417421912961
167	0.8925879504044913
168	0.3900393726467308
169	0.3900393726467308
170	0.048834539393112344
171	0.0045650797047264175
172	0.033077341117935664
173	0.4369758436353278
174	0.4369758436353278
175	0.4029101033605775
176	0.8782156365502338
177	0.836472374499359
178	0.8782156365502338
179	0.9680555771461301
180	1.0
181	1.0
182	0.37150005830873106
183	0.2516299796562454
184	0.21392613224755783
185	0.4975723790934037
186	0.5224031981891383
187	0.5852680376789787
188	0.9838981538483048
189	0.9838981538483048
190	0.4975723790934037
191	0.46629079995640094
192	0.4162055494255546
193	0.26418730551764663
194	0.2435918051833956
195	0.4162055494255546
196	0.37757978999724817
197	0.5224031981891383
198	0.5309525138815104
199	0.6996860333005959
200	0.9838981538483048
