1	1.0
2	0.9524680951766461
3	0.08077418408895759
4	0.07947357060372962
5	0.1314523061326923
6	0.12520412762878277
7	0.154620385880011
8	0.8640747434825136
9	0.8640747434825136
10	0.8640747434825136
11	0.8640747434825136
12	0.08077418408895759
13	0.09049436982916181
14	0.0370577948122046
15	0.026353155917209006
16	0.05471117929721339
17	0.01493095993810043
18	0.04084874312373918
19	0.005637628717885326
20	0.05471117929721339
21	0.10138426111191928
22	0.2959790185358471
23	0.8501615448993927
24	0.7838846950415602
25	0.8640747434825136
26	0.9524680951766461
27	0.21392613224755938
28	0.176061982325188
29	0.14256649781436806
30	0.08760357941344458
31	0.09656527406216148
32	0.1380122933233906
33	0.22827757824649536
34	0.09049436982916181
35	0.029524436113289032
36	0.022043686905619336
37	0.02099590847766593
38	0.029524436113289032
39	0.31583506350196977
40	0.12120455403276079
41	0.1972488898661499
42	0.24757827243666986
43	0.8782156365502339
44	0.6556978921951104
45	0.699686033300596
46	0.6884197964379097
47	0.7346031188276402
48	0.9071954723294418
49	0.8364723744993591
50	0.8640747434825136
51	0.5396417421913038
52	0.5665719880005149
53	0.9838981538483188
54	0.5484731728386688
55	0.4739218161276063
56	0.4441271100328678
57	0.3315964756209393
58	0.2959790185358471
59	0.33702317086780925
60	0.25162997965624534
61	0.40950387170122843
62	0.14489964968096344
63	0.305745894681384
64	0.48956054519592274
65	0.7227746524257427
66	0.5224031981891457
67	0.614475215120391
68	0.6884197964379097
69	0.5758441417787837
70	0.031505112088109015
71	0.022043686905619336
72	0.19094788792080922
73	0.8364723744993591
74	0.1314523061326923
75	0.051271575016962036
76	0.0395438536003459
77	0.20047693868989458
78	0.21392613224755938
79	0.20709238541955044
80	0.24757827243666986
81	0.7838846950415602
82	0.7346031188276402
83	0.699686033300596
84	0.746625162324361
85	0.7588439508744756
86	0.7838846950415602
87	0.9680555771461439
88	0.699686033300596
89	0.699686033300596
90	0.013992274382953427
91	0.01493095993810043
92	0.02099590847766593
93	0.07569604040982214
94	0.010791719379643074
95	0.21742711012398033
96	0.25993340216897615
97	0.9071954723294418
98	0.2912132099152615
99	0.2729051014782479
100	0.07947357060372962
101	0.38375901867528034
102	0.2320134226836728
103	0.25574799451756824
104	0.27737129133826594
105	0.3262571601860559
106	0.8925879504044913
107	0.6884197964379097
108	0.505715329525985
109	0.31583506350196977
110	0.4029101033605832
111	0.34814444420780405
112	0.5852680376789872
113	0.5484731728386688
114	0.505715329525985
115	0.6773349667878948
116	0.2641873055176485
117	0.33702317086780925
118	0.3655182215245085
119	0.5852680376789872
120	0.614475215120391
121	0.7588439508744756
122	0.48956054519592274
123	0.34253867592860743
124	0.34814444420780405
125	0.26851082552023625
126	0.057441482370142585
127	0.3315964756209393
128	0.2959790185358471
129	0.33702317086780925
130	0.18787327440651988
131	0.16233655139003356
132	0.31074953590015464
133	0.07569604040982214
134	0.5574491330158785
135	0.011515692539375736
136	0.33702317086780925
137	0.40950387170122843
138	0.9071954723294418
139	0.9071954723294418
140	0.28191057199709557
141	0.6451399456130124
142	0.6664286233595221
143	0.9838981538483188
144	0.6773349667878948
145	0.7227746524257427
146	0.8501615448993927
147	0.9371316004437403
148	0.7111366461700385
149	0.24757827243666986
150	0.6347520014624387
151	0.6347520014624387
152	0.10304345090533383
153	0.34253867592860743
154	0.3315964756209393
155	0.9524680951766461
156	0.051271575016962036
157	0.02858129504156406
158	0.0370577948122046
159	0.07447719441285068
160	0.09975178733729329
161	0.2320134226836728
162	0.2320134226836728
163	0.20047693868989458
164	0.16769342093829617
165	0.08480513362915015
166	0.06540703669975811
167	0.16499324727369863
168	0.15213071221465965
169	0.8925879504044913
170	0.7712627042813435
171	0.7111366461700385
172	0.8640747434825136
173	0.8925879504044913
174	0.9371316004437403
175	0.28191057199709557
176	0.2865241396118687
177	0.8364723744993591
178	0.18787327440651988
179	0.14027091400017713
180	0.06229811565656762
181	0.08903724340857931
182	0.7838846950415602
183	0.823003625015039
184	0.7838846950415602
185	0.7967132492072908
186	0.7967132492072908
187	0.305745894681384
188	0.11175569566235759
189	0.25574799451756824
190	0.25574799451756824
191	0.4299397258291168
192	0.9838981538483188
193	0.9371316004437403
194	0.9371316004437403
195	0.9524680951766461
196	0.41620554942555466
197	0.2246018878016951
198	0.22827757824649536
199	0.23581040555488306
200	0.45878265723355866
