1	0.6045810297425014
2	0.06331764666180338
3	0.019359110527732818
4	0.05560654736795844
5	0.513991542262758
6	1.0
7	0.22098538275893512
8	0.04576439005840027
9	0.013112602486345095
10	0.004141419638950891
11	0.020995908477665932
12	0.05044600800408454
13	0.1818717710859395
14	1.0
15	0.7346031188276508
16	0.9838981538483329
17	0.9838981538483329
18	0.968055577146144
19	0.968055577146144
20	0.2819105719970997
21	0.10818572446379239
22	0.026784434765055678
23	0.0025038237499127474
24	0.0014893899404870398
25	0.053830228305392636
26	0.4162055494255606
27	1.0
28	1.0
29	1.0
30	1.0
31	0.4162055494255606
32	0.05296346225091008
33	0.0018393167356806218
34	0.003696581267296084
35	0.011147830387442924
36	0.08209608258032164
37	0.2599334021689762
38	1.0
39	1.0
40	0.7466251623243717
41	1.0
42	0.5758441417787756
43	0.1212045540327608
44	0.046513340714587285
45	0.019675929314445374
46	0.021339514049848227
47	0.03361866366814549
48	0.1314523061326923
49	0.6347520014624477
50	0.9838981538483329
51	0.10472979393477025
52	0.00707610765039319
53	0.005637628717885406
54	0.12318811002815044
55	0.18484816784601618
56	0.9371316004437538
57	0.07209806342155775
58	0.07209806342155775
59	0.022404439747549302
60	0.010446984132459602
61	0.010791719379643227
62	0.1972488898661499
63	1.0
64	1.0
65	1.0
66	1.0
67	0.1972488898661499
68	0.006850065475449624
69	0.007927630713798602
70	0.019047393108381876
71	0.053830228305392636
72	0.01209037089818743
73	0.2435918051833991
74	0.06647744631284513
75	0.05296346225091008
76	0.016727718463300366
77	0.08209608258032164
78	0.1571508039477936
79	0.10818572446379239
80	0.054711179297213405
81	0.6884197964379196
82	0.5224031981891533
83	0.20375781569034312
84	0.2282775782464986
85	0.030498699465507893
86	0.009324852154700494
87	0.052110652730085555
88	0.054711179297213405
89	0.0612950009827268
90	0.7466251623243717
91	0.8640747434825015
92	0.7838846950415713
93	0.7712627042813435
94	0.8782156365502465
95	0.03254473486014822
96	0.006214348384488123
97	0.005114431247540004
98	0.004348092770690462
99	0.5224031981891533
100	0.2435918051833991
101	0.513991542262758
102	0.36551822152451374
103	0.6556978921951199
104	0.2557479945175719
105	0.7588439508744759
106	0.11925293695084214
107	0.12725313808047503
108	0.10818572446379239
109	0.6451399456130124
110	0.7346031188276508
111	0.7346031188276508
112	0.9371316004437538
113	0.7838846950415713
114	0.8097517472627825
115	0.11925293695084214
116	0.001395754378613427
117	0.0012662220527620946
118	0.0005443991622033164
119	0.0035208757183271744
120	0.5484731728386767
121	0.9838981538483329
122	0.513991542262758
123	0.04883453939311236
124	0.037664258914665634
125	0.012693727967806585
126	0.9524680951766464
127	0.968055577146144
128	1.0
129	0.023907463729683852
130	0.0005533084497353728
131	0.0006723037820462359
132	0.008597905811488844
133	1.0
134	1.0
135	0.8782156365502465
136	0.1336035702664378
137	0.0018694178137101957
138	0.0016417519552458459
139	0.00013698715011009754
140	0.0020943793974174054
141	0.272905101478248
142	0.7346031188276508
143	0.4587826572335652
144	0.5948461590153712
145	1.0
146	1.0
147	1.0
148	0.5948461590153712
149	0.4587826572335652
150	0.0010591597671173619
151	0.0023086307871881067
152	0.0003455584578030299
153	0.0018694178137101957
154	0.0023086307871881067
155	0.009790198959862228
156	1.0
157	1.0
158	0.00381856306039134
159	0.0006198923584893026
160	0.0005809207180139251
161	0.030007614098887924
162	1.0
163	0.04804821315291693
164	0.016193361151328214
165	0.021339514049848227
166	0.08343961441458082
167	0.031505112088109015
168	0.04019100294647119
169	0.049633734144237
170	0.052110652730085555
171	0.17606198232519052
172	0.45139540946973095
173	0.22460188780169515
174	0.0807741840889576
175	0.11544347070631857
176	0.4230169025093205
177	0.8640747434825015
178	0.9220420515895167
179	0.968055577146144
180	0.968055577146144
181	0.9838981538483329
182	0.095010394875619
183	0.06229811565656851
184	0.05044600800408454
185	0.968055577146144
186	1.0
187	1.0
188	1.0
189	0.9838981538483329
190	0.9524680951766464
191	0.9524680951766464
192	0.8501615448994049
193	0.037664258914665634
194	0.035296367236228025
195	0.12520412762878458
196	0.8782156365502465
197	0.8640747434825015
198	1.0
199	1.0
200	1.0
