1	0.42301690250932045
2	0.15715080394779135
3	0.07209806342155671
4	0.11925293695084045
5	0.029524436113288612
6	0.9071954723294419
7	0.8925879504044915
8	0.8925879504044915
9	0.8640747434825014
10	0.7838846950415491
11	0.8501615448993927
12	0.9371316004437406
13	0.9680555771461301
14	1.0
15	0.9371316004437406
16	0.9220420515895035
17	0.8230036250150273
18	0.7712627042813325
19	0.9371316004437406
20	1.0
21	0.9838981538483049
22	0.9524680951766462
23	0.08903724340857931
24	0.09814559940423298
25	0.1314523061326923
26	0.1597226332147545
27	0.305745894681384
28	0.8501615448993927
29	0.7712627042813325
30	0.7838846950415491
31	0.3425386759286026
32	0.2641873055176485
33	0.20375781569034018
34	0.03529636723622752
35	0.06435386265758127
36	0.41620554942555466
37	0.034728030561276546
38	0.02551131956105536
39	0.029524436113288612
40	0.031505112088108564
41	0.013766972933527001
42	0.011330268629776487
43	0.011895693606067882
44	0.017849913987938722
45	1.0
46	1.0
47	1.0
48	1.0
49	0.11358461770178932
50	0.010278768401209682
51	0.008189230970776997
52	0.011895693606067882
53	0.016727718463300126
54	0.03202070454638286
55	0.09049436982916052
56	0.041517247454898654
57	0.9220420515895035
58	0.6144752151203824
59	0.29121320991525734
60	0.060308038307034934
61	0.002463507565100692
62	0.002759960588740092
63	0.006631244087325071
64	0.02858129504156366
65	0.210481526578285
66	1.0
67	0.9838981538483049
68	0.9838981538483049
69	0.03049869946550746
70	0.04288725609875964
71	0.016458371314135432
72	0.02766828206704513
73	0.1972488898661499
74	0.9680555771461301
75	0.176061982325188
76	0.020657835589543778
77	0.04084874312373918
78	0.0008576564720537011
79	0.003637059484442844
80	0.053830228305391865
81	0.5057153295259778
82	1.0
83	1.0
84	1.0
85	1.0
86	0.9371316004437406
87	0.5758441417787755
88	0.07209806342155671
89	0.006214348384488034
90	0.003092088110184961
91	0.009026975134420792
92	0.04963373414423629
93	0.18484816784601352
94	0.9680555771461301
95	0.17322705937262534
96	0.9838981538483049
97	0.03529636723622752
98	0.01567607357528453
99	0.01567607357528453
100	0.03254473486014822
101	0.06540703669975813
102	0.010446984132459453
103	0.000433730025384725
104	0.00018647776819776454
105	0.002128654667381612
106	0.08077418408895645
107	0.2959790185358471
108	0.08343961441457963
109	0.08480513362914895
110	0.07209806342155671
111	0.07569604040982106
112	0.10995622264422977
113	0.12933568132305814
114	0.8782156365502339
115	0.9680555771461301
116	0.9524680951766462
117	0.9680555771461301
118	1.0
119	0.9838981538483049
120	0.002945115272426226
121	0.002715520127955496
122	0.02277109643911641
123	0.02429871794776146
124	0.9838981538483049
125	0.9838981538483049
126	0.9838981538483049
127	1.0
128	0.9838981538483049
129	0.9838981538483049
130	0.9838981538483049
131	0.0058236622472702445
132	0.002945115272426226
133	0.0020606560225769105
134	0.0029933131400917898
135	0.1117556956623576
136	0.11358461770178932
137	0.09049436982916052
138	0.06756537356313774
139	0.06867110513305613
140	0.052110652730084805
141	0.6773349667878948
142	0.03416884515602799
143	0.019047393108381605
144	0.030007614098887497
145	0.5139915422627507
146	0.5057153295259778
147	0.00932485215470036
148	0.0101132612537845
149	0.12933568132305814
150	1.0
151	0.1425664978143681
152	0.05651656845829405
153	1.0
154	0.00077806206826116
155	0.00022293356467315996
156	0.001751890507660249
157	0.6664286233595222
158	0.3370231708678044
159	0.35384195289533515
160	0.9680555771461301
161	0.006962169253653824
162	0.04219669209918966
163	0.12318811002814868
164	1.0
165	1.0
166	0.9838981538483049
167	0.9838981538483049
168	0.9680555771461301
169	0.11925293695084045
170	0.0330773411179359
171	0.04651334071458662
172	0.3370231708678044
173	0.03049869946550746
174	0.0003569613831694935
175	0.0011487109132294472
176	0.0007907953330514216
177	0.9838981538483049
178	0.040191002946470614
179	0.1380122933233906
180	1.0
181	0.1272531380804732
182	0.007799981223697675
183	0.003299523896879402
184	0.008738613623635485
185	0.0058236622472702445
186	0.007429233258548931
187	0.03954385360034535
188	0.9524680951766462
189	0.9838981538483049
190	0.9071954723294419
191	0.8925879504044915
192	0.8925879504044915
193	0.3262571601860513
194	0.1909478879208092
195	0.02510054021835687
196	0.06647744631284418
197	0.176061982325188
198	0.305745894681384
199	0.9680555771461301
200	0.9838981538483049
