1	1.0
2	1.0
3	1.0
4	0.9838981538483048
5	0.9838981538483048
6	0.017562497419084194
7	0.012288234154010976
8	0.012288234154010976
9	0.004491573493650751
10	0.004715720680195249
11	0.005457537922228077
12	0.013766972933527001
13	1.0
14	0.9838981538483048
15	0.9838981538483048
16	0.9838981538483048
17	0.9838981538483048
18	0.9838981538483048
19	0.002128654667381612
20	0.012693727967806401
21	2.658548233219484e-05
22	2.2601954731434274e-05
23	0.0005715668219861325
24	0.012489335512977491
25	0.027222771645920248
26	0.9680555771461301
27	0.481677716615238
28	0.46629079995640094
29	0.3210038175868511
30	0.39003937264673083
31	0.6773349667878948
32	0.6144752151203824
33	0.25574799451756464
34	0.24757827243666988
35	0.2516299796562454
36	0.28191057199709557
37	0.3008228213237163
38	0.481677716615238
39	0.9220420515895035
40	0.6451399456130033
41	0.6773349667878948
42	0.7111366461700385
43	0.7712627042813325
44	0.758843950874465
45	0.758843950874465
46	0.39003937264673083
47	0.3210038175868511
48	0.481677716615238
49	0.053830228305391865
50	0.029524436113288612
51	0.03954385360034535
52	0.1496811268916314
53	0.481677716615238
54	0.46629079995640094
55	0.7967132492072908
56	0.8230036250150273
57	0.8501615448993928
58	0.45878265723355216
59	0.2282775782464921
60	0.2435918051833956
61	0.3370231708678045
62	0.6556978921951011
63	0.6773349667878948
64	0.6884197964379
65	0.8097517472627709
66	0.37150005830873106
67	0.31074953590015464
68	0.3057458946813797
69	0.783884695041549
70	0.6347520014624386
71	0.8640747434825014
72	0.836472374499359
73	0.6884197964379
74	0.7346031188276299
75	0.6347520014624386
76	0.8501615448993928
77	0.47392181612760637
78	0.17894329980857734
79	0.4369758436353279
80	0.9680555771461301
81	0.19724888986614708
82	0.02168874285044923
83	0.034728030561276546
84	0.045764390058399614
85	0.015932618141390686
86	0.8640747434825014
87	1.0
88	0.15462038588000881
89	0.05838153282986845
90	0.9371316004437404
91	0.9371316004437404
92	0.9220420515895035
93	0.0769348332586561
94	0.062298115656567614
95	0.6245313223904277
96	0.12318811002814868
97	0.45878265723355216
98	0.481677716615238
99	0.5224031981891384
100	0.6245313223904277
101	0.5758441417787756
102	0.6245313223904277
103	0.7712627042813325
104	0.48956054519591574
105	0.3370231708678045
106	0.4369758436353279
107	0.4975723790934037
108	0.7111366461700385
109	0.8640747434825014
110	0.47392181612760637
111	0.44412711003286787
112	0.2685108255202325
113	0.011515692539375738
114	0.023143753598938943
115	0.0512715750169613
116	0.2037578156903402
117	0.5396417421912961
118	0.23201342268366953
119	0.6347520014624386
120	0.02168874285044923
121	0.005546852487609637
122	0.001751890507660224
123	0.0006723037820462359
124	0.00015598350155572295
125	7.636336806318879e-05
126	0.0034084033755650083
127	0.7227746524257325
128	0.4299397258291107
129	0.08619300005539149
130	0.052963462250909324
131	0.052110652730084805
132	0.04430247303072529
133	0.04430247303072529
134	0.002198897168339186
135	0.9524680951766462
136	0.9524680951766462
137	0.9524680951766462
138	1.0
139	1.0
140	0.04502749889045374
141	0.0014893899404870186
142	7.041023655526797e-05
143	0.00963255868241604
144	0.09348055211451997
145	0.21392613224755636
146	0.5665719880005068
147	0.8782156365502214
148	0.7967132492072908
149	0.783884695041549
150	0.9838981538483048
151	0.9524680951766462
152	0.9838981538483048
153	0.004141419638950831
154	0.0008168904262529112
155	0.00014382334778855534
156	0.00011092558415419738
157	0.001025325519646744
158	0.004278080449843506
159	0.0190473931083816
160	0.9680555771461301
161	0.29121320991525734
162	0.2685108255202325
163	0.3315964756209393
164	0.6773349667878948
165	0.4369758436353279
166	0.5396417421912961
167	0.10472979393476875
168	0.038907124553427985
169	0.18484816784601352
170	0.17043778391330164
171	0.5852680376789788
172	0.3210038175868511
173	0.22098538275893195
174	0.5309525138815067
175	0.8640747434825014
176	0.3158350635019653
177	0.3481444442077991
178	1.0
179	0.4975723790934037
180	0.23201342268366953
181	0.6773349667878948
182	0.6773349667878948
183	0.9680555771461301
184	0.08480513362914896
185	0.08619300005539149
186	0.5948461590153626
187	0.481677716615238
188	0.8782156365502214
189	0.029524436113288612
190	0.019997932954225382
191	0.07819389939674361
192	0.03828064801966439
193	0.04502749889045374
194	0.699686033300596
195	0.783884695041549
196	0.4975723790934037
197	0.8097517472627709
198	0.783884695041549
199	0.7967132492072908
200	0.9524680951766462
