1	1.0
2	0.937131600443727
3	0.9838981538483048
4	0.06867110513305613
5	0.0781938993967436
6	0.048048213152915555
7	0.04358912142584555
8	0.12120455403275905
9	0.6884197964379
10	0.7967132492072908
11	0.9838981538483048
12	1.0
13	0.4029101033605775
14	0.9838981538483048
15	0.1135846177017893
16	0.02277109643911673
17	0.013545299253376991
18	0.011895693606067882
19	0.008881624169591297
20	0.009477456704464737
21	0.9680555771461301
22	0.6045810297425013
23	0.6245313223904276
24	0.14027091400017713
25	0.029524436113288612
26	0.9680555771461301
27	0.002851035264810493
28	0.002423840545293938
29	0.00206065602257691
30	0.0025864462836876503
31	0.0039445700748386514
32	0.009790198959862087
33	1.0
34	0.2685108255202324
35	0.9680555771461301
36	0.14027091400017713
37	0.0048713325882563455
38	0.003637059484442844
39	0.0035784961121798835
40	1.0
41	1.0
42	1.0
43	1.0
44	1.0
45	0.003142691241050549
46	0.0045650797047264175
47	0.002503823749912712
48	0.13579004060925665
49	0.9524680951766461
50	0.3158350635019653
51	0.9680555771461301
52	1.0
53	1.0
54	0.008738613623635485
55	0.006524468815236718
56	0.0061142859028680595
57	0.005546852487609637
58	0.0047928951403666395
59	0.010968329737619124
60	0.9680555771461301
61	0.010278768401209682
62	0.10304345090533383
63	0.8782156365502338
64	0.7346031188276297
65	0.9680555771461301
66	1.0
67	0.9838981538483048
68	0.9524680951766461
69	0.9220420515895035
70	0.22460188780169194
71	0.09814559940423297
72	0.012489335512977491
73	0.9220420515895035
74	0.06129500098272593
75	0.06540703669975811
76	1.0
77	1.0
78	1.0
79	1.0
80	1.0
81	0.937131600443727
82	0.009950419076984443
83	0.06331764666180245
84	0.937131600443727
85	0.00963255868241604
86	0.03705779481220407
87	0.11925293695084044
88	0.08903724340857805
89	0.0046397888713085094
90	0.00015853622750040233
91	6.284732873436203e-05
92	0.00040646211284929145
93	0.00013261117466143214
94	0.0004628272327806999
95	0.01619336115132798
96	0.1099562226442282
97	0.26418730551764474
98	0.9220420515895035
99	0.8097517472627709
100	0.7712627042813325
101	0.7227746524257324
102	0.8925879504044913
103	0.9524680951766461
104	0.3057458946813797
105	0.3655182215244981
106	0.8097517472627709
107	0.7346031188276297
108	0.937131600443727
109	1.0
110	1.0
111	0.937131600443727
112	0.8925879504044913
113	0.4029101033605775
114	0.4816777166152379
115	0.9680555771461301
116	0.8230036250150272
117	0.7346031188276297
118	0.836472374499359
119	0.8230036250150272
120	0.5665719880005069
121	0.836472374499359
122	0.12933568132305814
123	0.02510054021835687
124	0.003757077145472372
125	0.00027981656498743195
126	0.0003747751604249703
127	0.00039347791524235634
128	0.00011458596672849015
129	9.278618677018996e-05
130	0.0034641831191914805
131	0.08209608258032047
132	0.24757827243666986
133	0.24757827243666986
134	0.2282775782464921
135	0.2209853827589319
136	0.2209853827589319
137	0.9838981538483048
138	0.18484816784601352
139	0.348144444207804
140	0.2685108255202324
141	0.2282775782464921
142	0.19094788792080647
143	0.19094788792080647
144	0.03890712455342798
145	1.0
146	0.0014185963995909494
147	0.00039347791524235634
148	0.0012869442307717567
149	0.02635315591720863
150	0.13801229332339057
151	1.0
152	1.0
153	1.0
154	1.0
155	0.1314523061326904
156	0.02635315591720863
157	0.0010764932965619024
158	0.0009151932040789072
159	0.002346412357984714
160	1.0
161	0.03361866366814501
162	0.013766972933527001
163	0.02766828206704473
164	0.031505112088108564
165	0.019997932954225382
166	0.09197534264619775
167	0.12520412762878277
168	0.11733274450692356
169	0.2358104055548797
170	0.25993340216897615
171	0.4095038717012226
172	0.9838981538483048
173	1.0
174	0.9071954723294288
175	0.8925879504044913
176	0.5396417421912961
177	0.8925879504044913
178	0.9524680951766461
179	0.03890712455342798
180	0.018438935128663837
181	0.011895693606067882
182	0.006419412822152425
183	0.01044698413245945
184	0.10138426111191783
185	0.4095038717012226
186	0.9838981538483048
187	1.0
188	0.48956054519590875
189	0.7588439508744649
190	0.20047693868989175
191	0.12318811002814868
192	0.1472709844146121
193	0.07209806342155671
194	0.0744771944128507
195	0.9680555771461301
196	0.9680555771461301
197	1.0
198	1.0
199	1.0
200	1.0
