1	0.9838981538483189
2	0.8501615448993928
3	0.8364723744993591
4	0.4369758436353278
5	0.2599334021689762
6	0.10818572446379238
7	0.11175569566235759
8	0.783884695041549
9	0.823003625015039
10	0.8364723744993591
11	0.8364723744993591
12	0.3900393726467363
13	0.0769348332586572
14	0.15213071221465752
15	0.8925879504044913
16	0.09975178733729187
17	0.07327797408660716
18	0.0794735706037285
19	0.14489964968096344
20	0.17322705937262783
21	0.18484816784601352
22	0.21742711012398036
23	0.40291010336057753
24	0.746625162324361
25	0.38375901867528034
26	0.3655182215245033
27	0.4369758436353278
28	0.9371316004437271
29	0.9680555771461301
30	0.9524680951766462
31	0.0675653735631387
32	0.013327194928720632
33	0.01814203423202126
34	0.019997932954225667
35	0.030498699465507893
36	0.9838981538483189
37	0.9680555771461301
38	0.9524680951766462
39	0.9680555771461301
40	0.9680555771461301
41	0.9680555771461301
42	0.9680555771461301
43	0.8501615448993928
44	0.04151724745489865
45	0.019359110527732544
46	0.015423659850312866
47	0.029524436113288616
48	0.15213071221465752
49	0.9371316004437271
50	0.9071954723294289
51	0.9220420515895167
52	0.41620554942555466
53	0.3008228213237163
54	0.17043778391330164
55	0.7227746524257427
56	0.6347520014624387
57	0.08343961441457963
58	0.04288725609875964
59	0.04288725609875964
60	0.050446008004084525
61	0.17894329980857734
62	0.2037578156903402
63	0.2320134226836728
64	0.20709238541955047
65	0.24359180518339563
66	0.017562497419084194
67	0.04502749889045438
68	0.0512715750169613
69	0.04219669209919026
70	0.154620385880011
71	0.1760619823251855
72	0.2037578156903402
73	0.8640747434825137
74	0.21742711012398036
75	0.3655182215245033
76	0.9371316004437271
77	0.9524680951766462
78	0.08480513362914895
79	0.0675653735631387
80	0.04084874312373918
81	0.9371316004437271
82	0.9220420515895167
83	0.5665719880005069
84	0.9371316004437271
85	0.809751747262771
86	0.9524680951766462
87	0.9524680951766462
88	0.9680555771461301
89	0.7967132492072908
90	0.9524680951766462
91	0.5852680376789788
92	0.9680555771461301
93	0.9524680951766462
94	0.02551131956105572
95	0.02510054021835723
96	0.03646109590141791
97	0.34814444420780405
98	0.11544347070631857
99	0.09197534264619776
100	0.0290490381852773
101	0.005114431247540003
102	0.015175310452307484
103	0.20047693868989172
104	0.01170415097775544
105	0.3262571601860513
106	0.7346031188276403
107	0.5396417421912961
108	0.05383022830539263
109	0.016727718463300126
110	0.0050320794624387636
111	0.0069621692536537255
112	0.03587400494469159
113	0.08619300005539272
114	0.47392181612760637
115	0.4895605451959158
116	0.6347520014624387
117	0.2685108255202324
118	0.24757827243666986
119	0.22460188780169194
120	0.012693727967806583
121	0.005546852487609715
122	0.006015834611932686
123	0.2139261322475594
124	0.0050320794624387636
125	0.5484731728386688
126	0.5224031981891458
127	0.3964225068633076
128	0.5057153295259778
129	0.6664286233595221
130	0.5574491330158785
131	0.6045810297425014
132	0.3655182215245033
133	0.37150005830873106
134	0.37150005830873106
135	0.3655182215245033
136	0.783884695041549
137	0.44412711003286787
138	0.4369758436353278
139	0.40950387170122843
140	0.9838981538483189
141	0.9838981538483189
142	0.9371316004437271
143	0.9524680951766462
144	0.9220420515895167
145	0.9838981538483189
146	0.9838981538483189
147	0.9680555771461301
148	0.9524680951766462
149	0.783884695041549
150	0.0290490381852773
151	0.008057369233584962
152	0.012090370898187259
153	0.49757237909340374
154	0.6556978921951105
155	0.8364723744993591
156	0.8640747434825137
157	0.48167771661524483
158	0.7346031188276403
159	0.45878265723355866
160	0.41620554942555466
161	0.6556978921951105
162	0.6996860333005861
163	0.09197534264619776
164	0.19407281858793524
165	0.1099562226442282
166	0.19724888986614708
167	0.014453999040223557
168	0.02635315591720863
169	0.010278768401209682
170	0.04502749889045438
171	0.9371316004437271
172	0.40950387170122843
173	0.23581040555487973
174	0.28652413961186873
175	0.783884695041549
176	0.14489964968096344
177	0.05560654736795764
178	0.045764390058400266
179	0.024696375181437157
180	0.2139261322475594
181	0.2641873055176448
182	0.9371316004437271
183	0.7227746524257427
184	0.13579004060925862
185	0.04727454821686481
186	0.020657835589543483
187	0.1597226332147545
188	0.746625162324361
189	0.6347520014624387
190	0.8501615448993928
191	0.9371316004437271
192	0.7346031188276403
193	0.746625162324361
194	0.5758441417787837
195	0.6556978921951105
196	0.6664286233595221
197	0.614475215120391
198	0.6773349667878853
199	0.746625162324361
200	0.9680555771461301
