1	0.9838981538483259
2	0.8230036250150449
3	0.6884197964379098
4	0.7111366461700487
5	0.22098538275893354
6	0.25162997965624895
7	0.17606198232518927
8	0.08480513362915015
9	0.15213071221465968
10	0.7967132492073021
11	0.11733274450692524
12	0.17606198232518927
13	0.8640747434825137
14	0.7967132492073021
15	0.8782156365502402
16	0.3900393726467364
17	0.31583506350197205
18	0.15213071221465968
19	0.11733274450692524
20	0.24757827243667163
21	0.7111366461700487
22	0.7712627042813436
23	0.3315964756209417
24	0.277371291338268
25	0.45878265723356193
26	0.8501615448994109
27	0.2819105719970976
28	0.17043778391330286
29	0.1571508039477936
30	0.5574491330158786
31	0.6556978921951152
32	0.7588439508744812
33	0.9220420515895167
34	0.9371316004437406
35	0.7111366461700487
36	0.41620554942555466
37	0.3315964756209417
38	0.8364723744993592
39	0.4513954094697309
40	0.5574491330158786
41	0.6451399456130124
42	0.5758441417787838
43	0.5139915422627617
44	0.4095038717012314
45	0.16499324727369982
46	0.20709238541955197
47	0.6884197964379098
48	0.7712627042813436
49	0.8501615448994109
50	0.7588439508744812
51	0.585268037678983
52	0.34814444420780405
53	0.2104815265782865
54	0.4095038717012314
55	0.8501615448994109
56	0.5139915422627617
57	0.7466251623243612
58	0.5057153295259814
59	0.8640747434825137
60	0.4299397258291169
61	0.3425386759286099
62	0.968055577146144
63	0.8782156365502402
64	0.5574491330158786
65	0.4095038717012314
66	0.30574589468138624
67	0.2139261322475609
68	0.08903724340857995
69	0.41620554942555466
70	0.8230036250150449
71	0.8782156365502402
72	0.9071954723294482
73	0.8925879504045042
74	0.5948461590153712
75	0.277371291338268
76	0.32100381758685564
77	0.36551822152450597
78	0.2865241396118708
79	0.6996860333005961
80	0.5309525138815181
81	0.45878265723356193
82	0.15213071221465968
83	0.17322705937262783
84	0.18484816784601488
85	0.5396417421913039
86	0.8925879504045042
87	0.6245313223904277
88	0.6884197964379098
89	0.4975723790934038
90	0.06647744631284466
91	0.11733274450692524
92	0.15213071221465968
93	0.07819389939674472
94	0.2959790185358493
95	0.7346031188276455
96	0.8364723744993592
97	0.8097517472627768
98	0.4441271100328711
99	0.4029101033605833
100	0.9371316004437406
101	0.18787327440652257
102	0.48167771661524494
103	0.11733274450692524
104	0.3008228213237206
105	0.35384195289533765
106	0.2912132099152615
107	0.3715000583087337
108	0.12725313808047412
109	0.2104815265782865
110	0.32625716018605594
111	0.6664286233595222
112	0.17322705937262783
113	0.1357900406092586
114	0.1940728185879353
115	0.9220420515895167
116	0.39642250686331604
117	0.36551822152450597
118	0.45878265723356193
119	0.4441271100328711
120	0.48956054519591935
121	0.16233655139003358
122	0.10472979393477025
123	0.8501615448994109
124	0.3837590186752831
125	0.46629079995640094
126	0.277371291338268
127	0.2358104055548848
128	0.4029101033605833
129	0.7967132492073021
130	0.8640747434825137
131	0.9071954723294482
132	0.8501615448994109
133	0.5484731728386728
134	0.5057153295259814
135	0.8097517472627768
136	0.8640747434825137
137	0.8640747434825137
138	0.8782156365502402
139	0.4299397258291169
140	0.2912132099152615
141	0.6556978921951152
142	0.8501615448994109
143	0.9838981538483259
144	0.8640747434825137
145	0.2004769386898946
146	0.1357900406092586
147	0.08077418408895759
148	0.023522509426831584
149	0.05838153282986845
150	0.3715000583087337
151	0.3775797899972536
152	0.3837590186752831
153	0.07693483325865776
154	0.023907463729683682
155	0.018142034232021396
156	0.9838981538483259
157	0.9220420515895167
158	0.9371316004437406
159	0.9371316004437406
160	0.9220420515895167
161	0.8230036250150449
162	0.9071954723294482
163	0.9071954723294482
164	0.9071954723294482
165	0.9071954723294482
166	0.968055577146144
167	0.9220420515895167
168	0.9071954723294482
169	0.8782156365502402
170	0.9071954723294482
171	0.9071954723294482
172	0.009324852154700426
173	0.007191910689857912
174	0.00479289514036664
175	0.08209608258032165
176	0.0794735706037302
177	0.0794735706037302
178	0.07819389939674472
179	0.08619300005539335
180	0.11175569566235918
181	0.1789432998085812
182	0.9524680951766599
183	0.9071954723294482
184	0.8501615448994109
185	0.8097517472627768
186	0.19094788792081058
187	0.14968112689163354
188	0.9524680951766599
189	0.9838981538483259
190	0.9838981538483259
191	0.9838981538483259
192	0.9371316004437406
193	0.968055577146144
194	0.6045810297425099
195	0.48956054519591935
196	0.8640747434825137
197	0.8640747434825137
198	0.8501615448994109
199	0.8782156365502402
200	0.9838981538483259
