1	1.0
2	0.12725313808047142
3	0.0019000115066771077
4	0.0009151932040789073
5	0.001962709116638114
6	0.062298115656567614
7	0.03307734111793543
8	0.013992274382953227
9	0.010791719379643074
10	0.01843893512866384
11	0.12725313808047142
12	0.983898153848305
13	0.983898153848305
14	0.9680555771461301
15	0.12120455403275908
16	0.0007058543855178055
17	0.006850065475449527
18	0.025100540218356872
19	0.02133951404984792
20	0.9680555771461301
21	0.983898153848305
22	0.9524680951766463
23	0.9220420515895036
24	0.983898153848305
25	0.8364723744993591
26	0.21742711012397725
27	0.34814444420780405
28	0.9524680951766463
29	0.04019100294647062
30	0.06647744631284325
31	0.05838153282986845
32	0.06435386265758034
33	1.0
34	0.983898153848305
35	0.9524680951766463
36	0.9680555771461301
37	0.9680555771461301
38	0.983898153848305
39	0.04963373414423559
40	0.06331764666180247
41	0.02352250942683125
42	0.024696375181437157
43	0.809751747262771
44	0.22460188780169194
45	0.10138426111191785
46	0.0861930000553915
47	0.023143753598938943
48	0.030007614098887497
49	0.2959790185358471
50	0.4513954094697245
51	0.5948461590153626
52	0.8640747434825014
53	0.9220420515895036
54	0.5574491330158785
55	0.15715080394779135
56	0.6556978921951012
57	0.5852680376789788
58	0.6556978921951012
59	0.02204368690561934
60	0.02551131956105536
61	0.040848743123739185
62	0.22460188780169194
63	0.05044600800408382
64	0.012489335512977493
65	0.003757077145472373
66	0.0021988971683391863
67	0.0015137643410159587
68	3.619026607812729e-05
69	9.7416582497685e-05
70	0.010113261253784644
71	1.0
72	1.0
73	0.7967132492072909
74	1.0
75	1.0
76	0.0376642589146651
77	0.11358461770178932
78	1.0
79	1.0
80	1.0
81	1.0
82	1.0
83	0.548473172838661
84	0.1336035702664359
85	0.3900393726467364
86	0.878215636550234
87	1.0
88	0.007550815325235523
89	0.00027087798631395606
90	0.00021581208061492003
91	0.005457537922228077
92	0.006214348384488035
93	0.007927630713798489
94	0.016458371314135432
95	0.03954385360034535
96	0.22098538275893195
97	1.0
98	0.038907124553427985
99	0.01567607357528453
100	0.014221262971401333
101	0.9680555771461301
102	0.878215636550234
103	0.809751747262771
104	0.809751747262771
105	0.31074953590015464
106	0.4975723790934038
107	0.8640747434825014
108	0.8925879504044915
109	0.3538419528953301
110	0.6451399456130033
111	0.6996860333005861
112	0.32625716018605133
113	0.18787327440651988
114	0.21392613224755636
115	0.2037578156903402
116	0.3370231708678045
117	0.907195472329429
118	0.40291010336057753
119	0.3210038175868511
120	0.31583506350196533
121	0.18484816784601354
122	0.3008228213237163
123	0.7712627042813326
124	0.8364723744993591
125	0.9524680951766463
126	0.9524680951766463
127	0.7712627042813326
128	0.7111366461700386
129	0.7712627042813326
130	0.17894329980857737
131	0.03587400494469108
132	0.01170415097775544
133	0.007927630713798489
134	0.00471572068019525
135	0.012693727967806403
136	0.043589121425845555
137	0.04727454821686481
138	0.045027498890453745
139	0.07209806342155672
140	0.060308038307034934
141	0.06435386265758034
142	0.15715080394779135
143	0.9220420515895036
144	0.907195472329429
145	0.6556978921951012
146	0.9680555771461301
147	0.9680555771461301
148	1.0
149	0.9524680951766463
150	0.9524680951766463
151	0.9371316004437271
152	0.9371316004437271
153	0.7712627042813326
154	0.878215636550234
155	0.9680555771461301
156	0.17043778391329922
157	0.010446984132459454
158	0.016458371314135432
159	0.052963462250909324
160	0.25574799451756464
161	0.23966952741252232
162	0.24359180518339563
163	0.22098538275893195
164	0.2037578156903402
165	0.018740694914959853
166	0.02722277164592025
167	0.038907124553427985
168	0.060308038307034934
169	0.07819389939674361
170	0.6773349667878853
171	0.6556978921951012
172	0.907195472329429
173	0.9220420515895036
174	0.7967132492072909
175	0.7838846950415491
176	0.9524680951766463
177	0.5758441417787756
178	0.40291010336057753
179	0.3538419528953301
180	0.40950387170122265
181	0.40291010336057753
182	0.45878265723355216
183	0.9371316004437271
184	0.9524680951766463
185	0.983898153848305
186	0.8364723744993591
187	0.809751747262771
188	0.7967132492072909
189	0.9680555771461301
190	0.06540703669975813
191	0.0010941104954322776
192	0.000279816564987432
193	0.0008037369822866172
194	0.1252041276287828
195	1.0
196	1.0
197	1.0
198	1.0
199	1.0
200	1.0
