1	0.7227746524257325
2	0.6451399456130124
3	0.6451399456130124
4	0.9524680951766462
5	0.20375781569034307
6	0.045764390058400266
7	0.023143753598939273
8	0.014221262971401735
9	0.00601583461193277
10	3.9250125323177046e-05
11	3.678253276172681e-05
12	5.986007548655916e-05
13	0.0003455584578030299
14	0.0013511678105428593
15	6.284732873436292e-05
16	2.3347786289363818e-05
17	0.000493876455090783
18	5.430478945470508e-05
19	0.003944570074838709
20	0.04019100294647175
21	0.7967132492072907
22	1.0
23	1.0
24	1.0
25	0.7967132492072907
26	0.04019100294647175
27	0.003944570074838709
28	5.3430382089605976e-05
29	0.000493876455090783
30	2.4914095606538178e-05
31	6.387584780858405e-05
32	0.0013294115143323943
33	0.0003455584578030299
34	5.986007548655916e-05
35	3.678253276172681e-05
36	5.007129947995301e-05
37	0.0024238405452939723
38	0.006316048424506088
39	0.010791719379643227
40	0.02812108342598859
41	0.16769342093829853
42	0.9071954723294416
43	0.5948461590153711
44	0.6045810297425014
45	0.6884197964379195
46	0.8230036250150506
47	0.8097517472627709
48	0.8230036250150506
49	1.0
50	0.9838981538483329
51	0.31583506350196977
52	0.0032463954707180544
53	0.0025447997235481606
54	0.0010764932965619178
55	0.002945115272426226
56	0.6451399456130124
57	0.17322705937262783
58	0.6773349667878948
59	0.030498699465508324
60	0.14727098441461417
61	0.7838846950415601
62	0.6451399456130124
63	0.176061982325188
64	0.31583506350196977
65	1.0
66	0.35963270335588476
67	0.17322705937262783
68	0.1380122933233906
69	0.22460188780169194
70	0.5574491330158785
71	0.46629079995640094
72	0.5852680376789788
73	0.6884197964379195
74	0.9371316004437404
75	0.9524680951766462
76	0.8782156365502338
77	0.6556978921951198
78	0.7712627042813435
79	0.3900393726467363
80	0.6773349667878948
81	0.07447719441285175
82	0.004491573493650751
83	0.010278768401209828
84	0.04727454821686548
85	0.7346031188276403
86	0.3262571601860559
87	0.331596475620944
88	0.059336967552506205
89	0.25993340216897615
90	0.7838846950415601
91	0.1293356813230618
92	0.6884197964379195
93	0.1546203858800132
94	0.14256649781436603
95	0.0046397888713085094
96	0.032544734860148215
97	0.04963373414423629
98	0.9838981538483329
99	0.9838981538483329
100	0.836472374499359
101	0.8097517472627709
102	0.8640747434825014
103	0.027668282067045125
104	0.005114431247540003
105	0.03646109590141843
106	0.001994829555235368
107	0.01814203423202126
108	0.25162997965624895
109	0.6773349667878948
110	0.1212045540327608
111	0.2685108255202324
112	0.7227746524257325
113	0.09656527406216148
114	0.022771096439116734
115	0.02099590847766593
116	0.6664286233595221
117	0.6884197964379195
118	0.11544347070631857
119	0.17322705937262783
120	0.17322705937262783
121	0.057441482370143404
122	0.1252041276287828
123	0.16499324727369863
124	0.25993340216897615
125	0.16499324727369863
126	0.18187177108593947
127	0.18787327440651988
128	0.10138426111191928
129	0.6556978921951198
130	0.1909478879208092
131	0.2773712913382699
132	0.8230036250150506
133	0.8230036250150506
134	0.7227746524257325
135	0.8640747434825014
136	0.331596475620944
137	0.21742711012398036
138	0.7111366461700486
139	0.2912132099152656
140	0.16233655139003586
141	0.006316048424506088
142	0.13145230613269226
143	0.0612950009827268
144	0.09975178733729187
145	0.30082282132372057
146	0.2959790185358471
147	0.008881624169591422
148	0.011704150977755607
149	0.0043480927706904
150	0.0048713325882563455
151	0.9071954723294416
152	0.9071954723294416
153	0.9838981538483329
154	0.8782156365502338
155	0.8782156365502338
156	0.03529636723622752
157	0.000493876455090783
158	4.8471800716523336e-05
159	0.0001022780531873032
160	0.0017518905076602488
161	0.0330773411179359
162	0.699686033300596
163	0.21392613224755636
164	0.5758441417787755
165	0.836472374499359
166	0.8925879504045041
167	1.0
168	1.0
169	1.0
170	0.10995622264422977
171	0.08903724340857933
172	0.8501615448994048
173	0.18187177108593947
174	0.007550815325235737
175	0.0004628272327807131
176	5.5193506809930345e-05
177	0.00021581208061491997
178	0.025928821455018472
179	0.9524680951766462
180	0.8501615448994048
181	0.8640747434825014
182	0.9071954723294416
183	0.9220420515895167
184	0.7588439508744649
185	0.7346031188276403
186	0.7227746524257325
187	0.331596475620944
188	0.3425386759286075
189	0.42993972582911677
190	1.0
191	0.037664258914665634
192	0.041517247454899237
193	0.7588439508744649
194	0.5224031981891458
195	0.30082282132372057
196	0.2685108255202324
197	0.2641873055176485
198	0.2729051014782441
199	0.3370231708678044
200	1.0
