1	0.9524680951766463
2	0.9071954723294419
3	0.9371316004437406
4	0.9371316004437406
5	0.9371316004437406
6	0.9071954723294419
7	0.9371316004437406
8	0.983898153848333
9	0.983898153848333
10	0.9680555771461302
11	0.983898153848333
12	0.9680555771461302
13	0.9371316004437406
14	0.983898153848333
15	0.4162055494255547
16	0.11544347070631858
17	0.15213071221465752
18	0.15715080394779138
19	0.5309525138815143
20	0.5948461590153626
21	0.9680555771461302
22	0.9680555771461302
23	0.2729051014782441
24	0.10138426111191785
25	0.01874069491496012
26	0.023907463729683512
27	0.0038185630603913404
28	0.003353521788788838
29	0.13579004060925667
30	0.7466251623243612
31	0.513991542262758
32	0.5396417421912962
33	1.0
34	1.0
35	1.0
36	0.09501039487561766
37	0.013992274382953428
38	0.00016113072972067277
39	0.0003871421943870397
40	0.0007058543855178155
41	0.00611428590286806
42	0.0003687405884503359
43	7.273367172041857e-05
44	0.01672771846330013
45	0.2599334021689762
46	0.4095038717012285
47	0.4162055494255547
48	0.809751747262771
49	0.043589121425845555
50	0.05296346225090933
51	0.060308038307034934
52	0.14727098441461423
53	1.0
54	1.0
55	1.0
56	0.9371316004437406
57	0.9220420515895035
58	0.9220420515895035
59	0.1336035702664378
60	0.07093715149650968
61	0.11544347070631858
62	0.18484816784601615
63	1.0
64	0.49757237909340374
65	0.42301690250932045
66	0.8501615448994049
67	0.12318811002815046
68	0.016458371314135432
69	0.020657835589543778
70	0.006419412822152427
71	0.48956054519592274
72	0.48956054519592274
73	0.0006300371192533687
74	0.0003186194293768151
75	0.00012630791292891363
76	0.011147830387442766
77	0.09348055211451999
78	0.7838846950415602
79	0.481677716615238
80	0.4441271100328679
81	0.8925879504044916
82	0.1117556956623576
83	0.07327797408660718
84	0.10472979393476876
85	0.08903724340857933
86	0.012901465378461818
87	0.029524436113288616
88	0.025511319561055724
89	0.7967132492072909
90	0.809751747262771
91	0.8364723744993592
92	0.9071954723294419
93	0.6451399456130033
94	0.05744148237014342
95	0.08343961441457964
96	0.35384195289533515
97	0.1314523061326923
98	0.5309525138815143
99	0.4587826572335587
100	0.677334966787895
101	0.9524680951766463
102	0.5574491330158786
103	0.11925293695084217
104	0.010278768401209684
105	0.006316048424505999
106	0.6451399456130033
107	0.35963270335587966
108	0.33159647562093936
109	0.36551822152450336
110	0.6144752151203912
111	0.5574491330158786
112	0.5396417421912962
113	0.6045810297425014
114	0.9371316004437406
115	0.21742711012398036
116	0.14727098441461423
117	0.13579004060925667
118	0.10644373457266826
119	0.10644373457266826
120	0.5948461590153626
121	0.677334966787895
122	0.809751747262771
123	0.9220420515895035
124	0.03416884515602848
125	0.007550815325235631
126	0.005546852487609637
127	0.006962169253653824
128	1.0
129	0.9680555771461302
130	0.3008228213237163
131	0.277371291338266
132	0.2819105719970956
133	0.32100381758685115
134	1.0
135	1.0
136	0.8782156365502464
137	0.003696581267296032
138	0.0028510352648104934
139	0.007550815325235631
140	0.005546852487609637
141	0.6451399456130033
142	0.11358461770178933
143	0.21392613224755938
144	0.7967132492072909
145	0.7967132492072909
146	0.6884197964379001
147	0.8501615448994049
148	0.3057458946813841
149	0.029524436113288616
150	0.6045810297425014
151	0.001962709116638142
152	0.006739766775034991
153	0.11544347070631858
154	0.12318811002815046
155	0.9680555771461302
156	0.31074953590015464
157	0.2819105719970956
158	0.277371291338266
159	0.2516299796562454
160	1.0
161	0.003353521788788838
162	0.005546852487609637
163	0.00902697513442092
164	0.013545299253376993
165	0.6556978921951199
166	0.6884197964379001
167	0.9220420515895035
168	0.8782156365502464
169	0.42301690250932045
170	0.4369758436353341
171	0.3481444442078041
172	0.31074953590015464
173	0.3008228213237163
174	0.7466251623243612
175	0.6045810297425014
176	0.566571988000515
177	0.6245313223904277
178	0.481677716615238
179	0.2729051014782441
180	0.32100381758685115
181	0.42301690250932045
182	0.08619300005539274
183	0.18187177108593688
184	0.6045810297425014
185	0.8640747434825015
186	0.7967132492072909
187	0.6556978921951199
188	0.45139540946972445
189	0.5396417421912962
190	0.10818572446379085
191	0.10304345090533532
192	0.3481444442078041
193	0.983898153848333
194	0.677334966787895
195	0.39642250686331326
196	0.6144752151203912
197	0.009477456704464737
198	0.00902697513442092
199	0.10138426111191785
200	0.4299397258291108
