1	0.9524680951766462
2	0.9524680951766462
3	0.0861930000553915
4	0.09197534264619646
5	0.1760619823251855
6	0.08343961441457963
7	0.08077418408895645
8	0.08343961441457963
9	0.8097517472627594
10	0.7838846950415379
11	0.013766972933527001
12	0.017001473575158972
13	0.07327797408660716
14	0.12120455403275907
15	0.9838981538483049
16	0.758843950874465
17	0.6884197964379
18	0.6996860333005861
19	0.06540703669975811
20	0.08480513362914896
21	0.8097517472627594
22	0.8364723744993591
23	0.29121320991525734
24	0.22460188780169194
25	0.33159647562093936
26	0.8364723744993591
27	0.8230036250150272
28	0.9371316004437271
29	0.7466251623243612
30	0.6996860333005861
31	0.052963462250909324
32	0.12120455403275907
33	0.22460188780169194
34	0.8640747434825012
35	0.22460188780169194
36	0.15715080394779135
37	0.7466251623243612
38	0.8230036250150272
39	0.7466251623243612
40	0.8097517472627594
41	0.07569604040982106
42	0.12933568132305814
43	0.12933568132305814
44	0.07819389939674361
45	0.8230036250150272
46	0.8364723744993591
47	0.1252041276287828
48	0.15213071221465752
49	0.16233655139003125
50	0.14256649781436606
51	0.14256649781436606
52	0.14027091400017713
53	0.9680555771461301
54	0.2959790185358471
55	0.09656527406216012
56	0.08209608258032047
57	0.07569604040982106
58	0.027222771645919863
59	0.014221262971401333
60	0.015676073575284534
61	0.045764390058399614
62	0.008597905811488721
63	0.8097517472627594
64	0.7967132492072908
65	0.03361866366814501
66	0.017001473575158972
67	0.02032520629905393
68	0.16499324727369863
69	0.2037578156903373
70	0.9680555771461301
71	0.46629079995639433
72	0.46629079995639433
73	0.8925879504044913
74	0.8501615448993927
75	0.20709238541954753
76	0.22827757824649214
77	0.1252041276287828
78	0.12933568132305814
79	0.10304345090533237
80	0.23201342268366953
81	0.8782156365502215
82	0.46629079995639433
83	0.17322705937262536
84	0.4369758436353278
85	0.5139915422627507
86	0.14027091400017713
87	0.7111366461700386
88	0.9220420515895035
89	0.9220420515895035
90	0.9071954723294289
91	0.7466251623243612
92	0.5758441417787755
93	0.17894329980857737
94	0.6884197964379
95	0.6773349667878853
96	0.4369758436353278
97	0.8230036250150272
98	0.22827757824649214
99	0.06867110513305516
100	0.10995622264422822
101	0.22827757824649214
102	0.20709238541954753
103	0.1597226332147545
104	0.7838846950415379
105	0.8501615448993927
106	0.6773349667878853
107	0.7466251623243612
108	0.9220420515895035
109	0.9071954723294289
110	0.8782156365502215
111	0.9371316004437271
112	0.8097517472627594
113	0.6556978921951011
114	0.8364723744993591
115	0.16769342093829617
116	0.08209608258032047
117	0.10472979393476875
118	0.2396695274125223
119	0.23201342268366953
120	0.8501615448993927
121	0.8364723744993591
122	0.08760357941344458
123	0.006316048424505908
124	0.006739766775034799
125	0.029049038185277303
126	0.02678443476505491
127	0.002198897168339186
128	0.062298115656567614
129	0.010113261253784499
130	0.13801229332338863
131	0.8925879504044913
132	0.13360357026643588
133	0.03049869946550746
134	0.019359110527732544
135	0.08209608258032047
136	0.06756537356313774
137	0.05651656845829405
138	0.20709238541954753
139	0.9371316004437271
140	0.9680555771461301
141	0.9838981538483049
142	0.9838981538483049
143	0.8925879504044913
144	0.5139915422627507
145	0.39003937264673083
146	0.5309525138815068
147	0.5396417421912961
148	0.9371316004437271
149	0.9371316004437271
150	0.7967132492072908
151	0.7111366461700386
152	0.2865241396118646
153	0.2599334021689725
154	0.3481444442077991
155	0.2865241396118646
156	0.6245313223904189
157	0.3158350635019653
158	0.32625716018605133
159	0.7712627042813325
160	0.47392181612760637
161	0.47392181612760637
162	0.16499324727369863
163	0.20047693868989178
164	0.39642250686330754
165	0.9524680951766462
166	0.9838981538483049
167	0.8640747434825012
168	0.3107495359001502
169	0.8640747434825012
170	0.9524680951766462
171	0.9838981538483049
172	0.9680555771461301
173	0.9524680951766462
174	0.9838981538483049
175	0.34253867592860254
176	0.758843950874465
177	0.10644373457266672
178	0.13360357026643588
179	0.08480513362914896
180	0.04219669209918966
181	0.11358461770178932
182	0.6045810297425014
183	0.6347520014624387
184	0.8097517472627594
185	0.6664286233595221
186	0.7466251623243612
187	0.09656527406216012
188	0.06867110513305516
189	0.06756537356313774
190	0.053830228305391865
191	0.06030803830703493
192	0.07819389939674361
193	0.13145230613269043
194	0.8782156365502215
195	0.7111366461700386
196	0.8230036250150272
197	0.8230036250150272
198	0.7466251623243612
199	0.8364723744993591
200	0.8925879504044913
