1	0.9838981538483189
2	0.5574491330158706
3	0.04219669209918966
4	0.04502749889045438
5	0.030498699465507463
6	0.513991542262758
7	0.7227746524257326
8	0.27737129133826594
9	0.04883453939311166
10	0.0003512136458956071
11	2.2601954731434596e-05
12	1.1246108387881324e-05
13	2.573622444280112e-05
14	0.001186616698822083
15	0.002897693479410694
16	0.002897693479410694
17	0.001206036106664975
18	0.000816890426252923
19	0.3425386759286075
20	1.0
21	1.0
22	1.0
23	0.3425386759286075
24	0.000816890426252923
25	0.001206036106664975
26	0.002897693479410694
27	0.002897693479410694
28	0.001186616698822083
29	2.573622444280112e-05
30	1.0038140835965751e-05
31	1.2396565823905895e-05
32	0.0007174059456835026
33	0.05296346225090933
34	0.22460188780169194
35	0.35384195289533515
36	0.10644373457266824
37	0.18484816784601354
38	0.878215636550234
39	0.8925879504044915
40	0.878215636550234
41	0.823003625015039
42	0.878215636550234
43	0.8364723744993472
44	0.8925879504044915
45	0.9680555771461301
46	0.3008228213237163
47	0.22098538275893195
48	0.31074953590015464
49	0.210481526578285
50	0.10472979393476875
51	0.07819389939674361
52	0.017001473575158972
53	0.01999793295422567
54	0.31074953590015464
55	0.878215636550234
56	0.9220420515895167
57	0.9371316004437272
58	0.9838981538483189
59	0.6996860333005861
60	0.677334966787895
61	0.677334966787895
62	0.08209608258032049
63	0.0016153167178432559
64	0.00199482955523534
65	0.01999793295422567
66	0.3210038175868557
67	0.3262571601860513
68	0.9371316004437272
69	0.9680555771461301
70	0.6347520014624477
71	0.29121320991525734
72	0.2641873055176485
73	0.15213071221465752
74	0.3008228213237163
75	0.4162055494255487
76	0.4369758436353278
77	0.7111366461700487
78	0.6664286233595221
79	0.4095038717012285
80	0.1380122933233906
81	0.210481526578285
82	0.2599334021689725
83	0.14727098441461212
84	0.24757827243666986
85	0.6045810297425014
86	0.8501615448994049
87	0.7111366461700487
88	0.677334966787895
89	0.878215636550234
90	0.7346031188276403
91	0.7466251623243505
92	0.6996860333005861
93	0.878215636550234
94	0.09049436982916054
95	0.08903724340857933
96	0.18484816784601354
97	0.8501615448994049
98	0.014453999040223557
99	0.014690543918280221
100	0.01999793295422567
101	0.9371316004437272
102	0.05296346225090933
103	0.022771096439116414
104	0.04883453939311166
105	0.059336967552506205
106	0.1448996496809614
107	0.9524680951766599
108	0.05560654736795844
109	0.022404439747548983
110	0.9371316004437272
111	0.9524680951766599
112	0.9371316004437272
113	0.9371316004437272
114	0.9371316004437272
115	0.40291010336057753
116	0.11358461770178933
117	0.6556978921951104
118	0.9220420515895167
119	0.1380122933233906
120	0.059336967552506205
121	0.040848743123738596
122	0.014453999040223557
123	0.0376642589146651
124	0.9371316004437272
125	0.06129500098272593
126	0.025928821455018843
127	0.04430247303072529
128	0.878215636550234
129	0.15715080394779135
130	0.12933568132306
131	0.20047693868989175
132	0.7588439508744758
133	0.7466251623243505
134	0.3158350635019698
135	0.23581040555488308
136	0.23201342268367284
137	0.4299397258291169
138	0.878215636550234
139	0.8501615448994049
140	0.7227746524257326
141	0.28652413961186873
142	0.33159647562093936
143	0.5484731728386688
144	0.823003625015039
145	0.1252041276287828
146	0.15715080394779135
147	0.19407281858793252
148	0.24757827243666986
149	0.9071954723294419
150	0.17043778391330164
151	0.10644373457266824
152	0.1081857244637924
153	0.11358461770178933
154	0.14727098441461212
155	0.9371316004437272
156	0.7466251623243505
157	0.7967132492072909
158	0.783884695041549
159	0.5309525138815143
160	0.4299397258291169
161	0.4513954094697245
162	0.8364723744993472
163	0.6045810297425014
164	0.47392181612761314
165	0.9071954723294419
166	0.9371316004437272
167	0.9680555771461301
168	0.8640747434825014
169	0.7227746524257326
170	0.8925879504044915
171	0.614475215120391
172	0.24359180518339563
173	0.22827757824649536
174	0.9071954723294419
175	0.7111366461700487
176	0.7712627042813326
177	0.6664286233595221
178	0.823003625015039
179	0.07093715149650967
180	0.09501039487561765
181	0.1380122933233906
182	0.12120455403275908
183	0.1676934209382962
184	0.878215636550234
185	0.7712627042813326
186	0.7967132492072909
187	0.210481526578285
188	0.12120455403275908
189	0.176061982325188
190	0.10644373457266824
191	0.6451399456130033
192	0.5574491330158706
193	0.17322705937262783
194	0.05127157501696131
195	0.4895605451959158
196	0.5057153295259778
197	0.9838981538483189
198	0.9838981538483189
199	0.9838981538483189
200	1.0
