1	0.46629079995640105
2	0.983898153848319
3	0.005457537922228077
4	0.002503823749912748
5	0.0028510352648104934
6	0.0011120160060804068
7	0.1252041276287828
8	1.0
9	0.018740694914959853
10	0.012901465378461817
11	0.004419250868277018
12	0.0043480927706904
13	0.007799981223697564
14	0.013545299253376991
15	0.034728030561276546
16	0.18484816784601354
17	0.983898153848319
18	1.0
19	1.0
20	0.11358461770178932
21	0.028581295041564064
22	0.017001473575159215
23	0.01445399904022356
24	0.012901465378461817
25	0.07819389939674361
26	0.983898153848319
27	0.983898153848319
28	0.983898153848319
29	0.983898153848319
30	0.983898153848319
31	0.07569604040982107
32	0.001589307136566305
33	0.003142691241050594
34	0.0028051283336034973
35	0.01311260248634491
36	0.11733274450692356
37	1.0
38	1.0
39	0.20375781569034024
40	0.051271575016962036
41	0.030007614098887497
42	0.007927630713798489
43	0.0023086307871880737
44	0.0025447997235481246
45	0.0006000902548658376
46	0.006524468815236717
47	0.007799981223697564
48	0.0028510352648104934
49	0.0028510352648104934
50	0.01311260248634491
51	0.10995622264422979
52	1.0
53	1.0
54	0.4513954094697245
55	1.0
56	0.010791719379643074
57	0.006316048424505999
58	0.009026975134420792
59	0.01727970878760305
60	0.2819105719970956
61	1.0
62	1.0
63	1.0
64	1.0
65	1.0
66	1.0
67	0.2819105719970956
68	0.012288234154010976
69	0.005369661486237472
70	0.0032995238968794023
71	0.008459463654885606
72	1.0
73	0.4513954094697245
74	0.983898153848319
75	0.983898153848319
76	0.09348055211451999
77	0.008881624169591297
78	0.009477456704464872
79	0.017001473575159215
80	0.019359110527732544
81	0.09049436982916054
82	0.09348055211451999
83	0.08619300005539272
84	0.06435386265758127
85	0.09348055211451999
86	0.030997821620274372
87	0.043589121425845555
88	0.03954385360034535
89	0.19094788792080922
90	0.013766972933527003
91	0.46629079995640105
92	0.009026975134420792
93	0.10644373457266824
94	0.2516299796562454
95	0.7967132492072909
96	0.7838846950415602
97	0.7712627042813326
98	0.7588439508744759
99	0.7712627042813326
100	0.14027091400017716
101	0.10995622264422979
102	0.21742711012398036
103	0.566571988000515
104	0.00611428590286806
105	0.002671795240633401
106	0.2396695274125223
107	0.2516299796562454
108	0.33159647562093936
109	0.8925879504044916
110	0.6884197964379
111	0.33159647562093936
112	0.272905101478248
113	0.5139915422627508
114	0.0358740049446916
115	0.0076743871260476935
116	0.021339514049848227
117	0.21392613224755638
118	0.2912132099152615
119	0.038907124553427985
120	0.010968329737619126
121	0.014221262971401536
122	0.058381532829868465
123	0.809751747262771
124	0.983898153848319
125	0.07947357060372963
126	0.03705779481220461
127	0.06229811565656762
128	0.16233655139003358
129	0.983898153848319
130	0.983898153848319
131	0.9220420515895167
132	1.0
133	0.983898153848319
134	1.0
135	1.0
136	0.9524680951766463
137	0.9524680951766463
138	0.9524680951766463
139	0.823003625015039
140	0.9524680951766463
141	1.0
142	0.10304345090533384
143	0.0029933131400918323
144	0.002503823749912748
145	0.018740694914959853
146	0.9371316004437404
147	0.2912132099152615
148	0.12725313808047323
149	0.08619300005539272
150	0.07093715149650967
151	0.19094788792080922
152	0.7466251623243612
153	0.8640747434825014
154	0.06647744631284419
155	0.026784434765055296
156	0.1972488898661499
157	0.24757827243666988
158	0.015676073575284534
159	0.0007655338325415601
160	0.01727970878760305
161	0.017849913987938726
162	0.23201342268367287
163	0.1972488898661499
164	0.7227746524257325
165	0.983898153848319
166	1.0
167	1.0
168	0.9680555771461301
169	0.9680555771461301
170	0.9680555771461301
171	0.45878265723355216
172	0.4513954094697245
173	0.21392613224755638
174	0.272905101478248
175	0.03416884515602848
176	0.031505112088108564
177	0.9071954723294418
178	0.9680555771461301
179	1.0
180	0.9680555771461301
181	0.6451399456130033
182	0.13360357026643588
183	0.10304345090533384
184	0.028581295041564064
185	0.02766828206704513
186	0.03954385360034535
187	0.060308038307034934
188	1.0
189	1.0
190	0.13360357026643588
191	0.013327194928720636
192	0.012693727967806585
193	0.001994829555235368
194	0.001751890507660249
195	0.983898153848319
196	0.45878265723355216
197	0.983898153848319
198	1.0
199	1.0
200	1.0
