1	0.7111366461700384
2	0.6664286233595221
3	0.14489964968096344
4	0.4369758436353278
5	0.513991542262758
6	0.9680555771461301
7	0.9838981538483187
8	0.3158350635019653
9	0.2641873055176448
10	0.08903724340857805
11	0.024298717947761454
12	0.10138426111191784
13	0.6347520014624386
14	0.5309525138815067
15	0.614475215120391
16	0.24757827243666983
17	0.23966952741252226
18	0.25993340216897615
19	0.38375901867528034
20	0.3900393726467308
21	0.3964225068633075
22	0.4162055494255546
23	0.9838981538483187
24	0.6045810297424927
25	0.4816777166152379
26	0.22098538275893193
27	0.3538419528953301
28	0.08077418408895759
29	0.5396417421912961
30	0.8782156365502338
31	0.8925879504044912
32	1.0
33	0.6884197964379097
34	0.2865241396118646
35	0.4230169025093144
36	0.6245313223904276
37	0.9524680951766462
38	0.513991542262758
39	0.48956054519591574
40	0.8782156365502338
41	0.30082282132371624
42	0.07569604040982214
43	0.12725313808047137
44	0.12318811002814867
45	0.12318811002814867
46	0.10644373457266672
47	0.10472979393476875
48	0.8364723744993471
49	0.2865241396118646
50	0.019047393108381872
51	0.022771096439116734
52	0.02099590847766563
53	0.18787327440651985
54	0.9071954723294288
55	0.34253867592860743
56	0.20709238541955044
57	0.1760619823251855
58	0.6045810297424927
59	0.5948461590153626
60	0.7588439508744649
61	0.2320134226836728
62	0.16233655139003356
63	0.2959790185358471
64	0.937131600443727
65	0.9071954723294288
66	0.6451399456130031
67	0.8501615448993927
68	0.16233655139003356
69	0.12933568132305998
70	0.12120455403276079
71	0.7712627042813434
72	0.7588439508744649
73	0.1521307122146575
74	0.13360357026643588
75	0.18484816784601352
76	0.10818572446379238
77	0.3538419528953301
78	0.8640747434825135
79	0.20375781569034018
80	0.09975178733729187
81	0.937131600443727
82	0.02766828206704473
83	0.009790198959862087
84	0.001589307136566305
85	0.004348092770690338
86	0.008189230970776996
87	1.0
88	1.0
89	0.006214348384487946
90	0.002198897168339186
91	0.009026975134420792
92	0.09348055211451997
93	0.937131600443727
94	0.6245313223904276
95	0.6556978921951104
96	0.25162997965624534
97	0.2685108255202324
98	1.0
99	0.937131600443727
100	1.0
101	1.0
102	1.0
103	1.0
104	1.0
105	1.0
106	0.27737129133826594
107	0.25162997965624534
108	0.937131600443727
109	0.9680555771461301
110	0.5852680376789788
111	0.6045810297424927
112	0.12520412762878277
113	0.026784434765055293
114	0.0030422997831473205
115	0.0020274756563298415
116	0.9838981538483187
117	0.9838981538483187
118	0.0005623635409531064
119	0.007309608887594822
120	0.008881624169591297
121	0.012090370898187255
122	0.03529636723622752
123	0.9838981538483187
124	0.1704377839133016
125	0.2912132099152573
126	0.7588439508744649
127	0.40950387170122843
128	0.9071954723294288
129	0.9071954723294288
130	0.9680555771461301
131	0.9680555771461301
132	0.9838981538483187
133	0.8230036250150389
134	0.7712627042813434
135	0.9838981538483187
136	1.0
137	1.0
138	0.9680555771461301
139	0.9524680951766462
140	0.9838981538483187
141	1.0
142	0.24359180518339557
143	0.03099782162027437
144	0.0018097003405784544
145	0.0017236818362313128
146	0.0014418122384338217
147	0.0008716923278076608
148	0.0014185963995909494
149	0.00206065602257691
150	0.0012257733200817494
151	0.022043686905619336
152	1.0
153	0.04963373414423558
154	0.13801229332339057
155	0.9680555771461301
156	0.937131600443727
157	1.0
158	1.0
159	1.0
160	0.9680555771461301
161	0.15972263321475447
162	0.032544734860148215
163	0.9680555771461301
164	0.02168874285044923
165	0.008738613623635485
166	0.011515692539375573
167	0.0046397888713084435
168	0.003299523896879402
169	0.015175310452307482
170	0.0023848122377374418
171	0.0005904276939048647
172	0.02510054021835687
173	0.19407281858793524
174	0.8640747434825135
175	0.9071954723294288
176	0.5224031981891383
177	0.050446008004084525
178	0.05383022830539262
179	0.11544347070631855
180	0.3900393726467308
181	0.9680555771461301
182	0.07947357060372849
183	0.07569604040982214
184	0.09656527406216148
185	0.4441271100328678
186	0.6884197964379097
187	0.7227746524257325
188	0.36551822152450325
189	0.36551822152450325
190	0.2358104055548797
191	0.746625162324361
192	0.8230036250150389
193	0.8097517472627593
194	0.9838981538483187
195	1.0
196	1.0
197	1.0
198	1.0
199	1.0
200	1.0
