1	0.6556978921951151
2	0.5574491330158785
3	0.04430247303072497
4	0.004278080449843505
5	0.0036965812672960312
6	0.027222771645920248
7	0.4095038717012255
8	0.9680555771461301
9	1.0
10	0.9838981538483257
11	0.20709238541955044
12	0.0267844347650551
13	0.008459463654885606
14	0.011330268629776647
15	0.009790198959862087
16	0.015423659850312976
17	0.03587400494469133
18	0.14727098441461314
19	0.9838981538483257
20	0.9838981538483257
21	1.0
22	0.9838981538483257
23	0.9838981538483257
24	0.9680555771461301
25	0.9838981538483257
26	0.9838981538483257
27	0.9838981538483257
28	0.9838981538483257
29	0.07447719441285121
30	0.0019000115066771211
31	0.0014185963995909591
32	0.0033535217887888133
33	1.0
34	0.010617952774479944
35	0.011704150977755524
36	0.029049038185277303
37	0.11733274450692356
38	0.9838981538483257
39	1.0
40	1.0
41	1.0
42	1.0
43	0.11733274450692356
44	0.025928821455018652
45	0.008881624169591295
46	0.009026975134420856
47	0.004009124378788894
48	0.002346412357984731
49	0.0020943793974173607
50	0.06979493239667436
51	0.3370231708678044
52	0.19094788792080783
53	0.16233655139003125
54	0.03254473486014822
55	0.03202070454638263
56	0.05044600800408381
57	0.06331764666180247
58	0.13145230613269135
59	0.9838981538483257
60	0.013766972933527
61	0.010113261253784643
62	0.01469054391828022
63	0.017562497419084194
64	0.01079171937964315
65	0.67733496678789
66	0.6245313223904277
67	0.5852680376789829
68	0.8097517472627709
69	0.67733496678789
70	0.8230036250150331
71	0.952468095176653
72	0.8097517472627709
73	0.8230036250150331
74	0.8230036250150331
75	0.9838981538483257
76	0.9680555771461301
77	0.952468095176653
78	0.8501615448993987
79	0.8501615448993987
80	0.9838981538483257
81	0.6884197964379047
82	0.6884197964379047
83	0.6347520014624431
84	0.8097517472627709
85	0.03954385360034535
86	0.08903724340857869
87	0.06229811565656806
88	0.03254473486014822
89	0.08077418408895644
90	0.07209806342155722
91	0.0480482131529159
92	0.03766425891466509
93	0.04084874312373917
94	0.0547111792972134
95	0.08343961441458021
96	0.15972263321475563
97	0.43697584363533093
98	0.522403198189142
99	0.6144752151203867
100	0.481677716615238
101	0.6664286233595221
102	0.6245313223904277
103	0.6245313223904277
104	0.6556978921951151
105	0.9680555771461301
106	0.7111366461700436
107	0.6144752151203867
108	0.37150005830873106
109	0.07569604040982106
110	0.5396417421912961
111	0.10644373457266747
112	0.42993972582911066
113	0.4739218161276097
114	0.6664286233595221
115	0.39003937264673355
116	0.10644373457266747
117	0.09197534264619842
118	0.09197534264619842
119	0.9680555771461301
120	0.17043778391330042
121	0.16233655139003125
122	0.14256649781436706
123	0.09348055211451997
124	0.06435386265758171
125	0.06030803830703536
126	0.05838153282986845
127	0.20047693868989175
128	0.8097517472627709
129	0.023522509426831248
130	0.01967592931444509
131	0.052110652730084805
132	0.9371316004437337
133	0.154620385880011
134	0.09656527406216149
135	0.10138426111191785
136	0.9371316004437337
137	0.8925879504044913
138	0.952468095176653
139	0.952468095176653
140	0.9838981538483257
141	0.9838981538483257
142	0.952468095176653
143	0.9371316004437337
144	0.052110652730084805
145	0.06979493239667436
146	0.154620385880011
147	0.09348055211451997
148	0.07447719441285121
149	0.07693483325865776
150	0.05560654736795803
151	0.06435386265758171
152	0.16769342093829617
153	0.8925879504044913
154	0.9371316004437337
155	0.3315964756209417
156	0.6884197964379047
157	0.952468095176653
158	0.9680555771461301
159	0.9680555771461301
160	0.952468095176653
161	0.6144752151203867
162	0.7227746524257325
163	0.6996860333005909
164	0.19094788792080783
165	0.14489964968096344
166	0.15715080394779135
167	0.9838981538483257
168	0.9838981538483257
169	0.13801229332339154
170	0.03890712455342798
171	0.019047393108381872
172	0.0064194128221524245
173	0.005198130749138925
174	0.007799981223697619
175	0.0267844347650551
176	0.21392613224755785
177	0.9838981538483257
178	1.0
179	0.04219669209918966
180	0.0012060361066649748
181	0.00010738213038866393
182	0.0006403479026656334
183	0.06979493239667436
184	0.6996860333005909
185	0.9371316004437337
186	0.8782156365502402
187	0.9371316004437337
188	0.9680555771461301
189	0.9838981538483257
190	0.9838981538483257
191	0.9838981538483257
192	0.9838981538483257
193	0.9838981538483257
194	0.9838981538483257
195	0.9838981538483257
196	0.9838981538483257
197	0.9838981538483257
198	0.952468095176653
199	0.952468095176653
200	1.0
