1	0.9371316004437404
2	0.8230036250150389
3	0.8782156365502338
4	0.8782156365502338
5	0.8782156365502338
6	0.9838981538483189
7	0.210481526578285
8	0.05044600800408453
9	0.02204368690561934
10	0.010278768401209682
11	0.02032520629905422
12	1.0
13	1.0
14	1.0
15	1.0
16	0.019675929314445093
17	0.006962169253653824
18	0.009026975134420792
19	0.028581295041564064
20	0.18187177108593947
21	0.9838981538483189
22	0.08619300005539272
23	0.02812108342598859
24	0.03254473486014822
25	0.0011302145468318856
26	0.0008859578853748352
27	0.02551131956105572
28	0.00151376434101598
29	0.00047040156643291924
30	0.0016417519552458229
31	0.0006723037820462359
32	0.004715720680195316
33	0.009950419076984586
34	0.027222771645920244
35	0.10304345090533383
36	1.0
37	1.0
38	1.0
39	1.0
40	1.0
41	1.0
42	1.0
43	1.0
44	0.10138426111191928
45	0.03254473486014822
46	0.01727970878760305
47	0.015423659850313085
48	0.005546852487609637
49	0.004491573493650815
50	0.0006000902548658376
51	0.0012662220527620764
52	0.3837590186752804
53	0.20375781569034312
54	0.1909478879208092
55	0.6664286233595221
56	0.6556978921951105
57	0.6245313223904276
58	0.7712627042813436
59	0.7111366461700386
60	0.7111366461700386
61	0.8640747434825137
62	0.2599334021689762
63	0.04288725609875964
64	0.04502749889045438
65	0.9071954723294418
66	0.3775797899972509
67	0.9071954723294418
68	0.3964225068633075
69	0.6451399456130124
70	0.028581295041564064
71	0.09501039487561765
72	0.8230036250150389
73	0.11733274450692356
74	0.09501039487561765
75	0.154620385880011
76	0.11358461770179093
77	0.8925879504044913
78	1.0
79	1.0
80	0.8364723744993591
81	0.809751747262771
82	0.7967132492072908
83	0.01170415097775544
84	0.01311260248634491
85	0.20375781569034312
86	0.28191057199709557
87	1.0
88	0.35384195289533515
89	0.11358461770179093
90	0.614475215120391
91	0.19407281858793526
92	0.6045810297425014
93	0.019997932954225667
94	0.3655182215245085
95	0.3775797899972509
96	0.4895605451959158
97	0.5852680376789872
98	0.614475215120391
99	0.5852680376789872
100	0.8230036250150389
101	0.9071954723294418
102	0.7588439508744758
103	0.8230036250150389
104	0.9524680951766463
105	0.8364723744993591
106	0.8782156365502338
107	0.9524680951766463
108	0.18187177108593947
109	0.18484816784601352
110	0.17894329980857737
111	0.17322705937262783
112	0.2516299796562454
113	0.8925879504044913
114	0.8925879504044913
115	0.8364723744993591
116	0.1380122933233906
117	0.12725313808047503
118	0.0547111792972134
119	0.027222771645920244
120	0.029049038185277303
121	0.07947357060372963
122	0.06647744631284419
123	0.10472979393476876
124	0.968055577146144
125	1.0
126	0.09975178733729187
127	0.09348055211451997
128	0.09501039487561765
129	0.1357900406092586
130	0.2396695274125223
131	0.9371316004437404
132	0.968055577146144
133	0.15213071221465968
134	0.22098538275893198
135	0.9838981538483189
136	0.9371316004437404
137	0.9371316004437404
138	0.8640747434825137
139	0.15213071221465968
140	0.13360357026643588
141	0.9220420515895167
142	0.12725313808047503
143	0.021339514049848223
144	0.08760357941344458
145	0.06435386265758125
146	0.08343961441457963
147	1.0
148	1.0
149	0.09656527406216149
150	0.10644373457266824
151	0.09049436982916181
152	1.0
153	0.9524680951766463
154	0.968055577146144
155	0.9371316004437404
156	0.5396417421912961
157	0.35384195289533515
158	0.3315964756209393
159	0.013327194928720823
160	0.05744148237014259
161	0.05044600800408453
162	0.9071954723294418
163	0.8925879504044913
164	0.8925879504044913
165	0.9524680951766463
166	0.11925293695084045
167	0.0023464123579847473
168	0.04502749889045438
169	0.00028905010372683697
170	0.027668282067045125
171	0.007191910689857912
172	0.010113261253784644
173	0.041517247454898654
174	0.12933568132305998
175	1.0
176	1.0
177	1.0
178	1.0
179	0.9838981538483189
180	0.968055577146144
181	0.9838981538483189
182	0.968055577146144
183	0.7466251623243612
184	0.305745894681384
185	0.08343961441457963
186	0.038907124553427985
187	0.04358912142584555
188	0.030007614098887924
189	0.009174704819918202
190	0.009950419076984586
191	0.04727454821686481
192	0.20047693868989175
193	1.0
194	0.9524680951766463
195	0.8501615448993928
196	0.7466251623243612
197	0.7466251623243612
198	0.7712627042813436
199	0.9838981538483189
200	1.0
