1	0.9838981538483188
2	0.9838981538483188
3	0.08903724340857806
4	0.05044600800408453
5	0.023907463729683512
6	0.015932618141390915
7	0.01619336115132798
8	0.02510054021835723
9	0.09197534264619776
10	0.9838981538483188
11	0.9220420515895166
12	0.016458371314135432
13	0.0027155201279554955
14	0.005637628717885326
15	0.007309608887594824
16	0.021339514049848227
17	0.9838981538483188
18	0.001206036106664975
19	0.001186616698822083
20	0.0010764932965619026
21	0.007191910689857912
22	0.0744771944128507
23	0.9071954723294419
24	0.9524680951766463
25	0.758843950874465
26	0.9838981538483188
27	0.9838981538483188
28	0.024696375181437157
29	0.0018694178137101955
30	0.0015893071365663052
31	0.01843893512866384
32	0.12933568132305998
33	0.010791719379643074
34	0.015175310452307484
35	0.04219669209919026
36	0.1972488898661471
37	0.9371316004437404
38	0.9524680951766463
39	0.968055577146144
40	0.9524680951766463
41	0.21742711012398036
42	0.04430247303072529
43	0.04084874312373918
44	0.04430247303072529
45	0.3370231708678045
46	0.15213071221465965
47	0.0675653735631387
48	0.04430247303072529
49	0.2435918051833991
50	0.809751747262771
51	0.8501615448993928
52	0.8925879504044915
53	0.4739218161276064
54	0.5224031981891458
55	0.25574799451756824
56	0.22827757824649536
57	0.05044600800408453
58	0.699686033300596
59	0.7838846950415491
60	0.7712627042813435
61	0.8364723744993592
62	0.8640747434825136
63	0.2912132099152615
64	0.16769342093829617
65	0.466290799956401
66	0.6245313223904277
67	0.3900393726467364
68	0.4299397258291168
69	0.8925879504044915
70	0.7227746524257428
71	0.7838846950415491
72	0.09975178733729187
73	0.028121083425988992
74	0.028121083425988992
75	0.25574799451756824
76	0.34814444420780405
77	0.8782156365502339
78	0.2516299796562454
79	0.1878732744065199
80	0.15213071221465965
81	0.2320134226836728
82	0.9524680951766463
83	0.18187177108593947
84	0.11925293695084216
85	0.09348055211451997
86	0.08760357941344458
87	0.13360357026643588
88	0.17894329980857993
89	0.8364723744993592
90	0.8230036250150391
91	0.8501615448993928
92	0.8364723744993592
93	0.8364723744993592
94	0.968055577146144
95	0.15462038588001104
96	0.16233655139003356
97	0.9838981538483188
98	0.14968112689163143
99	0.1425664978143681
100	0.15462038588001104
101	0.22460188780169194
102	0.15462038588001104
103	0.08619300005539272
104	0.06229811565656763
105	0.06540703669975813
106	0.7838846950415491
107	0.809751747262771
108	0.7967132492072909
109	0.8230036250150391
110	0.8925879504044915
111	0.9071954723294419
112	0.8782156365502339
113	0.8925879504044915
114	0.006850065475449526
115	0.002805128333603497
116	0.0018097003405784802
117	0.00011274092112108797
118	0.0003687405884503359
119	0.0025864462836876507
120	0.0014185963995909494
121	0.0010591597671173467
122	0.0025038237499127474
123	1.0
124	0.16769342093829617
125	1.0
126	0.6664286233595222
127	0.968055577146144
128	1.0
129	0.9838981538483188
130	0.9071954723294419
131	0.6347520014624387
132	0.2599334021689762
133	0.9838981538483188
134	0.0037570771454724255
135	0.002851035264810493
136	0.003042299783147321
137	0.004009124378788922
138	0.0010591597671173467
139	0.0009453932456821711
140	0.002163490864431252
141	0.001994829555235368
142	0.02551131956105572
143	0.968055577146144
144	0.5224031981891458
145	0.42301690250931445
146	0.44412711003286787
147	0.746625162324361
148	0.5396417421913039
149	0.5948461590153626
150	0.6556978921951104
151	0.6556978921951104
152	0.746625162324361
153	0.7838846950415491
154	0.7967132492072909
155	0.9371316004437404
156	0.7967132492072909
157	0.7712627042813435
158	0.5665719880005069
159	0.7346031188276403
160	0.8640747434825136
161	0.6347520014624387
162	0.5852680376789788
163	0.5948461590153626
164	0.9524680951766463
165	0.9371316004437404
166	0.9371316004437404
167	0.9524680951766463
168	0.9524680951766463
169	0.14027091400017716
170	0.03361866366814549
171	0.016458371314135432
172	0.01619336115132798
173	0.018740694914960117
174	0.9838981538483188
175	1.0
176	0.7712627042813435
177	0.9838981538483188
178	0.9524680951766463
179	0.9524680951766463
180	0.07569604040982215
181	0.017279708787602807
182	0.0061142859028680595
183	0.0018097003405784802
184	0.005637628717885326
185	0.9838981538483188
186	0.0330773411179359
187	0.014930959938100431
188	0.01248933551297767
189	0.009950419076984586
190	0.028121083425988992
191	0.023143753598938943
192	0.028581295041564064
193	0.015423659850313085
194	0.019359110527732547
195	0.014930959938100431
196	0.04358912142584555
197	0.08343961441457964
198	0.9838981538483188
199	0.9838981538483188
200	0.9838981538483188
