1	0.8230036250150508
2	0.8782156365502465
3	0.5484731728386766
4	0.48956054519592274
5	0.9524680951766598
6	0.746625162324361
7	0.4095038717012343
8	0.22460188780169513
9	0.466290799956401
10	0.8230036250150508
11	0.20709238541955344
12	0.1472709844146142
13	0.13579004060925862
14	0.11733274450692358
15	0.09348055211452132
16	0.1212045540327608
17	0.1472709844146142
18	0.8925879504044913
19	0.8925879504044913
20	0.17043778391330405
21	0.11175569566235918
22	0.09656527406216286
23	0.2037578156903431
24	0.9220420515895167
25	0.0997517873372947
26	0.06756537356313871
27	0.10644373457266976
28	0.8925879504044913
29	0.2912132099152615
30	0.1972488898661499
31	0.2599334021689762
32	0.30082282132372057
33	0.24359180518339907
34	0.9071954723294546
35	0.29597901853585135
36	0.11175569566235918
37	0.32625716018605594
38	0.6773349667879046
39	0.7346031188276507
40	0.746625162324361
41	0.3900393726467363
42	0.052110652730085555
43	0.037664258914665634
44	0.0062143483844881225
45	0.013766972933527199
46	0.07947357060373075
47	0.11358461770179093
48	0.2396695274125257
49	0.8640747434825136
50	0.176061982325188
51	0.1818717710859395
52	0.1818717710859395
53	0.8097517472627824
54	0.7712627042813435
55	0.7346031188276507
56	0.850161544899417
57	0.16769342093829856
58	0.04502749889045439
59	0.06229811565656851
60	0.06435386265758218
61	0.060308038307035794
62	0.8925879504044913
63	0.05383022830539339
64	0.06331764666180337
65	0.1425664978143701
66	1.0
67	0.968055577146144
68	0.1425664978143701
69	0.10818572446379239
70	0.04019100294647176
71	0.01756249741908457
72	0.005457537922228193
73	0.03705779481220513
74	0.12933568132305998
75	0.968055577146144
76	0.968055577146144
77	0.968055577146144
78	0.9838981538483328
79	0.9838981538483328
80	0.9838981538483328
81	0.9838981538483328
82	0.9838981538483328
83	1.0
84	1.0
85	0.9524680951766598
86	1.0
87	1.0
88	0.045764390058400266
89	0.01096832973761936
90	0.7967132492073021
91	0.047274548216865483
92	0.11733274450692358
93	0.11544347070632022
94	0.1571508039477936
95	0.1972488898661499
96	1.0
97	1.0
98	0.16499324727370096
99	0.09656527406216286
100	0.12520412762878458
101	0.8640747434825136
102	0.013545299253377089
103	0.0012257733200817756
104	0.004951053693111612
105	0.16769342093829856
106	0.30082282132372057
107	0.9838981538483328
108	0.968055577146144
109	0.9838981538483328
110	0.850161544899417
111	0.7346031188276507
112	0.746625162324361
113	0.7111366461700487
114	0.05651656845829486
115	0.03361866366814549
116	0.9838981538483328
117	0.049633734144236996
118	0.030007614098888354
119	0.02766828206704552
120	0.024696375181437507
121	0.07327797408660718
122	0.8230036250150508
123	0.9838981538483328
124	0.9838981538483328
125	1.0
126	0.08903724340858059
127	0.037664258914665634
128	0.1571508039477936
129	0.16233655139003356
130	0.2037578156903431
131	0.2396695274125257
132	0.09049436982916183
133	0.7346031188276507
134	0.7838846950415602
135	0.9220420515895167
136	0.7111366461700487
137	0.8925879504044913
138	0.8364723744993591
139	0.9220420515895167
140	0.8230036250150508
141	0.8230036250150508
142	0.968055577146144
143	0.8925879504044913
144	0.9838981538483328
145	0.9838981538483328
146	0.19094788792081194
147	0.16499324727370096
148	0.05933696755250705
149	0.0807741840889576
150	0.9371316004437406
151	0.05838153282986846
152	0.017001473575159333
153	0.0075508153252356845
154	0.005369661486237472
155	0.02065783558954407
156	0.09049436982916183
157	0.2557479945175719
158	0.34253867592861237
159	0.22460188780169513
160	0.4369758436353341
161	0.07569604040982215
162	0.16769342093829856
163	0.8364723744993591
164	0.7967132492073021
165	0.8640747434825136
166	0.9524680951766598
167	0.9371316004437406
168	0.9838981538483328
169	0.44412711003287414
170	0.3655182215245085
171	0.968055577146144
172	0.7111366461700487
173	0.6144752151203998
174	0.850161544899417
175	0.9524680951766598
176	0.8364723744993591
177	0.8097517472627824
178	0.8640747434825136
179	0.8925879504044913
180	0.968055577146144
181	0.9524680951766598
182	0.9071954723294546
183	0.8925879504044913
184	0.3837590186752804
185	0.1972488898661499
186	0.09501039487561899
187	0.12933568132305998
188	0.6884197964379097
189	0.7588439508744866
190	0.9071954723294546
191	0.9371316004437406
192	0.9371316004437406
193	0.7712627042813435
194	0.7346031188276507
195	0.9371316004437406
196	0.27737129133826993
197	0.26851082552023625
198	0.3158350635019743
199	0.47392181612761985
200	0.9838981538483328
