1	0.9838981538483049
2	0.6245313223904277
3	0.48167771661523795
4	0.466290799956401
5	0.4739218161276063
6	0.8364723744993591
7	0.5309525138815067
8	0.4299397258291107
9	0.20709238541955047
10	0.5139915422627507
11	0.5139915422627507
12	0.4230169025093144
13	0.4739218161276063
14	0.13360357026643588
15	0.12933568132305814
16	0.13801229332339057
17	0.16233655139003125
18	0.35963270335587966
19	0.9371316004437271
20	0.10304345090533383
21	0.048834539393112344
22	0.032544734860148215
23	0.03766425891466509
24	0.019047393108381605
25	0.01469054391828022
26	0.012288234154010974
27	0.017849913987938722
28	0.22098538275893195
29	0.034168845156027985
30	0.09197534264619775
31	0.9838981538483049
32	0.8640747434825014
33	0.9680555771461301
34	0.15715080394779135
35	0.06229811565656762
36	0.044302473030725285
37	0.9071954723294288
38	0.9838981538483049
39	0.01311260248634491
40	0.006524468815236718
41	0.0053696614862373945
42	0.002198897168339186
43	0.0023848122377374418
44	0.002128654667381612
45	0.009324852154700226
46	0.9220420515895035
47	0.7967132492072908
48	0.4299397258291107
49	0.48167771661523795
50	0.06647744631284323
51	0.030007614098887497
52	0.029524436113288612
53	0.03705779481220407
54	0.9680555771461301
55	0.9371316004437271
56	0.9680555771461301
57	0.9680555771461301
58	0.9680555771461301
59	0.9524680951766463
60	0.9680555771461301
61	0.06331764666180247
62	0.02510054021835687
63	0.02678443476505491
64	0.14489964968096136
65	0.8782156365502213
66	0.7838846950415491
67	0.746625162324361
68	0.699686033300586
69	0.6347520014624387
70	0.6556978921951011
71	0.9680555771461301
72	0.9838981538483049
73	0.05560654736795765
74	0.034728030561276546
75	0.0023086307871880737
76	0.0008438466194896987
77	0.020657835589543483
78	0.045764390058400266
79	0.049633734144235574
80	0.9524680951766463
81	0.9220420515895035
82	0.9838981538483049
83	0.9680555771461301
84	0.03890712455342798
85	0.035874004944691076
86	0.07327797408660716
87	0.9838981538483049
88	0.9680555771461301
89	0.12120455403275905
90	0.1940728185879325
91	0.012288234154010974
92	0.22827757824649209
93	0.23581040555487973
94	0.13579004060925667
95	0.1472709844146121
96	0.18484816784601352
97	0.000351213645895612
98	3.178285756072534e-05
99	0.00032383375060781954
100	0.0547111792972134
101	0.014453999040223556
102	0.09814559940423298
103	0.015175310452307265
104	0.06979493239667436
105	0.14256649781436606
106	0.21048152657828498
107	0.9838981538483049
108	0.8925879504044915
109	0.9838981538483049
110	0.09049436982916052
111	0.020657835589543483
112	0.05560654736795765
113	1.0
114	0.9524680951766463
115	0.9524680951766463
116	0.9371316004437271
117	0.9220420515895035
118	0.9680555771461301
119	0.809751747262771
120	0.8364723744993591
121	0.15715080394779135
122	0.2557479945175646
123	0.2959790185358471
124	0.9220420515895035
125	0.9071954723294288
126	0.7588439508744649
127	0.12933568132305814
128	0.08903724340857805
129	0.4895605451959088
130	0.8782156365502213
131	0.5057153295259778
132	0.01469054391828022
133	0.011515692539375738
134	0.020325206299054217
135	0.010446984132459453
136	0.009174704819918202
137	0.0032463954707180544
138	0.0019948295552353395
139	0.0026717952406334006
140	0.0007174059456835025
141	0.00011274092112108795
142	0.0018694178137101686
143	0.020657835589543483
144	0.1099562226442282
145	1.0
146	1.0
147	1.0
148	1.0
149	0.1099562226442282
150	0.020325206299054217
151	0.002198897168339186
152	7.761308196840071e-05
153	0.0005623635409531145
154	0.0017805608241138404
155	0.0019311058764015325
156	0.0003345197923062387
157	0.0032995238968794023
158	0.004715720680195249
159	0.6245313223904277
160	0.5758441417787756
161	0.5574491330158785
162	0.4895605451959088
163	0.5309525138815067
164	0.8640747434825014
165	0.6556978921951011
166	0.7227746524257325
167	0.8230036250150273
168	0.8640747434825014
169	0.5224031981891458
170	0.548473172838661
171	0.5665719880005069
172	0.6451399456130033
173	0.6664286233595221
174	0.5665719880005069
175	0.5574491330158785
176	0.5665719880005069
177	0.48167771661523795
178	0.2557479945175646
179	0.5852680376789787
180	0.3262571601860513
181	0.37150005830873106
182	0.5665719880005069
183	0.3158350635019653
184	0.27290510147824404
185	0.3425386759286026
186	0.3837590186752749
187	0.6245313223904277
188	0.9838981538483049
189	0.21392613224755633
190	0.2685108255202325
191	0.011704150977755439
192	0.025928821455018472
193	0.9371316004437271
194	0.746625162324361
195	0.7346031188276297
196	0.018142034232021265
197	0.057441482370141767
198	0.2557479945175646
199	0.2557479945175646
200	0.9838981538483049
