1	0.9524680951766599
2	0.9524680951766599
3	0.9524680951766599
4	0.32100381758685564
5	0.11175569566235918
6	0.07819389939674361
7	0.07093715149651067
8	0.17043778391330405
9	0.08343961441458082
10	0.07693483325865831
11	0.8501615448994049
12	0.11733274450692358
13	0.04804821315291693
14	0.04804821315291693
15	0.04651334071458728
16	0.08619300005539396
17	0.9371316004437404
18	0.9220420515895166
19	0.9220420515895166
20	0.9071954723294547
21	0.0612950009827268
22	0.021339514049848223
23	0.03890712455342854
24	0.08480513362915015
25	0.1252041276287828
26	0.9524680951766599
27	0.7838846950415602
28	0.8501615448994049
29	0.12318811002815043
30	0.2516299796562454
31	0.3715000583087311
32	0.9524680951766599
33	0.08343961441458082
34	0.03472803056127704
35	0.04084874312373918
36	0.18187177108593947
37	0.7227746524257428
38	0.6996860333005961
39	0.029524436113289036
40	0.010278768401209684
41	0.029049038185277716
42	0.09975178733729471
43	0.9680555771461439
44	0.5852680376789872
45	0.6144752151203997
46	0.08077418408895759
47	0.01784991398793898
48	0.012090370898187429
49	0.005283200023099469
50	0.0006508274257463043
51	0.0062143483844881225
52	0.008881624169591424
53	0.013545299253377184
54	0.04151724745489924
55	1.0
56	1.0
57	1.0
58	0.003696581267296084
59	0.004278080449843506
60	0.009632558682416177
61	1.0
62	0.8501615448994049
63	1.0
64	1.0
65	0.11358461770179094
66	0.08343961441458082
67	0.9220420515895166
68	1.0
69	1.0
70	1.0
71	1.0
72	1.0
73	1.0
74	0.9220420515895166
75	1.0
76	0.07947357060373077
77	0.12120455403276079
78	1.0
79	1.0
80	0.8364723744993591
81	1.0
82	0.0033535217887888376
83	0.0014185963995909695
84	0.004491573493650815
85	1.0
86	1.0
87	0.04502749889045438
88	0.012489335512977847
89	0.007191910689857912
90	0.004141419638950891
91	0.0028051283336035368
92	0.1030434509053353
93	0.11175569566235918
94	0.12318811002815043
95	0.18787327440651988
96	0.21048152657828498
97	0.6451399456130124
98	0.13801229332339257
99	0.06030803830703579
100	0.04502749889045438
101	0.03890712455342854
102	0.9371316004437404
103	0.9524680951766599
104	0.9524680951766599
105	0.9371316004437404
106	0.9220420515895166
107	0.9838981538483329
108	0.9680555771461439
109	0.9524680951766599
110	0.9838981538483329
111	0.6451399456130124
112	1.0
113	1.0
114	0.1425664978143701
115	0.14027091400017716
116	0.1336035702664378
117	0.1314523061326923
118	0.14027091400017716
119	0.176061982325188
120	0.2557479945175719
121	0.5224031981891458
122	0.8640747434825136
123	0.8364723744993591
124	0.9371316004437404
125	0.7712627042813435
126	0.7346031188276506
127	0.9680555771461439
128	0.9680555771461439
129	0.9220420515895166
130	0.9524680951766599
131	0.9524680951766599
132	0.16499324727370096
133	0.16769342093829617
134	0.43697584363533404
135	0.9071954723294547
136	0.9371316004437404
137	0.9838981538483329
138	0.9680555771461439
139	0.9838981538483329
140	0.9838981538483329
141	0.49757237909340374
142	0.4513954094697309
143	0.4513954094697309
144	0.6144752151203997
145	0.17043778391330405
146	0.07093715149651067
147	0.1336035702664378
148	0.9838981538483329
149	0.03954385360034591
150	0.005198130749139036
151	0.00010565307984570667
152	1.5559633075313056e-05
153	4.542445618186491e-05
154	8.695286770701994e-05
155	0.0009925720876842986
156	0.0022348829091087073
157	0.0005715668219861406
158	3.5034188915334524e-05
159	0.0029451152724262676
160	0.01814203423202152
161	1.0
162	1.0
163	1.0
164	1.0
165	1.0
166	0.019359110527732818
167	0.0029451152724262676
168	3.678253276172629e-05
169	0.0005715668219861406
170	0.0022348829091087073
171	0.0009925720876842986
172	8.555276600875523e-05
173	4.3265345253976524e-05
174	1.071155943435558e-05
175	5.9860075486560016e-05
176	0.006850065475449525
177	0.06647744631284513
178	0.8925879504044913
179	0.19407281858793526
180	0.05560654736795844
181	0.1030434509053353
182	0.1425664978143701
183	0.2282775782464986
184	0.14968112689163354
185	0.1336035702664378
186	0.14027091400017716
187	0.12318811002815043
188	0.10472979393476875
189	0.044302473030725924
190	0.8097517472627825
191	0.8364723744993591
192	0.35384195289533515
193	0.6556978921951198
194	0.7967132492072908
195	0.9220420515895166
196	0.8364723744993591
197	0.8097517472627825
198	0.9220420515895166
199	0.9220420515895166
200	0.9220420515895166
