1	0.8364723744993591
2	0.03587400494469185
3	0.035296367236228025
4	0.8925879504044913
5	0.8782156365502464
6	0.12520412762878458
7	0.009026975134420856
8	0.020657835589543632
9	0.13145230613269226
10	0.8925879504044913
11	0.6773349667879046
12	0.8364723744993591
13	0.1789432998085799
14	0.019047393108381876
15	0.00381856306039134
16	0.00805736923358502
17	0.01967592931444537
18	0.04883453939311236
19	0.44412711003286787
20	1.0
21	1.0
22	1.0
23	0.45139540946973095
24	0.046513340714586945
25	0.016727718463300248
26	0.00832325067258896
27	0.010278768401209684
28	0.022043686905619652
29	0.06331764666180337
30	0.7466251623243612
31	0.823003625015039
32	0.6556978921951199
33	0.5574491330158785
34	0.7967132492072908
35	0.3596327033558848
36	0.00611428590286806
37	0.010446984132459676
38	0.119252936950843
39	0.14489964968096347
40	0.15972263321475788
41	0.176061982325188
42	0.2139261322475609
43	0.3655182215245085
44	0.968055577146144
45	0.968055577146144
46	0.968055577146144
47	0.9371316004437406
48	0.9838981538483188
49	0.968055577146144
50	0.968055577146144
51	0.8501615448994049
52	0.823003625015039
53	0.823003625015039
54	0.823003625015039
55	0.7967132492072908
56	0.7466251623243612
57	0.7712627042813435
58	0.7838846950415602
59	0.8501615448994049
60	0.8640747434825137
61	0.823003625015039
62	0.28652413961186873
63	0.16233655139003356
64	0.046513340714586945
65	0.030007614098888136
66	0.03361866366814549
67	0.19094788792081058
68	0.7466251623243612
69	0.005114431247540004
70	0.01248933551297776
71	0.0063160484245060435
72	0.016458371314135665
73	0.11733274450692356
74	0.9838981538483188
75	0.9524680951766599
76	0.9371316004437406
77	0.8925879504044913
78	0.6347520014624478
79	0.6245313223904277
80	0.60458102974251
81	0.5396417421913039
82	0.60458102974251
83	0.6556978921951199
84	0.5484731728386688
85	0.5948461590153626
86	0.8782156365502464
87	0.6451399456130124
88	0.6884197964379098
89	0.5309525138815068
90	0.6347520014624478
91	0.49757237909340374
92	0.3964225068633076
93	0.3158350635019698
94	0.2959790185358471
95	0.968055577146144
96	0.4029101033605833
97	0.3715000583087311
98	0.3775797899972563
99	0.038907124553428256
100	0.106443734572669
101	0.23581040555488308
102	0.06331764666180337
103	0.14489964968096347
104	0.7588439508744758
105	0.08343961441458082
106	0.040191002946471474
107	0.037664258914665634
108	0.04358912142584555
109	0.06979493239667438
110	0.3596327033558848
111	0.6884197964379098
112	0.6773349667879046
113	0.566571988000515
114	0.42301690250932045
115	0.7111366461700386
116	0.8097517472627825
117	0.9371316004437406
118	0.9371316004437406
119	0.7967132492072908
120	0.41620554942555466
121	0.45878265723355866
122	0.9220420515895167
123	0.8640747434825137
124	0.7111366461700386
125	0.18187177108593947
126	0.054711179297213405
127	0.055606547367958836
128	0.14727098441461314
129	0.017562497419084444
130	0.005114431247540004
131	0.009174704819918202
132	0.14489964968096347
133	0.30082282132372057
134	0.823003625015039
135	0.7227746524257427
136	0.48956054519592274
137	0.1212045540327608
138	0.06756537356313871
139	0.09197534264619842
140	0.44412711003286787
141	0.3655182215245085
142	0.47392181612761314
143	0.5758441417787838
144	0.018142034232021393
145	0.007191910689857861
146	0.1212045540327608
147	0.5309525138815068
148	1.0
149	0.5484731728386688
150	0.44412711003286787
151	0.9220420515895167
152	0.08343961441458082
153	0.0965652740621615
154	0.6144752151203912
155	0.6347520014624478
156	0.9838981538483188
157	0.8097517472627825
158	0.8640747434825137
159	0.6347520014624478
160	0.24757827243666988
161	0.30082282132372057
162	0.968055577146144
163	0.5396417421913039
164	0.48956054519592274
165	0.9220420515895167
166	0.6773349667879046
167	0.210481526578285
168	0.16769342093829856
169	0.016727718463300248
170	0.05651656845829486
171	0.8782156365502464
172	0.48167771661524483
173	0.35384195289533515
174	0.3158350635019698
175	0.06331764666180337
176	0.02032520629905422
177	0.24359180518339907
178	0.45139540946973095
179	0.60458102974251
180	0.823003625015039
181	0.8097517472627825
182	0.8782156365502464
183	0.968055577146144
184	0.9838981538483188
185	0.14489964968096347
186	0.035296367236228025
187	0.011895693606068052
188	0.014221262971401534
189	0.8640747434825137
190	0.8640747434825137
191	0.106443734572669
192	0.034728030561276796
193	0.8925879504044913
194	0.7227746524257427
195	0.9220420515895167
196	0.8782156365502464
197	0.9071954723294546
198	0.9071954723294546
199	0.9071954723294546
200	1.0
