1	0.6556978921951059
2	0.5948461590153669
3	0.6245313223904189
4	0.6347520014624433
5	0.8782156365502277
6	0.8925879504044915
7	0.8925879504044915
8	0.8782156365502277
9	0.9371316004437271
10	0.7967132492072909
11	0.809751747262771
12	0.6996860333005861
13	0.4739218161276098
14	0.45878265723355544
15	0.6773349667878902
16	0.7227746524257325
17	0.9220420515895101
18	0.6245313223904189
19	0.6773349667878902
20	1.0
21	0.26418730551764663
22	0.26418730551764663
23	0.26418730551764663
24	1.0
25	1.0
26	1.0
27	1.0
28	0.005198130749138926
29	0.001395754378613407
30	0.0028510352648104934
31	0.3596327033558797
32	0.37150005830872845
33	0.8364723744993472
34	0.481677716615238
35	0.35384195289533266
36	0.1357900406092567
37	0.09975178733729259
38	0.32100381758685337
39	0.31583506350196755
40	0.39003937264673083
41	0.9071954723294354
42	0.9220420515895101
43	0.9220420515895101
44	0.9838981538483119
45	0.4662907999563944
46	0.11544347070631776
47	0.07947357060372906
48	0.06756537356313776
49	0.06979493239667438
50	0.3964225068633104
51	0.5574491330158706
52	0.9071954723294354
53	0.8782156365502277
54	0.8782156365502277
55	0.9680555771461302
56	0.9838981538483119
57	0.9838981538483119
58	0.9838981538483119
59	0.11358461770178933
60	0.0047157206801952825
61	0.00016644780891164653
62	0.0005443991622033087
63	0.0008576564720537012
64	1.0
65	0.015423659850313087
66	0.0028510352648104934
67	0.00641941282215238
68	1.0
69	0.4895605451959158
70	0.30082282132371635
71	1.0
72	0.7838846950415491
73	0.07447719441285124
74	0.03587400494469134
75	0.0290490381852771
76	0.0290490381852771
77	0.1231881100281487
78	0.9838981538483119
79	0.9838981538483119
80	0.9524680951766531
81	0.9680555771461302
82	0.9524680951766531
83	0.9680555771461302
84	0.9838981538483119
85	0.9220420515895101
86	0.9524680951766531
87	0.9680555771461302
88	0.9680555771461302
89	0.9680555771461302
90	0.9838981538483119
91	0.9371316004437271
92	0.8364723744993472
93	0.9371316004437271
94	0.19407281858793252
95	0.017001473575158972
96	0.03587400494469134
97	0.07209806342155722
98	0.14727098441461212
99	0.9524680951766531
100	0.9680555771461302
101	0.9680555771461302
102	0.9680555771461302
103	0.1425664978143671
104	0.03150511208810857
105	0.03254473486014799
106	0.06129500098272593
107	0.20047693868989175
108	0.9680555771461302
109	0.8925879504044915
110	0.9524680951766531
111	0.8364723744993472
112	0.7967132492072909
113	0.4662907999563944
114	0.40950387170122554
115	0.4369758436353279
116	0.5139915422627543
117	0.6045810297425014
118	0.6451399456130033
119	0.9524680951766531
120	0.9838981538483119
121	0.9524680951766531
122	0.9680555771461302
123	1.0
124	0.5309525138815105
125	0.4662907999563944
126	0.0664774463128437
127	0.07209806342155722
128	0.15715080394779135
129	0.6664286233595222
130	0.5224031981891384
131	0.7111366461700436
132	0.6347520014624433
133	0.5948461590153669
134	0.5758441417787797
135	0.9838981538483119
136	1.0
137	0.8501615448993989
138	1.0
139	0.5574491330158706
140	0.4895605451959158
141	0.10995622264422822
142	0.05744148237014218
143	0.14727098441461212
144	0.9838981538483119
145	0.9071954723294354
146	0.9071954723294354
147	0.9071954723294354
148	0.9371316004437271
149	0.9524680951766531
150	0.8925879504044915
151	0.7712627042813326
152	0.7588439508744704
153	0.7712627042813326
154	0.7967132492072909
155	0.9680555771461302
156	0.9680555771461302
157	0.9371316004437271
158	0.07327797408660612
159	0.03254473486014799
160	0.02551131956105536
161	0.02551131956105536
162	0.03890712455342826
163	0.210481526578285
164	0.10644373457266748
165	0.1676934209382962
166	0.9220420515895101
167	1.0
168	1.0
169	1.0
170	0.2037578156903402
171	0.09197534264619776
172	0.09501039487561765
173	0.25574799451756647
174	0.0890372434085787
175	0.08480513362914896
176	0.11358461770178933
177	0.18484816784601224
178	0.585268037678979
179	1.0
180	0.13801229332338963
181	0.001994829555235354
182	0.0013294115143323943
183	0.02551131956105536
184	0.18484816784601224
185	0.8782156365502277
186	0.7838846950415491
187	0.9838981538483119
188	0.5139915422627543
189	0.42993972582911383
190	0.7838846950415491
191	0.007076107650393139
192	0.003194122510301061
193	0.017562497419084198
194	1.0
195	0.001059159767117347
196	0.0005623635409531105
197	0.0003512136458956096
198	0.008459463654885545
199	0.11733274450692358
200	1.0
