1	0.9524680951766463
2	0.9524680951766463
3	0.9524680951766463
4	0.6556978921951104
5	0.9838981538483189
6	0.07327797408660718
7	0.07947357060372849
8	0.16233655139003358
9	0.01967592931444509
10	0.07947357060372849
11	0.3008228213237163
12	0.3538419528953301
13	0.09814559940423298
14	0.010617952774480096
15	0.059336967552505365
16	0.1425664978143681
17	0.17043778391330164
18	0.9524680951766463
19	0.9220420515895166
20	0.9220420515895166
21	0.7346031188276403
22	0.746625162324361
23	0.746625162324361
24	0.7346031188276403
25	0.758843950874465
26	0.45878265723355866
27	0.3538419528953301
28	0.3538419528953301
29	0.23581040555487975
30	0.17606198232518802
31	0.04219669209919026
32	0.12120455403276079
33	0.40950387170122843
34	0.3158350635019653
35	0.7227746524257428
36	0.5574491330158785
37	0.5758441417787837
38	0.5224031981891458
39	0.14027091400017713
40	0.16769342093829617
41	0.24757827243666986
42	0.6347520014624387
43	0.44412711003286787
44	0.466290799956401
45	0.3837590186752804
46	0.758843950874465
47	0.004951053693111612
48	0.00335352178878879
49	0.01967592931444509
50	0.8782156365502338
51	0.03254473486014822
52	0.018142034232021265
53	0.0018097003405784544
54	0.01151569253937574
55	0.003246395470718055
56	0.005637628717885326
57	0.005823662247270162
58	0.006015834611932685
59	0.005457537922228077
60	0.011895693606068052
61	0.03705779481220408
62	0.7346031188276403
63	0.4299397258291168
64	0.17606198232518802
65	0.4369758436353278
66	0.45139540946972445
67	0.3837590186752804
68	0.6773349667878852
69	0.6556978921951104
70	0.9680555771461302
71	0.5574491330158785
72	0.44412711003286787
73	0.45139540946972445
74	0.2396695274125223
75	0.47392181612760637
76	0.4299397258291168
77	0.6664286233595221
78	0.9680555771461302
79	0.37150005830873106
80	0.1472709844146121
81	0.02168874285044923
82	0.008597905811488843
83	0.9838981538483189
84	0.01311260248634491
85	0.016458371314135432
86	0.00963255868241604
87	0.9838981538483189
88	0.9838981538483189
89	1.0
90	1.0
91	1.0
92	0.9838981538483189
93	0.001962709116638142
94	0.0008302591310470712
95	0.03529636723622752
96	1.0
97	0.02390746372968351
98	0.023522509426831248
99	0.1272531380804732
100	0.3370231708678044
101	0.9371316004437271
102	0.3370231708678044
103	0.3538419528953301
104	0.23581040555487975
105	0.9838981538483189
106	0.02168874285044923
107	0.01151569253937574
108	0.0034084033755650083
109	0.005369661486237395
110	0.0048713325882563455
111	0.007550815325235631
112	0.014453999040223557
113	0.0038810552143591307
114	0.0019000115066771077
115	0.019047393108381876
116	0.015423659850312866
117	0.8925879504044915
118	0.08343961441457963
119	0.16233655139003358
120	0.21392613224755938
121	0.20047693868989175
122	0.3370231708678044
123	0.783884695041549
124	0.9524680951766463
125	0.8501615448993928
126	0.04358912142584555
127	0.004074735137074894
128	0.005546852487609716
129	0.1597226332147545
130	0.06030803830703579
131	0.062298115656567614
132	0.09049436982916183
133	1.0
134	0.9838981538483189
135	0.9680555771461302
136	0.8925879504044915
137	0.154620385880011
138	0.034728030561276546
139	0.007076107650393189
140	0.008597905811488843
141	0.09049436982916183
142	0.14027091400017713
143	1.0
144	0.9838981538483189
145	0.9838981538483189
146	0.9524680951766463
147	0.27737129133826594
148	0.2396695274125223
149	0.9524680951766463
150	0.9371316004437271
151	0.9524680951766463
152	1.0
153	0.9838981538483189
154	1.0
155	0.9220420515895166
156	0.9838981538483189
157	0.2685108255202325
158	0.2641873055176448
159	1.0
160	0.9838981538483189
161	0.0744771944128507
162	0.014690543918280221
163	0.020325206299054217
164	0.03587400494469159
165	0.044302473030725285
166	0.1252041276287828
167	1.0
168	1.0
169	1.0
170	1.0
171	0.9680555771461302
172	0.06331764666180337
173	0.08343961441457963
174	0.07327797408660718
175	0.1314523061326923
176	0.06435386265758125
177	0.09975178733729188
178	0.08077418408895759
179	0.758843950874465
180	0.783884695041549
181	0.7712627042813435
182	0.4230169025093144
183	0.4230169025093144
184	0.9071954723294289
185	0.8501615448993928
186	0.6773349667878852
187	0.33159647562093936
188	0.08619300005539272
189	0.04219669209919026
190	0.03529636723622752
191	0.09975178733729188
192	0.746625162324361
193	0.9524680951766463
194	0.7967132492072908
195	0.9071954723294289
196	0.9220420515895166
197	0.9071954723294289
198	0.9220420515895166
199	0.9524680951766463
200	0.9680555771461302
