1	0.8782156365502339
2	0.7967132492072909
3	0.7111366461700386
4	0.8097517472627711
5	0.2729051014782441
6	0.19407281858793252
7	0.10818572446379086
8	0.2819105719970956
9	0.6996860333005861
10	0.6451399456130033
11	0.3775797899972509
12	0.3008228213237163
13	0.20709238541954753
14	0.7346031188276299
15	0.44412711003286787
16	0.17894329980857737
17	0.19407281858793252
18	0.2641873055176486
19	0.6884197964379
20	0.677334966787895
21	0.7466251623243505
22	0.7227746524257325
23	0.5396417421912961
24	0.5309525138815068
25	0.7838846950415491
26	0.7346031188276299
27	0.3775797899972509
28	0.5309525138815068
29	0.059336967552506205
30	0.050446008004083824
31	0.45139540946972445
32	0.15213071221465752
33	0.5396417421912961
34	0.566571988000515
35	0.9220420515895036
36	0.9220420515895036
37	0.09501039487561765
38	0.06229811565656762
39	0.020657835589543778
40	0.020657835589543778
41	0.9071954723294418
42	0.9838981538483049
43	1.0
44	0.9220420515895036
45	0.2729051014782441
46	0.2599334021689725
47	0.045027498890453745
48	0.2729051014782441
49	0.0376642589146651
50	0.04651334071458662
51	0.2516299796562454
52	0.7227746524257325
53	0.45139540946972445
54	0.6884197964379
55	0.9838981538483049
56	0.8925879504044915
57	0.33159647562093464
58	0.20047693868989178
59	0.3775797899972509
60	0.45878265723355216
61	0.6556978921951105
62	0.6347520014624387
63	0.42301690250932045
64	0.3262571601860513
65	0.40291010336057753
66	0.39642250686330754
67	0.49757237909339663
68	0.42301690250932045
69	0.05296346225090933
70	0.5484731728386689
71	0.7588439508744758
72	0.7712627042813326
73	0.15462038588000884
74	0.15213071221465752
75	0.15213071221465752
76	0.17606198232518802
77	0.1818717710859369
78	0.18787327440651988
79	0.08209608258032049
80	0.03202070454638286
81	0.021688742850448924
82	0.02551131956105536
83	0.042196692099189664
84	0.10995622264422822
85	0.0059189685685373875
86	0.004871332588256346
87	0.02032520629905393
88	0.02904903818527689
89	0.024298717947761114
90	0.00199482955523534
91	0.002163490864431252
92	0.008738613623635486
93	0.010617952774479945
94	0.20047693868989178
95	0.1380122933233906
96	0.20709238541954753
97	1.0
98	1.0
99	1.0
100	1.0
101	1.0
102	1.0
103	0.210481526578285
104	0.17894329980857737
105	0.16499324727369863
106	1.0
107	0.00792763071379849
108	0.006524468815236717
109	0.008597905811488723
110	0.004951053693111541
111	0.02204368690561934
112	0.09348055211451999
113	0.0007780620682611601
114	0.0022714575694317367
115	0.3008228213237163
116	0.001206036106664975
117	0.0005019589204015456
118	8.28198322750522e-05
119	0.0009004569039077775
120	0.0008037369822866172
121	0.012901465378461634
122	0.8640747434825014
123	1.0
124	0.4095038717012285
125	0.4299397258291108
126	0.9838981538483049
127	1.0
128	1.0
129	1.0
130	1.0
131	0.42301690250932045
132	0.39642250686330754
133	0.8782156365502339
134	0.9371316004437272
135	1.0
136	1.0
137	0.08480513362914896
138	0.0005623635409531065
139	0.00048592413239297353
140	0.0002497608942313535
141	0.0005443991622033087
142	0.001395754378613407
143	0.2959790185358472
144	0.00463978887130851
145	0.00792763071379849
146	0.1472709844146121
147	0.029524436113288616
148	0.01151569253937574
149	0.01151569253937574
150	0.021339514049847925
151	0.09049436982916054
152	0.481677716615238
153	0.8097517472627711
154	0.5948461590153626
155	0.09814559940423159
156	0.07569604040982107
157	0.23966952741252232
158	0.24757827243666633
159	0.566571988000515
160	0.5574491330158706
161	0.22460188780169196
162	0.22098538275893195
163	0.9524680951766464
164	0.6144752151203824
165	0.2516299796562454
166	0.39003937264673083
167	0.1117556956623576
168	0.07327797408660612
169	0.09975178733729188
170	0.07327797408660612
171	0.305745894681384
172	0.7588439508744758
173	0.7967132492072909
174	0.8782156365502339
175	0.8640747434825014
176	0.10644373457266826
177	0.19407281858793252
178	0.1597226332147545
179	0.23581040555488308
180	0.7227746524257325
181	0.2729051014782441
182	0.2641873055176486
183	0.3210038175868511
184	0.46629079995639433
185	0.7588439508744758
186	0.48956054519591585
187	0.44412711003286787
188	0.45878265723355216
189	0.37150005830872584
190	0.20047693868989178
191	0.6556978921951105
192	0.038907124553427985
193	0.08343961441457963
194	0.23966952741252232
195	0.35384195289533016
196	0.38375901867527495
197	0.49757237909339663
198	0.5396417421912961
199	1.0
200	1.0
