1	1.0
2	0.062298115656567614
3	0.001186616698822083
4	0.0005533084497353649
5	0.00346418311919148
6	0.0050320794624387636
7	0.028581295041563655
8	0.0002665163506524516
9	0.0007907953330514215
10	0.4739218161276064
11	0.42301690250931445
12	0.4895605451959088
13	0.9838981538483189
14	0.6556978921951104
15	0.9838981538483189
16	0.9371316004437271
17	0.08903724340857805
18	0.024298717947761457
19	0.04288725609875903
20	0.012288234154010974
21	0.022771096439116734
22	0.0014185963995909494
23	0.003299523896879402
24	0.02635315591720863
25	0.04084874312373918
26	0.07693483325865721
27	0.15715080394779135
28	0.4299397258291107
29	0.20709238541955047
30	0.4029101033605775
31	0.46629079995640094
32	0.5948461590153626
33	0.6347520014624387
34	0.6996860333005861
35	0.5139915422627507
36	0.4299397258291107
37	0.42301690250931445
38	0.1448996496809614
39	0.5948461590153626
40	0.5948461590153626
41	0.7967132492072908
42	0.1272531380804714
43	0.03766425891466509
44	0.01619336115132798
45	0.008189230970776996
46	0.0047928951403666395
47	0.004348092770690338
48	0.03890712455342798
49	0.49757237909340374
50	0.481677716615238
51	0.00719191068985781
52	0.007674387126047693
53	0.13360357026643588
54	0.8640747434825014
55	0.783884695041549
56	0.5309525138815067
57	0.4029101033605775
58	0.4739218161276064
59	0.6245313223904277
60	0.16499324727369863
61	0.1909478879208065
62	0.027668282067044733
63	0.004951053693111541
64	0.003578496112179884
65	0.00135116781054284
66	0.0011120160060803907
67	0.060308038307034934
68	0.9838981538483189
69	0.9838981538483189
70	0.9071954723294289
71	0.8925879504044915
72	0.9838981538483189
73	0.9838981538483189
74	0.9838981538483189
75	0.9838981538483189
76	0.9071954723294289
77	0.9071954723294289
78	0.16233655139003125
79	0.04963373414423558
80	0.032544734860148215
81	0.030007614098887497
82	0.03890712455342798
83	0.04084874312373918
84	0.028581295041563655
85	0.022771096439116734
86	0.060308038307034934
87	0.1909478879208065
88	0.4369758436353278
89	0.481677716615238
90	0.12318811002814868
91	0.08619300005539272
92	0.4029101033605775
93	0.40950387170122265
94	0.9220420515895035
95	0.9524680951766462
96	0.5758441417787756
97	0.5758441417787756
98	0.6996860333005861
99	0.9838981538483189
100	0.03307734111793543
101	0.0019311058764015325
102	0.001186616698822083
103	0.041517247454898654
104	0.9838981538483189
105	0.3655182215244981
106	0.041517247454898654
107	0.0028976934794106525
108	0.008057369233584964
109	0.009790198959862087
110	0.010113261253784643
111	0.010446984132459453
112	1.0
113	1.0
114	0.9838981538483189
115	0.9838981538483189
116	1.0
117	0.016727718463299887
118	0.0051981307491388885
119	0.0051981307491388885
120	0.0010591597671173467
121	0.001025325519646744
122	0.00025384832083937166
123	0.007674387126047693
124	0.10644373457266673
125	0.9838981538483189
126	0.8364723744993591
127	1.0
128	0.9371316004437271
129	0.15715080394779135
130	0.04963373414423558
131	0.04963373414423558
132	0.42301690250931445
133	0.9838981538483189
134	0.029524436113288612
135	0.004074735137074894
136	0.07209806342155671
137	1.0
138	1.0
139	0.9680555771461301
140	1.0
141	1.0
142	1.0
143	0.9838981538483189
144	1.0
145	1.0
146	1.0
147	0.9680555771461301
148	0.053830228305391865
149	0.031505112088108564
150	0.028581295041563655
151	0.42301690250931445
152	0.37150005830873106
153	0.08619300005539272
154	0.14027091400017713
155	0.6996860333005861
156	0.9371316004437271
157	0.7588439508744649
158	1.0
159	0.10644373457266673
160	0.007550815325235631
161	0.0002022443205017535
162	0.000433730025384725
163	0.00038714219438703966
164	0.0024635075651006917
165	0.001723681836231313
166	0.018740694914959853
167	0.0048713325882563455
168	0.005729890533725346
169	0.0029933131400917893
170	0.004009124378788865
171	0.007550815325235631
172	0.35963270335587966
173	0.35384195289533016
174	0.004209195456615552
175	0.6245313223904277
176	0.010113261253784643
177	0.35963270335587966
178	0.11733274450692356
179	0.028581295041563655
180	0.4895605451959088
181	0.8640747434825014
182	0.8925879504044915
183	0.548473172838661
184	0.03954385360034535
185	0.18187177108593688
186	0.1760619823251855
187	0.1972488898661471
188	0.1909478879208065
189	0.06756537356313774
190	0.027668282067044733
191	0.022404439747548664
192	0.040191002946470614
193	0.4587826572335521
194	0.4441271100328678
195	0.15213071221465752
196	0.03361866366814501
197	0.0472745482168648
198	0.16769342093829617
199	1.0
200	1.0
