1	0.6556978921951104
2	0.48167771661524483
3	0.49757237909340374
4	0.9680555771461302
5	0.9680555771461302
6	0.9220420515895167
7	0.8925879504044913
8	0.8640747434825136
9	0.9524680951766598
10	0.9220420515895167
11	0.46629079995640094
12	0.22098538275893195
13	0.4895605451959158
14	0.4895605451959158
15	0.5484731728386688
16	0.6045810297425013
17	0.39642250686330754
18	0.3837590186752804
19	0.31583506350196977
20	0.5484731728386688
21	0.5574491330158785
22	0.48167771661524483
23	0.40950387170122843
24	0.5948461590153626
25	0.15213071221465752
26	0.13360357026643777
27	0.9220420515895167
28	0.9524680951766598
29	0.9838981538483189
30	0.9838981538483189
31	0.9680555771461302
32	0.9838981538483189
33	0.23201342268367278
34	0.19407281858793526
35	0.7346031188276403
36	0.7111366461700486
37	0.8925879504044913
38	0.9524680951766598
39	1.0
40	0.9680555771461302
41	0.8925879504044913
42	0.8782156365502339
43	0.8925879504044913
44	0.9524680951766598
45	0.9220420515895167
46	0.7967132492072908
47	0.5758441417787837
48	0.18787327440651988
49	0.1425664978143681
50	0.6884197964379097
51	0.004491573493650752
52	0.009324852154700358
53	0.002628774404719928
54	0.0013294115143323941
55	0.0003871421943870452
56	0.00032913340607583133
57	0.0047157206801953155
58	0.044302473030725285
59	0.9838981538483189
60	0.9838981538483189
61	0.7588439508744758
62	0.7227746524257325
63	0.8925879504044913
64	0.8782156365502339
65	0.9680555771461302
66	1.0
67	1.0
68	0.013766972933527003
69	0.010113261253784643
70	0.010113261253784643
71	0.003944570074838708
72	0.0017805608241138406
73	0.010278768401209682
74	1.0
75	1.0
76	1.0
77	1.0
78	1.0
79	1.0
80	1.0
81	1.0
82	0.017849913987938722
83	0.004141419638950832
84	0.007799981223697673
85	0.0010421053394971728
86	0.00041987477004942157
87	0.0058236622472702445
88	1.0
89	0.9680555771461302
90	0.9071954723294416
91	1.0
92	0.7588439508744758
93	0.6245313223904276
94	0.8640747434825136
95	0.9680555771461302
96	0.9680555771461302
97	0.06540703669975813
98	0.03646109590141791
99	0.03099782162027437
100	0.015423659850312866
101	0.013327194928720634
102	0.0370577948122046
103	0.038907124553427985
104	0.07819389939674361
105	0.473921816127613
106	0.2516299796562454
107	0.6884197964379097
108	0.9680555771461302
109	0.1909478879208092
110	0.1135846177017893
111	0.0934805521145213
112	0.10472979393476875
113	0.10472979393476875
114	0.9524680951766598
115	0.9524680951766598
116	0.19407281858793526
117	0.1472709844146121
118	0.1425664978143681
119	0.14489964968096344
120	0.18187177108593688
121	0.9680555771461302
122	0.8640747434825136
123	1.0
124	0.8782156365502339
125	0.8230036250150389
126	0.9071954723294416
127	0.14489964968096344
128	0.0330773411179359
129	0.07093715149650967
130	0.07209806342155774
131	0.07447719441285175
132	0.03049869946550789
133	0.045764390058399614
134	0.2435918051833956
135	0.9371316004437271
136	0.9071954723294416
137	0.9838981538483189
138	0.9838981538483189
139	0.9680555771461302
140	0.9524680951766598
141	0.9220420515895167
142	0.3262571601860513
143	0.12520412762878458
144	0.07819389939674361
145	0.05651656845829485
146	0.05383022830539263
147	0.0370577948122046
148	0.06647744631284418
149	0.20709238541955047
150	0.9680555771461302
151	0.8501615448994049
152	0.8925879504044913
153	0.09814559940423159
154	0.015423659850312866
155	0.023143753598938943
156	0.05383022830539263
157	0.11175569566235917
158	0.8925879504044913
159	0.017279708787602804
160	0.02812108342598899
161	0.04084874312373918
162	0.013545299253376991
163	0.08343961441458081
164	0.9838981538483189
165	0.9838981538483189
166	0.18787327440651988
167	0.04804821315291625
168	0.009324852154700358
169	0.02812108342598899
170	0.017849913987938722
171	0.04651334071458662
172	0.17043778391330164
173	0.8640747434825136
174	0.8925879504044913
175	0.8501615448994049
176	0.9680555771461302
177	0.9680555771461302
178	1.0
179	0.2516299796562454
180	0.1472709844146121
181	0.15715080394779135
182	0.0050320794624387636
183	0.004419250868277081
184	0.03361866366814549
185	0.19407281858793526
186	0.9220420515895167
187	0.746625162324361
188	0.699686033300586
189	0.6245313223904276
190	0.41620554942555466
191	0.6664286233595221
192	0.746625162324361
193	0.8782156365502339
194	0.6045810297425013
195	0.48167771661524483
196	0.4587826572335587
197	0.4513954094697245
198	0.6045810297425013
199	0.5396417421912961
200	0.7227746524257325
