1	0.7838846950415491
2	0.11925293695084217
3	0.10472979393477025
4	0.1231881100281487
5	0.18484816784601354
6	0.3370231708678045
7	0.3057458946813841
8	0.21742711012398036
9	0.2599334021689762
10	0.30082282132372057
11	0.2959790185358471
12	0.40291010336058325
13	0.5396417421912962
14	0.7967132492073022
15	0.7712627042813435
16	0.7967132492073022
17	0.3596327033558848
18	0.27290510147824404
19	0.24757827243666988
20	0.1760619823251855
21	0.566571988000515
22	0.06867110513305615
23	0.10818572446379239
24	0.3775797899972509
25	0.49757237909340374
26	0.005457537922228155
27	0.005283200023099469
28	0.0017518905076602488
29	0.00019898781356798297
30	0.00046282723278070657
31	0.0001073821303886647
32	0.0005623635409531144
33	1.0
34	1.0
35	1.0
36	1.0
37	1.0
38	0.0004938764550907831
39	2.532182371629836e-05
40	0.0004408281728025179
41	0.00021233710769518737
42	0.0017805608241138406
43	0.0023464123579847477
44	0.0034084033755650083
45	0.9838981538483189
46	0.4895605451959158
47	0.24757827243666988
48	0.2557479945175683
49	0.3210038175868557
50	0.9680555771461301
51	0.9220420515895166
52	0.39003937264673083
53	0.23966952741252573
54	0.27737129133826594
55	0.34253867592860743
56	0.8501615448994049
57	0.9524680951766598
58	0.2641873055176448
59	0.15972263321475677
60	0.15213071221465752
61	0.12725313808047323
62	0.2282775782464954
63	0.9371316004437272
64	0.2004769386898946
65	0.19407281858793526
66	0.823003625015039
67	0.7346031188276403
68	0.7712627042813435
69	0.8364723744993591
70	0.7967132492073022
71	0.3596327033558848
72	0.3370231708678045
73	0.6144752151203912
74	0.06540703669975811
75	0.18484816784601354
76	0.09049436982916183
77	0.2557479945175683
78	0.22460188780169515
79	0.6144752151203912
80	0.6245313223904277
81	0.30082282132372057
82	0.19407281858793526
83	0.0807741840889576
84	0.49757237909340374
85	0.32625716018605133
86	0.27290510147824404
87	0.014221262971401534
88	0.022771096439116737
89	0.9524680951766598
90	0.8782156365502339
91	0.9680555771461301
92	0.08619300005539272
93	0.006015834611932686
94	0.00742923325854893
95	0.028121083425988992
96	0.05127157501696131
97	1.0
98	0.15972263321475677
99	0.059336967552506205
100	0.11733274450692358
101	0.9838981538483189
102	0.0020943793974173754
103	0.00010565307984570667
104	0.0010253255196467585
105	0.00047809985677179956
106	0.003299523896879449
107	1.0
108	1.0
109	1.0
110	1.0
111	0.0031941225103010837
112	0.0002665163506524516
113	0.0007655338325415709
114	0.00013922899395054053
115	0.0029933131400917898
116	1.0
117	0.1231881100281487
118	0.05744148237014259
119	0.14968112689163354
120	0.9838981538483189
121	0.04288725609875964
122	0.020657835589543774
123	0.01248933551297767
124	0.0034084033755650083
125	0.07947357060372963
126	0.8782156365502339
127	0.014690543918280431
128	0.02390746372968351
129	0.02510054021835723
130	0.07447719441285175
131	0.2599334021689762
132	0.0807741840889576
133	0.33159647562093936
134	0.6664286233595221
135	0.1425664978143681
136	0.12725313808047323
137	0.22098538275893195
138	0.6045810297425014
139	0.5224031981891384
140	0.7712627042813435
141	0.6664286233595221
142	0.5852680376789788
143	0.5852680376789788
144	0.5484731728386688
145	0.4895605451959158
146	0.3596327033558848
147	0.39642250686330754
148	0.36551822152450336
149	0.31074953590015464
150	0.27290510147824404
151	0.2004769386898946
152	0.05744148237014259
153	0.6451399456130124
154	0.45878265723355866
155	0.6245313223904277
156	0.8782156365502339
157	0.7967132492073022
158	0.8640747434825136
159	0.1380122933233906
160	0.08619300005539272
161	0.16769342093829856
162	0.9524680951766598
163	0.9371316004437272
164	0.9680555771461301
165	0.9680555771461301
166	0.06435386265758125
167	0.06540703669975811
168	0.15715080394779135
169	0.9371316004437272
170	0.9524680951766598
171	0.9071954723294418
172	0.10138426111191928
173	0.1231881100281487
174	0.08903724340857933
175	0.8640747434825136
176	0.0029451152724262676
177	0.0023086307871881067
178	0.0058236622472702445
179	0.010446984132459602
180	0.0076743871260476935
181	0.9838981538483189
182	0.9838981538483189
183	1.0
184	1.0
185	0.9838981538483189
186	0.9838981538483189
187	0.01619336115132798
188	0.012090370898187259
189	0.008597905811488721
190	0.007076107650393189
191	0.008189230970777114
192	0.029524436113288616
193	0.002851035264810493
194	0.029049038185277303
195	0.47392181612761314
196	0.19094788792080922
197	0.12933568132305998
198	0.1231881100281487
199	0.1972488898661471
200	0.7588439508744759
