1	0.9524680951766531
2	0.8925879504044978
3	0.9071954723294418
4	0.968055577146144
5	0.968055577146144
6	0.9524680951766531
7	0.9524680951766531
8	0.9071954723294418
9	0.8925879504044978
10	0.3262571601860559
11	0.14968112689163246
12	0.11358461770179094
13	0.1649932472736998
14	0.3715000583087337
15	0.7588439508744758
16	0.7588439508744758
17	0.8501615448993988
18	0.9071954723294418
19	0.9371316004437404
20	0.9371316004437404
21	0.6664286233595269
22	0.6045810297425014
23	0.31074953590015686
24	0.3262571601860559
25	0.6451399456130124
26	0.968055577146144
27	0.8501615448993988
28	0.6773349667878948
29	0.31074953590015686
30	0.3262571601860559
31	0.02551131956105572
32	0.03954385360034535
33	0.06331764666180337
34	0.34814444420780405
35	0.466290799956401
36	0.44412711003287103
37	0.2396695274125274
38	0.6045810297425014
39	0.22460188780169354
40	0.02314375359893927
41	0.018142034232021393
42	0.42301690250932045
43	0.466290799956401
44	0.44412711003287103
45	0.2912132099152615
46	0.17043778391330283
47	0.24757827243667163
48	0.06756537356313871
49	0.19094788792081058
50	0.09197534264619843
51	0.10472979393476876
52	0.8097517472627824
53	0.9071954723294418
54	0.9838981538483259
55	0.6773349667878948
56	0.20709238541955197
57	0.6347520014624431
58	0.8640747434825137
59	0.40291010336057753
60	0.27737129133826793
61	0.28191057199709557
62	0.3158350635019698
63	0.6347520014624431
64	0.6245313223904277
65	0.6347520014624431
66	0.6556978921951152
67	0.7838846950415602
68	0.968055577146144
69	0.8640747434825137
70	0.8640747434825137
71	0.8097517472627824
72	0.23581040555488308
73	0.18484816784601485
74	0.17043778391330283
75	0.05933696755250621
76	0.7466251623243612
77	0.7588439508744758
78	0.24757827243667163
79	0.14489964968096347
80	0.012090370898187344
81	0.041517247454898945
82	0.4299397258291169
83	0.2516299796562454
84	0.2396695274125274
85	0.3900393726467364
86	0.055606547367958045
87	0.5758441417787838
88	0.09197534264619843
89	0.05651656845829486
90	0.055606547367958045
91	0.3262571601860559
92	0.26851082552023436
93	0.1972488898661499
94	0.3370231708678045
95	0.35384195289533266
96	0.15715080394779135
97	0.6773349667878948
98	0.9220420515895231
99	0.9071954723294418
100	0.9371316004437404
101	0.35963270335588476
102	0.04430247303072529
103	0.10995622264422977
104	0.15715080394779135
105	0.04804821315291659
106	0.6045810297425014
107	0.9371316004437404
108	0.8782156365502402
109	0.8640747434825137
110	0.8501615448993988
111	0.4299397258291169
112	0.4299397258291169
113	0.5484731728386727
114	0.8230036250150449
115	0.8640747434825137
116	0.9838981538483259
117	0.8925879504044978
118	0.8501615448993988
119	0.28191057199709557
120	0.07947357060372963
121	0.10138426111191928
122	0.41620554942555466
123	0.041517247454898945
124	0.09049436982916183
125	0.9371316004437404
126	0.8501615448993988
127	0.8097517472627824
128	0.9071954723294418
129	0.9071954723294418
130	0.5574491330158785
131	0.5948461590153669
132	0.968055577146144
133	0.3775797899972509
134	0.44412711003287103
135	0.466290799956401
136	0.7712627042813435
137	0.8230036250150449
138	0.7967132492072965
139	0.8640747434825137
140	0.8364723744993591
141	0.6556978921951152
142	0.458782657233562
143	0.1472709844146142
144	0.3837590186752831
145	0.6451399456130124
146	0.41620554942555466
147	0.5057153295259778
148	0.29597901853584924
149	0.21742711012398033
150	0.07093715149651068
151	0.02551131956105572
152	0.3425386759286099
153	0.35384195289533266
154	0.7111366461700436
155	0.09975178733729259
156	0.31074953590015686
157	0.28191057199709557
158	0.9220420515895231
159	0.35384195289533266
160	0.7111366461700436
161	0.6884197964379147
162	0.9220420515895231
163	0.9838981538483259
164	0.9371316004437404
165	0.42301690250932045
166	0.8097517472627824
167	0.8097517472627824
168	0.07947357060372963
169	0.20047693868989316
170	0.19407281858793526
171	0.3837590186752831
172	0.9838981538483259
173	1.0
174	1.0
175	1.0
176	0.3964225068633104
177	0.012288234154010976
178	0.013992274382953527
179	0.05211065273008519
180	0.7967132492072965
181	0.968055577146144
182	0.6556978921951152
183	0.968055577146144
184	0.9220420515895231
185	0.8230036250150449
186	0.7111366461700436
187	0.9220420515895231
188	0.05044600800408453
189	0.027222771645920248
190	0.10304345090533457
191	0.968055577146144
192	0.7967132492072965
193	0.7111366461700436
194	0.35963270335588476
195	0.29597901853584924
196	0.28191057199709557
197	0.29597901853584924
198	0.3900393726467364
199	0.968055577146144
200	1.0
