1	1.0
2	1.0
3	1.0
4	1.0
5	1.0
6	0.699686033300596
7	0.006114285902868147
8	0.004871332588256416
9	0.025928821455018472
10	0.1571508039477936
11	0.9838981538483189
12	0.08343961441458084
13	0.05211065273008481
14	0.027668282067045125
15	0.006214348384488035
16	0.006962169253653824
17	0.7967132492073022
18	0.7588439508744759
19	0.7588439508744759
20	0.7346031188276403
21	0.9220420515895167
22	0.9220420515895167
23	0.4513954094697309
24	0.38375901867528045
25	0.36551822152450336
26	0.34814444420780405
27	0.31583506350196977
28	0.06647744631284418
29	0.0612950009827268
30	0.19094788792080924
31	0.783884695041549
32	0.9680555771461439
33	0.8782156365502339
34	0.8364723744993591
35	0.13579004060925862
36	0.04883453939311236
37	0.060308038307035794
38	0.04576439005840027
39	0.03646109590141792
40	0.7111366461700487
41	0.6884197964379097
42	0.9524680951766599
43	0.9071954723294419
44	0.9524680951766599
45	0.2912132099152615
46	0.07569604040982214
47	0.06229811565656851
48	0.12318811002814868
49	0.40291010336058325
50	0.9680555771461439
51	0.49757237909340374
52	0.1818717710859395
53	0.0807741840889576
54	0.10995622264422979
55	0.3596327033558848
56	0.32625716018605594
57	0.38375901867528045
58	0.22098538275893195
59	0.7111366461700487
60	0.060308038307035794
61	0.0358740049446916
62	0.011704150977755609
63	0.03361866366814549
64	0.7111366461700487
65	0.17043778391330164
66	0.5224031981891458
67	0.00707610765039319
68	0.00707610765039319
69	0.001839316735680622
70	0.0006508274257463042
71	0.0004780998567717995
72	0.008057369233584964
73	1.0
74	0.020995908477665932
75	0.2599334021689762
76	0.9680555771461439
77	0.9680555771461439
78	1.0
79	0.05044600800408453
80	0.0025038237499127474
81	0.001751890507660249
82	0.025928821455018472
83	0.006316048424505998
84	1.0
85	0.003578496112179884
86	0.0010088158858740138
87	0.0017236818362313378
88	0.022404439747548986
89	0.16233655139003356
90	1.0
91	1.0
92	1.0
93	1.0
94	0.16233655139003356
95	0.022404439747548986
96	0.0026287744047199277
97	0.0014185963995909496
98	0.005369661486237472
99	1.0
100	0.006850065475449525
101	1.0
102	0.02551131956105572
103	0.001751890507660249
104	0.0014418122384338423
105	0.08480513362915017
106	0.9524680951766599
107	1.0
108	0.23201342268367284
109	0.03646109590141792
110	0.9524680951766599
111	0.0083232506725889
112	0.002384812237737442
113	0.0028510352648104934
114	0.0038810552143591303
115	0.0547111792972134
116	0.15972263321475677
117	0.6556978921951105
118	0.2959790185358471
119	0.3596327033558848
120	0.7227746524257428
121	0.9524680951766599
122	0.2819105719970956
123	0.2729051014782441
124	0.17322705937262783
125	0.14489964968096344
126	0.07819389939674361
127	0.028121083425988992
128	0.10644373457266826
129	0.23201342268367284
130	0.8364723744993591
131	0.8230036250150391
132	0.9680555771461439
133	0.9680555771461439
134	0.2599334021689762
135	0.030498699465507893
136	0.004565079704726418
137	0.00463978887130851
138	1.0
139	1.0
140	1.0
141	1.0
142	1.0
143	1.0
144	0.0028051283336034973
145	0.0009151932040789203
146	0.02722277164592025
147	0.2729051014782441
148	1.0
149	0.9071954723294419
150	0.8364723744993591
151	0.8640747434825136
152	0.9071954723294419
153	0.14489964968096344
154	0.0330773411179359
155	0.00873861362363561
156	0.017849913987938726
157	1.0
158	0.10304345090533384
159	0.024298717947761457
160	1.0
161	0.006631244087325166
162	0.006114285902868147
163	0.006214348384488035
164	0.007309608887594927
165	1.0
166	1.0
167	1.0
168	1.0
169	1.0
170	1.0
171	0.0043480927706904
172	0.0023086307871881067
173	0.006739766775034895
174	0.0029933131400918323
175	1.0
176	0.022771096439116737
177	0.1013842611119193
178	1.0
179	0.011895693606068054
180	0.003578496112179884
181	0.07569604040982214
182	0.2435918051833991
183	0.9220420515895167
184	0.9220420515895167
185	0.2641873055176448
186	0.21742711012398036
187	0.22460188780169515
188	0.2358104055548831
189	0.04502749889045438
190	0.009174704819918333
191	0.025928821455018472
192	0.05211065273008481
193	0.07209806342155774
194	0.9838981538483189
195	0.9838981538483189
196	0.14027091400017913
197	0.024298717947761457
198	0.0034084033755650083
199	0.005032079462438764
200	0.6884197964379097
