1	1.0
2	1.0
3	1.0
4	0.9838981538483189
5	0.4095038717012227
6	0.4162055494255547
7	0.42301690250931445
8	0.466290799956401
9	0.7967132492072909
10	0.22460188780169196
11	0.2959790185358472
12	0.4162055494255547
13	0.809751747262771
14	0.9524680951766463
15	0.9838981538483189
16	0.9838981538483189
17	0.7712627042813325
18	0.823003625015039
19	0.7111366461700386
20	0.7227746524257325
21	0.5309525138815068
22	0.33159647562093936
23	0.4369758436353279
24	0.36551822152450336
25	0.4029101033605775
26	0.7227746524257325
27	0.823003625015039
28	0.5396417421912961
29	0.6144752151203824
30	0.585268037678979
31	0.33159647562093936
32	0.45139540946972445
33	0.5665719880005069
34	0.466290799956401
35	0.4029101033605775
36	0.7838846950415491
37	0.8925879504044915
38	0.823003625015039
39	0.9371316004437271
40	1.0
41	0.6245313223904277
42	0.31583506350196533
43	0.4029101033605775
44	0.6884197964379001
45	0.8501615448993929
46	0.9680555771461302
47	0.9838981538483189
48	0.9680555771461302
49	0.7111366461700386
50	0.5758441417787756
51	0.7227746524257325
52	0.809751747262771
53	0.5948461590153628
54	0.5309525138815068
55	0.8782156365502339
56	1.0
57	0.36551822152450336
58	0.9838981538483189
59	0.010278768401209684
60	0.0069621692536537255
61	0.010968329737619126
62	0.009632558682416041
63	0.0051981307491388885
64	0.0025447997235481246
65	0.0034084033755650083
66	1.0
67	1.0
68	0.9680555771461302
69	0.0794735706037285
70	0.009790198959862089
71	0.002945115272426226
72	0.004278080449843506
73	0.0027599605887400924
74	0.011895693606067884
75	1.0
76	1.0
77	1.0
78	1.0
79	0.015423659850313087
80	0.008738613623635486
81	0.004871332588256346
82	0.004565079704726418
83	0.009324852154700228
84	0.042196692099189664
85	1.0
86	1.0
87	0.0017805608241138406
88	0.00012630791292891363
89	0.005283200023099393
90	0.007076107650393088
91	0.007799981223697565
92	0.007674387126047694
93	0.02133951404984792
94	0.8364723744993592
95	0.09814559940423298
96	0.6245313223904277
97	0.5948461590153628
98	0.7967132492072909
99	0.8782156365502339
100	0.907195472329429
101	0.8925879504044915
102	0.3370231708678045
103	0.19094788792080652
104	0.19407281858793526
105	0.21392613224755636
106	0.2959790185358472
107	0.34253867592860265
108	0.5484731728386688
109	0.6996860333005961
110	0.11358461770178933
111	0.027668282067044733
112	0.36551822152450336
113	0.5057153295259778
114	0.5948461590153628
115	0.7838846950415491
116	0.9680555771461302
117	0.7712627042813325
118	0.5758441417787756
119	0.4299397258291107
120	0.6347520014624387
121	0.6045810297425014
122	0.6245313223904277
123	0.6347520014624387
124	0.466290799956401
125	0.4299397258291107
126	0.33159647562093936
127	0.2819105719970956
128	0.2819105719970956
129	0.0069621692536537255
130	0.15213071221465752
131	0.7227746524257325
132	0.7227746524257325
133	0.7227746524257325
134	0.7346031188276403
135	0.7227746524257325
136	0.8782156365502339
137	0.9838981538483189
138	0.15715080394779138
139	0.04804821315291625
140	0.007674387126047694
141	0.0007058543855178056
142	0.0011675099792966342
143	0.0034084033755650083
144	0.03954385360034535
145	0.9371316004437271
146	0.6556978921951105
147	0.7712627042813325
148	0.8501615448993929
149	0.18484816784601354
150	0.041517247454898654
151	0.05651656845829406
152	0.15715080394779138
153	0.1597226332147545
154	1.0
155	0.907195472329429
156	0.8640747434825014
157	0.8501615448993929
158	0.007550815325235631
159	0.14727098441461212
160	0.11544347070631858
161	0.14968112689163143
162	0.1117556956623576
163	0.6664286233595222
164	0.9524680951766463
165	0.06867110513305615
166	0.01593261814139069
167	0.0038810552143591307
168	0.003944570074838653
169	0.007674387126047694
170	0.029049038185277303
171	0.1676934209382962
172	0.8782156365502339
173	0.13579004060925667
174	0.00479289514036664
175	0.005283200023099393
176	0.011895693606067884
177	0.08480513362914896
178	0.30082282132371635
179	0.32625716018605133
180	0.2959790185358472
181	0.3057458946813797
182	0.33159647562093936
183	0.3596327033558797
184	0.3775797899972509
185	0.03646109590141792
186	0.012489335512977493
187	0.10644373457266673
188	0.10995622264422822
189	0.5665719880005069
190	0.3210038175868511
191	0.08077418408895645
192	0.06867110513305615
193	0.6144752151203824
194	0.2729051014782441
195	0.10304345090533386
196	0.09975178733729187
197	0.176061982325188
198	0.8501615448993929
199	0.9680555771461302
200	0.9680555771461302
