1	0.9680555771461302
2	0.9524680951766463
3	0.983898153848305
4	0.9680555771461302
5	0.15715080394779138
6	0.040191002946470614
7	0.013327194928720634
8	0.007191910689857811
9	0.005283200023099394
10	0.0028051283336034574
11	5.172357937089104e-05
12	0.000493876455090776
13	3.503418891533403e-05
14	0.0005356333306484069
15	0.0019000115066770808
16	0.0007410792960859089
17	6.284732873436203e-05
18	0.0008302591310470596
19	0.6245313223904189
20	1.0
21	1.0
22	1.0
23	0.6245313223904189
24	0.0008716923278076609
25	2.2238021533621457e-05
26	0.0007410792960859089
27	0.0019000115066770808
28	0.0005356333306484069
29	3.503418891533403e-05
30	0.000493876455090776
31	5.172357937089104e-05
32	0.0016686198147892052
33	0.004074735137074895
34	0.0059189685685373875
35	0.012489335512977491
36	0.040191002946470614
37	0.1597226332147545
38	0.983898153848305
39	0.9680555771461302
40	0.9220420515895036
41	0.9220420515895036
42	0.9680555771461302
43	0.983898153848305
44	0.9371316004437271
45	0.9220420515895036
46	0.6347520014624387
47	0.5139915422627507
48	0.4513954094697245
49	0.8640747434825014
50	0.7712627042813326
51	0.6045810297425014
52	0.907195472329429
53	0.08209608258032049
54	0.024298717947761114
55	0.023143753598938943
56	0.02551131956105536
57	0.03705779481220407
58	0.11733274450692358
59	0.4029101033605776
60	0.10818572446379086
61	0.11358461770178932
62	0.06540703669975813
63	0.002423840545293938
64	0.0015893071365662825
65	0.0056376287178852465
66	0.006631244087325071
67	0.013766972933527003
68	0.8364723744993472
69	0.9524680951766463
70	0.5396417421912962
71	0.48956054519590886
72	0.5057153295259705
73	0.1878732744065199
74	0.06756537356313774
75	0.49757237909340374
76	0.13145230613269043
77	0.09975178733729188
78	0.48956054519590886
79	0.5139915422627507
80	0.2685108255202325
81	0.23581040555487975
82	0.9371316004437271
83	0.3481444442077991
84	0.2959790185358471
85	0.9220420515895036
86	0.4299397258291108
87	0.39003937264673083
88	0.7346031188276299
89	0.4095038717012227
90	0.5758441417787756
91	0.983898153848305
92	0.1252041276287828
93	0.035296367236227526
94	0.045027498890453745
95	0.08343961441457964
96	0.08480513362914896
97	0.20047693868989178
98	0.7967132492072909
99	0.7967132492072909
100	0.7967132492072909
101	0.7967132492072909
102	0.7967132492072909
103	0.783884695041549
104	0.7967132492072909
105	1.0
106	0.038280648019664396
107	0.20709238541954753
108	0.20375781569034024
109	0.20375781569034024
110	0.22098538275893198
111	0.21742711012397728
112	0.783884695041549
113	0.8925879504044915
114	0.2599334021689725
115	0.23581040555487975
116	0.7111366461700386
117	0.9220420515895036
118	0.21742711012397728
119	0.20709238541954753
120	0.4299397258291108
121	0.09049436982916054
122	0.3057458946813797
123	0.5852680376789788
124	0.48956054519590886
125	0.481677716615238
126	0.8364723744993472
127	0.8364723744993472
128	0.783884695041549
129	0.07209806342155672
130	0.019675929314445093
131	0.030498699465507463
132	0.2685108255202325
133	0.030498699465507463
134	0.3964225068633076
135	0.23201342268366953
136	0.22098538275893198
137	0.6045810297425014
138	0.37757978999724556
139	0.44412711003286787
140	0.4369758436353279
141	0.7967132492072909
142	0.49757237909340374
143	0.030997821620274372
144	0.028121083425988593
145	0.15462038588000881
146	0.4095038717012227
147	0.5948461590153626
148	0.9680555771461302
149	0.783884695041549
150	0.7588439508744651
151	0.783884695041549
152	0.8364723744993472
153	0.018438935128663837
154	0.012489335512977491
155	0.029524436113288616
156	0.15462038588000881
157	0.05471117929721262
158	0.15213071221465752
159	0.030007614098887497
160	0.03416884515602799
161	0.9371316004437271
162	0.8640747434825014
163	0.8925879504044915
164	0.6451399456130033
165	0.31583506350196533
166	0.2641873055176448
167	0.2599334021689725
168	0.783884695041549
169	0.783884695041549
170	0.31583506350196533
171	0.24359180518339563
172	0.2959790185358471
173	0.44412711003286787
174	0.9220420515895036
175	0.9680555771461302
176	0.983898153848305
177	0.983898153848305
178	0.7227746524257325
179	0.783884695041549
180	0.3262571601860513
181	0.25574799451756464
182	0.17043778391329922
183	0.22098538275893198
184	0.9680555771461302
185	0.38375901867527495
186	0.3481444442077991
187	0.3964225068633076
188	0.2865241396118647
189	0.29121320991525734
190	0.22827757824649214
191	0.20375781569034024
192	0.20375781569034024
193	0.22460188780169196
194	0.2865241396118647
195	0.907195472329429
196	0.7712627042813326
197	0.5665719880005069
198	0.5224031981891384
199	0.6773349667878853
200	0.9680555771461302
