1	0.9838981538483327
2	0.6996860333005959
3	0.16499324727370096
4	0.002094379397417405
5	0.0008716923278076732
6	0.0026717952406334006
7	0.006962169253653922
8	0.019997932954225948
9	0.11733274450692356
10	0.010278768401209682
11	0.008189230970777112
12	0.010113261253784643
13	0.14727098441461417
14	0.9524680951766463
15	0.6884197964378999
16	0.5224031981891533
17	0.016458371314135665
18	0.002423840545294007
19	0.004951053693111611
20	1.0
21	0.013992274382953425
22	0.04084874312373918
23	1.0
24	0.7111366461700486
25	1.0
26	1.0
27	1.0
28	1.0
29	0.7227746524257325
30	1.0
31	0.03099782162027481
32	0.012693727967806582
33	0.007550815325235631
34	0.010617952774480095
35	0.019997932954225948
36	0.045764390058400266
37	0.045764390058400266
38	0.022043686905619652
39	0.006419412822152425
40	0.20047693868989458
41	0.2037578156903431
42	0.31583506350197427
43	0.30574589468138835
44	0.0019311058764015598
45	0.0028976934794107344
46	0.006015834611932771
47	0.020325206299054217
48	0.04358912142584555
49	0.8097517472627823
50	0.3262571601860559
51	0.23201342268367278
52	0.2819105719970996
53	0.27737129133826594
54	0.08077418408895759
55	0.7838846950415601
56	0.9680555771461438
57	1.0
58	0.9680555771461438
59	0.9680555771461438
60	1.0
61	1.0
62	0.7838846950415601
63	0.7838846950415601
64	0.9680555771461438
65	0.9524680951766463
66	0.24757827243666986
67	0.052110652730084805
68	0.0622981156565685
69	0.31583506350197427
70	0.0769348332586583
71	0.10138426111191928
72	0.18787327440652254
73	0.21048152657828798
74	0.8782156365502464
75	0.3315964756209393
76	0.3262571601860559
77	0.0781938993967436
78	0.0622981156565685
79	0.6773349667879045
80	0.6773349667879045
81	0.6884197964378999
82	0.9524680951766463
83	0.9680555771461438
84	0.9838981538483327
85	0.9838981538483327
86	0.9371316004437537
87	0.015423659850313083
88	0.06979493239667436
89	0.0675653735631387
90	0.0686711051330571
91	0.7466251623243716
92	0.2396695274125257
93	0.18187177108593947
94	0.3107495359001546
95	0.6347520014624477
96	0.9838981538483327
97	0.7466251623243716
98	0.7111366461700486
99	0.0025038237499127474
100	0.0003034748409848093
101	0.005637628717885326
102	0.003881055214359185
103	0.0035784961121798835
104	0.002128654667381612
105	0.011330268629776647
106	0.008189230970777112
107	0.005918968568537472
108	0.008459463654885604
109	0.2819105719970996
110	0.5057153295259778
111	0.9838981538483327
112	0.9680555771461438
113	0.9524680951766463
114	0.9220420515895165
115	0.9838981538483327
116	0.154620385880011
117	0.0062143483844881225
118	0.007927630713798602
119	0.00902697513442079
120	0.9838981538483327
121	0.11175569566235918
122	0.013327194928720823
123	0.00048592413239298036
124	0.0031941225103010833
125	0.00902697513442079
126	0.010617952774480095
127	0.0015137643410159801
128	0.06979493239667436
129	0.16233655139003356
130	0.020657835589543774
131	0.0050320794624388356
132	0.007309608887594926
133	0.03587400494469159
134	1.0
135	1.0
136	1.0
137	0.04019100294647118
138	0.007191910689857911
139	0.006962169253653922
140	0.019359110527732818
141	0.15715080394779135
142	0.34253867592860743
143	0.8097517472627823
144	0.9680555771461438
145	0.9524680951766463
146	0.21742711012398033
147	0.06331764666180337
148	0.03705779481220513
149	0.029524436113289032
150	0.02858129504156406
151	0.015175310452307482
152	0.9524680951766463
153	0.35963270335588476
154	0.9838981538483327
155	0.2246018878016951
156	0.154620385880011
157	0.9371316004437537
158	0.9524680951766463
159	0.9838981538483327
160	1.0
161	0.9838981538483327
162	0.02858129504156406
163	0.005457537922228154
164	0.00652446881523681
165	0.01814203423202126
166	1.0
167	0.016727718463300126
168	0.0013511678105428593
169	0.0008302591310470712
170	0.06540703669975813
171	1.0
172	0.7111366461700486
173	1.0
174	1.0
175	1.0
176	1.0
177	0.7111366461700486
178	1.0
179	0.06647744631284418
180	0.0007410792960859193
181	0.0015637163575655676
182	0.015423659850313083
183	1.0
184	0.01354529925337699
185	0.0017805608241138404
186	0.002094379397417405
187	0.013992274382953425
188	0.16233655139003356
189	0.24359180518339907
190	0.9838981538483327
191	0.38375901867528034
192	0.9680555771461438
193	0.006015834611932771
194	0.002463507565100727
195	0.025100540218357226
196	0.04219669209919026
197	0.06435386265758125
198	0.21742711012398033
199	1.0
200	1.0
