1	0.8364723744993591
2	0.677334966787895
3	0.7346031188276507
4	0.4441271100328678
5	0.35963270335588476
6	0.331596475620944
7	0.3370231708678044
8	0.5309525138815143
9	0.8364723744993591
10	0.8782156365502464
11	0.7227746524257427
12	0.6347520014624477
13	0.4441271100328678
14	0.6451399456130124
15	0.6556978921951198
16	0.614475215120391
17	0.677334966787895
18	0.8501615448994049
19	0.8640747434825137
20	0.8501615448994049
21	0.8925879504044915
22	0.40291010336057753
23	0.23581040555488308
24	0.18787327440651988
25	0.2641873055176485
26	0.19407281858793526
27	0.06867110513305712
28	0.02390746372968385
29	0.02635315591720863
30	0.07093715149651067
31	0.11925293695084216
32	0.9071954723294418
33	0.2557479945175719
34	0.9071954723294418
35	0.1472709844146142
36	0.14489964968096344
37	0.08077418408895817
38	0.11358461770179093
39	0.04019100294647147
40	0.0376642589146659
41	0.05838153282986887
42	0.2516299796562454
43	0.9371316004437404
44	0.9371316004437404
45	0.4739218161276131
46	0.14027091400017716
47	0.41620554942555466
48	0.48167771661524483
49	0.9220420515895166
50	0.9220420515895166
51	0.9220420515895166
52	0.9680555771461439
53	0.9838981538483328
54	0.9524680951766599
55	0.39642250686331315
56	0.8640747434825137
57	0.24359180518339907
58	0.4441271100328678
59	0.5852680376789872
60	0.3057458946813884
61	0.14027091400017716
62	0.08077418408895817
63	0.23581040555488308
64	0.23581040555488308
65	0.32100381758685564
66	0.35963270335588476
67	0.09814559940423298
68	0.10472979393476875
69	1.0
70	0.3775797899972509
71	0.9071954723294418
72	0.06331764666180337
73	0.03000761409888814
74	0.010278768401209682
75	0.01756249741908432
76	0.05838153282986887
77	0.3057458946813884
78	0.45878265723355866
79	0.4299397258291168
80	0.06540703669975813
81	0.013327194928720823
82	0.06540703669975813
83	0.035296367236227526
84	0.017001473575159215
85	0.014930959938100535
86	0.020325206299054363
87	0.02390746372968385
88	0.025100540218357406
89	0.01843893512866384
90	0.012288234154010974
91	1.0
92	1.0
93	1.0
94	1.0
95	1.0
96	1.0
97	0.8782156365502464
98	0.8925879504044915
99	1.0
100	1.0
101	0.2641873055176485
102	0.9838981538483328
103	1.0
104	1.0
105	0.9838981538483328
106	0.9838981538483328
107	0.4441271100328678
108	0.823003625015039
109	1.0
110	1.0
111	0.8501615448994049
112	0.8501615448994049
113	0.9838981538483328
114	1.0
115	1.0
116	1.0
117	1.0
118	0.0050320794624388
119	0.004074735137074923
120	0.005546852487609715
121	0.009790198959862157
122	0.010446984132459527
123	0.023143753598939273
124	0.029524436113288616
125	0.035874004944691854
126	0.0612950009827268
127	0.48167771661524483
128	0.5948461590153626
129	0.9838981538483328
130	0.9838981538483328
131	0.9524680951766599
132	0.9371316004437404
133	0.9071954723294418
134	0.513991542262758
135	0.49757237909340374
136	0.3655182215245085
137	0.09814559940423298
138	0.15213071221465968
139	0.16769342093829617
140	0.15715080394779135
141	0.15213071221465968
142	0.06867110513305712
143	0.9220420515895166
144	0.9524680951766599
145	0.9524680951766599
146	0.9680555771461439
147	0.9524680951766599
148	0.9524680951766599
149	0.03416884515602848
150	0.01727970878760305
151	0.02204368690561934
152	0.04219669209919026
153	0.1472709844146142
154	0.6556978921951198
155	0.9524680951766599
156	0.164993247273701
157	0.10472979393476875
158	0.06229811565656806
159	0.04084874312373918
160	0.0376642589146659
161	0.07093715149651067
162	0.07093715149651067
163	0.39642250686331315
164	1.0
165	0.9524680951766599
166	0.9524680951766599
167	0.32625716018605594
168	0.0010088158858740138
169	0.00029378051233887965
170	0.0028510352648105134
171	0.017849913987938976
172	0.02635315591720863
173	0.09975178733729329
174	0.16769342093829617
175	0.9680555771461439
176	0.8782156365502464
177	0.8501615448994049
178	0.699686033300596
179	0.7588439508744758
180	0.7346031188276507
181	0.6347520014624477
182	0.6347520014624477
183	0.8501615448994049
184	0.8364723744993591
185	0.8925879504044915
186	0.9524680951766599
187	0.8501615448994049
188	0.32625716018605594
189	0.35963270335588476
190	0.32625716018605594
191	0.45878265723355866
192	0.7838846950415602
193	0.699686033300596
194	0.8501615448994049
195	0.8925879504044915
196	0.8782156365502464
197	0.8501615448994049
198	0.8501615448994049
199	0.9838981538483328
200	1.0
