1	0.5484731728386766
2	0.8501615448994048
3	0.8782156365502465
4	0.04151724745489924
5	0.014221262971401534
6	0.0011487109132294637
7	0.00014150752636944632
8	5.343038208960675e-05
9	2.97847201725584e-05
10	0.0005185228330395549
11	0.00014617706845573543
12	0.021339514049848223
13	1.0
14	1.0
15	0.8925879504044916
16	1.0
17	1.0
18	1.0
19	1.0
20	1.0
21	1.0
22	0.8925879504044916
23	1.0
24	1.0
25	0.024696375181437157
26	0.0005356333306484069
27	0.000661478449980534
28	7.041023655526797e-05
29	8.417520853263029e-05
30	0.00012030425723314176
31	0.00036874058845034113
32	0.06540703669975813
33	0.13801229332339257
34	0.9838981538483188
35	0.9838981538483188
36	0.6773349667879045
37	0.8640747434825137
38	0.9220420515895166
39	0.9838981538483188
40	0.6556978921951198
41	0.6045810297425099
42	0.1909478879208119
43	0.16769342093829617
44	0.33702317086780925
45	0.6556978921951198
46	0.7227746524257427
47	0.5224031981891458
48	0.6664286233595221
49	0.505715329525985
50	0.513991542262758
51	0.8501615448994048
52	0.746625162324361
53	0.3057458946813884
54	0.2599334021689762
55	0.48167771661524483
56	0.6996860333005961
57	0.823003625015039
58	0.6884197964379098
59	0.6245313223904277
60	0.9071954723294547
61	0.9838981538483188
62	0.3425386759286075
63	0.2282775782464986
64	0.2282775782464986
65	0.010278768401209684
66	0.7838846950415601
67	0.03472803056127704
68	0.006419412822152426
69	0.010968329737619126
70	0.0769348332586583
71	0.014690543918280221
72	0.08077418408895759
73	0.7967132492072908
74	0.9838981538483188
75	0.25574799451756824
76	0.2139261322475594
77	0.23201342268367284
78	0.3596327033558848
79	0.9220420515895166
80	0.4587826572335587
81	0.9680555771461439
82	0.019675929314445374
83	0.011704150977755607
84	0.15213071221465968
85	0.7588439508744865
86	0.7588439508744865
87	0.746625162324361
88	0.7588439508744865
89	0.7838846950415601
90	0.9680555771461439
91	0.3837590186752804
92	0.2396695274125257
93	0.2641873055176486
94	0.9838981538483188
95	0.1472709844146142
96	0.6996860333005961
97	0.13579004060925862
98	0.03529636723622802
99	0.008189230970776996
100	0.013112602486345095
101	0.6884197964379098
102	0.006419412822152426
103	0.21048152657828498
104	0.11733274450692356
105	0.0675653735631387
106	0.12120455403276079
107	0.2516299796562454
108	0.2729051014782479
109	0.10138426111191928
110	0.05211065273008482
111	0.11358461770179094
112	0.9371316004437406
113	0.7111366461700386
114	0.6773349667879045
115	0.823003625015039
116	0.9371316004437406
117	0.5574491330158786
118	0.6045810297425099
119	0.4975723790934038
120	0.8640747434825137
121	0.6884197964379098
122	0.6556978921951198
123	0.7227746524257427
124	0.513991542262758
125	0.2139261322475594
126	0.3964225068633132
127	0.614475215120391
128	0.31074953590015464
129	0.7588439508744865
130	0.746625162324361
131	0.7346031188276403
132	0.7967132492072908
133	0.6773349667879045
134	0.6884197964379098
135	0.3775797899972509
136	0.3210038175868557
137	0.3655182215245085
138	0.47392181612761314
139	0.5484731728386766
140	0.2599334021689762
141	0.614475215120391
142	0.823003625015039
143	0.8925879504044916
144	0.8364723744993591
145	0.8782156365502465
146	0.05744148237014342
147	0.08760357941344458
148	0.44412711003286787
149	0.48167771661524483
150	0.5948461590153626
151	0.3425386759286075
152	0.044302473030725924
153	0.0769348332586583
154	0.3262571601860559
155	0.3057458946813884
156	0.3315964756209393
157	0.4299397258291168
158	0.9838981538483188
159	0.9838981538483188
160	0.6556978921951198
161	0.6451399456130124
162	0.6347520014624477
163	0.6556978921951198
164	0.6664286233595221
165	0.14968112689163354
166	0.3715000583087311
167	0.2516299796562454
168	0.25574799451756824
169	0.3596327033558848
170	0.02032520629905422
171	0.06229811565656762
172	0.566571988000515
173	0.5396417421913038
174	0.566571988000515
175	0.4513954094697309
176	0.11733274450692356
177	0.060308038307035794
178	0.23201342268367284
179	0.5309525138815068
180	0.4975723790934038
181	0.5758441417787838
182	0.7838846950415601
183	0.9680555771461439
184	0.9680555771461439
185	0.9680555771461439
186	0.19407281858793526
187	0.2516299796562454
188	0.07093715149651068
189	0.04019100294647119
190	0.3596327033558848
191	0.6664286233595221
192	0.9838981538483188
193	0.8640747434825137
194	0.8501615448994048
195	1.0
196	1.0
197	1.0
198	1.0
199	1.0
200	1.0
