1	1.0
2	0.968055577146144
3	0.9371316004437406
4	0.9371316004437406
5	1.0
6	0.9838981538483189
7	0.37150005830873106
8	0.11358461770179094
9	0.08903724340857933
10	0.11544347070631858
11	0.2004769386898946
12	0.5758441417787837
13	0.9371316004437406
14	0.968055577146144
15	0.9371316004437406
16	0.1336035702664378
17	0.0024635075651007273
18	0.0035784961121798843
19	0.0024635075651007273
20	0.005032079462438764
21	0.004565079704726418
22	0.01445399904022356
23	0.020657835589543778
24	1.0
25	1.0
26	1.0
27	1.0
28	0.968055577146144
29	0.004419250868277081
30	9.58479956736861e-05
31	0.00024573928273773744
32	0.001206036106664975
33	0.32100381758685564
34	0.7111366461700386
35	1.0
36	0.047274548216865483
37	0.030498699465507893
38	0.030007614098887924
39	0.030007614098887924
40	0.03099782162027438
41	0.06435386265758125
42	0.3775797899972509
43	0.9838981538483189
44	0.9838981538483189
45	0.9838981538483189
46	0.9838981538483189
47	0.3837590186752804
48	0.06435386265758125
49	0.03099782162027438
50	0.030007614098887924
51	0.004951053693111612
52	0.005823662247270162
53	0.01874069491496012
54	0.9838981538483189
55	0.015676073575284756
56	0.001225773320081767
57	0.00038090849033419534
58	0.015423659850313087
59	0.01843893512866384
60	0.968055577146144
61	0.968055577146144
62	1.0
63	1.0
64	0.007799981223697675
65	0.002503823749912748
66	0.004951053693111612
67	0.007550815325235632
68	0.012693727967806583
69	0.00932485215470036
70	0.0023086307871881067
71	0.024298717947761457
72	0.31074953590015464
73	0.05744148237014259
74	0.08903724340857933
75	0.08480513362915015
76	0.06030803830703579
77	0.06229811565656762
78	0.8925879504044915
79	0.8782156365502339
80	0.1314523061326923
81	0.22460188780169194
82	0.9524680951766463
83	0.9524680951766463
84	0.9524680951766463
85	0.9838981538483189
86	0.10995622264422822
87	0.0807741840889576
88	0.968055577146144
89	0.8640747434825137
90	0.9838981538483189
91	1.0
92	0.0358740049446916
93	0.034728030561276546
94	0.04219669209919027
95	0.041517247454898654
96	0.015175310452307484
97	0.07819389939674362
98	0.4162055494255547
99	0.10472979393476876
100	0.03954385360034591
101	0.011895693606068052
102	0.0965652740621615
103	0.028121083425988992
104	0.013766972933527003
105	0.09348055211451999
106	1.0
107	1.0
108	1.0
109	1.0
110	0.022404439747548986
111	0.03828064801966439
112	0.1380122933233906
113	0.8925879504044915
114	0.9071954723294419
115	0.22827757824649536
116	0.2599334021689762
117	0.4816777166152449
118	0.9371316004437406
119	0.968055577146144
120	0.9838981538483189
121	0.566571988000507
122	0.2139261322475594
123	0.2641873055176448
124	0.9524680951766463
125	0.9524680951766463
126	0.968055577146144
127	0.10472979393476876
128	0.06030803830703579
129	0.07947357060372963
130	0.9524680951766463
131	0.9838981538483189
132	1.0
133	0.968055577146144
134	0.011704150977755609
135	0.006850065475449527
136	0.0048713325882563455
137	0.002628774404719928
138	0.0015137643410159587
139	0.05211065273008481
140	0.1314523061326923
141	0.4369758436353279
142	0.6556978921951105
143	0.9071954723294419
144	0.968055577146144
145	0.8925879504044915
146	0.8782156365502339
147	0.22827757824649536
148	0.041517247454898654
149	0.006214348384488035
150	0.01999793295422567
151	0.9838981538483189
152	1.0
153	0.9838981538483189
154	0.05744148237014259
155	0.011895693606068052
156	0.003042299783147321
157	0.0019948295552353686
158	0.010113261253784644
159	1.0
160	0.008738613623635485
161	0.009026975134420792
162	1.0
163	1.0
164	1.0
165	1.0
166	1.0
167	1.0
168	1.0
169	1.0
170	0.00707610765039319
171	0.009026975134420792
172	1.0
173	0.02390746372968351
174	0.01672771846330013
175	0.017849913987938726
176	0.026784434765055296
177	0.07093715149650967
178	1.0
179	0.968055577146144
180	1.0
181	0.05744148237014259
182	0.05383022830539263
183	0.11544347070631858
184	0.1818717710859395
185	0.7111366461700386
186	0.7111366461700386
187	0.8640747434825137
188	0.9371316004437406
189	1.0
190	1.0
191	0.6451399456130125
192	0.17322705937262783
193	0.046513340714586626
194	0.025928821455018475
195	0.06331764666180337
196	0.3596327033558848
197	0.968055577146144
198	0.8925879504044915
199	0.9371316004437406
200	0.968055577146144
