1	1.0
2	0.9838981538483189
3	0.9838981538483189
4	0.9838981538483189
5	1.0
6	0.05838153282986846
7	0.05651656845829486
8	0.43697584363533404
9	0.14027091400017716
10	0.17894329980857737
11	0.5948461590153626
12	0.24359180518339735
13	0.25162997965624534
14	0.5852680376789788
15	0.6664286233595221
16	0.20375781569034165
17	0.4029101033605775
18	0.9220420515895166
19	0.9071954723294419
20	0.3715000583087311
21	0.12725313808047412
22	0.012489335512977758
23	0.0876035794134446
24	0.8501615448993927
25	0.9680555771461439
26	0.9680555771461439
27	0.9524680951766462
28	0.7227746524257428
29	0.4975723790934037
30	0.4975723790934037
31	0.4975723790934037
32	0.5852680376789788
33	0.8364723744993591
34	0.8501615448993927
35	0.2396695274125257
36	0.31074953590015464
37	0.3262571601860536
38	0.8925879504044915
39	0.7712627042813436
40	0.5852680376789788
41	0.019675929314445093
42	0.1496811268916314
43	0.21048152657828348
44	0.9071954723294419
45	0.9071954723294419
46	0.9680555771461439
47	0.9071954723294419
48	0.8097517472627709
49	0.8501615448993927
50	0.46629079995640094
51	0.4739218161276064
52	0.4299397258291168
53	0.4975723790934037
54	0.9371316004437404
55	0.27290510147824604
56	0.025100540218357226
57	0.007799981223697619
58	0.02065783558954363
59	0.003520875718327174
60	0.4162055494255547
61	0.8501615448993927
62	1.0
63	0.8501615448993927
64	0.8364723744993591
65	0.5758441417787837
66	0.14489964968096344
67	0.14727098441461314
68	0.14489964968096344
69	0.10138426111191856
70	0.12725313808047412
71	0.3775797899972482
72	0.23581040555488142
73	0.07819389939674361
74	0.06331764666180291
75	0.513991542262758
76	0.43697584363533404
77	0.4975723790934037
78	0.20047693868989175
79	0.23581040555488142
80	0.5574491330158785
81	0.6773349667878948
82	0.4162055494255547
83	0.5224031981891458
84	0.04019100294647119
85	0.05838153282986846
86	0.22827757824649697
87	0.22827757824649697
88	0.34814444420780405
89	0.7111366461700386
90	0.6245313223904277
91	0.08343961441457963
92	0.026784434765055484
93	0.08209608258032106
94	0.9371316004437404
95	0.31583506350196755
96	0.08343961441457963
97	0.6451399456130124
98	0.6664286233595221
99	0.6347520014624387
100	0.614475215120391
101	0.010968329737619124
102	0.34253867592860743
103	0.4299397258291168
104	0.44412711003286787
105	0.44412711003286787
106	0.9220420515895166
107	0.9371316004437404
108	0.3964225068633104
109	0.3837590186752804
110	0.34253867592860743
111	0.34253867592860743
112	0.3262571601860536
113	0.3837590186752804
114	0.3715000583087311
115	0.3837590186752804
116	0.6451399456130124
117	0.6347520014624387
118	0.9680555771461439
119	0.6664286233595221
120	0.6245313223904277
121	0.614475215120391
122	0.5665719880005069
123	0.6347520014624387
124	0.7838846950415491
125	0.8782156365502338
126	0.9680555771461439
127	0.9524680951766462
128	0.9524680951766462
129	0.9680555771461439
130	0.9680555771461439
131	0.9524680951766462
132	0.9524680951766462
133	0.34253867592860743
134	0.3775797899972482
135	0.3900393726467336
136	0.8640747434825137
137	0.24757827243666988
138	0.24359180518339735
139	0.32100381758685564
140	0.5484731728386688
141	0.7111366461700386
142	0.699686033300596
143	0.062298115656567614
144	0.052110652730084805
145	0.46629079995640094
146	0.34253867592860743
147	0.29597901853584924
148	0.3315964756209393
149	0.8364723744993591
150	0.46629079995640094
151	0.5057153295259778
152	0.614475215120391
153	0.31583506350196755
154	0.106443734572669
155	0.7466251623243612
156	0.614475215120391
157	0.6556978921951104
158	0.5948461590153626
159	0.6451399456130124
160	0.6347520014624387
161	0.6245313223904277
162	0.7111366461700386
163	0.7111366461700386
164	0.7838846950415491
165	0.9680555771461439
166	0.9680555771461439
167	0.9838981538483189
168	0.9524680951766462
169	0.9371316004437404
170	0.8782156365502338
171	0.9071954723294419
172	0.43697584363533404
173	0.32100381758685564
174	0.24757827243666988
175	0.26418730551764663
176	0.3008228213237163
177	0.5758441417787837
178	0.9680555771461439
179	0.9071954723294419
180	0.9071954723294419
181	0.4975723790934037
182	0.19724888986614852
183	0.154620385880011
184	0.2139261322475594
185	0.09975178733729258
186	0.02168874285044923
187	0.3262571601860536
188	0.35384195289533266
189	0.6451399456130124
190	0.5948461590153626
191	0.5948461590153626
192	0.614475215120391
193	0.9680555771461439
194	0.5948461590153626
195	0.10995622264422898
196	0.0876035794134446
197	0.09814559940423229
198	0.7346031188276403
199	0.9838981538483189
200	0.9838981538483189
