1	0.9371316004437338
2	0.9220420515895036
3	0.9220420515895036
4	0.9371316004437338
5	0.8364723744993532
6	0.8501615448993989
7	0.8097517472627653
8	0.8501615448993989
9	0.8097517472627653
10	0.7712627042813325
11	0.9220420515895036
12	0.9838981538483189
13	0.9680555771461233
14	0.17894329980857737
15	0.25574799451756647
16	0.5948461590153628
17	0.057441482370142995
18	0.009790198959862089
19	0.003881055214359103
20	0.00363705948444287
21	0.013766972933526904
22	0.6245313223904233
23	0.6664286233595222
24	0.7588439508744703
25	0.15715080394779024
26	0.31074953590015464
27	0.6773349667878901
28	0.6556978921951152
29	0.6245313223904233
30	0.6144752151203867
31	0.013992274382953328
32	0.35384195289533266
33	0.9838981538483189
34	0.6773349667878901
35	0.03307734111793567
36	0.014221262971401331
37	0.012901465378461725
38	0.36551822152450075
39	0.07947357060372906
40	0.6347520014624433
41	0.5665719880005109
42	0.4895605451959123
43	0.9220420515895036
44	0.6664286233595222
45	0.6347520014624433
46	0.6245313223904233
47	0.8925879504044915
48	0.8097517472627653
49	0.9220420515895036
50	0.9680555771461233
51	0.5139915422627508
52	0.42301690250931745
53	0.35963270335587966
54	0.4299397258291108
55	0.3715000583087311
56	0.20709238541955047
57	0.20709238541955047
58	0.481677716615238
59	0.9680555771461233
60	0.9838981538483189
61	0.9524680951766463
62	0.7712627042813325
63	0.5574491330158786
64	0.6347520014624433
65	0.9838981538483189
66	0.7111366461700386
67	0.5948461590153628
68	0.8364723744993532
69	0.9371316004437338
70	0.9371316004437338
71	0.9220420515895036
72	0.6347520014624433
73	0.42301690250931745
74	0.4513954094697213
75	0.27290510147824215
76	0.20375781569033877
77	0.46629079995639766
78	0.03646109590141791
79	0.0290490381852773
80	0.10818572446379085
81	0.19724888986614852
82	0.29121320991525945
83	0.4975723790934038
84	0.07093715149650916
85	0.057441482370142995
86	0.08480513362914835
87	0.3008228213237163
88	0.3370231708678021
89	0.9071954723294354
90	0.6884197964379
91	0.3964225068633076
92	0.42301690250931745
93	0.6556978921951152
94	0.6451399456130033
95	0.5665719880005109
96	0.6773349667878901
97	0.8501615448993989
98	0.6664286233595222
99	0.6144752151203867
100	0.6451399456130033
101	0.21392613224755785
102	0.015676073575284534
103	0.015423659850312976
104	0.07447719441285122
105	0.9838981538483189
106	1.0
107	1.0
108	0.9838981538483189
109	0.9838981538483189
110	0.9838981538483189
111	0.9838981538483189
112	0.2516299796562454
113	0.21392613224755785
114	0.21392613224755785
115	0.3481444442078016
116	0.7838846950415546
117	0.6996860333005911
118	0.4895605451959123
119	0.6045810297424971
120	0.5948461590153628
121	0.7227746524257325
122	0.7588439508744703
123	0.7712627042813325
124	0.7967132492072909
125	0.5484731728386649
126	0.4975723790934038
127	0.4513954094697213
128	0.7967132492072909
129	0.8364723744993532
130	0.23201342268367284
131	0.10472979393476875
132	0.042196692099189664
133	0.005823662247270204
134	0.025928821455018475
135	0.0664774463128437
136	0.4975723790934038
137	0.44412711003286787
138	0.17894329980857737
139	0.057441482370142995
140	0.028121083425988593
141	0.040191002946470905
142	0.14727098441461314
143	0.9838981538483189
144	0.9680555771461233
145	0.9680555771461233
146	1.0
147	1.0
148	1.0
149	0.9838981538483189
150	0.12933568132305998
151	0.02510054021835687
152	0.05471117929721301
153	0.10138426111191785
154	0.2209853827589335
155	0.9524680951766463
156	0.9371316004437338
157	0.9838981538483189
158	0.4513954094697213
159	0.01311260248634491
160	0.012693727967806403
161	0.06129500098272637
162	0.326257160186049
163	0.31074953590015464
164	0.3008228213237163
165	0.8925879504044915
166	0.8782156365502403
167	0.6144752151203867
168	0.4587826572335555
169	0.522403198189142
170	0.3715000583087311
171	0.28191057199709363
172	0.6451399456130033
173	0.17606198232518677
174	0.17322705937262783
175	0.14027091400017713
176	0.15213071221465643
177	0.6451399456130033
178	0.5948461590153628
179	0.8782156365502403
180	0.43697584363533093
181	0.5484731728386649
182	0.40291010336057753
183	0.34253867592860504
184	0.07947357060372906
185	0.4299397258291108
186	0.06331764666180247
187	0.28191057199709363
188	1.0
189	0.03646109590141791
190	0.002128654667381612
191	0.006015834611932729
192	0.27290510147824215
193	0.15972263321475563
194	0.38375901867527495
195	0.22827757824649375
196	0.19724888986614852
197	0.19094788792080786
198	0.27290510147824215
199	0.29121320991525945
200	0.5057153295259742
