1	0.6556978921951105
2	0.4299397258291169
3	0.32625716018605133
4	0.585268037678979
5	0.5224031981891458
6	0.513991542262758
7	0.5309525138815143
8	0.9220420515895166
9	0.4162055494255547
10	0.08903724340857933
11	0.16499324727369863
12	0.6996860333005861
13	0.9071954723294418
14	0.9071954723294418
15	0.6245313223904277
16	0.5224031981891458
17	0.677334966787895
18	0.5224031981891458
19	0.6144752151203912
20	0.8925879504045042
21	0.28652413961186873
22	0.06867110513305615
23	0.04883453939311236
24	0.06331764666180247
25	0.6664286233595316
26	0.7466251623243717
27	0.9371316004437271
28	0.9071954723294418
29	0.19407281858793526
30	0.1818717710859369
31	0.24359180518339563
32	0.47392181612761314
33	0.9071954723294418
34	0.9838981538483189
35	0.9838981538483189
36	0.7838846950415491
37	0.8501615448994049
38	0.31074953590015464
39	0.32100381758685564
40	0.31074953590015464
41	0.43697584363532793
42	0.4587826572335587
43	0.06540703669975906
44	0.02635315591720901
45	0.002163490864431252
46	0.0047157206801953155
47	0.005823662247270245
48	0.22098538275893512
49	0.2819105719970956
50	0.23581040555488308
51	0.02635315591720901
52	0.4162055494255547
53	0.09197534264619776
54	0.566571988000515
55	0.5574491330158785
56	0.5574491330158785
57	0.566571988000515
58	0.9838981538483189
59	1.0
60	1.0
61	0.45139540946972445
62	0.4299397258291169
63	0.02635315591720901
64	0.013545299253376991
65	0.010791719379643074
66	0.0076743871260476935
67	0.01228823415401115
68	0.01493095993810043
69	0.4299397258291169
70	0.45139540946972445
71	0.46629079995640105
72	0.5758441417787838
73	0.8925879504045042
74	0.8640747434825137
75	0.8097517472627709
76	0.9371316004437271
77	0.7967132492073021
78	0.8501615448994049
79	0.9838981538483189
80	0.1818717710859369
81	0.08343961441458082
82	0.11358461770178932
83	0.05211065273008555
84	0.8925879504045042
85	0.9680555771461302
86	0.47392181612761314
87	0.47392181612761314
88	0.25574799451756824
89	0.6884197964379097
90	0.9838981538483189
91	0.9371316004437271
92	0.9838981538483189
93	0.5948461590153711
94	0.5309525138815143
95	0.5484731728386688
96	0.585268037678979
97	0.6451399456130125
98	0.8925879504045042
99	0.6045810297425014
100	0.3481444442078041
101	0.3481444442078041
102	0.9071954723294418
103	0.40291010336058325
104	0.32100381758685564
105	0.5574491330158785
106	0.9371316004437271
107	0.46629079995640105
108	0.45139540946972445
109	0.4587826572335587
110	0.4895605451959158
111	0.3158350635019698
112	0.3596327033558848
113	0.331596475620944
114	0.35384195289533515
115	0.9838981538483189
116	0.9838981538483189
117	0.6451399456130125
118	0.6347520014624477
119	0.015423659850313087
120	0.011330268629776648
121	0.006316048424505998
122	0.3655182215245033
123	0.15972263321475677
124	0.12120455403276079
125	0.5224031981891458
126	0.566571988000515
127	0.566571988000515
128	0.5758441417787838
129	0.00652446881523681
130	0.001286944230771775
131	0.0025864462836876503
132	0.009174704819918333
133	0.001589307136566305
134	0.0001242741223471923
135	0.0019000115066771079
136	0.0022714575694317693
137	0.001962709116638142
138	0.0007058543855178055
139	0.000661478449980534
140	0.0010591597671173467
141	0.001186616698822083
142	0.0025447997235481606
143	1.0
144	1.0
145	1.0
146	1.0
147	1.0
148	0.0024635075651007273
149	0.001206036106664975
150	0.0010253255196467587
151	0.0006099109471023051
152	0.0006723037820462359
153	0.0019000115066771079
154	0.0022348829091087073
155	0.0019000115066771079
156	0.00013261117466143403
157	0.001994829555235368
158	1.0
159	0.01151569253937574
160	0.010968329737619282
161	0.0005904276939048648
162	0.00479289514036664
163	0.9838981538483189
164	0.9838981538483189
165	0.9838981538483189
166	0.6045810297425014
167	0.06331764666180247
168	0.07819389939674472
169	0.0675653735631387
170	0.06647744631284419
171	0.11358461770178932
172	0.4975723790934108
173	0.46629079995640105
174	0.4816777166152449
175	0.47392181612761314
176	0.6245313223904277
177	0.7838846950415491
178	0.8640747434825137
179	0.8364723744993592
180	0.9524680951766599
181	0.9680555771461302
182	0.9680555771461302
183	0.5948461590153711
184	0.585268037678979
185	0.43697584363532793
186	0.7838846950415491
187	0.45139540946972445
188	0.6245313223904277
189	0.6347520014624477
190	0.6245313223904277
191	0.5396417421913039
192	0.566571988000515
193	0.585268037678979
194	0.6144752151203912
195	0.9371316004437271
196	0.9524680951766599
197	0.9680555771461302
198	0.9838981538483189
199	0.9838981538483189
200	1.0
