1	1.0
2	1.0
3	1.0
4	0.466290799956401
5	0.09501039487561765
6	0.07093715149650967
7	0.02858129504156406
8	0.018438935128663837
9	0.025928821455018843
10	0.04804821315291693
11	0.08077418408895759
12	0.19407281858793524
13	0.9071954723294418
14	0.18787327440651988
15	0.20709238541955044
16	0.22827757824649536
17	0.27737129133826594
18	1.0
19	0.9838981538483328
20	0.7712627042813325
21	0.19724888986614988
22	0.1357900406092586
23	0.1252041276287828
24	0.14489964968096344
25	0.6556978921951199
26	0.5665719880005149
27	0.5852680376789872
28	0.5484731728386766
29	0.5574491330158785
30	1.0
31	0.466290799956401
32	0.45139540946972445
33	0.44412711003286787
34	0.01469054391828022
35	0.5574491330158785
36	0.6045810297425013
37	0.6347520014624477
38	0.19407281858793524
39	0.22827757824649536
40	0.3262571601860559
41	0.2516299796562454
42	0.9220420515895167
43	0.9220420515895167
44	0.809751747262771
45	0.8501615448994049
46	0.5852680376789872
47	0.466290799956401
48	0.4895605451959227
49	0.4895605451959227
50	0.513991542262758
51	0.9838981538483328
52	0.9838981538483328
53	0.0769348332586583
54	0.03529636723622752
55	0.0018694178137101955
56	0.0019311058764015325
57	0.0015893071365663163
58	0.0076743871260476935
59	0.02204368690561934
60	0.154620385880011
61	1.0
62	0.8925879504044913
63	1.0
64	1.0
65	1.0
66	0.9524680951766599
67	0.9371316004437404
68	0.1521307122146575
69	0.024696375181437157
70	0.006419412822152425
71	0.002128654667381612
72	0.002128654667381612
73	0.003246395470718101
74	0.0059189685685373875
75	0.010278768401209682
76	0.6451399456130031
77	0.5665719880005149
78	0.44412711003286787
79	0.746625162324361
80	0.7346031188276506
81	0.8782156365502463
82	0.7712627042813325
83	0.7346031188276506
84	0.7346031188276506
85	0.3425386759286075
86	0.19407281858793524
87	0.17043778391330164
88	0.4299397258291107
89	0.5948461590153626
90	0.9524680951766599
91	0.9371316004437404
92	0.5224031981891457
93	0.5224031981891457
94	0.4739218161276131
95	0.2912132099152615
96	0.7227746524257325
97	0.7111366461700486
98	0.809751747262771
99	0.9071954723294418
100	0.9371316004437404
101	0.6451399456130031
102	0.3775797899972509
103	0.28191057199709557
104	0.3370231708678045
105	0.6245313223904276
106	0.7712627042813325
107	0.31583506350196977
108	0.3900393726467364
109	0.5224031981891457
110	0.5224031981891457
111	0.3370231708678045
112	0.677334966787895
113	0.6664286233595221
114	0.5758441417787755
115	0.5224031981891457
116	0.35384195289533515
117	0.3655182215245085
118	0.4029101033605775
119	0.6245313223904276
120	0.6045810297425013
121	0.5948461590153626
122	0.6884197964379097
123	0.6347520014624477
124	0.5309525138815142
125	0.40950387170123426
126	0.48167771661523795
127	0.7838846950415601
128	0.6884197964379097
129	0.5484731728386766
130	0.4739218161276131
131	0.1252041276287828
132	0.13801229332339257
133	0.154620385880011
134	0.4029101033605775
135	0.37150005830873106
136	0.4739218161276131
137	0.4029101033605775
138	0.43697584363533404
139	0.7712627042813325
140	0.16499324727370096
141	0.06540703669975811
142	0.0769348332586583
143	0.011704150977755607
144	0.09348055211451997
145	0.24359180518339907
146	0.17322705937262783
147	0.22460188780169194
148	0.3655182215245085
149	0.9680555771461302
150	0.9524680951766599
151	0.6556978921951199
152	0.6451399456130031
153	0.809751747262771
154	0.809751747262771
155	0.5484731728386766
156	0.5396417421912961
157	0.5948461590153626
158	0.5948461590153626
159	0.5224031981891457
160	0.2685108255202325
161	0.22827757824649536
162	0.19724888986614988
163	0.8782156365502463
164	0.9680555771461302
165	0.9838981538483328
166	0.9524680951766599
167	0.20047693868989175
168	0.22460188780169194
169	0.2320134226836728
170	0.02678443476505567
171	0.0067397667750349905
172	0.007191910689857912
173	0.06647744631284419
174	0.08480513362914895
175	0.1496811268916314
176	0.03828064801966493
177	0.098145599404233
178	0.18484816784601615
179	0.6556978921951199
180	0.823003625015039
181	0.9680555771461302
182	0.5758441417787755
183	0.466290799956401
184	0.154620385880011
185	0.4029101033605775
186	0.210481526578285
187	0.3008228213237163
188	0.3775797899972509
189	0.3775797899972509
190	0.6045810297425013
191	0.9838981538483328
192	0.24359180518339907
193	0.10818572446379239
194	0.022771096439116734
195	0.0046397888713085094
196	0.003246395470718101
197	0.018740694914960117
198	0.022771096439116734
199	0.10472979393476875
200	0.48167771661523795
