1	0.9220420515895167
2	0.6245313223904276
3	0.6245313223904276
4	0.3775797899972509
5	0.5057153295259778
6	0.7838846950415602
7	0.009174704819918333
8	0.12520412762878458
9	0.12318811002815044
10	0.0011866166988220997
11	0.0004267461712446215
12	0.0020274756563298706
13	0.005283200023099469
14	0.004951053693111611
15	0.0007532073245460797
16	0.05744148237014259
17	0.9371316004437403
18	0.9680555771461301
19	1.0
20	1.0
21	1.0
22	0.05044600800408453
23	0.002945115272426268
24	0.01727970878760305
25	1.0
26	0.3775797899972509
27	0.0034084033755650564
28	0.00010227805318730174
29	0.0006000902548658462
30	0.00932485215470036
31	1.0
32	1.0
33	1.0
34	1.0
35	1.0
36	0.0036370594844428957
37	0.0006000902548658462
38	0.00010913947746386269
39	0.004209195456615611
40	0.3775797899972509
41	1.0
42	0.017562497419084444
43	0.003092088110185005
44	0.013112602486345095
45	0.9371316004437403
46	0.9524680951766598
47	0.9524680951766598
48	0.07819389939674472
49	0.04651334071458728
50	0.037664258914665634
51	0.005637628717885325
52	0.002198897168339217
53	0.00029858833578436605
54	0.0008168904262529227
55	0.0027599605887401314
56	0.0029933131400918323
57	0.0358740049446916
58	0.823003625015039
59	0.614475215120391
60	0.5948461590153711
61	0.8925879504045041
62	0.7967132492073021
63	0.8364723744993592
64	0.8097517472627709
65	0.6045810297425014
66	0.5057153295259778
67	0.5852680376789872
68	0.5665719880005149
69	0.8782156365502464
70	0.6347520014624477
71	0.5057153295259778
72	0.5309525138815143
73	0.7838846950415602
74	0.11925293695084216
75	0.13579004060925862
76	0.7466251623243717
77	0.8097517472627709
78	0.02812108342598899
79	0.04804821315291625
80	0.059336967552506205
81	0.05651656845829486
82	0.3900393726467363
83	0.9838981538483188
84	0.9838981538483188
85	0.9680555771461301
86	0.6773349667878948
87	0.6556978921951105
88	0.823003625015039
89	0.8364723744993592
90	0.9838981538483188
91	0.9680555771461301
92	0.6451399456130124
93	0.48167771661524483
94	0.8925879504045041
95	0.22098538275893512
96	0.04219669209919026
97	0.008597905811488844
98	0.01228823415401115
99	0.022404439747548983
100	0.0612950009827268
101	0.022771096439117056
102	0.014453999040223764
103	0.24757827243667338
104	0.9680555771461301
105	0.9838981538483188
106	0.9838981538483188
107	0.2396695274125257
108	0.010968329737619282
109	0.020325206299054505
110	0.020325206299054505
111	0.9680555771461301
112	0.02314375359893927
113	0.03049869946550789
114	0.05044600800408453
115	0.0876035794134446
116	0.2912132099152615
117	0.8640747434825137
118	0.9838981538483188
119	0.9524680951766598
120	0.9220420515895167
121	0.8925879504045041
122	0.9220420515895167
123	0.006524468815236811
124	0.0011302145468318856
125	5.4304789454705086e-05
126	0.002163490864431252
127	8.555276600875402e-05
128	0.01228823415401115
129	1.0
130	1.0
131	1.0
132	1.0
133	1.0
134	1.0
135	0.015423659850313087
136	0.0016959273764898934
137	0.0020274756563298706
138	0.0018097003405784802
139	0.0028976934794106937
140	0.006015834611932771
141	1.0
142	0.9838981538483188
143	0.9680555771461301
144	0.9371316004437403
145	0.26851082552023625
146	0.035296367236228025
147	0.024696375181437153
148	0.16499324727370096
149	0.1030434509053353
150	0.8097517472627709
151	0.8925879504045041
152	0.20709238541955338
153	0.18187177108593947
154	0.025928821455018843
155	0.021688742850449538
156	0.07947357060372963
157	0.12725313808047323
158	0.07569604040982215
159	0.5224031981891458
160	0.5574491330158865
161	0.6245313223904276
162	0.9071954723294418
163	0.8782156365502464
164	0.8782156365502464
165	0.8925879504045041
166	0.6451399456130124
167	0.47392181612761314
168	0.27290510147824404
169	0.7346031188276403
170	0.0934805521145213
171	0.04151724745489924
172	0.01700147357515921
173	0.02133951404984792
174	0.030997821620274816
175	0.45878265723355866
176	0.47392181612761314
177	0.26851082552023625
178	0.6347520014624477
179	0.26851082552023625
180	0.3775797899972509
181	0.3370231708678044
182	0.8782156365502464
183	0.9071954723294418
184	0.9838981538483188
185	0.9838981538483188
186	0.9680555771461301
187	0.3775797899972509
188	0.36551822152450336
189	0.4975723790934108
190	0.45878265723355866
191	0.331596475620944
192	0.40291010336058325
193	1.0
194	0.9838981538483188
195	0.9524680951766598
196	0.9220420515895167
197	0.35963270335588476
198	0.36551822152450336
199	0.466290799956401
200	0.8925879504045041
