1	0.9220420515895166
2	0.8925879504044915
3	0.9371316004437403
4	1.0
5	1.0
6	0.9838981538483329
7	0.9071954723294416
8	0.9071954723294416
9	0.4299397258291107
10	0.8925879504044915
11	0.0876035794134446
12	0.0769348332586583
13	0.07209806342155774
14	0.0876035794134446
15	0.9680555771461301
16	0.14727098441461417
17	0.17894329980857993
18	0.9371316004437403
19	0.07327797408660716
20	0.05044600800408381
21	0.18187177108593947
22	0.9680555771461301
23	1.0
24	0.9524680951766598
25	0.18187177108593947
26	0.0876035794134446
27	0.05383022830539263
28	0.05383022830539263
29	0.9838981538483329
30	0.11175569566235759
31	0.09814559940423298
32	0.16499324727370096
33	0.9838981538483329
34	0.9838981538483329
35	1.0
36	0.9838981538483329
37	0.14727098441461417
38	0.07093715149650966
39	0.154620385880011
40	0.03049869946550789
41	0.005369661486237471
42	0.009324852154700358
43	1.0
44	1.0
45	0.06331764666180247
46	0.009790198959862087
47	0.0017518905076602488
48	0.002094379397417405
49	1.0
50	1.0
51	0.024298717947761454
52	0.004871332588256415
53	1.0
54	0.015175310452307482
55	0.0015385376373511577
56	0.0008168904262529228
57	0.008057369233585077
58	0.019997932954225667
59	0.10995622264422977
60	0.022043686905619336
61	0.021688742850449534
62	0.9838981538483329
63	0.9838981538483329
64	0.00652446881523681
65	0.003299523896879402
66	0.0002665163506524553
67	0.0007907953330514326
68	0.00601583461193277
69	1.0
70	0.699686033300596
71	0.03766425891466509
72	0.017849913987938976
73	0.005369661486237471
74	0.0031426912410506386
75	0.005729890533725345
76	0.000857656472053701
77	0.1252041276287828
78	1.0
79	1.0
80	1.0
81	0.1272531380804732
82	0.002384812237737442
83	0.0045650797047264175
84	0.04219669209918966
85	0.04883453939311235
86	0.062298115656568495
87	0.1272531380804732
88	0.7838846950415601
89	0.699686033300596
90	0.005918968568537387
91	0.0007532073245460797
92	0.00027087798631395606
93	0.003042299783147364
94	0.00652446881523681
95	0.9838981538483329
96	0.9838981538483329
97	0.022771096439116734
98	0.028581295041564064
99	0.0043480927706904
100	0.0047157206801953155
101	0.005546852487609637
102	0.04219669209918966
103	0.4029101033605775
104	0.9838981538483329
105	0.9838981538483329
106	1.0
107	1.0
108	0.4029101033605775
109	0.04804821315291692
110	0.009324852154700358
111	0.0011487109132294472
112	0.0036370594844428957
113	1.0
114	1.0
115	1.0
116	0.024298717947761454
117	0.0026287744047199277
118	0.0031941225103010833
119	0.025100540218357226
120	0.9680555771461301
121	0.9838981538483329
122	0.18787327440651985
123	0.09656527406216148
124	0.7588439508744756
125	0.9220420515895166
126	1.0
127	1.0
128	1.0
129	1.0
130	0.9680555771461301
131	0.9838981538483329
132	1.0
133	0.836472374499359
134	1.0
135	1.0
136	0.05127157501696203
137	0.0769348332586583
138	0.9838981538483329
139	0.01469054391828022
140	0.0009925720876842986
141	0.0079276307137986
142	0.024696375181437153
143	0.11358461770178932
144	0.022043686905619336
145	0.0079276307137986
146	0.00024976089423135706
147	0.0007655338325415709
148	0.01248933551297767
149	1.0
150	0.002271457569431769
151	0.018438935128663837
152	1.0
153	0.9838981538483329
154	0.004209195456615671
155	0.0069621692536538235
156	0.005369661486237471
157	0.06540703669975811
158	1.0
159	1.0
160	0.009790198959862087
161	0.0069621692536538235
162	0.04358912142584555
163	1.0
164	0.8782156365502463
165	0.8925879504044915
166	0.04804821315291692
167	0.04288725609876025
168	0.16769342093829617
169	0.9071954723294416
170	0.9071954723294416
171	0.9071954723294416
172	0.9371316004437403
173	0.8925879504044915
174	0.07093715149650966
175	0.012901465378461815
176	0.10304345090533529
177	0.9838981538483329
178	0.09975178733729329
179	0.10995622264422977
180	0.10995622264422977
181	0.16769342093829617
182	0.9071954723294416
183	0.9071954723294416
184	0.058381532829868445
185	0.09975178733729329
186	0.12318811002815043
187	0.9071954723294416
188	0.13360357026643777
189	0.0593369675525062
190	0.8925879504044915
191	0.01619336115132821
192	0.021339514049848223
193	0.01814203423202126
194	0.020325206299054217
195	0.4513954094697244
196	0.9371316004437403
197	0.9680555771461301
198	0.8925879504044915
199	0.9071954723294416
200	0.9524680951766598
