1	0.9838981538483327
2	0.9838981538483327
3	0.96805557714613
4	0.25162997965624534
5	0.0574414823701434
6	0.0104469841324596
7	0.0018694178137101953
8	2.15276407703186e-05
9	1.003814083596575e-05
10	4.256869332099702e-05
11	4.256869332099702e-05
12	8.396627500619251e-06
13	3.799630272278609e-05
14	0.0047928951403666395
15	0.14727098441461417
16	1.0
17	1.0
18	1.0
19	0.9838981538483327
20	0.14727098441461417
21	0.0047928951403666395
22	3.799630272278609e-05
23	8.396627500619251e-06
24	4.256869332099702e-05
25	4.256869332099702e-05
26	1.003814083596575e-05
27	2.118100601062597e-05
28	0.0018694178137101953
29	0.010617952774480095
30	0.056516568458294045
31	0.26418730551764846
32	0.9838981538483327
33	0.9838981538483327
34	0.7967132492072908
35	0.5309525138815142
36	0.5484731728386766
37	0.8925879504044913
38	0.9838981538483327
39	0.9838981538483327
40	0.7967132492072908
41	0.11925293695084214
42	0.12520412762878277
43	0.08903724340857931
44	0.21392613224755935
45	0.21048152657828498
46	0.20709238541955044
47	0.23581040555488306
48	0.7588439508744758
49	0.6245313223904276
50	0.7712627042813435
51	0.06331764666180245
52	0.013992274382953425
53	0.03099782162027481
54	0.10644373457266823
55	0.8925879504044913
56	0.9071954723294416
57	0.25993340216897615
58	0.348144444207804
59	0.96805557714613
60	0.96805557714613
61	0.23966952741252567
62	0.3538419528953351
63	0.9071954723294416
64	0.15972263321475674
65	0.02390746372968385
66	0.002628774404719965
67	0.004009124378788921
68	0.9838981538483327
69	0.9838981538483327
70	0.9838981538483327
71	0.9838981538483327
72	0.9838981538483327
73	0.9838981538483327
74	0.9838981538483327
75	0.9838981538483327
76	0.003194122510301083
77	0.007799981223697674
78	0.02635315591720863
79	0.15972263321475674
80	0.5948461590153625
81	0.5948461590153625
82	0.8925879504044913
83	0.9838981538483327
84	0.9838981538483327
85	0.9524680951766598
86	0.9524680951766598
87	0.25162997965624534
88	0.021339514049848223
89	0.03766425891466509
90	0.05127157501696203
91	0.23581040555488306
92	0.9524680951766598
93	0.6884197964379096
94	0.9371316004437403
95	0.005823662247270244
96	0.03150511208810856
97	0.044302473030725285
98	0.062298115656568495
99	0.96805557714613
100	0.03766425891466509
101	0.017279708787603047
102	0.10138426111191928
103	0.9524680951766598
104	0.027668282067045122
105	0.007550815325235737
106	0.019047393108381876
107	0.10138426111191928
108	0.8925879504044913
109	0.6556978921951198
110	0.6884197964379096
111	0.96805557714613
112	0.96805557714613
113	0.96805557714613
114	0.96805557714613
115	0.9838981538483327
116	0.9524680951766598
117	0.96805557714613
118	0.6347520014624477
119	0.6245313223904276
120	0.96805557714613
121	0.12318811002815042
122	0.03529636723622752
123	0.032544734860148215
124	0.04019100294647118
125	0.96805557714613
126	0.014221262971401532
127	0.0019311058764015323
128	0.005823662247270244
129	0.018438935128663837
130	0.06540703669975811
131	0.9838981538483327
132	0.37150005830873106
133	0.6773349667878948
134	0.3262571601860559
135	0.0017518905076602735
136	0.0044192508682770176
137	0.96805557714613
138	1.0
139	1.0
140	1.0
141	0.027222771645920244
142	0.02469637518143715
143	0.01269372796780658
144	0.3425386759286123
145	0.96805557714613
146	0.05471117929721339
147	0.00902697513442092
148	0.0023086307871880733
149	0.00346418311919148
150	0.009790198959862087
151	0.96805557714613
152	0.96805557714613
153	0.9371316004437403
154	0.9371316004437403
155	0.11175569566235759
156	0.03890712455342798
157	0.044302473030725285
158	0.9524680951766598
159	0.03202070454638331
160	0.004871332588256415
161	0.002128654667381612
162	0.02904903818527771
163	0.6773349667878948
164	0.9524680951766598
165	0.23966952741252567
166	0.04019100294647118
167	0.045764390058400266
168	0.07093715149650967
169	0.28191057199709557
170	0.9838981538483327
171	0.9838981538483327
172	0.9838981538483327
173	0.9371316004437403
174	0.8501615448994047
175	0.9071954723294416
176	0.96805557714613
177	0.823003625015039
178	0.7967132492072908
179	0.7967132492072908
180	0.746625162324361
181	0.1272531380804732
182	0.03150511208810856
183	0.7588439508744758
184	0.9838981538483327
185	0.23966952741252567
186	0.23966952741252567
187	0.23581040555488306
188	0.27737129133826594
189	0.8501615448994047
190	0.6347520014624477
191	0.699686033300596
192	0.09656527406216148
193	0.008323250672588899
194	0.03099782162027481
195	0.05471117929721339
196	0.04288725609876024
197	0.699686033300596
198	0.14027091400017713
199	0.14256649781436806
200	0.6773349667878948
