1	1.0
2	1.0
3	0.1336035702664378
4	0.029524436113288616
5	0.009790198959862228
6	0.004951053693111542
7	0.003637059484442896
8	0.0030920881101849616
9	0.0011120160060804068
10	4.8471800716522645e-05
11	0.00049387645509079
12	2.2971843826550153e-05
13	1.0038140835965751e-05
14	0.0030422997831473643
15	1.0
16	0.0030422997831473643
17	0.0023464123579847477
18	0.006419412822152426
19	1.0
20	1.0
21	1.0
22	1.0
23	0.006316048424506089
24	6.70635038927341e-05
25	0.0015137643410159803
26	1.0
27	0.0015137643410159803
28	1.0038140835965751e-05
29	2.2971843826550153e-05
30	0.00049387645509079
31	4.8471800716522645e-05
32	0.0011487109132294637
33	0.0031426912410505944
34	0.0036965812672960317
35	0.0047928951403666395
36	0.00932485215470036
37	0.028581295041564064
38	0.13579004060925667
39	1.0
40	1.0
41	1.0
42	1.0
43	1.0
44	1.0
45	1.0
46	1.0
47	1.0
48	1.0
49	0.10995622264422977
50	0.028121083425988992
51	0.009950419076984445
52	0.00013478140409426559
53	8.837588257170863e-05
54	0.0045650797047264826
55	1.0
56	0.9524680951766598
57	0.983898153848333
58	0.07569604040982107
59	0.022404439747548983
60	0.016458371314135432
61	0.04019100294647119
62	0.03202070454638332
63	0.08903724340857934
64	1.0
65	0.9524680951766598
66	0.0622981156565685
67	0.05127157501696203
68	0.13801229332339257
69	1.0
70	0.8364723744993592
71	0.021688742850449538
72	0.011704150977755607
73	0.03954385360034535
74	0.983898153848333
75	0.9524680951766598
76	0.983898153848333
77	0.6451399456130033
78	1.0
79	1.0
80	0.060308038307035794
81	0.002384812237737442
82	0.001994829555235368
83	0.00611428590286806
84	0.7346031188276508
85	0.7588439508744759
86	0.2475782724366734
87	0.22827757824649536
88	0.5484731728386767
89	0.4369758436353341
90	0.5057153295259778
91	0.8501615448994049
92	0.4299397258291168
93	0.3655182215245085
94	0.8501615448994049
95	0.8501615448994049
96	1.0
97	1.0
98	0.983898153848333
99	1.0
100	0.41620554942555466
101	0.3210038175868557
102	0.8501615448994049
103	0.8640747434825014
104	0.2557479945175683
105	0.2516299796562454
106	0.809751747262771
107	1.0
108	0.9524680951766598
109	0.8230036250150508
110	0.8782156365502465
111	0.8782156365502465
112	0.8782156365502465
113	0.9680555771461302
114	0.9680555771461302
115	0.8782156365502465
116	0.45139540946972445
117	0.3210038175868557
118	0.2358104055548831
119	0.20375781569034024
120	0.19724888986614994
121	0.7588439508744759
122	0.8364723744993592
123	0.7967132492072908
124	0.9220420515895167
125	0.9371316004437406
126	0.20375781569034024
127	0.17894329980857993
128	0.06331764666180247
129	0.04576439005840027
130	0.03828064801966494
131	0.12725313808047323
132	0.8640747434825014
133	0.8501615448994049
134	0.8501615448994049
135	0.8782156365502465
136	0.983898153848333
137	1.0
138	0.8501615448994049
139	0.007799981223697675
140	0.00873861362363561
141	0.15462038588001323
142	0.024298717947761457
143	0.07209806342155876
144	0.1117556956623592
145	0.7838846950415602
146	0.8364723744993592
147	0.7838846950415602
148	0.8364723744993592
149	0.8640747434825014
150	0.8364723744993592
151	0.6996860333005961
152	0.809751747262771
153	0.6996860333005961
154	0.10644373457266824
155	0.06867110513305712
156	0.08760357941344458
157	0.566571988000515
158	0.3837590186752804
159	0.7588439508744759
160	0.9220420515895167
161	0.983898153848333
162	1.0
163	0.005114431247540003
164	0.0029933131400918323
165	0.004951053693111542
166	0.06867110513305712
167	0.983898153848333
168	1.0
169	0.6884197964379098
170	0.9680555771461302
171	0.9371316004437406
172	0.03890712455342854
173	0.012693727967806583
174	0.01935911052773282
175	1.0
176	0.7838846950415602
177	0.47392181612761314
178	0.10995622264422977
179	0.07569604040982107
180	0.5758441417787756
181	1.0
182	0.10995622264422977
183	0.03202070454638332
184	0.023907463729683512
185	0.04288725609876025
186	0.028121083425988992
187	0.07447719441285175
188	0.9680555771461302
189	1.0
190	0.9524680951766598
191	0.9680555771461302
192	0.004951053693111542
193	0.0007291465512741478
194	0.00027531100170731244
195	0.010617952774479945
196	0.028581295041564064
197	0.10644373457266824
198	1.0
199	1.0
200	1.0
