1	0.6884197964379097
2	0.6451399456130124
3	0.6245313223904277
4	0.746625162324361
5	0.8640747434825136
6	0.823003625015039
7	0.8925879504044913
8	0.8640747434825136
9	0.7712627042813435
10	0.8364723744993591
11	0.8925879504044913
12	0.9371316004437404
13	0.06979493239667436
14	0.07327797408660716
15	0.1336035702664378
16	0.968055577146144
17	0.05651656845829485
18	0.0013732801563434583
19	0.0016153167178432556
20	0.03049869946550789
21	1.0
22	1.0
23	0.06435386265758218
24	0.009632558682416177
25	0.00021233710769518735
26	0.00017761412466811948
27	0.0002265819524116397
28	0.01189569360606805
29	0.0330773411179359
30	0.01619336115132821
31	0.01619336115132821
32	1.0
33	1.0
34	1.0
35	1.0
36	0.9838981538483329
37	0.01784991398793898
38	0.015676073575284756
39	0.027222771645920248
40	1.0
41	0.02551131956105572
42	0.004715720680195316
43	0.004871332588256415
44	0.0024238405452939723
45	0.007076107650393189
46	0.06435386265758218
47	0.9838981538483329
48	0.9838981538483329
49	0.02551131956105572
50	0.019359110527732818
51	0.004009124378788922
52	0.06647744631284419
53	0.968055577146144
54	0.14027091400017713
55	0.0769348332586583
56	0.05651656845829485
57	0.8501615448994048
58	0.823003625015039
59	0.5396417421913038
60	0.31583506350196977
61	0.38375901867528034
62	0.23581040555488306
63	0.029049038185277713
64	0.014221262971401532
65	0.016727718463300366
66	0.566571988000515
67	0.5758441417787837
68	0.5057153295259778
69	0.43697584363533404
70	0.45878265723356515
71	0.8925879504044913
72	0.8097517472627824
73	0.1030434509053353
74	0.03828064801966494
75	0.04288725609876024
76	0.027222771645920248
77	0.5484731728386766
78	0.5396417421913038
79	0.614475215120391
80	0.5758441417787837
81	0.22460188780169194
82	0.1425664978143701
83	0.10138426111191928
84	0.04804821315291692
85	0.09975178733729329
86	0.07093715149651067
87	0.1425664978143701
88	0.8782156365502464
89	0.8782156365502464
90	0.8782156365502464
91	0.9838981538483329
92	0.14489964968096344
93	0.1154434707063202
94	0.11925293695084214
95	0.1314523061326923
96	0.14489964968096344
97	0.1546203858800132
98	0.2037578156903431
99	0.4739218161276131
100	0.22827757824649858
101	0.23966952741252567
102	0.6045810297425014
103	0.10644373457266974
104	0.46629079995640094
105	0.35963270335588476
106	0.41620554942555466
107	0.823003625015039
108	0.8364723744993591
109	0.9371316004437404
110	0.9524680951766598
111	0.4739218161276131
112	0.11358461770179093
113	0.09197534264619908
114	0.21392613224755938
115	0.23966952741252567
116	0.4739218161276131
117	0.8097517472627824
118	0.8364723744993591
119	0.8501615448994048
120	0.7967132492072908
121	0.9220420515895166
122	0.005114431247540004
123	0.05127157501696203
124	0.03766425891466563
125	0.1314523061326923
126	0.968055577146144
127	0.9524680951766598
128	0.9524680951766598
129	0.9524680951766598
130	0.09656527406216149
131	0.0069621692536538235
132	0.044302473030725285
133	0.05127157501696203
134	0.9524680951766598
135	0.9371316004437404
136	0.6556978921951199
137	0.6556978921951199
138	0.48956054519592274
139	0.9071954723294418
140	0.176061982325188
141	0.09975178733729329
142	0.08209608258032164
143	0.08760357941344458
144	0.1030434509053353
145	0.12318811002815043
146	0.21392613224755938
147	0.9838981538483329
148	0.968055577146144
149	0.968055577146144
150	0.9220420515895166
151	0.1425664978143701
152	0.07569604040982214
153	0.09656527406216149
154	0.06540703669975811
155	0.08077418408895759
156	0.059336967552506205
157	0.07569604040982214
158	0.7967132492072908
159	0.012288234154010974
160	0.09501039487561899
161	0.07447719441285174
162	0.32100381758685564
163	0.30082282132371624
164	0.3425386759286123
165	0.8640747434825136
166	0.7838846950415601
167	0.8640747434825136
168	0.46629079995640094
169	0.44412711003287414
170	0.37150005830873106
171	0.35963270335588476
172	0.3425386759286123
173	0.7967132492072908
174	0.7227746524257428
175	0.8364723744993591
176	0.8097517472627824
177	0.9071954723294418
178	0.8925879504044913
179	0.3425386759286123
180	0.24757827243667338
181	0.21742711012398033
182	0.28652413961186873
183	0.331596475620944
184	0.7588439508744758
185	0.7111366461700486
186	0.6664286233595221
187	0.5852680376789872
188	0.30574589468138835
189	0.35963270335588476
190	0.3655182215245085
191	0.40291010336057753
192	0.2641873055176485
193	0.2557479945175719
194	0.22827757824649858
195	0.32625716018605594
196	0.35963270335588476
197	0.38375901867528034
198	0.38375901867528034
199	0.4230169025093204
200	0.6884197964379097
