1	0.7712627042813326
2	0.7712627042813326
3	0.8925879504044916
4	0.6996860333005861
5	0.6556978921951059
6	0.7111366461700385
7	0.6664286233595222
8	0.9071954723294354
9	0.8230036250150332
10	0.6664286233595222
11	0.7227746524257325
12	0.6664286233595222
13	0.4739218161276098
14	0.1448996496809614
15	0.14727098441461314
16	0.0178499139879386
17	0.008057369233584964
18	0.02551131956105536
19	0.326257160186049
20	0.25574799451756647
21	0.8640747434825014
22	0.4095038717012256
23	0.41620554942554877
24	0.566571988000511
25	0.45139540946972134
26	0.7967132492072909
27	0.7712627042813326
28	0.7838846950415436
29	0.983898153848312
30	0.9680555771461301
31	0.8097517472627652
32	0.43697584363532477
33	0.44412711003286787
34	0.2475782724366681
35	0.37150005830872584
36	0.35963270335587966
37	0.26418730551764663
38	0.5758441417787756
39	0.7111366461700385
40	0.2729051014782421
41	0.4095038717012256
42	0.11358461770178853
43	0.06867110513305566
44	0.07093715149650916
45	0.09501039487561698
46	0.6451399456130033
47	0.983898153848312
48	0.7838846950415436
49	0.9371316004437205
50	0.9371316004437205
51	0.9071954723294354
52	0.9371316004437205
53	1.0
54	0.5057153295259742
55	0.48167771661523806
56	0.207092385419549
57	0.19724888986614852
58	0.16233655139003125
59	0.17894329980857737
60	0.7111366461700385
61	0.09348055211451999
62	0.009026975134420792
63	0.037057794812204344
64	0.048834539393111664
65	0.0643538626575808
66	0.16499324727369746
67	1.0
68	0.8640747434825014
69	1.0
70	1.0
71	0.983898153848312
72	1.0
73	0.983898153848312
74	0.983898153848312
75	1.0
76	0.9220420515895036
77	0.9524680951766462
78	0.3008228213237163
79	0.22098538275893356
80	0.20047693868989175
81	0.14027091400017716
82	0.08077418408895645
83	0.18187177108593688
84	0.21742711012397725
85	0.20375781569033877
86	0.31074953590015025
87	0.3008228213237163
88	0.33159647562093936
89	0.1448996496809614
90	0.10995622264422744
91	0.12318811002814781
92	0.5396417421912961
93	0.6347520014624433
94	0.39003937264673083
95	0.3481444442077991
96	0.7588439508744704
97	0.5224031981891384
98	0.5574491330158706
99	1.0
100	0.9680555771461301
101	0.37150005830872584
102	0.2865241396118647
103	0.12933568132305814
104	0.22460188780169194
105	0.28191057199709363
106	0.05838153282986846
107	0.17606198232518677
108	0.7346031188276351
109	0.5309525138815068
110	0.3370231708678021
111	0.5309525138815068
112	0.7111366461700385
113	0.9371316004437205
114	0.7466251623243612
115	0.39003937264673083
116	0.5574491330158706
117	0.566571988000511
118	0.6664286233595222
119	0.5224031981891384
120	0.5139915422627507
121	0.6996860333005861
122	0.9524680951766462
123	0.9680555771461301
124	0.9524680951766462
125	0.7838846950415436
126	0.7838846950415436
127	0.6884197964379
128	0.6996860333005861
129	0.983898153848312
130	0.983898153848312
131	0.9680555771461301
132	0.8640747434825014
133	0.2685108255202325
134	0.06331764666180248
135	0.3481444442077991
136	0.7838846950415436
137	0.7838846950415436
138	0.7111366461700385
139	0.4095038717012256
140	0.27737129133826205
141	0.4587826572335555
142	0.8782156365502276
143	0.4895605451959123
144	0.5309525138815068
145	0.07093715149650916
146	0.22460188780169194
147	0.5139915422627507
148	0.5948461590153628
149	0.983898153848312
150	0.9680555771461301
151	0.5396417421912961
152	0.3008228213237163
153	0.2959790185358493
154	0.8782156365502276
155	1.0
156	1.0
157	1.0
158	0.7346031188276351
159	0.2685108255202325
160	0.23201342268366953
161	0.41620554942554877
162	0.7588439508744704
163	0.6556978921951059
164	0.07693483325865666
165	0.2516299796562454
166	0.26418730551764663
167	0.007429233258548878
168	0.00719191068985781
169	0.030498699465507463
170	0.04651334071458662
171	0.8782156365502276
172	0.8782156365502276
173	0.19094788792080788
174	0.19407281858793252
175	0.8782156365502276
176	0.8501615448993989
177	0.9371316004437205
178	0.326257160186049
179	0.326257160186049
180	0.3210038175868511
181	1.0
182	1.0
183	0.326257160186049
184	0.23201342268366953
185	0.8640747434825014
186	0.8782156365502276
187	0.983898153848312
188	1.0
189	1.0
190	0.7838846950415436
191	0.7712627042813326
192	0.7466251623243612
193	0.0643538626575808
194	0.3210038175868511
195	1.0
196	0.7712627042813326
197	0.05838153282986846
198	0.05651656845829405
199	0.2599334021689725
200	0.983898153848312
