1	0.96805557714613
2	0.47392181612760975
3	0.10138426111191856
4	0.08760357941344396
5	0.2912132099152594
6	0.027668282067044928
7	0.14489964968096344
8	0.6245313223904277
9	0.614475215120391
10	0.34814444420780155
11	0.28652413961186873
12	0.2912132099152594
13	0.38375901867528034
14	0.42301690250931745
15	0.6451399456130124
16	0.8501615448993928
17	0.8097517472627709
18	0.47392181612760975
19	0.5948461590153626
20	0.5396417421912961
21	0.34814444420780155
22	0.2912132099152594
23	0.30082282132371624
24	0.39642250686330754
25	0.8097517472627709
26	0.36551822152450586
27	0.305745894681384
28	0.39003937264673355
29	0.34253867592860743
30	0.8782156365502339
31	0.7111366461700385
32	0.6664286233595221
33	0.6773349667878852
34	0.8501615448993928
35	0.8640747434825136
36	0.7111366461700385
37	0.7227746524257325
38	0.7111366461700385
39	0.7712627042813435
40	0.31583506350196755
41	0.1649932472736998
42	0.12725313808047412
43	0.08760357941344396
44	0.6045810297425013
45	0.154620385880011
46	0.16769342093829617
47	0.19407281858793524
48	0.2174271101239788
49	0.07093715149650916
50	0.05296346225090894
51	0.030498699465507675
52	0.018438935128663705
53	0.025511319561055536
54	0.7967132492072907
55	0.746625162324361
56	0.8925879504044915
57	0.22460188780169194
58	0.27737129133826594
59	0.5665719880005069
60	0.9220420515895167
61	0.8925879504044915
62	0.9220420515895167
63	0.513991542262758
64	0.2912132099152594
65	0.2396695274125223
66	0.9524680951766461
67	0.20709238541955044
68	0.20709238541955044
69	0.02635315591720863
70	0.03202070454638309
71	0.1623365513900324
72	0.7588439508744649
73	0.6773349667878852
74	0.746625162324361
75	0.7227746524257325
76	0.7967132492072907
77	0.9071954723294289
78	0.9220420515895167
79	0.836472374499359
80	0.8501615448993928
81	0.8640747434825136
82	0.7227746524257325
83	0.42301690250931745
84	0.38375901867528034
85	0.46629079995639766
86	0.5396417421912961
87	0.44412711003286787
88	0.823003625015039
89	0.8097517472627709
90	0.11358461770179011
91	0.18787327440651855
92	0.18484816784601352
93	0.08209608258032106
94	0.12120455403275993
95	0.21392613224755636
96	0.6773349667878852
97	0.6884197964379097
98	0.2599334021689743
99	0.26418730551764663
100	0.48956054519591924
101	0.8097517472627709
102	0.7967132492072907
103	0.6996860333005861
104	0.5309525138815068
105	0.24757827243666986
106	0.41620554942555466
107	0.42993972582911677
108	0.42301690250931745
109	0.5948461590153626
110	0.823003625015039
111	0.1623365513900324
112	0.14727098441461314
113	0.22827757824649697
114	0.9071954723294289
115	0.8782156365502339
116	0.8097517472627709
117	0.25574799451756824
118	0.25162997965624356
119	0.19407281858793524
120	0.823003625015039
121	0.5396417421912961
122	0.30082282132371624
123	0.11175569566235759
124	0.2396695274125223
125	0.05383022830539262
126	0.37150005830873106
127	0.9838981538483189
128	0.9838981538483189
129	0.5948461590153626
130	0.28652413961186873
131	0.06435386265758125
132	0.042887256098759936
133	0.03890712455342798
134	0.059336967552505775
135	0.33702317086780204
136	0.3107495359001546
137	0.07093715149650916
138	0.08903724340857869
139	0.37757978999724817
140	0.3107495359001546
141	0.2320134226836728
142	0.3210038175868511
143	0.15972263321475447
144	0.37757978999724817
145	0.3538419528953326
146	0.35963270335587966
147	0.0675653735631387
148	0.14489964968096344
149	0.6556978921951104
150	0.9524680951766461
151	0.96805557714613
152	0.9838981538483189
153	0.012901465378461723
154	0.002759960588740092
155	0.0012458335400746443
156	0.0042091954566156106
157	1.0
158	0.03766425891466563
159	0.01784991398793885
160	0.8925879504044915
161	0.9524680951766461
162	0.96805557714613
163	1.0
164	1.0
165	1.0
166	1.0
167	1.0
168	1.0
169	0.783884695041549
170	0.9220420515895167
171	0.07947357060372906
172	0.03705779481220434
173	1.0
174	0.0049510536931115755
175	0.009026975134420792
176	0.010446984132459527
177	0.02133951404984807
178	0.8925879504044915
179	0.8640747434825136
180	0.6773349667878852
181	0.7346031188276403
182	0.7346031188276403
183	0.9371316004437271
184	0.8782156365502339
185	0.6773349667878852
186	0.6347520014624387
187	0.20375781569034165
188	0.16769342093829617
189	0.20709238541955044
190	0.7346031188276403
191	0.9838981538483189
192	0.9071954723294289
193	0.96805557714613
194	0.96805557714613
195	0.6884197964379097
196	0.7111366461700385
197	0.7111366461700385
198	0.22098538275893195
199	0.23581040555488142
200	0.5309525138815068
