1	0.9680555771461439
2	0.9371316004437271
3	0.9071954723294416
4	0.8782156365502339
5	0.8230036250150389
6	0.836472374499359
7	0.6451399456130124
8	0.6347520014624477
9	0.3775797899972509
10	0.28652413961186873
11	0.6347520014624477
12	0.029524436113288612
13	0.05211065273008555
14	0.305745894681384
15	0.05383022830539263
16	0.25574799451756824
17	0.305745894681384
18	1.0
19	0.9838981538483188
20	0.9680555771461439
21	0.3538419528953351
22	0.37150005830873106
23	0.11925293695084216
24	0.4029101033605832
25	0.3900393726467363
26	0.32100381758685564
27	0.6451399456130124
28	0.783884695041549
29	0.746625162324361
30	0.7111366461700486
31	0.3900393726467363
32	0.44412711003286776
33	0.892587950404504
34	0.7346031188276402
35	0.6556978921951104
36	0.6451399456130124
37	0.6556978921951104
38	0.0781938993967447
39	0.05383022830539263
40	0.33702317086780925
41	0.04358912142584555
42	0.005114431247540003
43	0.007674387126047693
44	0.016458371314135665
45	0.01967592931444537
46	0.3538419528953351
47	0.3538419528953351
48	0.6451399456130124
49	0.31583506350196977
50	0.4029101033605832
51	0.9371316004437271
52	0.8097517472627709
53	0.7712627042813435
54	0.8097517472627709
55	0.07327797408660716
56	0.0769348332586572
57	0.045027498890454376
58	0.0017518905076602488
59	0.000249760894231357
60	0.00024573928273773917
61	0.0031426912410505935
62	0.007674387126047693
63	0.06540703669975811
64	1.0
65	1.0
66	1.0
67	1.0
68	1.0
69	1.0
70	0.062298115656568495
71	0.0058236622472702445
72	0.0017518905076602488
73	6.70635038927341e-05
74	0.00044804248394847315
75	0.00388105521435913
76	0.0007410792960859193
77	0.006739766775034895
78	0.006739766775034895
79	0.892587950404504
80	0.8501615448994047
81	0.8640747434825136
82	0.7346031188276402
83	0.7712627042813435
84	0.6245313223904277
85	0.5852680376789788
86	0.5852680376789788
87	0.7346031188276402
88	0.4587826572335586
89	0.25162997965624895
90	0.24757827243666986
91	0.5057153295259778
92	0.9524680951766598
93	0.9524680951766598
94	0.7712627042813435
95	0.8097517472627709
96	0.4975723790934037
97	0.22098538275893193
98	0.07947357060372963
99	0.5396417421913038
100	0.7588439508744758
101	0.892587950404504
102	0.836472374499359
103	0.8501615448994047
104	0.892587950404504
105	0.6347520014624477
106	0.6347520014624477
107	0.5139915422627579
108	0.614475215120391
109	0.746625162324361
110	0.4895605451959158
111	0.5574491330158785
112	0.473921816127613
113	0.699686033300596
114	0.6773349667878948
115	0.38375901867528034
116	0.05560654736795843
117	0.05651656845829485
118	0.18787327440652254
119	0.5396417421913038
120	0.6451399456130124
121	0.6773349667878948
122	0.836472374499359
123	0.7588439508744758
124	0.5224031981891457
125	0.4895605451959158
126	0.5948461590153711
127	0.466290799956401
128	0.2320134226836728
129	0.22098538275893193
130	0.29121320991526145
131	0.06979493239667536
132	0.19407281858793526
133	0.1521307122146575
134	0.1472709844146121
135	0.5758441417787837
136	0.6451399456130124
137	0.746625162324361
138	0.783884695041549
139	0.9524680951766598
140	0.892587950404504
141	0.892587950404504
142	0.796713249207302
143	0.8097517472627709
144	0.6664286233595221
145	0.746625162324361
146	0.7346031188276402
147	0.8230036250150389
148	0.796713249207302
149	0.7346031188276402
150	0.796713249207302
151	0.6664286233595221
152	0.11733274450692355
153	0.16769342093829856
154	0.19407281858793526
155	0.39642250686331315
156	0.33702317086780925
157	0.39642250686331315
158	0.8640747434825136
159	0.892587950404504
160	0.32100381758685564
161	0.27290510147824404
162	0.3775797899972509
163	0.796713249207302
164	0.5057153295259778
165	0.5224031981891457
166	0.5948461590153711
167	0.746625162324361
168	0.35963270335588476
169	0.2959790185358471
170	0.3315964756209393
171	0.473921816127613
172	0.40950387170122843
173	0.7712627042813435
174	0.1357900406092586
175	0.05296346225090932
176	0.0781938993967447
177	0.6556978921951104
178	0.892587950404504
179	0.892587950404504
180	0.783884695041549
181	0.7588439508744758
182	0.5948461590153711
183	0.783884695041549
184	0.8501615448994047
185	0.44412711003286776
186	0.28652413961186873
187	0.2246018878016951
188	0.42993972582911677
189	0.4029101033605832
190	0.44412711003286776
191	0.4369758436353278
192	0.2641873055176485
193	0.5852680376789788
194	0.4369758436353278
195	0.305745894681384
196	0.20709238541955047
197	0.2396695274125257
198	0.6664286233595221
199	0.6773349667878948
200	0.7227746524257427
