1	0.9220420515895166
2	0.7588439508744756
3	0.9838981538483188
4	0.46629079995640094
5	0.44412711003286776
6	0.3370231708678044
7	0.8501615448993927
8	0.9838981538483188
9	0.9838981538483188
10	0.9838981538483188
11	1.0
12	1.0
13	0.09501039487561899
14	0.0769348332586583
15	0.07093715149651067
16	0.10138426111191927
17	0.9838981538483188
18	0.057441482370143404
19	0.057441482370143404
20	0.0370577948122046
21	0.03766425891466563
22	0.9371316004437403
23	0.8501615448993927
24	0.9071954723294546
25	0.21742711012398033
26	0.06979493239667438
27	0.0290490381852773
28	0.018438935128663837
29	0.010113261253784643
30	0.024696375181437153
31	0.1472709844146142
32	0.14256649781436806
33	0.01189569360606805
34	0.015423659850313083
35	0.03587400494469159
36	0.7227746524257427
37	1.0
38	0.25993340216897615
39	0.24359180518339907
40	0.032544734860148215
41	0.012489335512977668
42	0.0043480927706904
43	0.005032079462438835
44	0.05044600800408453
45	0.9838981538483188
46	0.6996860333005959
47	0.7967132492072907
48	0.9680555771461439
49	0.9838981538483188
50	0.9838981538483188
51	0.9838981538483188
52	0.9680555771461439
53	0.7967132492072907
54	0.8097517472627824
55	0.9371316004437403
56	0.08619300005539271
57	0.0769348332586583
58	0.9524680951766462
59	0.015423659850313083
60	0.024696375181437153
61	0.006962169253653923
62	0.0061142859028680595
63	0.01517531045230748
64	0.019359110527732818
65	0.031505112088109015
66	0.9838981538483188
67	1.0
68	1.0
69	1.0
70	1.0
71	0.9838981538483188
72	0.013112602486344908
73	0.015423659850313083
74	0.01189569360606805
75	0.02390746372968385
76	0.02314375359893927
77	0.012489335512977668
78	0.012489335512977668
79	0.0686711051330571
80	0.11733274450692355
81	0.9071954723294546
82	0.7712627042813435
83	0.9680555771461439
84	0.9680555771461439
85	0.9838981538483188
86	0.9838981538483188
87	0.9371316004437403
88	0.9071954723294546
89	0.03202070454638331
90	0.013766972933527001
91	0.003520875718327174
92	0.013992274382953425
93	0.06435386265758125
94	0.8925879504044913
95	0.8230036250150389
96	0.45139540946972445
97	0.513991542262758
98	0.9838981538483188
99	0.7346031188276402
100	0.746625162324361
101	0.6045810297425099
102	0.5574491330158785
103	0.6347520014624477
104	0.5484731728386688
105	0.24359180518339907
106	0.348144444207804
107	0.836472374499359
108	0.8097517472627824
109	0.27737129133826594
110	0.1472709844146142
111	0.06435386265758125
112	0.0593369675525062
113	0.13145230613269226
114	0.7712627042813435
115	0.008189230970776996
116	0.0010088158858740138
117	0.11925293695084214
118	0.0769348332586583
119	0.01354529925337699
120	0.14256649781436806
121	0.006850065475449525
122	0.006015834611932771
123	0.06979493239667438
124	0.0769348332586583
125	0.10138426111191927
126	0.014930959938100641
127	0.013112602486344908
128	0.012901465378461813
129	0.154620385880011
130	0.06030803830703579
131	0.015676073575284753
132	0.024696375181437153
133	0.7712627042813435
134	0.08343961441457962
135	0.8097517472627824
136	0.2246018878016919
137	0.21742711012398033
138	0.9220420515895166
139	0.8925879504044913
140	0.9524680951766462
141	0.9371316004437403
142	0.22827757824649858
143	0.19094788792080922
144	0.1357900406092586
145	0.7838846950415602
146	0.012693727967806582
147	0.012288234154010973
148	0.013766972933527001
149	0.23966952741252567
150	0.9838981538483188
151	0.9680555771461439
152	0.9220420515895166
153	0.7967132492072907
154	0.19407281858793526
155	0.18187177108593947
156	0.5758441417787837
157	0.746625162324361
158	0.6996860333005959
159	0.6664286233595221
160	0.26851082552023625
161	0.08077418408895759
162	0.10995622264422976
163	0.8640747434825136
164	0.25162997965624534
165	0.38375901867528034
166	0.8501615448993927
167	0.12318811002815043
168	0.10995622264422976
169	0.5948461590153626
170	0.18187177108593947
171	0.09501039487561899
172	0.8230036250150389
173	0.9071954723294546
174	0.9071954723294546
175	0.9220420515895166
176	0.9680555771461439
177	0.8782156365502464
178	0.8782156365502464
179	0.38375901867528034
180	0.45139540946972445
181	0.7838846950415602
182	0.18484816784601354
183	0.2729051014782479
184	0.29121320991526145
185	0.127253138080475
186	0.585268037678987
187	0.09348055211451997
188	0.23581040555488308
189	0.2865241396118687
190	0.5396417421913038
191	0.7111366461700385
192	0.7588439508744756
193	0.8097517472627824
194	0.7838846950415602
195	0.8230036250150389
196	0.9680555771461439
197	0.9680555771461439
198	0.9680555771461439
199	0.9838981538483188
200	1.0
