1	0.9680555771461302
2	0.9524680951766599
3	0.9220420515895298
4	0.9524680951766599
5	0.6664286233595317
6	0.3837590186752804
7	0.4369758436353341
8	0.45139540946972445
9	0.8364723744993591
10	0.7466251623243717
11	0.8925879504045041
12	0.8364723744993591
13	0.9524680951766599
14	0.6245313223904277
15	0.5484731728386767
16	0.466290799956401
17	0.6045810297425014
18	0.9220420515895298
19	0.6556978921951199
20	0.6347520014624478
21	0.6451399456130125
22	0.699686033300596
23	0.8640747434825137
24	0.8501615448994049
25	0.8230036250150508
26	0.699686033300596
27	0.9071954723294419
28	0.07693483325865831
29	0.052963462250909324
30	0.037664258914665634
31	0.04651334071458728
32	0.15462038588001323
33	0.9838981538483328
34	0.7227746524257325
35	0.03361866366814549
36	0.04084874312373918
37	0.04651334071458728
38	0.07693483325865831
39	0.2004769386898946
40	0.9524680951766599
41	0.9071954723294419
42	0.9371316004437406
43	0.19094788792080922
44	0.12520412762878458
45	0.16499324727370096
46	0.19094788792080922
47	0.4095038717012343
48	0.9524680951766599
49	0.9680555771461302
50	0.7346031188276507
51	0.5758441417787838
52	0.9680555771461302
53	0.9838981538483328
54	0.04502749889045439
55	0.01843893512866384
56	0.00037477516042497565
57	0.0013732801563434583
58	0.004871332588256416
59	0.0876035794134446
60	0.8230036250150508
61	0.02858129504156406
62	0.1972488898661499
63	1.0
64	1.0
65	1.0
66	0.8925879504045041
67	0.021339514049848227
68	0.009950419076984445
69	0.10472979393477024
70	1.0
71	0.3964225068633132
72	0.2819105719970956
73	0.4895605451959228
74	0.5574491330158865
75	0.003042299783147364
76	0.010791719379643227
77	0.9838981538483328
78	0.9524680951766599
79	1.0
80	0.9680555771461302
81	0.9371316004437406
82	0.6245313223904277
83	0.06030803830703665
84	0.3425386759286075
85	0.07447719441285176
86	0.30574589468138835
87	0.2819105719970956
88	0.8640747434825137
89	0.059336967552506205
90	0.05651656845829486
91	0.15462038588001323
92	1.0
93	1.0
94	0.007927630713798602
95	0.00463978887130851
96	0.9838981538483328
97	0.06867110513305712
98	0.002945115272426268
99	0.000683306274553576
100	0.0008859578853748478
101	0.0083232506725889
102	0.020657835589543774
103	0.9680555771461302
104	0.9524680951766599
105	0.6347520014624478
106	0.194072818587938
107	0.22098538275893512
108	0.2004769386898946
109	0.1972488898661499
110	0.30574589468138835
111	0.9838981538483328
112	0.0067397667750349905
113	0.0005715668219861406
114	0.0005809207180139251
115	0.008597905811488844
116	0.0059189685685374725
117	0.006419412822152426
118	0.04430247303072529
119	0.2004769386898946
120	1.0
121	1.0
122	1.0
123	1.0
124	0.2004769386898946
125	0.04502749889045439
126	0.0059189685685374725
127	0.006850065475449624
128	0.0014185963995909695
129	0.0005623635409531145
130	0.0015385376373511798
131	0.00902697513442092
132	0.6451399456130125
133	0.5057153295259778
134	0.8640747434825137
135	0.8640747434825137
136	0.7227746524257325
137	0.699686033300596
138	0.34814444420780405
139	0.4895605451959228
140	0.5758441417787838
141	0.6556978921951199
142	0.699686033300596
143	0.699686033300596
144	0.5574491330158865
145	0.5057153295259778
146	0.2070923854195534
147	0.23201342268367614
148	0.29597901853585135
149	0.7346031188276507
150	0.513991542262758
151	0.4895605451959228
152	0.677334966787895
153	0.5224031981891458
154	0.3900393726467363
155	0.40291010336058325
156	0.4587826572335652
157	0.5574491330158865
158	0.6347520014624478
159	0.6664286233595317
160	0.3837590186752804
161	0.44412711003287414
162	0.40291010336058325
163	0.34814444420780405
164	0.5309525138815143
165	0.7111366461700486
166	0.5852680376789872
167	0.19094788792080922
168	0.14489964968096553
169	0.4162055494255606
170	0.3107495359001591
171	0.7346031188276507
172	0.6556978921951199
173	0.7346031188276507
174	0.7838846950415602
175	0.7111366461700486
176	0.21742711012398036
177	0.12725313808047323
178	0.12933568132306184
179	0.3655182215245085
180	0.9524680951766599
181	0.9371316004437406
182	0.7346031188276507
183	0.7346031188276507
184	0.7588439508744759
185	0.8925879504045041
186	0.22460188780169515
187	0.098145599404233
188	0.06030803830703665
189	0.01469054391828043
190	0.008057369233585078
191	0.9220420515895298
192	0.6664286233595317
193	0.0904943698291631
194	0.05560654736795844
195	0.05744148237014341
196	0.04430247303072529
197	0.013766972933527003
198	0.8640747434825137
199	0.6245313223904277
200	0.9371316004437406
