1	1.0
2	0.823003625015039
3	0.7967132492073022
4	0.7967132492073022
5	0.8501615448994048
6	0.7967132492073022
7	0.7967132492073022
8	0.7838846950415491
9	0.8640747434825014
10	0.9071954723294419
11	0.6884197964379098
12	0.614475215120391
13	0.6045810297425014
14	0.6045810297425014
15	0.5758441417787837
16	0.6245313223904188
17	0.7227746524257326
18	0.013545299253376991
19	0.0038185630603913942
20	0.00719191068985781
21	0.004792895140366572
22	0.007550815325235631
23	0.04219669209919027
24	0.9524680951766598
25	0.8925879504044915
26	0.8782156365502339
27	0.9371316004437272
28	0.4895605451959158
29	0.22098538275893512
30	0.12933568132305998
31	0.29597901853585135
32	0.9524680951766598
33	0.4975723790934108
34	0.48167771661524483
35	0.12725313808047323
36	0.1972488898661499
37	0.17043778391330164
38	0.14968112689163354
39	0.0003399943286790733
40	0.00033451979230624354
41	0.002163490864431252
42	0.0013294115143323943
43	0.03254473486014822
44	0.9371316004437272
45	0.9220420515895167
46	1.0
47	1.0
48	1.0
49	1.0
50	0.9371316004437272
51	0.9371316004437272
52	0.9838981538483189
53	0.022404439747548986
54	0.0003399943286790733
55	0.002671795240633401
56	0.0005101736581558181
57	0.000493876455090783
58	0.004009124378788865
59	0.2282775782464954
60	0.2435918051833956
61	0.07093715149650968
62	0.10304345090533383
63	1.0
64	1.0
65	0.9838981538483189
66	0.10472979393476876
67	0.1425664978143681
68	0.31074953590015464
69	0.4662907999563944
70	0.14489964968096344
71	0.10818572446379239
72	0.10995622264422822
73	0.2819105719970956
74	0.9838981538483189
75	0.002945115272426268
76	0.0007655338325415709
77	0.017849913987938726
78	0.010791719379643074
79	0.00020891808825478653
80	0.0014418122384338217
81	0.0022348829091086756
82	0.0009151932040789203
83	0.004074735137074952
84	0.003299523896879449
85	0.0003186194293768151
86	0.0016686198147892052
87	0.0019311058764015325
88	0.0007655338325415709
89	0.03472803056127704
90	1.0
91	0.14489964968096344
92	0.5396417421912962
93	0.4587826572335587
94	0.4029101033605775
95	1.0
96	1.0
97	0.4029101033605775
98	0.37150005830873106
99	0.7967132492073022
100	0.3964225068633132
101	0.6451399456130033
102	0.9371316004437272
103	0.9524680951766598
104	0.9680555771461301
105	0.9680555771461301
106	0.513991542262758
107	0.35384195289533515
108	0.8364723744993473
109	0.39003937264673083
110	0.5574491330158785
111	0.9680555771461301
112	0.9680555771461301
113	0.0622981156565685
114	0.03954385360034535
115	0.5758441417787837
116	0.03361866366814549
117	0.00045537485988366333
118	0.0010421053394971728
119	0.000803736982286617
120	0.0009004569039077773
121	0.0018097003405784802
122	1.0
123	0.003696581267296084
124	0.001167509979296634
125	0.0023464123579847473
126	0.001465408012805456
127	0.000493876455090783
128	0.010617952774480096
129	1.0
130	1.0
131	0.021688742850449232
132	0.011704150977755607
133	0.0058236622472702445
134	0.3262571601860513
135	0.17322705937262783
136	0.10818572446379239
137	0.11358461770178932
138	0.9371316004437272
139	0.03472803056127704
140	0.004074735137074952
141	0.0029933131400917893
142	0.004074735137074952
143	0.009950419076984445
144	0.008057369233584962
145	1.0
146	1.0
147	0.9524680951766598
148	0.9838981538483189
149	0.5484731728386688
150	0.08480513362914895
151	0.07569604040982107
152	0.513991542262758
153	0.5484731728386688
154	0.37150005830873106
155	0.4587826572335587
156	0.03416884515602799
157	0.0472745482168648
158	0.3837590186752804
159	0.22098538275893512
160	0.2396695274125257
161	0.48167771661524483
162	0.19407281858793526
163	0.029524436113288616
164	0.021688742850449232
165	0.005918968568537472
166	0.011147830387442766
167	0.04883453939311235
168	0.8364723744993473
169	0.9838981538483189
170	0.9838981538483189
171	1.0
172	0.823003625015039
173	0.2396695274125257
174	0.2037578156903402
175	0.17043778391330164
176	0.03416884515602799
177	0.03202070454638286
178	0.0358740049446916
179	0.7838846950415491
180	0.8501615448994048
181	0.5224031981891384
182	0.2557479945175683
183	0.2282775782464954
184	0.3262571601860513
185	0.5396417421912962
186	0.5484731728386688
187	0.513991542262758
188	0.4029101033605775
189	0.028121083425988992
190	0.2516299796562454
191	0.331596475620944
192	0.176061982325188
193	0.02510054021835723
194	0.010278768401209682
195	0.03828064801966439
196	0.3775797899972509
197	0.39003937264673083
198	0.4095038717012285
199	0.7111366461700487
200	1.0
