1	1.0
2	1.0
3	1.0
4	1.0
5	0.9838981538483259
6	0.8501615448994048
7	0.21048152657828498
8	0.14727098441461317
9	0.3715000583087311
10	0.05383022830539263
11	0.6347520014624477
12	0.6451399456130078
13	0.7227746524257376
14	0.7346031188276455
15	0.9838981538483259
16	0.9371316004437338
17	0.8925879504044913
18	0.7111366461700436
19	0.6996860333005911
20	0.809751747262771
21	0.24757827243667163
22	0.03766425891466536
23	0.10304345090533458
24	0.08077418408895759
25	0.02952443611328882
26	0.19407281858793526
27	1.0
28	1.0
29	1.0
30	0.968055577146137
31	0.8782156365502403
32	0.8925879504044913
33	0.17322705937262783
34	0.11175569566235839
35	0.12120455403276079
36	0.21048152657828498
37	0.2819105719970956
38	0.40950387170123137
39	0.8501615448994048
40	0.7346031188276455
41	0.6996860333005911
42	0.9071954723294418
43	0.5309525138815143
44	0.5224031981891458
45	0.3837590186752804
46	0.3715000583087311
47	0.9220420515895166
48	0.33702317086780686
49	0.30082282132371846
50	0.2819105719970956
51	0.2819105719970956
52	0.28652413961186873
53	0.3775797899972509
54	0.823003625015039
55	0.9220420515895166
56	0.809751747262771
57	0.8364723744993591
58	0.2819105719970956
59	0.27737129133826594
60	0.1972488898661485
61	0.17322705937262783
62	0.16769342093829737
63	0.12933568132305998
64	0.6451399456130078
65	0.08077418408895759
66	0.3425386759286075
67	0.9371316004437338
68	0.4029101033605804
69	0.40950387170123137
70	0.8501615448994048
71	0.8364723744993591
72	0.8501615448994048
73	0.809751747262771
74	0.8364723744993591
75	0.09348055211452064
76	0.038907124553428256
77	0.027222771645920248
78	0.03766425891466536
79	0.07327797408660716
80	0.15213071221465752
81	0.9838981538483259
82	0.9838981538483259
83	0.9838981538483259
84	0.9838981538483259
85	0.9838981538483259
86	0.9838981538483259
87	1.0
88	0.15213071221465752
89	0.06331764666180292
90	0.03150511208810879
91	0.0020943793974173906
92	0.0018097003405784802
93	0.07947357060372963
94	0.9524680951766531
95	0.9371316004437338
96	0.823003625015039
97	0.7466251623243612
98	0.9071954723294418
99	0.04430247303072529
100	0.00932485215470036
101	0.00652446881523681
102	0.3315964756209417
103	0.6773349667878948
104	0.06647744631284418
105	0.03416884515602847
106	0.04288725609875994
107	0.13801229332339157
108	1.0
109	0.968055577146137
110	1.0
111	1.0
112	1.0
113	1.0
114	0.968055577146137
115	0.7227746524257376
116	0.07693483325865776
117	0.04727454821686514
118	0.09049436982916119
119	0.3596327033558822
120	0.005457537922228116
121	0.011515692539375738
122	0.019997932954225667
123	0.02858129504156386
124	0.968055577146137
125	0.688419796437905
126	0.6996860333005911
127	0.9524680951766531
128	0.9371316004437338
129	0.968055577146137
130	0.9838981538483259
131	0.968055577146137
132	0.9838981538483259
133	0.15213071221465752
134	0.1649932472736998
135	0.31074953590015464
136	0.968055577146137
137	0.9524680951766531
138	0.9838981538483259
139	1.0
140	1.0
141	1.0
142	0.9838981538483259
143	1.0
144	1.0
145	0.9838981538483259
146	0.27290510147824604
147	0.12933568132305998
148	0.2004769386898932
149	1.0
150	0.7466251623243612
151	0.7346031188276455
152	0.7466251623243612
153	0.7346031188276455
154	0.7227746524257376
155	0.7346031188276455
156	0.9220420515895166
157	0.968055577146137
158	0.9838981538483259
159	0.8501615448994048
160	0.809751747262771
161	0.7967132492072966
162	0.823003625015039
163	0.9071954723294418
164	0.9220420515895166
165	0.3775797899972509
166	0.3481444442078041
167	0.0997517873372933
168	0.25574799451756824
169	0.6245313223904277
170	0.6245313223904277
171	0.9071954723294418
172	0.9838981538483259
173	0.2641873055176467
174	0.2641873055176467
175	0.17894329980857865
176	0.08077418408895759
177	0.07209806342155775
178	0.07569604040982161
179	0.17322705937262783
180	0.8640747434825075
181	0.8640747434825075
182	0.8640747434825075
183	0.8640747434825075
184	0.8640747434825075
185	0.8925879504044913
186	0.8925879504044913
187	0.002163490864431252
188	8.982218558500614e-05
189	0.004715720680195316
190	0.0020943793974173906
191	0.01756249741908432
192	0.25574799451756824
193	0.029049038185277508
194	0.7838846950415547
195	1.0
196	0.9838981538483259
197	1.0
198	1.0
199	1.0
200	1.0
