1	0.7346031188276507
2	0.6556978921951199
3	0.699686033300596
4	0.7588439508744758
5	0.9524680951766462
6	0.9524680951766462
7	0.9371316004437404
8	0.8782156365502464
9	0.5948461590153628
10	0.14489964968096344
11	0.02812108342598859
12	0.1013842611119193
13	0.04151724745489924
14	0.0031426912410506386
15	0.0034084033755650083
16	0.0037570771454724797
17	0.7111366461700487
18	0.7346031188276507
19	0.6347520014624478
20	0.272905101478248
21	0.002384812237737442
22	0.001994829555235368
23	0.001994829555235368
24	0.007799981223697674
25	0.14027091400017716
26	0.48956054519592274
27	0.9680555771461301
28	0.9680555771461301
29	0.9680555771461301
30	0.48956054519592274
31	0.5057153295259778
32	0.6884197964379098
33	0.2209853827589351
34	0.17606198232518802
35	0.014930959938100641
36	0.01874069491496012
37	0.983898153848333
38	0.983898153848333
39	0.983898153848333
40	0.983898153848333
41	0.00902697513442092
42	0.011330268629776648
43	0.017562497419084198
44	0.053830228305392636
45	0.06540703669975813
46	0.05127157501696203
47	0.0013732801563434583
48	0.000393477915242362
49	0.00049387645509079
50	0.012693727967806585
51	0.4587826572335587
52	0.43697584363533404
53	0.19094788792080922
54	0.34253867592861237
55	0.9071954723294419
56	0.9220420515895166
57	0.8640747434825137
58	1.0
59	1.0
60	1.0
61	1.0
62	1.0
63	0.9071954723294419
64	0.07447719441285176
65	0.0058236622472702445
66	0.08209608258032164
67	0.0037570771454724797
68	0.00707610765039319
69	0.2685108255202325
70	0.35963270335587966
71	0.3107495359001547
72	0.6664286233595222
73	0.05044600800408454
74	0.13579004060925862
75	0.03954385360034535
76	0.9071954723294419
77	0.699686033300596
78	0.983898153848333
79	1.0
80	0.9680555771461301
81	1.0
82	1.0
83	0.2358104055548831
84	0.005457537922228155
85	0.22827757824649864
86	0.5758441417787838
87	0.0028051283336035368
88	0.009632558682416179
89	0.05211065273008481
90	0.9680555771461301
91	0.20709238541955047
92	0.20375781569034312
93	0.03254473486014822
94	0.007927630713798602
95	0.008597905811488844
96	0.004209195456615671
97	0.00047040156643291924
98	0.004491573493650816
99	0.0015637163575655678
100	0.15715080394779138
101	0.16233655139003356
102	0.1789432998085799
103	0.9524680951766462
104	0.7227746524257325
105	0.9524680951766462
106	0.983898153848333
107	0.8640747434825137
108	0.983898153848333
109	0.8230036250150391
110	0.3715000583087311
111	0.030498699465507893
112	0.07819389939674361
113	0.12725313808047323
114	0.2396695274125223
115	0.8925879504044915
116	0.8640747434825137
117	0.3370231708678045
118	0.3210038175868511
119	0.2396695274125223
120	0.5574491330158785
121	0.699686033300596
122	0.3775797899972509
123	0.3057458946813884
124	0.5224031981891458
125	0.6245313223904277
126	0.7111366461700487
127	0.7111366461700487
128	0.43697584363533404
129	0.4441271100328678
130	0.43697584363533404
131	0.5948461590153628
132	0.7838846950415602
133	0.746625162324361
134	0.34814444420780405
135	0.2685108255202325
136	0.2396695274125223
137	0.677334966787895
138	0.746625162324361
139	0.2358104055548831
140	0.4095038717012343
141	0.4299397258291108
142	0.35384195289533515
143	0.4587826572335587
144	0.699686033300596
145	0.746625162324361
146	0.677334966787895
147	0.4441271100328678
148	0.3008228213237163
149	0.14027091400017716
150	0.2320134226836728
151	0.7111366461700487
152	0.9371316004437404
153	0.2599334021689762
154	0.18484816784601615
155	0.1676934209382962
156	0.03472803056127704
157	0.010791719379643227
158	0.8364723744993592
159	0.07209806342155774
160	0.009790198959862089
161	0.030997821620274816
162	0.1252041276287828
163	0.027668282067045125
164	0.01874069491496012
165	0.01784991398793898
166	0.06540703669975813
167	0.9371316004437404
168	0.9071954723294419
169	0.9071954723294419
170	0.9071954723294419
171	0.06979493239667438
172	0.0876035794134446
173	0.006214348384488035
174	0.018438935128663837
175	0.006316048424505999
176	0.009950419076984587
177	0.1081857244637924
178	0.17322705937262783
179	0.9371316004437404
180	0.0547111792972134
181	0.164993247273701
182	0.10472979393476875
183	0.08619300005539395
184	0.06979493239667438
185	0.48956054519592274
186	0.3057458946813884
187	0.34814444420780405
188	0.3008228213237163
189	0.45139540946972445
190	0.8925879504044915
191	0.983898153848333
192	0.983898153848333
193	0.9371316004437404
194	0.8640747434825137
195	0.8925879504044915
196	0.9220420515895166
197	0.9371316004437404
198	0.9371316004437404
199	1.0
200	1.0
