1	0.6045810297425014
2	0.5309525138815068
3	0.809751747262771
4	0.8640747434825136
5	0.2037578156903431
6	0.001025325519646744
7	0.0013511678105428593
8	0.0010088158858740138
9	0.0025447997235481246
10	1.0
11	1.0
12	1.0
13	1.0
14	1.0
15	1.0
16	0.0026287744047199277
17	0.0010591597671173467
18	0.0013511678105428593
19	0.0010764932965619024
20	0.06540703669975811
21	0.9838981538483189
22	0.34253867592860743
23	0.6245313223904277
24	0.9524680951766463
25	0.9524680951766463
26	0.9838981538483189
27	0.5852680376789872
28	0.1972488898661499
29	0.0005715668219861325
30	7.636336806318988e-05
31	8.281983227505338e-05
32	0.0011302145468318856
33	0.010791719379643227
34	0.08343961441457963
35	1.0
36	0.9838981538483189
37	0.9838981538483189
38	0.11544347070631857
39	0.09348055211451999
40	1.0
41	0.05211065273008481
42	0.03202070454638331
43	0.0290490381852773
44	0.9524680951766463
45	0.9838981538483189
46	0.9838981538483189
47	0.9838981538483189
48	0.9680555771461302
49	0.9524680951766463
50	0.9524680951766463
51	0.9524680951766463
52	1.0
53	0.01784991398793898
54	0.006015834611932771
55	0.011147830387442766
56	0.010968329737619126
57	0.001695927376489869
58	0.0006198923584893025
59	0.015423659850313085
60	0.9838981538483189
61	1.0
62	1.0
63	1.0
64	1.0
65	0.2865241396118647
66	0.15715080394779135
67	0.11925293695084216
68	0.1597226332147545
69	0.9220420515895167
70	0.8925879504044915
71	0.9680555771461302
72	0.11358461770179093
73	0.057441482370143404
74	0.059336967552506205
75	0.09197534264619908
76	0.8230036250150391
77	0.6556978921951198
78	0.176061982325188
79	0.02352250942683125
80	0.0013732801563434386
81	0.004278080449843506
82	0.001962709116638142
83	0.11544347070631857
84	0.11733274450692356
85	0.11733274450692356
86	0.8640747434825136
87	0.8640747434825136
88	0.21742711012398036
89	0.8782156365502339
90	0.9838981538483189
91	1.0
92	0.8925879504044915
93	0.007799981223697674
94	0.003353521788788837
95	0.0029451152724262676
96	0.017001473575159215
97	0.029524436113288616
98	0.7111366461700386
99	0.2959790185358471
100	0.6451399456130033
101	0.0612950009827268
102	0.3775797899972509
103	0.0807741840889576
104	0.029524436113288616
105	0.9680555771461302
106	0.05127157501696203
107	0.02551131956105572
108	1.0
109	1.0
110	0.004491573493650815
111	0.0002302900473239127
112	0.0004131140110991133
113	1.0
114	0.809751747262771
115	1.0
116	1.0
117	1.0
118	1.0
119	0.809751747262771
120	0.9838981538483189
121	0.003353521788788837
122	0.00381856306039134
123	0.010113261253784643
124	1.0
125	0.9838981538483189
126	0.03202070454638331
127	0.000960864945202363
128	0.9371316004437406
129	0.04430247303072529
130	0.272905101478248
131	0.513991542262758
132	0.02429871794776146
133	0.03828064801966493
134	0.6773349667878948
135	0.5396417421912961
136	0.9680555771461302
137	0.9071954723294419
138	0.03954385360034535
139	0.007309608887594823
140	0.009790198959862089
141	0.0876035794134446
142	0.04084874312373918
143	0.9524680951766463
144	0.3370231708678045
145	1.0
146	1.0
147	0.07327797408660718
148	0.021339514049848223
149	0.057441482370143404
150	0.0021286546673816124
151	0.01619336115132798
152	0.019047393108381876
153	0.052963462250909324
154	0.25574799451756824
155	0.7346031188276403
156	0.9071954723294419
157	0.9524680951766463
158	0.9838981538483189
159	0.9524680951766463
160	0.9220420515895167
161	0.9838981538483189
162	0.18484816784601354
163	0.0037570771454724793
164	0.003142691241050594
165	0.06030803830703579
166	0.809751747262771
167	0.8925879504044915
168	0.176061982325188
169	0.176061982325188
170	0.21048152657828498
171	0.1676934209382962
172	0.809751747262771
173	0.8364723744993592
174	0.8364723744993592
175	0.028121083425988593
176	0.007550815325235631
177	0.008189230970776996
178	0.010446984132459602
179	0.008459463654885606
180	0.005283200023099468
181	0.020657835589543774
182	0.03254473486014822
183	0.010113261253784643
184	0.014930959938100643
185	0.9524680951766463
186	0.08619300005539272
187	0.10644373457266824
188	1.0
189	0.9680555771461302
190	0.9680555771461302
191	0.9838981538483189
192	0.08343961441457963
193	0.014690543918280221
194	0.0011675099792966507
195	6.284732873436203e-05
196	2.5736224442801488e-05
197	0.0005809207180139251
198	0.1972488898661499
199	0.5396417421912961
200	0.9524680951766463
