1	0.9838981538483329
2	0.9838981538483329
3	0.5852680376789872
4	0.5057153295259778
5	0.5057153295259778
6	0.46629079995640094
7	0.8925879504044916
8	0.6347520014624478
9	0.40950387170123426
10	0.40950387170123426
11	0.699686033300596
12	0.746625162324361
13	0.8364723744993591
14	0.4587826572335587
15	0.4587826572335587
16	0.5224031981891458
17	0.4975723790934038
18	0.5057153295259778
19	0.061295000982726805
20	0.03361866366814549
21	0.09049436982916181
22	0.10818572446379239
23	0.32625716018605594
24	0.32625716018605594
25	0.33159647562093936
26	0.33159647562093936
27	0.2516299796562454
28	0.05383022830539263
29	0.02204368690561934
30	0.026784434765055674
31	0.5484731728386767
32	0.60458102974251
33	0.6556978921951199
34	0.7111366461700487
35	0.9371316004437406
36	0.9220420515895166
37	0.8230036250150391
38	0.9220420515895166
39	0.2037578156903431
40	0.23966952741252573
41	0.2282775782464986
42	0.5574491330158785
43	0.45139540946972445
44	0.60458102974251
45	0.8501615448994049
46	0.8501615448994049
47	0.048048213152916935
48	0.043589121425845555
49	0.06540703669975813
50	0.1013842611119193
51	0.07327797408660716
52	0.022404439747549302
53	0.7227746524257428
54	0.5224031981891458
55	0.33159647562093936
56	0.2282775782464986
57	0.2282775782464986
58	0.32625716018605594
59	0.6245313223904277
60	0.7838846950415603
61	0.746625162324361
62	0.7588439508744758
63	1.0
64	0.968055577146144
65	0.968055577146144
66	0.7838846950415603
67	0.7838846950415603
68	0.35384195289533515
69	0.020995908477665932
70	0.08619300005539396
71	0.1472709844146142
72	0.19407281858793526
73	0.9071954723294546
74	0.9071954723294546
75	0.9220420515895166
76	0.9371316004437406
77	0.9838981538483329
78	0.968055577146144
79	0.9524680951766463
80	0.3715000583087311
81	0.3008228213237163
82	0.049633734144236295
83	0.06331764666180337
84	0.04576439005840027
85	0.03361866366814549
86	0.043589121425845555
87	0.06030803830703579
88	0.06540703669975813
89	0.8230036250150391
90	0.19724888986614994
91	0.19407281858793526
92	0.19407281858793526
93	0.2139261322475594
94	0.28652413961186873
95	0.17043778391330408
96	0.6451399456130125
97	0.6884197964379098
98	0.699686033300596
99	0.16499324727370096
100	0.2516299796562454
101	0.2557479945175719
102	0.11544347070631858
103	0.03472803056127704
104	0.015175310452307484
105	0.01700147357515921
106	0.03529636723622802
107	0.566571988000515
108	0.7712627042813436
109	0.8364723744993591
110	0.8782156365502464
111	0.9071954723294546
112	0.8925879504044916
113	0.6664286233595221
114	0.513991542262758
115	0.5948461590153628
116	0.7111366461700487
117	0.7346031188276507
118	0.2139261322475594
119	0.15972263321475677
120	0.3775797899972509
121	0.9371316004437406
122	0.8501615448994049
123	0.8925879504044916
124	0.8097517472627824
125	0.8640747434825136
126	0.16233655139003356
127	0.3158350635019698
128	0.2819105719970956
129	0.19724888986614994
130	0.10995622264422979
131	0.2912132099152615
132	0.2819105719970956
133	0.27737129133826594
134	0.31074953590015464
135	0.44412711003286787
136	0.9524680951766463
137	1.0
138	0.9071954723294546
139	0.746625162324361
140	0.7346031188276507
141	0.9220420515895166
142	0.9371316004437406
143	0.7346031188276507
144	0.746625162324361
145	0.7712627042813436
146	0.9071954723294546
147	0.5852680376789872
148	0.5057153295259778
149	0.8364723744993591
150	0.7346031188276507
151	0.2139261322475594
152	0.07569604040982215
153	0.04576439005840027
154	0.04084874312373918
155	0.03361866366814549
156	0.028121083425988996
157	0.35384195289533515
158	0.968055577146144
159	0.20047693868989175
160	0.15972263321475677
161	0.10818572446379239
162	0.01874069491496012
163	0.013545299253376991
164	0.05383022830539263
165	0.08343961441457964
166	0.09656527406216149
167	0.3158350635019698
168	0.8097517472627824
169	0.8782156365502464
170	0.968055577146144
171	0.968055577146144
172	0.3655182215245085
173	0.4895605451959228
174	0.27737129133826594
175	0.2037578156903431
176	0.19724888986614994
177	0.20047693868989175
178	0.14027091400017716
179	0.004278080449843506
180	0.0050320794624388356
181	0.014690543918280221
182	0.6664286233595221
183	0.4895605451959228
184	0.44412711003286787
185	0.33159647562093936
186	0.35384195289533515
187	0.566571988000515
188	0.05296346225091008
189	0.003042299783147364
190	0.004565079704726418
191	0.47392181612761314
192	0.9371316004437406
193	0.8782156365502464
194	0.9838981538483329
195	0.9220420515895166
196	0.9371316004437406
197	1.0
198	0.9371316004437406
199	0.9524680951766463
200	1.0
