1	0.6996860333005861
2	0.6245313223904276
3	0.809751747262771
4	0.8501615448993928
5	0.41620554942555466
6	0.09049436982916054
7	0.10138426111191784
8	0.062298115656567614
9	0.05651656845829405
10	0.02314375359893894
11	0.019997932954225382
12	0.019675929314445093
13	0.07209806342155671
14	0.6556978921951011
15	0.7227746524257325
16	0.7346031188276297
17	0.3837590186752749
18	0.13360357026643588
19	0.40950387170122265
20	0.6664286233595221
21	0.4230169025093144
22	0.31583506350196533
23	0.5396417421912962
24	0.5139915422627507
25	0.5139915422627507
26	0.548473172838661
27	0.10304345090533236
28	0.09049436982916054
29	0.3481444442077991
30	0.3837590186752749
31	0.4441271100328678
32	0.6451399456130031
33	0.6884197964379
34	0.809751747262771
35	0.9838981538483049
36	1.0
37	0.8782156365502214
38	0.4895605451959158
39	0.8782156365502214
40	0.21048152657828498
41	0.025928821455018475
42	0.04963373414423558
43	0.016458371314135432
44	0.0744771944128507
45	0.16499324727369863
46	0.4975723790934037
47	0.9524680951766463
48	0.9680555771461301
49	0.9680555771461301
50	0.9680555771461301
51	0.7227746524257325
52	0.6996860333005861
53	0.1099562226442282
54	0.06979493239667438
55	0.014930959938100428
56	0.03954385360034534
57	0.05838153282986845
58	0.9371316004437271
59	0.8501615448993928
60	0.06979493239667438
61	0.08077418408895644
62	0.22460188780169194
63	0.5948461590153625
64	0.6347520014624386
65	0.6045810297425013
66	0.8640747434825014
67	0.9071954723294289
68	0.9524680951766463
69	0.9680555771461301
70	0.9524680951766463
71	0.8640747434825014
72	0.4587826572335521
73	0.5948461590153625
74	0.6144752151203824
75	0.9071954723294289
76	0.9220420515895035
77	0.6773349667878948
78	0.010113261253784499
79	0.0048713325882563455
80	0.010446984132459453
81	0.021688742850449225
82	0.11175569566235759
83	0.1380122933233886
84	0.08209608258032047
85	0.8640747434825014
86	0.8640747434825014
87	0.8501615448993928
88	0.8925879504044915
89	0.05744148237014177
90	0.06647744631284323
91	0.39003937264673083
92	0.758843950874465
93	0.27290510147824404
94	0.24359180518339563
95	0.2516299796562454
96	0.5758441417787755
97	0.9071954723294289
98	0.8782156365502214
99	0.8640747434825014
100	0.40950387170122265
101	0.17894329980857737
102	0.17894329980857737
103	0.4230169025093144
104	0.13579004060925667
105	0.12318811002814868
106	0.09975178733729187
107	0.044302473030725285
108	0.005637628717885246
109	0.004209195456615552
110	0.0027155201279554955
111	0.024298717947761454
112	0.1099562226442282
113	0.0023086307871880737
114	0.003944570074838652
115	0.0794735706037285
116	0.12120455403275907
117	0.9524680951766463
118	0.9524680951766463
119	0.11733274450692356
120	0.034728030561276546
121	0.005457537922228077
122	0.007799981223697563
123	0.030007614098887497
124	0.9071954723294289
125	0.746625162324361
126	0.6773349667878948
127	0.6451399456130031
128	0.6451399456130031
129	0.6773349667878948
130	0.8501615448993928
131	0.8364723744993591
132	0.7967132492072908
133	0.8925879504044915
134	0.8501615448993928
135	0.783884695041549
136	0.758843950874465
137	0.5665719880005069
138	0.29121320991525734
139	0.2320134226836695
140	0.6347520014624386
141	0.809751747262771
142	0.809751747262771
143	0.8364723744993591
144	0.45139540946972445
145	0.13360357026643588
146	0.11733274450692356
147	0.14256649781436606
148	0.015932618141390686
149	0.015932618141390686
150	0.15213071221465752
151	0.6884197964379
152	0.5948461590153625
153	0.4441271100328678
154	0.5139915422627507
155	0.6245313223904276
156	0.6664286233595221
157	0.9220420515895035
158	0.8925879504044915
159	0.5758441417787755
160	0.5574491330158785
161	0.5758441417787755
162	0.39003937264673083
163	0.3837590186752749
164	0.7967132492072908
165	0.17894329980857737
166	0.18484816784601352
167	0.6245313223904276
168	0.783884695041549
169	0.5852680376789787
170	0.39642250686330754
171	0.46629079995639433
172	0.5852680376789787
173	0.5139915422627507
174	0.39003937264673083
175	0.5309525138815068
176	0.24757827243666986
177	0.2959790185358471
178	0.40291010336057753
179	0.45139540946972445
180	0.4587826572335521
181	0.548473172838661
182	0.758843950874465
183	0.48167771661523795
184	0.6451399456130031
185	0.6347520014624386
186	0.6556978921951011
187	0.6347520014624386
188	0.5852680376789787
189	0.5574491330158785
190	0.2641873055176448
191	0.15715080394779135
192	0.2599334021689725
193	0.7967132492072908
194	0.783884695041549
195	0.8501615448993928
196	0.8782156365502214
197	0.9220420515895035
198	0.8925879504044915
199	0.8925879504044915
200	0.9071954723294289
