1	0.23581040555488308
2	0.025511319561055356
3	0.0104469841324596
4	0.005114431247540076
5	0.0036965812672960837
6	0.003042299783147321
7	0.0008302591310470713
8	0.00011274092112108797
9	0.000803736982286617
10	3.02721578001356e-05
11	0.0011487109132294635
12	0.004141419638950832
13	0.0010421053394971728
14	3.5607535981549386e-05
15	0.001206036106664975
16	0.006962169253653824
17	1.0
18	1.0
19	0.21048152657828198
20	0.19407281858793526
21	0.5852680376789872
22	0.9371316004437271
23	0.9071954723294418
24	0.9838981538483189
25	0.9838981538483189
26	1.0
27	1.0
28	1.0
29	0.8501615448993928
30	0.9524680951766598
31	0.9371316004437271
32	0.699686033300596
33	0.6884197964379097
34	0.6884197964379097
35	0.5396417421912961
36	0.46629079995640094
37	0.9838981538483189
38	0.9838981538483189
39	0.007674387126047693
40	0.0013080055346563406
41	3.4470073795370876e-05
42	0.0010421053394971728
43	0.004141419638950832
44	0.0011487109132294635
45	2.9784720172557977e-05
46	0.000803736982286617
47	0.00011274092112108797
48	0.0008302591310470713
49	0.003042299783147321
50	0.0036965812672960837
51	0.0051981307491388885
52	0.011147830387442607
53	0.027222771645920633
54	0.23581040555488308
55	1.0
56	1.0
57	0.20709238541955338
58	0.11925293695084216
59	0.12520412762878458
60	0.9838981538483189
61	0.9838981538483189
62	0.9838981538483189
63	0.9838981538483189
64	0.13360357026643588
65	0.11733274450692356
66	0.20375781569034018
67	1.0
68	1.0
69	1.0
70	1.0
71	0.9838981538483189
72	0.027668282067044733
73	0.004419250868277081
74	0.001538537637351158
75	0.9838981538483189
76	0.9838981538483189
77	0.003092088110184961
78	0.0031941225103010833
79	0.01493095993810043
80	0.02204368690561934
81	0.35963270335587966
82	0.17322705937263028
83	0.0370577948122046
84	0.024696375181437153
85	0.013112602486345095
86	0.012901465378461631
87	0.01469054391828022
88	0.016458371314135432
89	0.0017805608241138406
90	0.021688742850449538
91	0.08619300005539272
92	0.9524680951766598
93	0.9838981538483189
94	0.9838981538483189
95	0.005546852487609637
96	0.0036965812672960837
97	0.014453999040223764
98	0.013545299253376991
99	0.009026975134420792
100	0.006850065475449525
101	0.5758441417787837
102	0.9680555771461301
103	0.9838981538483189
104	0.3775797899972455
105	0.03254473486014868
106	0.02858129504156406
107	0.08480513362914895
108	0.0063160484245059975
109	0.00335352178878879
110	0.02352250942683158
111	0.019047393108381872
112	0.02635315591720863
113	0.06435386265758217
114	0.9838981538483189
115	0.9680555771461301
116	0.8782156365502464
117	0.9838981538483189
118	1.0
119	1.0
120	1.0
121	0.8640747434825137
122	0.9838981538483189
123	0.9680555771461301
124	0.04963373414423558
125	0.0011120160060804065
126	0.005114431247540076
127	0.025511319561055356
128	0.02812108342598899
129	0.054711179297213405
130	0.9838981538483189
131	0.9524680951766598
132	0.9680555771461301
133	0.0675653735631387
134	0.009324852154700226
135	0.0006833062745535661
136	0.00026222494537734203
137	0.00022658195241163974
138	0.00023788928317815987
139	0.0007058543855178155
140	4.8471800716522645e-05
141	0.00036280318422522815
142	0.0022714575694317693
143	1.0
144	0.6884197964379097
145	0.6773349667878852
146	0.9524680951766598
147	1.0
148	1.0
149	1.0
150	0.7111366461700386
151	0.6773349667878852
152	0.9220420515895297
153	0.0019000115066771346
154	0.0003999173224417049
155	9.430466599340139e-05
156	0.00049387645509079
157	2.1181006010625973e-05
158	1.3228201693376023e-05
159	9.584799567368608e-05
160	0.0010088158858740138
161	0.01700147357515921
162	0.08619300005539272
163	1.0
164	1.0
165	1.0
166	0.9838981538483189
167	0.9524680951766598
168	0.9220420515895297
169	0.9680555771461301
170	0.09656527406216286
171	0.09348055211451999
172	0.12318811002814868
173	0.08209608258032047
174	0.017562497419084194
175	0.01469054391828022
176	0.0023464123579847473
177	0.00335352178878879
178	0.014221262971401534
179	0.019359110527732544
180	0.08619300005539272
181	0.01700147357515921
182	0.0020606560225769396
183	0.0032463954707181004
184	0.012288234154010974
185	0.009632558682416177
186	0.009324852154700226
187	0.02635315591720863
188	0.03361866366814549
189	0.11358461770178932
190	0.9838981538483189
191	0.3425386759286123
192	0.013766972933527001
193	0.0031941225103010833
194	0.012090370898187429
195	0.0023086307871880737
196	0.9838981538483189
197	0.9838981538483189
198	0.0046397888713085094
199	0.008597905811488721
200	0.04151724745489865
