1	0.34253867592860743
2	0.15715080394779135
3	0.45878265723355866
4	0.513991542262758
5	0.210481526578285
6	0.08480513362915014
7	0.03361866366814549
8	0.02858129504156406
9	0.04651334071458728
10	0.03307734111793589
11	0.05127157501696203
12	0.045764390058400266
13	0.9371316004437404
14	0.9680555771461439
15	0.9524680951766462
16	0.9524680951766462
17	0.9371316004437404
18	0.9371316004437404
19	0.06540703669975813
20	0.06331764666180337
21	0.07093715149651067
22	0.057441482370143404
23	0.0547111792972134
24	0.07819389939674361
25	0.1496811268916314
26	0.32625716018605594
27	0.9524680951766462
28	0.9838981538483328
29	0.7111366461700486
30	0.7712627042813435
31	1.0
32	0.9838981538483328
33	0.9838981538483328
34	0.9838981538483328
35	0.9838981538483328
36	0.024696375181437153
37	0.0004628272327807098
38	0.00027531100170731434
39	0.0006944888267967182
40	0.18787327440651988
41	1.0
42	1.0
43	1.0
44	0.1909478879208119
45	0.0018097003405784802
46	0.0012458335400746532
47	0.0012257733200817754
48	0.021339514049848223
49	1.0
50	0.9838981538483328
51	0.9524680951766462
52	0.36551822152450847
53	0.2557479945175719
54	0.6144752151203909
55	0.9371316004437404
56	0.48167771661524483
57	0.48167771661524483
58	0.48167771661524483
59	0.11733274450692356
60	0.11358461770179093
61	0.6556978921951198
62	0.9680555771461439
63	0.9524680951766462
64	0.9524680951766462
65	0.02390746372968385
66	0.015175310452307482
67	0.05651656845829486
68	0.9524680951766462
69	0.9371316004437404
70	0.8925879504044913
71	0.11358461770179093
72	0.05651656845829486
73	0.0028976934794106932
74	0.0014654080128054664
75	0.0011487109132294552
76	0.09656527406216149
77	0.7712627042813435
78	0.7227746524257427
79	0.24359180518339907
80	0.1972488898661499
81	0.3158350635019698
82	0.15213071221465968
83	0.27737129133826594
84	0.3158350635019698
85	1.0
86	1.0
87	0.8782156365502464
88	0.9838981538483328
89	0.0675653735631387
90	0.04430247303072529
91	0.050446008004084525
92	0.10138426111191928
93	0.41620554942555466
94	0.48167771661524483
95	0.08480513362915014
96	0.0043480927706904
97	0.002094379397417405
98	0.0019311058764015325
99	0.011147830387442924
100	0.05838153282986845
101	0.9524680951766462
102	0.9220420515895166
103	0.06129500098272679
104	0.03828064801966493
105	0.03646109590141791
106	0.9071954723294546
107	0.9524680951766462
108	0.9838981538483328
109	0.9680555771461439
110	0.9371316004437404
111	0.8782156365502464
112	0.8782156365502464
113	0.9371316004437404
114	0.9371316004437404
115	0.6884197964379096
116	0.6773349667878948
117	0.7346031188276506
118	0.9071954723294546
119	0.4975723790934037
120	0.4029101033605832
121	0.37150005830873106
122	0.3596327033558847
123	0.4230169025093204
124	0.9838981538483328
125	0.9680555771461439
126	0.6347520014624476
127	0.7111366461700486
128	0.9220420515895166
129	0.836472374499359
130	0.8782156365502464
131	0.9524680951766462
132	0.9680555771461439
133	0.8925879504044913
134	0.8782156365502464
135	0.9838981538483328
136	0.8501615448994048
137	0.7712627042813435
138	0.7712627042813435
139	0.7967132492072908
140	0.8925879504044913
141	0.9071954723294546
142	0.5224031981891457
143	0.4441271100328678
144	0.17043778391330405
145	0.14027091400017716
146	0.13360357026643777
147	0.06030803830703578
148	0.03828064801966493
149	0.041517247454899237
150	0.05127157501696203
151	0.09814559940423298
152	0.02390746372968385
153	0.0675653735631387
154	0.05127157501696203
155	0.025100540218357226
156	0.014690543918280221
157	0.020657835589543774
158	0.003142691241050616
159	0.0016153167178432556
160	0.011330268629776647
161	0.9524680951766462
162	0.9371316004437404
163	0.9838981538483328
164	0.9838981538483328
165	0.9838981538483328
166	0.9838981538483328
167	0.9371316004437404
168	0.9680555771461439
169	0.016727718463300366
170	0.0005185228330395548
171	0.0004628272327807098
172	0.0017518905076602614
173	0.026784434765055674
174	0.012489335512977845
175	0.04288725609876024
176	0.9838981538483328
177	0.06647744631284418
178	0.08760357941344458
179	0.9371316004437404
180	0.9371316004437404
181	0.9220420515895166
182	0.9220420515895166
183	0.9220420515895166
184	0.9220420515895166
185	0.9371316004437404
186	0.9524680951766462
187	0.18484816784601615
188	0.13360357026643777
189	0.09656527406216149
190	0.04358912142584555
191	0.055606547367958434
192	0.04651334071458728
193	0.07447719441285174
194	0.09197534264619907
195	0.08077418408895759
196	0.08480513362915014
197	0.4441271100328678
198	0.566571988000515
199	1.0
200	1.0
