1	0.2865241396118687
2	0.00873861362363561
3	0.0003134890683440487
4	0.0005904276939048647
5	8.555276600875401e-05
6	0.0004480424839484732
7	7.513377685901219e-05
8	0.0038810552143591303
9	1.0
10	0.473921816127613
11	1.0
12	1.0
13	1.0
14	1.0
15	0.9838981538483188
16	0.937131600443727
17	0.5224031981891383
18	0.015175310452307482
19	0.011515692539375738
20	0.00040646211284929145
21	3.738449210201162e-05
22	0.0005019589204015528
23	7.156252532833052e-05
24	0.002715520127955534
25	0.2320134226836728
26	0.699686033300586
27	0.6045810297425013
28	0.5758441417787837
29	0.5948461590153711
30	0.6773349667878948
31	0.16769342093829617
32	0.003944570074838709
33	0.06647744631284418
34	0.027222771645920244
35	0.045027498890454376
36	0.028581295041563655
37	0.012901465378461815
38	0.9220420515895166
39	0.9220420515895166
40	0.9838981538483188
41	1.0
42	1.0
43	1.0
44	0.0769348332586572
45	0.06435386265758127
46	0.07327797408660716
47	0.9838981538483188
48	0.013545299253376991
49	0.013545299253376991
50	0.020657835589543774
51	0.30082282132371624
52	0.8364723744993591
53	0.7712627042813435
54	0.8364723744993591
55	0.6045810297425013
56	0.24757827243667335
57	0.15462038588001098
58	0.7227746524257325
59	0.7346031188276402
60	0.13360357026643777
61	0.05383022830539262
62	0.031505112088108564
63	0.05296346225090932
64	0.04963373414423628
65	0.018438935128663837
66	0.04358912142584555
67	0.03587400494469159
68	0.937131600443727
69	0.9838981538483188
70	0.9220420515895166
71	0.9220420515895166
72	0.9071954723294418
73	0.937131600443727
74	0.14027091400017713
75	0.13145230613269226
76	0.15972263321475674
77	0.1425664978143681
78	0.13801229332339057
79	0.176061982325188
80	0.2729051014782441
81	0.3538419528953351
82	0.8925879504044912
83	0.937131600443727
84	0.5758441417787837
85	0.6451399456130031
86	0.9838981538483188
87	0.9838981538483188
88	0.9838981538483188
89	1.0
90	1.0
91	0.02390746372968351
92	0.00018647776819776454
93	9.741658249768637e-05
94	0.0007174059456835127
95	0.18787327440651988
96	1.0
97	1.0
98	1.0
99	0.18787327440651988
100	0.00077806206826116
101	0.00025800263964974307
102	0.00032913340607583133
103	0.019997932954225667
104	1.0
105	0.9838981538483188
106	0.9524680951766596
107	0.3481444442077991
108	0.22827757824649536
109	0.5057153295259778
110	0.937131600443727
111	0.5948461590153711
112	0.5948461590153711
113	0.5948461590153711
114	0.11925293695084214
115	0.11175569566235918
116	0.5665719880005149
117	0.96805557714613
118	0.9524680951766596
119	0.9524680951766596
120	0.02390746372968351
121	0.013327194928720632
122	0.05383022830539262
123	0.9524680951766596
124	0.937131600443727
125	0.8925879504044912
126	0.11358461770178932
127	0.05296346225090932
128	0.003520875718327174
129	0.0045650797047264826
130	0.0007907953330514215
131	0.0934805521145213
132	0.7712627042813435
133	0.7227746524257325
134	0.24359180518339563
135	0.19407281858793526
136	0.31583506350196977
137	0.1521307122146575
138	0.27737129133826594
139	0.31074953590015464
140	1.0
141	1.0
142	0.8640747434825014
143	0.96805557714613
144	0.0675653735631387
145	0.044302473030725285
146	0.0512715750169613
147	0.10138426111191784
148	0.4162055494255546
149	0.48167771661523795
150	0.08480513362914895
151	0.00441925086827708
152	0.004491573493650751
153	0.004871332588256415
154	0.010113261253784643
155	0.057441482370142585
156	0.9524680951766596
157	0.9220420515895166
158	0.06331764666180245
159	0.03954385360034534
160	0.03587400494469159
161	0.9071954723294418
162	0.9524680951766596
163	0.96805557714613
164	0.96805557714613
165	0.9524680951766596
166	0.9071954723294418
167	0.8925879504044912
168	0.937131600443727
169	0.9071954723294418
170	0.6664286233595221
171	0.6556978921951104
172	0.8501615448994049
173	0.8925879504044912
174	0.5484731728386688
175	0.5309525138815142
176	0.5396417421912961
177	0.37150005830873634
178	0.4513954094697244
179	0.96805557714613
180	0.8782156365502339
181	0.6245313223904188
182	0.7227746524257325
183	0.8501615448994049
184	0.783884695041549
185	0.7227746524257325
186	0.7227746524257325
187	0.7346031188276402
188	0.7227746524257325
189	0.8364723744993591
190	0.9838981538483188
191	0.48956054519591574
192	0.3655182215245033
193	0.23581040555488306
194	0.5484731728386688
195	0.5309525138815142
196	0.6245313223904188
197	0.7712627042813435
198	0.96805557714613
199	0.9838981538483188
200	0.9838981538483188
