1	0.9220420515895166
2	0.9071954723294289
3	0.823003625015039
4	0.614475215120391
5	0.6245313223904277
6	0.614475215120391
7	0.42301690250931445
8	0.14489964968096344
9	0.07569604040982214
10	0.1336035702664359
11	0.3655182215245033
12	0.48167771661524483
13	0.9071954723294289
14	0.6884197964379097
15	0.7111366461700385
16	0.1878732744065199
17	0.02678443476505529
18	0.1336035702664359
19	0.35963270335587966
20	0.4095038717012285
21	0.6451399456130124
22	0.5574491330158785
23	0.010791719379643074
24	0.007927630713798602
25	0.009026975134420792
26	0.011895693606068052
27	0.015423659850312866
28	0.015676073575284534
29	0.01999793295422567
30	0.9838981538483189
31	0.06540703669975813
32	0.09197534264619776
33	0.8925879504044913
34	0.9071954723294289
35	0.48167771661524483
36	0.40291010336057753
37	0.6773349667878853
38	0.4369758436353279
39	0.0769348332586572
40	0.11358461770178932
41	0.9680555771461301
42	0.46629079995640094
43	0.3900393726467364
44	0.3900393726467364
45	0.9071954723294289
46	0.3538419528953301
47	0.21392613224755938
48	0.2685108255202325
49	0.9680555771461301
50	0.9680555771461301
51	0.9680555771461301
52	0.9680555771461301
53	0.22460188780169196
54	0.21742711012398033
55	0.3775797899972509
56	0.9524680951766462
57	0.42301690250931445
58	0.3655182215245033
59	0.4739218161276064
60	0.1336035702664359
61	0.1117556956623576
62	0.018438935128663837
63	0.2959790185358471
64	0.39642250686330754
65	0.10304345090533383
66	0.1336035702664359
67	0.9838981538483189
68	0.0043480927706903375
69	0.004491573493650751
70	0.009026975134420792
71	0.006850065475449525
72	0.006214348384488034
73	0.002163490864431252
74	0.0330773411179359
75	1.0
76	0.9680555771461301
77	1.0
78	0.22098538275893193
79	0.04651334071458662
80	0.005546852487609637
81	0.006739766775034895
82	0.02390746372968351
83	0.04883453939311235
84	0.04502749889045438
85	0.07819389939674361
86	0.041517247454898654
87	0.04219669209919026
88	0.04502749889045438
89	0.05211065273008481
90	0.10818572446379238
91	0.37150005830873106
92	0.9371316004437271
93	0.9838981538483189
94	0.9838981538483189
95	0.9680555771461301
96	0.7967132492072908
97	0.9524680951766462
98	0.9071954723294289
99	0.8782156365502338
100	0.7111366461700385
101	0.809751747262771
102	0.9371316004437271
103	0.9838981538483189
104	0.9220420515895166
105	0.8501615448993927
106	0.8640747434825137
107	0.8501615448993927
108	0.8925879504044913
109	0.9220420515895166
110	0.9680555771461301
111	0.9524680951766462
112	0.305745894681384
113	0.06867110513305613
114	0.011147830387442765
115	0.003092088110184961
116	0.0012257733200817496
117	0.0009608649452023629
118	0.010791719379643074
119	0.03890712455342798
120	0.0031941225103010833
121	0.0007174059456835025
122	0.00015853622750040347
123	0.027668282067044733
124	1.0
125	1.0
126	1.0
127	1.0
128	0.027668282067044733
129	0.000303474840984805
130	0.0008716923278076608
131	0.0033535217887887894
132	0.03890712455342798
133	0.5224031981891458
134	0.48956054519591574
135	0.0011120160060804065
136	0.0015385376373511577
137	0.0035208757183271744
138	0.014221262971401534
139	0.08343961441457963
140	0.33159647562093936
141	0.6556978921951105
142	0.45139540946972445
143	0.4369758436353279
144	0.746625162324361
145	0.9680555771461301
146	0.9838981538483189
147	0.1496811268916314
148	0.04804821315291624
149	0.0330773411179359
150	0.12933568132305998
151	0.9838981538483189
152	0.9838981538483189
153	0.9838981538483189
154	0.9838981538483189
155	0.20709238541955047
156	0.1357900406092586
157	0.1472709844146121
158	0.22098538275893193
159	1.0
160	1.0
161	0.746625162324361
162	0.758843950874465
163	0.09348055211451999
164	0.2729051014782441
165	0.3008228213237163
166	0.31583506350196533
167	0.39642250686330754
168	0.9524680951766462
169	0.9680555771461301
170	0.9524680951766462
171	0.9838981538483189
172	0.9371316004437271
173	0.8925879504044913
174	0.8640747434825137
175	0.28191057199709557
176	0.22460188780169196
177	0.18484816784601352
178	0.23581040555487973
179	0.2320134226836728
180	0.7712627042813435
181	0.5057153295259705
182	0.5309525138815067
183	0.7712627042813435
184	0.9071954723294289
185	0.3262571601860513
186	0.04883453939311235
187	0.03954385360034535
188	0.03254473486014822
189	0.028581295041563655
190	0.00015347187921147437
191	0.00028439586342649594
192	0.4739218161276064
193	0.48167771661524483
194	0.07819389939674361
195	0.07819389939674361
196	0.07819389939674361
197	0.07819389939674361
198	0.11544347070631857
199	0.22460188780169196
200	1.0
