1	0.03202070454638286
2	0.0059189685685373875
3	0.0021634908644312515
4	0.0014418122384338217
5	0.0004780998567717995
6	0.0021634908644312515
7	0.024696375181437153
8	0.07947357060372963
9	0.40291010336057753
10	0.2641873055176485
11	0.43697584363533404
12	0.06435386265758127
13	0.013545299253376993
14	0.012693727967806403
15	0.9838981538483328
16	1.0
17	1.0
18	1.0
19	0.022404439747548983
20	0.02032520629905422
21	0.15462038588001104
22	0.9838981538483328
23	0.9838981538483328
24	0.33159647562093936
25	0.21742711012397725
26	0.3596327033558797
27	1.0
28	0.17606198232518802
29	0.024298717947761457
30	0.0016686198147892052
31	0.00026222494537734203
32	0.0015137643410159801
33	0.001994829555235368
34	0.005546852487609637
35	0.030997821620274812
36	1.0
37	1.0
38	0.9838981538483328
39	0.9680555771461302
40	0.9838981538483328
41	0.9838981538483328
42	1.0
43	1.0
44	1.0
45	0.9838981538483328
46	1.0
47	0.9680555771461302
48	1.0
49	0.9220420515895036
50	0.9371316004437404
51	0.9220420515895036
52	0.9680555771461302
53	0.9838981538483328
54	1.0
55	1.0
56	0.5948461590153626
57	0.6451399456130031
58	0.17043778391330164
59	0.019675929314445093
60	0.0008716923278076609
61	0.0002055541213394046
62	0.007799981223697674
63	0.013545299253376993
64	0.6884197964379097
65	1.0
66	1.0
67	0.9220420515895036
68	0.5057153295259778
69	0.466290799956401
70	0.5396417421912962
71	1.0
72	1.0
73	1.0
74	0.6556978921951198
75	0.566571988000515
76	0.5948461590153626
77	1.0
78	1.0
79	0.9838981538483328
80	0.060308038307035794
81	0.05044600800408382
82	0.05838153282986845
83	0.07693483325865831
84	0.15715080394779135
85	0.03954385360034535
86	0.024298717947761457
87	0.8364723744993591
88	0.9220420515895036
89	0.8364723744993591
90	0.8364723744993591
91	0.8364723744993591
92	0.7838846950415601
93	0.8640747434825014
94	0.18187177108593688
95	0.1676934209382962
96	0.17322705937262783
97	0.05560654736795844
98	0.009950419076984445
99	0.00463978887130851
100	0.005114431247540004
101	0.823003625015039
102	0.22827757824649536
103	0.19407281858793526
104	0.20709238541955047
105	0.12120455403275907
106	0.10472979393476875
107	0.07819389939674361
108	0.04804821315291624
109	0.6347520014624477
110	0.6347520014624477
111	0.02133951404984792
112	0.25993340216897615
113	0.21392613224755938
114	0.37150005830873106
115	0.3596327033558797
116	0.34814444420780405
117	1.0
118	1.0
119	1.0
120	0.3964225068633132
121	0.4095038717012285
122	0.8640747434825014
123	0.8501615448994049
124	0.9838981538483328
125	0.6347520014624477
126	0.07209806342155774
127	0.034728030561277046
128	0.6347520014624477
129	0.6347520014624477
130	0.9838981538483328
131	0.7111366461700487
132	0.164993247273701
133	0.0547111792972134
134	0.0083232506725889
135	0.014221262971401333
136	0.01493095993810043
137	0.042196692099189664
138	0.08077418408895645
139	0.045764390058400266
140	0.6347520014624477
141	0.009174704819918203
142	0.3655182215245033
143	0.3655182215245033
144	0.31074953590015464
145	0.31583506350196977
146	1.0
147	0.34814444420780405
148	0.3775797899972509
149	0.33159647562093936
150	0.33159647562093936
151	0.3900393726467363
152	0.5396417421912962
153	0.005823662247270245
154	0.004278080449843506
155	0.0050320794624388356
156	0.02032520629905422
157	1.0
158	1.0
159	0.009632558682416179
160	0.000803736982286617
161	0.21392613224755938
162	1.0
163	0.008597905811488844
164	0.001723681836231313
165	0.025100540218357226
166	0.057441482370143404
167	0.0612950009827268
168	0.04727454821686481
169	0.19407281858793526
170	1.0
171	1.0
172	1.0
173	1.0
174	1.0
175	1.0
176	0.19407281858793526
177	0.2516299796562454
178	0.48956054519591574
179	0.5309525138815143
180	0.513991542262758
181	0.33159647562093936
182	0.09348055211451997
183	0.0014893899404870398
184	0.0083232506725889
185	1.0
186	0.21742711012397725
187	0.004491573493650815
188	0.013327194928720634
189	0.022404439747548983
190	0.008459463654885606
191	0.004951053693111541
192	0.007309608887594824
193	1.0
194	1.0
195	0.9371316004437404
196	1.0
197	0.9838981538483328
198	0.9838981538483328
199	0.9838981538483328
200	1.0
