1	0.7227746524257428
2	0.5396417421913038
3	0.4895605451959158
4	0.47392181612760637
5	0.5665719880005149
6	0.5396417421913038
7	0.6884197964379097
8	0.7838846950415601
9	0.9838981538483188
10	0.9680555771461439
11	0.9524680951766462
12	0.9680555771461439
13	0.513991542262758
14	0.4369758436353341
15	0.4441271100328678
16	0.4299397258291169
17	0.45878265723355866
18	0.8782156365502339
19	0.8782156365502339
20	0.5948461590153626
21	0.614475215120391
22	0.07447719441285068
23	0.08903724340857931
24	0.09197534264619907
25	0.07327797408660716
26	0.1314523061326923
27	0.5057153295259776
28	0.9680555771461439
29	0.32100381758685564
30	0.32625716018605594
31	0.2959790185358471
32	0.6045810297425099
33	0.5224031981891458
34	0.39642250686330754
35	0.4441271100328678
36	0.466290799956401
37	0.5396417421913038
38	0.3538419528953301
39	0.47392181612760637
40	0.4441271100328678
41	0.27737129133826594
42	0.15972263321475677
43	0.2516299796562454
44	0.2729051014782479
45	0.5758441417787837
46	0.8230036250150389
47	0.746625162324361
48	0.25574799451756824
49	0.24359180518339904
50	0.10995622264422977
51	0.013992274382953425
52	0.02204368690561934
53	0.013766972933527001
54	0.027222771645920248
55	0.614475215120391
56	0.35963270335588476
57	0.04727454821686548
58	0.0018097003405784671
59	0.0009301706690873714
60	0.002586446283687687
61	1.0
62	1.0
63	1.0
64	1.0
65	1.0
66	0.0034084033755650083
67	0.0021286546673816124
68	0.0012869442307717569
69	0.0612950009827268
70	0.27737129133826594
71	0.7227746524257428
72	0.6664286233595221
73	0.6664286233595221
74	0.09975178733729329
75	0.1732270593726278
76	0.40291010336058325
77	0.41620554942555466
78	0.5758441417787837
79	0.9680555771461439
80	0.5758441417787837
81	0.28652413961186873
82	0.19407281858793526
83	0.48167771661524483
84	0.6556978921951104
85	0.45139540946973084
86	0.45878265723355866
87	0.4895605451959158
88	0.2912132099152615
89	0.24359180518339904
90	0.5574491330158785
91	0.9371316004437404
92	0.7838846950415601
93	0.7346031188276403
94	0.7111366461700385
95	0.746625162324361
96	0.5948461590153626
97	0.8501615448993927
98	0.8925879504044915
99	0.9524680951766462
100	0.3425386759286075
101	0.9071954723294419
102	0.20709238541955047
103	0.0675653735631387
104	0.08209608258032164
105	0.14027091400017713
106	0.13360357026643777
107	0.8230036250150389
108	0.8364723744993591
109	0.2912132099152615
110	0.32625716018605594
111	0.6347520014624387
112	0.5057153295259776
113	0.32625716018605594
114	0.12318811002814868
115	0.16233655139003356
116	0.9838981538483188
117	0.9680555771461439
118	0.8230036250150389
119	0.9838981538483188
120	0.7712627042813435
121	0.699686033300596
122	0.23966952741252567
123	0.15213071221465968
124	0.17043778391330164
125	0.5574491330158785
126	0.40950387170122843
127	0.007191910689857912
128	0.003757077145472426
129	0.00020891808825478653
130	0.0031426912410505935
131	0.006850065475449525
132	0.006739766775034895
133	0.012693727967806582
134	0.03049869946550789
135	1.0
136	1.0
137	1.0
138	1.0
139	0.029049038185277303
140	0.007550815325235631
141	0.002198897168339217
142	0.001994829555235368
143	0.0018694178137101823
144	0.0022714575694317367
145	0.008459463654885606
146	0.006850065475449525
147	0.03049869946550789
148	0.09656527406216149
149	0.06867110513305712
150	0.20709238541955047
151	0.746625162324361
152	0.7838846950415601
153	0.8097517472627824
154	0.7227746524257428
155	0.26851082552023625
156	0.19407281858793526
157	0.14489964968096344
158	0.18187177108593947
159	0.19724888986614988
160	0.1380122933233906
161	0.746625162324361
162	0.7111366461700385
163	0.09656527406216149
164	0.06229811565656761
165	0.08760357941344458
166	0.05838153282986845
167	0.18187177108593947
168	0.7967132492072908
169	0.16499324727369863
170	0.6245313223904276
171	0.6556978921951104
172	0.6773349667878948
173	0.7111366461700385
174	0.8364723744993591
175	0.4299397258291169
176	0.45878265723355866
177	0.6773349667878948
178	0.42301690250932045
179	0.4299397258291169
180	0.6884197964379097
181	0.28191057199709557
182	0.3370231708678092
183	0.28191057199709557
184	0.22827757824649533
185	0.22460188780169513
186	0.15715080394779135
187	0.4369758436353341
188	0.28191057199709557
189	0.6045810297425099
190	0.8925879504044915
191	0.699686033300596
192	0.16769342093829617
193	0.1357900406092586
194	0.1252041276287828
195	0.2516299796562454
196	0.614475215120391
197	0.6451399456130124
198	0.8782156365502339
199	0.8782156365502339
200	0.9838981538483188
