1	0.1940728185879353
2	0.13801229332339063
3	0.14968112689163143
4	0.31583506350196533
5	0.9371316004437271
6	0.9524680951766463
7	1.0
8	0.35384195289533016
9	0.16499324727369863
10	0.13360357026643588
11	0.18484816784601354
12	0.9680555771461302
13	0.9524680951766463
14	0.9524680951766463
15	0.9680555771461302
16	0.4739218161276064
17	0.2516299796562454
18	0.3210038175868511
19	0.7712627042813436
20	0.8501615448993928
21	0.758843950874465
22	0.20047693868989175
23	0.13801229332339063
24	0.04288725609875964
25	0.019997932954225667
26	0.03254473486014822
27	0.034728030561276546
28	0.8925879504044913
29	0.6556978921951105
30	0.5665719880005069
31	0.07327797408660612
32	0.08480513362914895
33	0.05127157501696131
34	0.1252041276287828
35	0.31583506350196533
36	0.5665719880005069
37	0.8364723744993472
38	0.5484731728386689
39	0.7111366461700386
40	0.758843950874465
41	0.8782156365502339
42	0.7967132492072908
43	0.8097517472627594
44	0.7967132492072908
45	0.15715080394778913
46	0.06435386265758125
47	0.03416884515602799
48	0.019997932954225667
49	0.010968329737619126
50	0.007429233258548931
51	0.04883453939311236
52	1.0
53	1.0
54	0.10995622264422822
55	0.024696375181436806
56	0.009632558682416041
57	0.0030422997831473205
58	0.35384195289533016
59	0.05560654736795765
60	0.6664286233595222
61	0.03828064801966439
62	0.10138426111191784
63	1.0
64	0.0744771944128507
65	0.06647744631284325
66	1.0
67	0.7466251623243612
68	1.0
69	1.0
70	1.0
71	1.0
72	0.783884695041549
73	0.9071954723294289
74	0.04651334071458662
75	0.0807741840889576
76	0.21742711012397728
77	0.12933568132306
78	1.0
79	0.1972488898661471
80	0.03766425891466563
81	0.6045810297424928
82	1.0
83	1.0
84	1.0
85	0.08903724340857806
86	0.019359110527732547
87	0.024696375181436806
88	0.13579004060925667
89	0.9838981538483189
90	1.0
91	0.9838981538483189
92	0.061295000982725924
93	0.013766972933526805
94	0.02133951404984792
95	0.030007614098887924
96	0.05471117929721263
97	0.1212045540327608
98	0.22460188780169194
99	1.0
100	1.0
101	0.9680555771461302
102	0.9220420515895167
103	0.9220420515895167
104	0.823003625015039
105	0.823003625015039
106	0.783884695041549
107	0.6884197964379097
108	0.6556978921951105
109	0.9220420515895167
110	0.0029933131400917898
111	0.0007532073245460744
112	0.00015598350155572406
113	0.0001183671365917806
114	0.001025325519646744
115	0.10644373457266673
116	0.9371316004437271
117	0.9220420515895167
118	0.9371316004437271
119	1.0
120	0.39642250686330754
121	0.20709238541955047
122	0.0011302145468318698
123	0.00019578374240785334
124	0.0004553748598836601
125	0.002198897168339217
126	0.6773349667878853
127	0.823003625015039
128	0.7346031188276403
129	0.758843950874465
130	0.9071954723294289
131	0.6045810297424928
132	0.28191057199709163
133	0.12725313808047323
134	0.19094788792080922
135	0.1231881100281487
136	0.20375781569034024
137	0.9371316004437271
138	0.7466251623243612
139	0.9838981538483189
140	0.9220420515895167
141	0.8925879504044913
142	0.8501615448993928
143	0.8925879504044913
144	0.9220420515895167
145	0.9220420515895167
146	0.9371316004437271
147	0.025100540218357226
148	0.02032520629905422
149	0.0358740049446916
150	0.9371316004437271
151	0.20375781569034024
152	0.24757827243666988
153	0.062298115656567614
154	0.019359110527732547
155	0.017849913987938726
156	0.007309608887594823
157	0.025511319561055356
158	0.2641873055176448
159	0.9838981538483189
160	1.0
161	1.0
162	1.0
163	0.9838981538483189
164	0.9838981538483189
165	1.0
166	0.15972263321475452
167	0.020657835589543483
168	0.002198897168339217
169	0.019047393108381605
170	0.17606198232518552
171	0.44412711003286787
172	0.4975723790934038
173	0.18484816784601354
174	0.24757827243666988
175	1.0
176	0.07093715149650867
177	0.02858129504156366
178	0.012090370898187257
179	0.9680555771461302
180	0.9680555771461302
181	0.7346031188276403
182	0.7111366461700386
183	0.9838981538483189
184	0.6451399456130031
185	0.5396417421912962
186	0.5396417421912962
187	0.8501615448993928
188	0.0358740049446916
189	0.023143753598938943
190	0.14256649781436606
191	0.022771096439116734
192	0.020995908477665633
193	0.22827757824649536
194	0.823003625015039
195	0.6996860333005861
196	0.8925879504044913
197	0.8640747434825014
198	0.2959790185358472
199	0.35384195289533016
200	0.6347520014624387
