1	1.0
2	0.8782156365502465
3	0.8230036250150332
4	0.8230036250150332
5	0.3964225068633104
6	0.2819105719970956
7	0.2729051014782441
8	0.8640747434825075
9	0.9220420515895101
10	0.24757827243667166
11	0.12120455403275994
12	0.15715080394779135
13	0.09975178733729259
14	0.45139540946972445
15	0.44412711003287103
16	0.42993972582911383
17	0.5309525138815105
18	0.8640747434825075
19	0.20375781569034024
20	0.11358461770178933
21	0.7588439508744759
22	0.098145599404233
23	0.1496811268916325
24	0.18484816784601488
25	0.2959790185358493
26	0.9680555771461302
27	0.9680555771461302
28	0.9371316004437406
29	0.2959790185358493
30	0.19094788792080922
31	0.1496811268916325
32	0.17043778391330164
33	0.2959790185358493
34	0.20709238541955194
35	0.809751747262771
36	0.8925879504044978
37	0.6451399456130078
38	0.1117556956623584
39	0.05211065273008519
40	0.03766425891466537
41	0.41620554942555765
42	0.9524680951766531
43	0.809751747262771
44	0.5574491330158825
45	0.0370577948122046
46	0.0612950009827268
47	0.3596327033558822
48	0.9680555771461302
49	0.10995622264422979
50	0.1252041276287837
51	0.1818717710859369
52	0.09656527406216218
53	0.022404439747548986
54	0.003520875718327175
55	0.0007058543855178156
56	0.0010253255196467513
57	0.34253867592860754
58	1.0
59	1.0
60	1.0
61	0.34253867592860754
62	0.0007532073245460799
63	0.0004859241323929736
64	0.003520875718327175
65	0.023522509426831418
66	0.3837590186752777
67	0.9838981538483259
68	0.9838981538483259
69	0.9838981538483259
70	0.6884197964379049
71	0.210481526578285
72	0.10138426111191857
73	0.11733274450692356
74	0.8782156365502465
75	0.9680555771461302
76	0.7838846950415602
77	0.6996860333005961
78	0.27737129133826793
79	0.4029101033605804
80	0.5396417421913
81	0.5224031981891458
82	0.6996860333005961
83	0.7111366461700436
84	0.5224031981891458
85	0.5484731728386689
86	0.566571988000515
87	0.9680555771461302
88	0.8925879504044978
89	0.8782156365502465
90	0.8782156365502465
91	0.7227746524257325
92	0.7111366461700436
93	0.677334966787895
94	0.24359180518339563
95	0.30082282132371846
96	0.11925293695084217
97	0.1117556956623584
98	0.0612950009827268
99	0.4587826572335587
100	0.09975178733729259
101	0.07447719441285122
102	0.1496811268916325
103	0.12120455403275994
104	0.19407281858793668
105	0.3370231708678045
106	0.23581040555488308
107	0.01248933551297767
108	0.014221262971401433
109	0.466290799956401
110	0.466290799956401
111	0.466290799956401
112	0.14727098441461423
113	0.5758441417787797
114	0.5758441417787797
115	0.9220420515895101
116	0.771262704281338
117	0.7466251623243665
118	0.9371316004437406
119	0.7227746524257325
120	0.7346031188276455
121	0.9524680951766531
122	0.8230036250150332
123	0.7111366461700436
124	0.7111366461700436
125	0.7838846950415602
126	0.8364723744993591
127	0.6556978921951198
128	0.594846159015367
129	0.5396417421913
130	0.4816777166152415
131	0.9071954723294419
132	0.9680555771461302
133	0.9220420515895101
134	0.9220420515895101
135	0.9071954723294419
136	0.9071954723294419
137	0.7111366461700436
138	0.3900393726467364
139	0.31074953590015686
140	0.32100381758685337
141	0.32625716018605594
142	0.6144752151203868
143	0.4895605451959228
144	0.5574491330158825
145	0.6556978921951198
146	0.9524680951766531
147	0.9524680951766531
148	0.9838981538483259
149	0.6556978921951198
150	0.6451399456130078
151	0.666428623359527
152	0.21392613224755788
153	0.2174271101239804
154	0.32100381758685337
155	0.1496811268916325
156	0.029524436113288612
157	0.04576439005840027
158	0.23581040555488308
159	0.34253867592860754
160	0.42993972582911383
161	0.42993972582911383
162	0.42301690250932045
163	0.13579004060925765
164	0.594846159015367
165	0.6144752151203868
166	0.9838981538483259
167	0.9838981538483259
168	0.666428623359527
169	0.5852680376789872
170	0.014690543918280325
171	0.004565079704726451
172	0.003578496112179884
173	0.002628774404719928
174	0.16769342093829737
175	0.32100381758685337
176	0.4587826572335587
177	0.20375781569034024
178	0.3775797899972509
179	0.6556978921951198
180	0.9838981538483259
181	0.9838981538483259
182	0.9838981538483259
183	0.5057153295259778
184	0.44412711003287103
185	0.05296346225090933
186	0.048048213152916255
187	0.10818572446379163
188	0.5139915422627543
189	0.0443024730307253
190	0.3057458946813841
191	0.06540703669975859
192	0.06331764666180247
193	0.35384195289533515
194	0.1496811268916325
195	0.4895605451959228
196	0.7466251623243665
197	0.7111366461700436
198	0.9220420515895101
199	0.9838981538483259
200	0.9838981538483259
