1	0.5948461590153711
2	0.7346031188276506
3	0.37150005830873634
4	0.04019100294647175
5	0.01469054391828022
6	0.014453999040223762
7	0.007191910689857912
8	0.022771096439116734
9	0.05296346225091007
10	0.09049436982916181
11	0.15972263321475902
12	1.0
13	1.0
14	1.0
15	1.0
16	1.0
17	0.5309525138815142
18	0.03049869946550789
19	0.025100540218357583
20	0.03646109590141791
21	0.5665719880005149
22	0.35963270335588476
23	0.31583506350196977
24	0.2819105719970956
25	0.37150005830873634
26	0.5224031981891458
27	1.0
28	0.9071954723294547
29	0.0021286546673816424
30	0.0002340588265392914
31	0.00021581208061492303
32	0.0004704015664329192
33	0.012489335512977845
34	0.9838981538483328
35	0.16769342093829617
36	0.02592882145501884
37	0.03529636723622802
38	0.04502749889045438
39	0.3837590186752858
40	0.9071954723294547
41	0.07209806342155876
42	0.0067397667750349905
43	0.03646109590141791
44	0.2209853827589351
45	0.5309525138815142
46	0.11544347070632022
47	0.4895605451959227
48	0.05044600800408453
49	0.03000761409888835
50	0.0005019589204015527
51	0.0010421053394971875
52	0.0032463954707181004
53	0.008323250672589017
54	0.9680555771461439
55	0.9071954723294547
56	0.8782156365502464
57	0.9838981538483328
58	1.0
59	1.0
60	0.9524680951766596
61	0.8501615448994049
62	0.8782156365502464
63	0.003408403375565056
64	0.02592882145501884
65	0.0011302145468318856
66	0.007429233258549036
67	0.2729051014782479
68	0.32100381758685564
69	0.4816777166152448
70	0.04804821315291692
71	0.07327797408660716
72	0.9680555771461439
73	0.7967132492073021
74	0.8097517472627824
75	0.041517247454899237
76	0.2070923854195534
77	0.19407281858793524
78	0.25574799451757185
79	0.4299397258291168
80	0.31074953590015464
81	0.04804821315291692
82	0.05044600800408453
83	0.21392613224756243
84	0.6556978921951198
85	0.007674387126047692
86	0.006962169253653923
87	0.004209195456615671
88	0.003142691241050638
89	0.021339514049848223
90	1.0
91	0.9220420515895166
92	0.8640747434825135
93	0.8364723744993591
94	0.9071954723294547
95	0.8230036250150506
96	0.8925879504044915
97	1.0
98	0.07209806342155876
99	0.022771096439116734
100	0.021688742850449534
101	0.05044600800408453
102	0.0025864462836876503
103	0.8640747434825135
104	0.8925879504044915
105	0.4662907999564009
106	0.5309525138815142
107	0.5309525138815142
108	0.9680555771461439
109	0.9838981538483328
110	0.9838981538483328
111	0.2959790185358513
112	0.21742711012398036
113	0.4587826572335652
114	0.16499324727370096
115	0.07569604040982214
116	0.07819389939674361
117	0.9680555771461439
118	1.0
119	0.9838981538483328
120	0.9680555771461439
121	1.0
122	0.1357900406092586
123	0.14727098441461417
124	0.1789432998085799
125	0.4816777166152448
126	0.9838981538483328
127	1.0
128	0.16499324727370096
129	0.14027091400017713
130	1.0
131	0.05651656845829485
132	0.7838846950415602
133	0.00932485215470049
134	0.08619300005539395
135	0.176061982325188
136	0.18484816784601615
137	1.0
138	0.9838981538483328
139	0.8925879504044915
140	0.02812108342598899
141	0.006850065475449526
142	0.010113261253784787
143	0.19407281858793524
144	0.8097517472627824
145	0.03646109590141791
146	0.9838981538483328
147	1.0
148	0.16499324727370096
149	0.07327797408660716
150	0.05127157501696203
151	0.9838981538483328
152	0.01469054391828022
153	0.0005185228330395548
154	0.007309608887594927
155	0.011147830387442922
156	0.04727454821686548
157	0.0934805521145213
158	0.42301690250932045
159	0.8230036250150506
160	0.7712627042813435
161	0.9838981538483328
162	0.9680555771461439
163	0.9680555771461439
164	0.9838981538483328
165	1.0
166	1.0
167	1.0
168	0.9524680951766596
169	0.9524680951766596
170	0.9524680951766596
171	0.9680555771461439
172	0.9838981538483328
173	0.2246018878016919
174	0.04502749889045438
175	0.012901465378461813
176	0.18484816784601615
177	0.9220420515895166
178	0.176061982325188
179	0.18187177108593947
180	0.19407281858793524
181	0.44412711003287414
182	0.8782156365502464
183	0.8782156365502464
184	1.0
185	0.47392181612761314
186	0.22827757824649858
187	0.19724888986614988
188	0.2070923854195534
189	0.9524680951766596
190	0.18187177108593947
191	0.14256649781437009
192	0.16769342093829617
193	0.19407281858793524
194	1.0
195	1.0
196	1.0
197	0.8230036250150506
198	0.7967132492073021
199	0.8230036250150506
200	0.9524680951766596
