1	1.0
2	0.5484731728386727
3	0.466290799956401
4	0.47392181612761647
5	0.48167771661524483
6	0.5057153295259849
7	0.9838981538483259
8	0.9838981538483259
9	0.9838981538483259
10	0.9838981538483259
11	0.8097517472627823
12	0.7227746524257427
13	0.7227746524257427
14	0.8097517472627823
15	0.9371316004437404
16	0.9524680951766665
17	0.5139915422627617
18	0.3655182215245085
19	0.26851082552023625
20	0.2641873055176504
21	0.31074953590015686
22	0.9220420515895231
23	0.2819105719970996
24	0.04804821315291658
25	0.023143753598939436
26	0.08480513362915015
27	0.08760357941344458
28	0.09197534264619907
29	0.33702317086780925
30	0.18787327440652254
31	0.14027091400017913
32	0.1357900406092586
33	0.127253138080475
34	0.9071954723294483
35	0.8782156365502402
36	0.9071954723294483
37	0.9371316004437404
38	0.9371316004437404
39	0.9371316004437404
40	0.9838981538483259
41	0.1357900406092586
42	0.13145230613269226
43	0.13360357026643874
44	0.17894329980858117
45	0.29597901853584924
46	0.9371316004437404
47	0.9838981538483259
48	0.14489964968096447
49	0.04084874312373918
50	0.012901465378461907
51	0.0002665163506524553
52	0.0010764932965619102
53	0.0007780620682611711
54	0.0001283749872229017
55	0.0062143483844881225
56	0.009790198959862226
57	0.01727970878760317
58	0.0488345393931127
59	0.9838981538483259
60	0.9838981538483259
61	0.7588439508744811
62	0.9371316004437404
63	0.9838981538483259
64	0.08760357941344458
65	0.02551131956105572
66	0.04358912142584586
67	0.9838981538483259
68	0.8364723744993591
69	0.8501615448994109
70	0.9838981538483259
71	0.9838981538483259
72	0.15972263321475788
73	0.030007614098888136
74	0.007927630713798602
75	0.003881055214359158
76	0.003578496112179909
77	0.007927630713798602
78	0.007429233258549035
79	0.01700147357515921
80	0.1293356813230609
81	1.0
82	0.1472709844146142
83	0.019047393108381872
84	0.007191910689857963
85	0.007429233258549035
86	0.00902697513442092
87	0.17606198232519052
88	0.8097517472627823
89	0.5139915422627617
90	0.5057153295259849
91	0.2139261322475609
92	0.14027091400017913
93	0.12120455403276079
94	0.20709238541955194
95	0.3655182215245085
96	0.9371316004437404
97	0.8364723744993591
98	0.6347520014624523
99	0.9071954723294483
100	0.8782156365502402
101	0.9680555771461439
102	0.9680555771461439
103	0.8782156365502402
104	0.9071954723294483
105	0.9220420515895231
106	0.8925879504045041
107	0.2819105719970996
108	0.1472709844146142
109	0.1425664978143691
110	0.200476938689896
111	0.24757827243667163
112	0.9371316004437404
113	0.7227746524257427
114	0.7838846950415602
115	0.6144752151203955
116	0.6045810297425099
117	0.007191910689857963
118	0.007799981223697731
119	0.00652446881523681
120	0.0019311058764015462
121	0.013327194928720825
122	0.13801229332339157
123	1.0
124	1.0
125	0.127253138080475
126	0.01700147357515921
127	0.004871332588256415
128	0.004209195456615641
129	0.004639788871308576
130	0.0057298905337253864
131	0.012090370898187427
132	0.03416884515602848
133	0.1472709844146142
134	1.0
135	0.8364723744993591
136	0.8501615448994109
137	0.07327797408660716
138	0.06979493239667586
139	0.03361866366814573
140	0.9524680951766665
141	0.9838981538483259
142	0.746625162324361
143	0.9220420515895231
144	1.0
145	1.0
146	0.04358912142584586
147	0.014453999040223764
148	0.008459463654885665
149	0.005457537922228154
150	0.0032463954707181238
151	0.004792895140366674
152	0.005198130749139036
153	0.003092088110185005
154	0.007674387126047747
155	0.02858129504156406
156	0.12520412762878458
157	0.9838981538483259
158	0.7111366461700537
159	0.746625162324361
160	0.6996860333005959
161	0.8640747434825136
162	0.9071954723294483
163	0.13145230613269226
164	0.1293356813230609
165	0.14489964968096447
166	0.5139915422627617
167	0.8925879504045041
168	0.9838981538483259
169	0.9524680951766665
170	0.9680555771461439
171	0.9680555771461439
172	0.9838981538483259
173	0.9838981538483259
174	0.3596327033558848
175	0.8782156365502402
176	0.09197534264619907
177	0.17322705937262903
178	0.17894329980858117
179	0.9680555771461439
180	0.9371316004437404
181	0.9524680951766665
182	0.9071954723294483
183	0.5574491330158825
184	0.5484731728386727
185	0.5852680376789872
186	0.8501615448994109
187	0.8925879504045041
188	0.9220420515895231
189	0.9680555771461439
190	0.9371316004437404
191	0.8640747434825136
192	0.8925879504045041
193	0.02099590847766608
194	0.012901465378461907
195	0.014221262971401534
196	0.06647744631284465
197	0.11544347070631938
198	0.3596327033558848
199	1.0
200	0.9838981538483259
