1	0.9220420515895166
2	0.331596475620944
3	0.22098538275893506
4	0.4029101033605775
5	0.29121320991526145
6	0.6347520014624476
7	0.6996860333005959
8	0.5758441417787755
9	0.614475215120391
10	0.5224031981891457
11	0.5396417421912961
12	0.331596475620944
13	0.42993972582911066
14	0.07569604040982106
15	0.04804821315291693
16	0.03529636723622752
17	0.023907463729683845
18	0.6556978921951198
19	0.9371316004437404
20	0.8925879504044913
21	0.8925879504044913
22	0.9071954723294416
23	0.9220420515895166
24	0.9371316004437404
25	0.9071954723294416
26	0.8097517472627709
27	0.7712627042813325
28	0.7967132492072907
29	0.8782156365502463
30	0.9680555771461301
31	0.39642250686331315
32	0.30082282132371624
33	0.16769342093829614
34	0.1704377839133016
35	0.29121320991526145
36	0.45878265723356515
37	0.31583506350196977
38	0.3057458946813883
39	0.25162997965624534
40	0.2865241396118687
41	0.7227746524257325
42	0.746625162324361
43	0.2557479945175682
44	0.19407281858793524
45	0.48167771661523795
46	0.8925879504044913
47	0.8640747434825012
48	0.8925879504044913
49	0.8925879504044913
50	0.4230169025093204
51	0.34253867592860743
52	0.3900393726467363
53	0.6245313223904277
54	0.614475215120391
55	0.614475215120391
56	0.03954385360034534
57	0.0472745482168648
58	0.04219669209918965
59	0.03361866366814549
60	0.6451399456130031
61	0.7227746524257325
62	0.17606198232518797
63	0.01189569360606805
64	0.010278768401209682
65	0.019997932954225667
66	0.025100540218357226
67	0.0007291465512741476
68	0.003092088110184961
69	0.7838846950415601
70	0.823003625015039
71	1.0
72	1.0
73	1.0
74	0.836472374499359
75	0.7346031188276507
76	0.002993313140091832
77	0.005823662247270244
78	0.20047693868989175
79	0.20047693868989175
80	0.20709238541955044
81	0.823003625015039
82	0.8097517472627709
83	0.8097517472627709
84	0.823003625015039
85	0.9838981538483327
86	0.22460188780169194
87	0.052963462250909324
88	0.012288234154010974
89	0.0006000902548658375
90	0.001589307136566305
91	0.7967132492072907
92	0.7346031188276507
93	1.0
94	1.0
95	0.21742711012398033
96	0.21392613224755935
97	0.005823662247270244
98	0.005369661486237471
99	0.00663124408732507
100	0.007191910689857911
101	0.2320134226836728
102	0.8097517472627709
103	0.48167771661523795
104	0.4513954094697244
105	0.46629079995640094
106	1.0
107	0.10472979393476875
108	0.000590427693904873
109	0.0005623635409531144
110	0.00021581208061492
111	0.07209806342155774
112	1.0
113	0.1357900406092586
114	0.002503823749912747
115	0.0006833062745535758
116	0.02314375359893927
117	1.0
118	1.0
119	0.5309525138815143
120	0.5057153295259778
121	0.01756249741908419
122	0.12933568132305998
123	0.004141419638950832
124	0.00021934392271274997
125	0.00021233710769518735
126	1.0
127	1.0
128	1.0
129	1.0
130	1.0
131	1.0
132	1.0
133	1.0
134	0.0002340588265392914
135	8.555276600875402e-05
136	0.01967592931444509
137	0.14489964968096344
138	0.46629079995640094
139	1.0
140	0.5224031981891457
141	0.5057153295259778
142	0.5224031981891457
143	0.02314375359893927
144	0.00023788928317815985
145	0.00206065602257691
146	0.13801229332339254
147	1.0
148	0.07093715149650966
149	0.00022658195241163968
150	0.0006099109471023051
151	0.0007058543855178155
152	0.10472979393476875
153	0.48167771661523795
154	0.371500058308731
155	0.31583506350196977
156	0.8925879504044913
157	0.9680555771461301
158	0.9680555771461301
159	0.836472374499359
160	0.8097517472627709
161	0.7838846950415601
162	0.7227746524257325
163	0.6451399456130031
164	0.6451399456130031
165	0.36551822152450847
166	0.17606198232518797
167	0.5396417421912961
168	0.6773349667878948
169	0.24757827243667332
170	0.2320134226836728
171	0.23581040555488306
172	0.7588439508744756
173	0.7588439508744756
174	0.7588439508744756
175	0.5948461590153625
176	0.15972263321475674
177	0.1425664978143681
178	0.34253867592860743
179	0.7588439508744756
180	0.7227746524257325
181	0.4441271100328678
182	0.5484731728386766
183	0.6773349667878948
184	0.08619300005539395
185	0.07327797408660715
186	0.05838153282986845
187	0.0769348332586583
188	0.34253867592860743
189	0.6045810297425013
190	0.5948461590153625
191	0.5948461590153625
192	0.6556978921951198
193	0.7346031188276507
194	0.6451399456130031
195	0.0593369675525062
196	0.030007614098887924
197	0.08619300005539395
198	0.4095038717012342
199	0.4162055494255546
200	1.0
