1	0.6045810297424972
2	0.6245313223904189
3	0.1272531380804723
4	0.11544347070631775
5	0.14027091400017713
6	0.13579004060925667
7	0.04804821315291591
8	0.7227746524257325
9	0.5948461590153626
10	0.6245313223904189
11	0.8925879504044915
12	0.9524680951766462
13	0.8782156365502277
14	0.0042780804498434456
15	0.0006944888267967084
16	0.008881624169591299
17	0.00611428590286806
18	0.005546852487609637
19	0.020995908477665633
20	0.9220420515895035
21	0.9220420515895035
22	0.21742711012397728
23	0.029524436113288616
24	0.04804821315291591
25	0.011330268629776487
26	0.40950387170122554
27	0.4441271100328678
28	0.9680555771461302
29	0.14027091400017713
30	0.6884197964379
31	1.0
32	1.0
33	1.0
34	0.9838981538483119
35	0.9838981538483119
36	0.4895605451959123
37	0.9838981538483119
38	0.16499324727369746
39	0.08903724340857869
40	0.46629079995639433
41	0.4441271100328678
42	0.5224031981891384
43	0.15972263321475563
44	0.4895605451959123
45	0.4895605451959123
46	0.6556978921951059
47	0.9838981538483119
48	0.9838981538483119
49	0.08619300005539211
50	0.0654070366997572
51	0.07447719441285122
52	0.013766972933526904
53	0.010617952774479945
54	0.01700147357515897
55	1.0
56	1.0
57	0.9838981538483119
58	0.9838981538483119
59	0.42301690250931745
60	0.3715000583087258
61	0.6556978921951059
62	0.6451399456130033
63	0.6773349667878901
64	0.9838981538483119
65	0.9838981538483119
66	1.0
67	0.9680555771461302
68	0.47392181612760975
69	0.342538675928605
70	0.342538675928605
71	0.05296346225090895
72	0.6556978921951059
73	0.27290510147824215
74	0.6556978921951059
75	0.6996860333005861
76	0.9838981538483119
77	0.9680555771461302
78	1.0
79	0.9838981538483119
80	0.6556978921951059
81	0.9680555771461302
82	0.3775797899972482
83	0.2599334021689725
84	0.26418730551764663
85	0.1848481678460122
86	0.17606198232518677
87	0.07447719441285122
88	0.11544347070631775
89	0.5309525138815068
90	0.025511319561055356
91	0.22098538275893037
92	0.14727098441461106
93	0.207092385419549
94	0.40291010336057753
95	0.9838981538483119
96	0.937131600443727
97	0.8501615448993989
98	0.8782156365502277
99	0.23581040555488142
100	0.08343961441457963
101	0.029049038185277095
102	0.05838153282986845
103	0.10818572446379085
104	0.9838981538483119
105	0.4441271100328678
106	0.09049436982916054
107	0.1940728185879325
108	0.47392181612760975
109	0.6556978921951059
110	0.9524680951766462
111	0.5758441417787756
112	0.10995622264422743
113	0.19094788792080786
114	0.5758441417787756
115	0.10995622264422743
116	0.34814444420779916
117	0.5852680376789746
118	0.16499324727369746
119	0.21048152657828348
120	0.6144752151203867
121	0.9220420515895035
122	0.8640747434825014
123	0.9524680951766462
124	0.5574491330158706
125	0.39003937264673083
126	0.8925879504044915
127	0.23201342268366953
128	0.21742711012397728
129	0.7712627042813325
130	0.3210038175868511
131	0.5948461590153626
132	0.9838981538483119
133	0.8925879504044915
134	0.5057153295259742
135	0.7346031188276351
136	0.4299397258291107
137	0.3775797899972482
138	0.6884197964379
139	0.4895605451959123
140	0.5852680376789746
141	0.7111366461700386
142	0.7712627042813325
143	0.9680555771461302
144	0.9680555771461302
145	0.7712627042813325
146	0.21742711012397728
147	0.17606198232518677
148	0.05296346225090895
149	0.08209608258032047
150	0.08619300005539211
151	0.9071954723294354
152	0.9071954723294354
153	0.8782156365502277
154	0.7967132492072908
155	0.7712627042813325
156	0.9071954723294354
157	0.47392181612760975
158	0.47392181612760975
159	0.7712627042813325
160	0.9220420515895035
161	0.5852680376789746
162	0.49757237909339663
163	0.4299397258291107
164	0.5758441417787756
165	0.8230036250150332
166	0.9524680951766462
167	1.0
168	1.0
169	0.8230036250150332
170	0.7967132492072908
171	0.9838981538483119
172	1.0
173	1.0
174	1.0
175	1.0
176	0.9524680951766462
177	0.937131600443727
178	0.9838981538483119
179	0.9838981538483119
180	1.0
181	1.0
182	1.0
183	1.0
184	1.0
185	0.9680555771461302
186	1.0
187	1.0
188	1.0
189	1.0
190	1.0
191	1.0
192	0.9680555771461302
193	1.0
194	1.0
195	0.9680555771461302
196	1.0
197	1.0
198	1.0
199	1.0
200	1.0
