1	0.9220420515895036
2	0.9220420515895036
3	0.823003625015039
4	0.823003625015039
5	0.5484731728386689
6	0.29597901853585135
7	0.4369758436353341
8	0.481677716615238
9	0.823003625015039
10	0.010791719379643227
11	0.0330773411179359
12	0.18187177108593688
13	0.18484816784601615
14	0.15972263321475677
15	0.17894329980857993
16	0.3210038175868511
17	0.481677716615238
18	0.3900393726467364
19	0.5758441417787756
20	0.9220420515895036
21	0.36551822152450336
22	0.17894329980857993
23	0.06435386265758218
24	0.05044600800408382
25	0.3837590186752804
26	0.15462038588001104
27	0.513991542262758
28	0.7588439508744758
29	0.3837590186752804
30	0.35963270335587966
31	0.37757978999725095
32	0.4162055494255547
33	0.5665719880005149
34	0.7967132492072908
35	0.3158350635019698
36	0.3158350635019698
37	0.7838846950415603
38	0.7712627042813326
39	0.9838981538483189
40	0.9838981538483189
41	0.5758441417787756
42	0.016727718463300126
43	0.39642250686331315
44	0.0622981156565685
45	0.010278768401209684
46	0.03416884515602848
47	0.12318811002815044
48	0.5852680376789872
49	0.9838981538483189
50	1.0
51	0.5057153295259778
52	0.39642250686331315
53	0.4299397258291108
54	0.4369758436353341
55	0.4369758436353341
56	0.4299397258291108
57	0.9838981538483189
58	0.15462038588001104
59	0.025511319561055724
60	0.0034641831191914805
61	0.0033535217887888376
62	0.0002665163506524554
63	0.023907463729683512
64	1.0
65	0.059336967552506205
66	0.01999793295422567
67	0.009790198959862089
68	0.17043778391330164
69	0.03646109590141792
70	0.5309525138815143
71	1.0
72	1.0
73	1.0
74	1.0
75	0.4895605451959228
76	0.004491573493650815
77	0.00019263126270860307
78	6.927650175875257e-05
79	4.3265345253976524e-05
80	0.0036965812672960317
81	0.17322705937262783
82	0.11544347070631857
83	0.010791719379643227
84	0.00034555845780302985
85	0.00011274092112108797
86	0.010278768401209684
87	0.9524680951766463
88	0.9680555771461301
89	0.14968112689163143
90	0.07819389939674362
91	1.0
92	0.9838981538483189
93	0.9220420515895036
94	1.0
95	1.0
96	0.9524680951766463
97	0.8364723744993592
98	1.0
99	0.9071954723294419
100	0.2037578156903402
101	0.16769342093829617
102	0.9838981538483189
103	1.0
104	0.012693727967806583
105	0.001869417813710169
106	0.001869417813710169
107	0.028581295041564064
108	0.1252041276287828
109	0.9680555771461301
110	1.0
111	0.17043778391330164
112	0.0028976934794106937
113	0.000803736982286617
114	0.000816890426252923
115	0.000871692327807661
116	0.0015637163575655455
117	0.014221262971401333
118	0.1878732744065199
119	0.04019100294647119
120	0.5852680376789872
121	0.4369758436353341
122	0.020657835589543778
123	0.03828064801966494
124	0.9838981538483189
125	0.024696375181437157
126	0.0012869442307717569
127	0.0017236818362313133
128	0.0015637163575655455
129	0.01999793295422567
130	0.13801229332339257
131	1.0
132	0.5224031981891458
133	0.3715000583087311
134	0.05211065273008481
135	0.07447719441285176
136	0.19094788792080922
137	0.07447719441285176
138	0.4895605451959228
139	0.2685108255202325
140	0.3900393726467364
141	0.6347520014624478
142	0.3425386759286075
143	0.1878732744065199
144	0.14968112689163143
145	0.9371316004437404
146	1.0
147	1.0
148	0.9838981538483189
149	0.025928821455018843
150	0.02510054021835723
151	0.061295000982726805
152	0.08480513362914895
153	0.9838981538483189
154	0.14489964968096344
155	0.016727718463300126
156	0.020657835589543778
157	1.0
158	1.0
159	1.0
160	0.9680555771461301
161	0.043589121425845555
162	0.05560654736795844
163	0.06979493239667438
164	0.9071954723294419
165	0.9220420515895036
166	0.022404439747548983
167	0.02168874285044923
168	0.01593261814139069
169	0.010278768401209684
170	0.8925879504044915
171	0.9371316004437404
172	0.22827757824649536
173	0.2475782724366734
174	0.3837590186752804
175	0.9680555771461301
176	0.6664286233595221
177	0.2685108255202325
178	0.2641873055176485
179	0.6996860333005961
180	0.4895605451959228
181	0.614475215120391
182	0.06331764666180247
183	0.05383022830539263
184	0.3900393726467364
185	0.9524680951766463
186	0.9680555771461301
187	0.9524680951766463
188	0.8364723744993592
189	0.19407281858793526
190	0.07447719441285176
191	0.06331764666180247
192	0.09197534264619908
193	0.17894329980857993
194	0.14027091400017716
195	0.12318811002815044
196	0.9371316004437404
197	0.4299397258291108
198	0.4299397258291108
199	0.4587826572335587
200	0.7346031188276507
