1	0.7712627042813436
2	0.6664286233595222
3	0.9220420515895166
4	0.39003937264673083
5	0.018740694914960117
6	0.019047393108381605
7	0.020657835589543774
8	0.020325206299054217
9	0.016727718463300126
10	0.9371316004437272
11	0.6245313223904189
12	0.9220420515895166
13	0.034168845156027985
14	0.024298717947761457
15	0.9220420515895166
16	0.05127157501696131
17	0.10472979393476875
18	0.2320134226836728
19	0.5309525138815143
20	0.4095038717012285
21	0.3964225068633132
22	0.9220420515895166
23	0.8501615448994049
24	0.7967132492073021
25	0.9071954723294419
26	0.9680555771461301
27	0.9371316004437272
28	0.9524680951766598
29	0.9220420515895166
30	0.9680555771461301
31	0.5665719880005149
32	0.49757237909340374
33	0.3481444442077991
34	0.7712627042813436
35	0.11175569566235918
36	0.09656527406216149
37	0.09197534264619776
38	0.9371316004437272
39	0.03472803056127704
40	0.04576439005839962
41	0.9524680951766598
42	0.6664286233595222
43	0.9680555771461301
44	0.024696375181437157
45	0.019047393108381605
46	0.009790198959862228
47	0.011895693606067882
48	0.011330268629776648
49	0.35384195289533515
50	0.8640747434825014
51	0.614475215120391
52	0.677334966787895
53	0.9071954723294419
54	0.8925879504044913
55	0.8925879504044913
56	0.8925879504044913
57	0.9220420515895166
58	0.9220420515895166
59	0.9071954723294419
60	0.9220420515895166
61	0.8640747434825014
62	0.8782156365502339
63	0.3210038175868557
64	0.13145230613269226
65	0.17606198232518802
66	0.2209853827589351
67	0.24359180518339563
68	0.3008228213237163
69	0.305745894681384
70	0.305745894681384
71	0.2819105719970956
72	0.25574799451756824
73	0.07947357060372963
74	0.16499324727370096
75	0.29121320991525734
76	0.27737129133826594
77	0.07947357060372963
78	0.052110652730085555
79	0.614475215120391
80	0.02277109643911641
81	0.017562497419084444
82	0.10995622264422977
83	0.20709238541955044
84	0.3596327033558797
85	0.8501615448994049
86	0.9220420515895166
87	0.5665719880005149
88	0.5224031981891384
89	0.5309525138815143
90	0.5948461590153712
91	0.4369758436353279
92	0.47392181612761314
93	0.8640747434825014
94	0.7227746524257325
95	0.8640747434825014
96	0.39003937264673083
97	0.210481526578285
98	0.11175569566235918
99	0.015175310452307484
100	0.41620554942555466
101	0.4095038717012285
102	0.07093715149650967
103	0.35384195289533515
104	0.7838846950415491
105	0.1972488898661499
106	0.28652413961186873
107	0.03890712455342854
108	0.6245313223904189
109	0.013545299253376991
110	0.020995908477665932
111	0.011330268629776648
112	0.6347520014624477
113	0.8501615448994049
114	0.3775797899972509
115	0.34253867592860743
116	0.44412711003287414
117	0.5948461590153712
118	0.9220420515895166
119	0.8640747434825014
120	0.8782156365502339
121	0.5057153295259778
122	0.15715080394779135
123	0.12933568132305998
124	0.15715080394779135
125	0.05744148237014259
126	0.07209806342155774
127	0.7588439508744758
128	0.39003937264673083
129	0.8640747434825014
130	0.9680555771461301
131	0.9680555771461301
132	0.9071954723294419
133	0.8782156365502339
134	0.8782156365502339
135	0.5484731728386688
136	0.15972263321475677
137	0.18484816784601354
138	0.10138426111191784
139	0.0997517873372933
140	0.16499324727370096
141	0.16233655139003125
142	0.29121320991525734
143	0.2819105719970956
144	0.44412711003287414
145	0.9524680951766598
146	0.014930959938100428
147	0.001589307136566305
148	0.02314375359893927
149	0.6451399456130033
150	0.0004480424839484732
151	0.004871332588256415
152	0.006015834611932685
153	0.6556978921951104
154	0.02277109643911641
155	0.010968329737619126
156	0.03828064801966439
157	0.34253867592860743
158	0.34253867592860743
159	0.35384195289533515
160	0.11544347070631858
161	0.4513954094697245
162	0.6045810297425014
163	0.746625162324361
164	0.5665719880005149
165	0.47392181612761314
166	0.2516299796562454
167	0.1472709844146142
168	0.054711179297212614
169	0.024696375181437157
170	0.2819105719970956
171	0.26851082552023625
172	0.35384195289533515
173	0.3655182215245033
174	0.11733274450692356
175	0.10472979393476875
176	0.15462038588001104
177	0.6996860333005861
178	0.9220420515895166
179	0.9680555771461301
180	0.8501615448994049
181	0.823003625015039
182	0.5665719880005149
183	0.6245313223904189
184	0.6664286233595222
185	0.8782156365502339
186	0.8782156365502339
187	0.3655182215245033
188	0.0675653735631387
189	0.02510054021835723
190	0.019359110527732818
191	0.6045810297425014
192	0.020995908477665932
193	0.03529636723622752
194	0.027222771645920248
195	0.030007614098887928
196	0.061295000982725924
197	0.5852680376789788
198	0.5758441417787837
199	0.8925879504044913
200	0.9680555771461301
