1	0.48167771661524483
2	0.5852680376789788
3	0.2912132099152615
4	0.15715080394779135
5	0.12120455403276079
6	0.10472979393477024
7	8.148628007745243e-05
8	2.01742324488663e-05
9	0.00041987477004942157
10	1.9529778236767732e-05
11	2.297184382655015e-05
12	0.0005270086451645937
13	0.0007780620682611711
14	0.24359180518339563
15	1.0
16	1.0
17	1.0
18	0.24359180518339563
19	0.0007780620682611711
20	0.0005270086451645937
21	2.297184382655015e-05
22	1.9529778236767732e-05
23	0.00041987477004942157
24	2.050439099815247e-05
25	8.837588257170863e-05
26	0.005546852487609637
27	0.01874069491496012
28	0.05127157501696131
29	0.09814559940423298
30	0.12318811002814868
31	0.2320134226836728
32	0.2320134226836728
33	0.7466251623243717
34	1.0
35	0.9371316004437271
36	0.331596475620944
37	0.11733274450692355
38	0.06331764666180247
39	0.07947357060372963
40	0.9071954723294418
41	0.9371316004437271
42	0.3370231708678045
43	0.2729051014782441
44	0.27737129133826594
45	0.2729051014782441
46	0.7227746524257428
47	0.7111366461700486
48	0.4975723790934108
49	0.48167771661524483
50	0.6556978921951104
51	0.8640747434825136
52	0.9071954723294418
53	0.9838981538483189
54	0.9524680951766598
55	0.9371316004437271
56	0.8782156365502338
57	0.40291010336058325
58	0.30082282132372057
59	0.31583506350196977
60	0.5396417421913038
61	0.9838981538483189
62	0.6773349667878948
63	0.6451399456130125
64	0.5758441417787837
65	0.3655182215245033
66	0.6664286233595316
67	0.8501615448994048
68	0.6884197964379097
69	0.30082282132372057
70	0.35384195289533515
71	0.40291010336058325
72	0.5309525138815142
73	1.0
74	0.783884695041549
75	0.2912132099152615
76	0.45878265723355866
77	0.176061982325188
78	0.07693483325865721
79	0.1972488898661499
80	0.2912132099152615
81	0.46629079995640094
82	0.4975723790934108
83	0.9524680951766598
84	0.823003625015039
85	0.7967132492073021
86	0.7967132492073021
87	0.8501615448994048
88	0.5057153295259778
89	0.4369758436353278
90	0.4369758436353278
91	0.4975723790934108
92	0.6144752151203912
93	0.5852680376789788
94	0.5852680376789788
95	0.6045810297425014
96	0.29597901853585135
97	0.22460188780169513
98	0.2641873055176485
99	0.35963270335588476
100	0.7466251623243717
101	0.8501615448994048
102	0.6556978921951104
103	0.6245313223904277
104	0.7967132492073021
105	0.8097517472627709
106	0.8640747434825136
107	0.9680555771461301
108	0.9071954723294418
109	0.8501615448994048
110	0.783884695041549
111	0.44412711003287414
112	0.1380122933233906
113	0.1818717710859395
114	0.3655182215245033
115	0.11925293695084216
116	0.22460188780169513
117	0.513991542262758
118	0.9838981538483189
119	1.0
120	0.5224031981891458
121	0.29597901853585135
122	0.20047693868989458
123	0.45139540946972445
124	0.048834539393112344
125	0.05838153282986928
126	0.10644373457266823
127	0.5665719880005149
128	0.5484731728386688
129	0.5758441417787837
130	0.6045810297425014
131	0.9371316004437271
132	0.8364723744993591
133	0.8364723744993591
134	0.9524680951766598
135	0.8364723744993591
136	0.7588439508744758
137	0.8640747434825136
138	0.45878265723355866
139	0.024696375181437153
140	0.07447719441285175
141	0.15972263321475674
142	0.35384195289533515
143	0.8782156365502338
144	0.1472709844146142
145	0.10304345090533384
146	0.25574799451756824
147	0.305745894681384
148	0.05211065273008555
149	0.1099562226442282
150	0.002715520127955534
151	0.00011274092112108955
152	0.004491573493650751
153	0.03646109590141792
154	0.823003625015039
155	1.0
156	1.0
157	1.0
158	0.823003625015039
159	0.823003625015039
160	0.8364723744993591
161	1.0
162	0.22460188780169513
163	0.01619336115132798
164	0.025100540218357226
165	0.0011487109132294635
166	0.14256649781436806
167	0.1357900406092586
168	0.513991542262758
169	0.46629079995640094
170	0.1818717710859395
171	0.059336967552506205
172	0.11733274450692355
173	0.8640747434825136
174	0.7227746524257428
175	0.7466251623243717
176	0.8640747434825136
177	0.4299397258291169
178	0.2819105719970956
179	0.25993340216897615
180	0.513991542262758
181	0.6347520014624477
182	0.5396417421913038
183	0.6451399456130125
184	0.6773349667878948
185	0.7588439508744758
186	0.28652413961186873
187	0.07819389939674472
188	0.09197534264619776
189	0.6773349667878948
190	0.783884695041549
191	0.6451399456130125
192	0.5665719880005149
193	0.27737129133826594
194	0.35963270335588476
195	0.4162055494255546
196	0.08343961441458082
197	0.0622981156565685
198	0.08619300005539272
199	0.45139540946972445
200	0.7346031188276402
