1	0.9680555771461439
2	0.014690543918280431
3	0.008597905811488844
4	0.007191910689857911
5	0.009632558682416177
6	0.03202070454638331
7	0.9838981538483329
8	1.0
9	1.0
10	1.0
11	1.0
12	1.0
13	1.0
14	0.9838981538483329
15	0.9838981538483329
16	0.04883453939311235
17	0.019997932954225667
18	0.014453999040223557
19	0.015932618141390915
20	0.017562497419084444
21	0.0034084033755650083
22	0.0029933131400918323
23	0.003818563060391394
24	0.011515692539375738
25	0.07093715149650967
26	0.3262571601860559
27	1.0
28	1.0
29	1.0
30	0.3262571601860559
31	0.0686711051330571
32	0.00932485215470036
33	0.004009124378788922
34	0.0006723037820462359
35	0.005918968568537472
36	0.003042299783147364
37	0.0011120160060804068
38	0.0009453932456821846
39	0.0028051283336035368
40	0.12725313808047323
41	0.002628774404719928
42	0.001206036106664975
43	0.0021286546673816424
44	0.0011302145468318856
45	0.007927630713798714
46	0.48956054519591574
47	0.48956054519591574
48	0.00028439586342649594
49	8.982218558500615e-05
50	0.04084874312373918
51	1.0
52	1.0
53	1.0
54	0.9680555771461439
55	0.008738613623635486
56	0.0015385376373511798
57	0.03254473486014822
58	0.006631244087325071
59	0.0005185228330395548
60	0.0011866166988220997
61	0.0020943793974173754
62	0.0011866166988220997
63	0.01228823415401115
64	1.0
65	0.12725313808047323
66	0.0025864462836876507
67	0.00018347513186353528
68	0.0015137643410159584
69	0.005114431247540003
70	1.0
71	1.0
72	0.9524680951766463
73	0.27737129133826993
74	0.1293356813230618
75	0.1380122933233906
76	0.7346031188276403
77	0.006962169253653824
78	0.0010941104954322776
79	5.172357937089178e-05
80	0.00041987477004942753
81	3.027215780013517e-05
82	5.60967683434023e-05
83	0.03254473486014822
84	1.0
85	1.0
86	1.0
87	1.0
88	1.0
89	0.03202070454638331
90	6.598365767066063e-05
91	2.930513119066858e-05
92	0.00041987477004942753
93	5.007129947995302e-05
94	0.0010764932965619178
95	0.006962169253653824
96	1.0
97	1.0
98	0.40291010336057753
99	0.13360357026643777
100	0.09197534264619776
101	0.45878265723356515
102	0.1380122933233906
103	0.027222771645920248
104	0.0006944888267967281
105	0.00028439586342649594
106	0.0005715668219861406
107	0.013766972933527003
108	0.251629979656249
109	0.17894329980857737
110	0.21392613224755636
111	0.020995908477665932
112	0.0028051283336035368
113	0.28652413961186873
114	0.30082282132372057
115	0.32100381758685115
116	0.9838981538483329
117	0.04288725609875964
118	0.022043686905619655
119	0.031505112088109015
120	0.9220420515895166
121	0.27737129133826993
122	0.3775797899972509
123	0.348144444207809
124	0.013545299253377184
125	0.0024238405452939728
126	0.0017518905076602488
127	0.012901465378461817
128	0.7227746524257325
129	0.7227746524257325
130	0.11925293695084047
131	0.4299397258291168
132	1.0
133	0.8782156365502338
134	0.8501615448994049
135	0.8501615448994049
136	0.3837590186752749
137	0.40291010336057753
138	0.8640747434825014
139	1.0
140	0.10644373457266824
141	0.1013842611119193
142	0.04430247303072529
143	0.11544347070631857
144	0.08343961441457963
145	0.7111366461700487
146	0.8782156365502338
147	0.17043778391330164
148	0.059336967552506205
149	0.7227746524257325
150	0.1293356813230618
151	0.05651656845829486
152	0.1546203858800132
153	0.024696375181437157
154	0.0013732801563434388
155	0.022043686905619655
156	0.19094788792080922
157	0.30082282132372057
158	0.8782156365502338
159	0.8364723744993591
160	0.34253867592860743
161	0.5396417421913039
162	0.6045810297425014
163	0.8364723744993591
164	1.0
165	0.7967132492072909
166	0.8230036250150508
167	0.8230036250150508
168	0.6144752151203912
169	0.20709238541955047
170	0.22460188780169194
171	0.5574491330158785
172	0.9838981538483329
173	0.9838981538483329
174	0.6556978921951199
175	0.758843950874465
176	0.9838981538483329
177	0.8097517472627709
178	0.4162055494255606
179	0.5396417421913039
180	0.7712627042813435
181	0.7967132492072909
182	0.7838846950415602
183	0.8230036250150508
184	0.44412711003286787
185	0.3900393726467364
186	0.7111366461700487
187	0.8640747434825014
188	0.5574491330158785
189	0.6451399456130124
190	0.8364723744993591
191	0.210481526578285
192	0.06647744631284323
193	0.07327797408660716
194	0.15972263321475677
195	0.15213071221465968
196	0.16769342093829856
197	0.2599334021689762
198	0.28652413961186873
199	0.6045810297425014
200	0.9838981538483329
