1	0.9838981538483047
2	0.9838981538483047
3	0.9838981538483047
4	0.9838981538483047
5	0.9838981538483047
6	1.0
7	1.0
8	0.21742711012397722
9	0.18484816784601088
10	0.18787327440651985
11	0.21048152657828498
12	0.3900393726467308
13	0.9680555771461301
14	0.9838981538483047
15	0.6347520014624387
16	0.5758441417787756
17	0.5309525138815068
18	0.6045810297425013
19	0.6144752151203823
20	0.6045810297425013
21	0.9524680951766463
22	0.9524680951766463
23	1.0
24	1.0
25	1.0
26	1.0
27	0.6664286233595221
28	0.6347520014624387
29	0.018438935128663837
30	0.02133951404984792
31	0.014930959938100216
32	0.031505112088108564
33	0.04963373414423558
34	0.0512715750169613
35	0.03361866366814501
36	0.014930959938100216
37	0.006962169253653725
38	0.008057369233584848
39	0.02168874285044892
40	0.9838981538483047
41	0.9680555771461301
42	0.9680555771461301
43	0.2396695274125223
44	0.19094788792080647
45	0.9524680951766463
46	0.937131600443727
47	0.0320207045463824
48	0.04651334071458661
49	0.05383022830539186
50	0.17606198232518547
51	0.9838981538483047
52	0.277371291338262
53	0.8925879504044913
54	0.8230036250150272
55	0.937131600443727
56	0.9071954723294288
57	1.0
58	0.04219669209918966
59	0.03954385360034534
60	0.03307734111793543
61	0.003408403375565008
62	0.00037477516042496497
63	0.00206065602257691
64	0.0048713325882563455
65	1.0
66	1.0
67	1.0
68	1.0
69	0.0029451152724262256
70	7.761308196840071e-05
71	7.636336806318879e-05
72	0.0028510352648104522
73	0.0027155201279554955
74	0.001395754378613407
75	0.005637628717885246
76	0.2599334021689724
77	0.8230036250150272
78	0.040848743123738596
79	0.03254473486014775
80	0.03361866366814501
81	0.06867110513305613
82	1.0
83	0.9680555771461301
84	0.2435918051833956
85	0.3057458946813797
86	0.9838981538483047
87	0.9838981538483047
88	1.0
89	0.07569604040982106
90	0.05471117929721262
91	0.055606547367957636
92	0.05838153282986846
93	0.0512715750169613
94	0.024696375181437153
95	0.02065783558954348
96	0.1314523061326904
97	0.18187177108593688
98	0.19094788792080647
99	0.32100381758685104
100	0.028581295041563655
101	0.00015853622750040233
102	2.3729881185408606e-05
103	0.0004859241323929735
104	1.98493900617464e-05
105	2.1879948332169308e-05
106	0.0010941104954322774
107	0.008323250672588899
108	1.0
109	1.0
110	1.0
111	1.0
112	0.4662907999563943
113	0.3655182215244981
114	0.9838981538483047
115	0.4587826572335521
116	0.937131600443727
117	0.0020274756563298415
118	2.4512932672073425e-05
119	8.69528677070187e-05
120	0.0030422997831473205
121	0.0027155201279554955
122	1.0
123	1.0
124	1.0
125	1.0
126	1.0
127	1.0
128	0.0012060361066649748
129	0.0018097003405784541
130	9.584799567368471e-05
131	1.4820054076890966e-05
132	0.0019948295552353395
133	1.0
134	0.37150005830872573
135	0.9524680951766463
136	0.4441271100328678
137	0.5139915422627507
138	0.9220420515895035
139	1.0
140	1.0
141	1.0
142	0.008189230970776996
143	0.0010941104954322774
144	2.2238021533621457e-05
145	1.98493900617464e-05
146	0.0004938764550907759
147	2.260195473143427e-05
148	9.901083980761598e-05
149	0.027668282067044733
150	0.9838981538483047
151	0.8097517472627709
152	0.746625162324361
153	0.9220420515895035
154	0.9220420515895035
155	0.8925879504044913
156	0.9220420515895035
157	0.42993972582911066
158	0.014930959938100216
159	0.0061142859028680595
160	0.007674387126047693
161	0.007309608887594823
162	1.0
163	1.0
164	1.0
165	1.0
166	1.0
167	1.0
168	0.034728030561276546
169	0.015175310452307265
170	0.015932618141390686
171	0.08903724340857805
172	0.49757237909340374
173	0.9680555771461301
174	0.9838981538483047
175	0.9680555771461301
176	0.937131600443727
177	0.6144752151203823
178	0.6245313223904188
179	0.9071954723294288
180	0.8230036250150272
181	0.7346031188276297
182	0.7227746524257324
183	0.9071954723294288
184	0.9524680951766463
185	0.9680555771461301
186	0.9680555771461301
187	0.3964225068633075
188	0.08077418408895644
189	0.01079171937964292
190	0.02812108342598859
191	0.034168845156027985
192	0.6347520014624387
193	0.8501615448993926
194	0.9838981538483047
195	0.9838981538483047
196	0.7712627042813325
197	0.7712627042813325
198	0.6245313223904188
199	0.6144752151203823
200	0.8640747434825012
