1	0.9680555771461439
2	0.9680555771461439
3	0.9680555771461439
4	0.9680555771461439
5	0.9838981538483189
6	0.9838981538483189
7	0.9838981538483189
8	1.0
9	0.9838981538483189
10	0.1425664978143681
11	0.08619300005539272
12	0.09049436982916181
13	0.2599334021689762
14	0.9071954723294419
15	0.8364723744993591
16	0.9838981538483189
17	0.9838981538483189
18	0.9524680951766462
19	0.2959790185358471
20	0.05744148237014259
21	0.06435386265758125
22	0.09197534264619907
23	0.154620385880011
24	0.43697584363533404
25	0.42301690250932045
26	0.5574491330158785
27	0.513991542262758
28	0.6773349667878948
29	0.7838846950415601
30	0.7227746524257427
31	0.7111366461700386
32	0.4441271100328678
33	0.4299397258291169
34	0.3775797899972509
35	0.513991542262758
36	0.4441271100328678
37	0.4513954094697309
38	0.48167771661524483
39	0.5484731728386688
40	0.3655182215245085
41	0.14489964968096344
42	0.28652413961186873
43	0.31074953590015464
44	0.40291010336058325
45	0.7712627042813435
46	0.1252041276287828
47	0.02551131956105572
48	0.022771096439116734
49	0.02032520629905422
50	0.035296367236228025
51	0.9680555771461439
52	0.027668282067045125
53	0.02032520629905422
54	0.015175310452307482
55	0.03202070454638331
56	0.018438935128663837
57	0.019047393108381872
58	0.026353155917209006
59	0.03049869946550789
60	0.9838981538483189
61	0.9680555771461439
62	0.9838981538483189
63	0.6664286233595221
64	0.6556978921951105
65	0.9371316004437404
66	0.6245313223904277
67	0.6451399456130124
68	0.023522509426831584
69	0.009174704819918202
70	0.3425386759286075
71	0.09656527406216149
72	0.06331764666180337
73	0.08343961441457963
74	0.15213071221465965
75	0.8501615448993927
76	0.8501615448993927
77	0.614475215120391
78	0.5309525138815067
79	0.5224031981891458
80	0.8364723744993591
81	0.32625716018605594
82	0.35963270335588476
83	0.43697584363533404
84	0.3655182215245085
85	0.7111366461700386
86	0.5852680376789872
87	0.614475215120391
88	0.9371316004437404
89	0.40950387170122843
90	0.013992274382953427
91	0.02551131956105572
92	0.32100381758685564
93	0.26851082552023625
94	0.5309525138815067
95	0.9071954723294419
96	0.2435918051833991
97	0.014221262971401532
98	0.011895693606068052
99	0.21392613224755938
100	0.9838981538483189
101	0.18187177108593947
102	0.9524680951766462
103	0.4441271100328678
104	0.4441271100328678
105	0.466290799956401
106	0.37150005830873106
107	1.0
108	1.0
109	0.614475215120391
110	0.8364723744993591
111	0.42301690250932045
112	0.7346031188276403
113	0.19407281858793526
114	0.4441271100328678
115	0.154620385880011
116	0.7346031188276403
117	0.31583506350196977
118	0.5574491330158785
119	0.001695927376489869
120	0.018438935128663837
121	0.43697584363533404
122	0.3837590186752804
123	1.0
124	0.2004769386898946
125	0.14489964968096344
126	0.5574491330158785
127	0.015676073575284753
128	0.43697584363533404
129	0.004639788871308576
130	0.5396417421913039
131	0.6245313223904277
132	0.10818572446379239
133	0.041517247454898654
134	0.009790198959862089
135	0.015423659850313087
136	0.33159647562093936
137	0.035296367236228025
138	0.05044600800408453
139	0.03587400494469159
140	0.03416884515602847
141	0.034728030561276546
142	0.011330268629776647
143	0.014221262971401532
144	0.007927630713798602
145	0.9680555771461439
146	0.03049869946550789
147	0.015676073575284753
148	0.9680555771461439
149	0.028581295041564064
150	0.029049038185277303
151	0.03828064801966493
152	0.03828064801966493
153	0.19407281858793526
154	0.1972488898661499
155	0.062298115656567614
156	0.010968329737619126
157	0.014930959938100428
158	0.01619336115132798
159	0.9071954723294419
160	0.9071954723294419
161	0.9071954723294419
162	1.0
163	1.0
164	0.8925879504044913
165	0.0043480927706904
166	0.006739766775034895
167	0.007429233258549036
168	0.09656527406216149
169	0.11175569566235759
170	0.5396417421913039
171	0.39642250686330754
172	0.3655182215245085
173	0.32625716018605594
174	0.6347520014624387
175	0.7967132492072908
176	0.8364723744993591
177	0.7967132492072908
178	0.8364723744993591
179	0.8640747434825136
180	0.8097517472627825
181	0.7967132492072908
182	0.6996860333005961
183	0.7838846950415601
184	0.9838981538483189
185	0.9524680951766462
186	0.3425386759286075
187	0.2435918051833991
188	0.176061982325188
189	0.15213071221465965
190	0.1972488898661499
191	0.7712627042813435
192	0.9071954723294419
193	0.9371316004437404
194	0.8501615448993927
195	0.9524680951766462
196	0.23966952741252567
197	0.04651334071458662
198	0.04883453939311235
199	0.10644373457266823
200	1.0
