1	0.5309525138815142
2	0.28652413961186873
3	0.32100381758685564
4	0.41620554942555466
5	0.5484731728386766
6	0.3837590186752804
7	0.4299397258291169
8	0.3900393726467364
9	0.6664286233595222
10	0.566571988000515
11	0.44412711003287414
12	0.6144752151203998
13	0.7466251623243612
14	0.8230036250150508
15	0.6773349667879045
16	0.6245313223904277
17	0.19094788792081194
18	0.2912132099152615
19	0.505715329525985
20	0.6347520014624477
21	0.2685108255202363
22	0.32100381758685564
23	0.28652413961186873
24	0.37150005830873106
25	0.24757827243667338
26	0.2070923854195534
27	0.5948461590153711
28	0.9524680951766599
29	0.968055577146144
30	0.6556978921951199
31	0.272905101478248
32	0.35384195289533515
33	0.12725313808047503
34	0.6664286233595222
35	0.32100381758685564
36	0.23581040555488308
37	0.2070923854195534
38	0.2209853827589351
39	0.9524680951766599
40	0.07093715149651067
41	0.0997517873372933
42	0.2004769386898946
43	0.11175569566235918
44	0.02204368690561934
45	0.007309608887594927
46	0.008881624169591424
47	0.009950419076984586
48	0.007550815325235737
49	0.0038185630603913673
50	0.04430247303072592
51	1.0
52	0.1030434509053353
53	0.5948461590153711
54	0.025928821455018843
55	0.00873861362363561
56	0.011330268629776648
57	0.026353155917209006
58	0.47392181612761314
59	0.7466251623243612
60	0.5396417421913038
61	0.5852680376789872
62	1.0
63	1.0
64	0.9838981538483329
65	0.10995622264422977
66	0.07819389939674361
67	0.9371316004437404
68	0.4513954094697309
69	0.48167771661524483
70	0.9220420515895166
71	0.8782156365502465
72	0.6245313223904277
73	0.6144752151203998
74	1.0
75	0.48167771661524483
76	0.48956054519592274
77	0.7838846950415602
78	0.18787327440651988
79	0.20375781569034312
80	0.9220420515895166
81	0.5852680376789872
82	0.4587826572335652
83	0.37150005830873106
84	0.48956054519592274
85	0.04084874312373918
86	0.28652413961186873
87	0.41620554942555466
88	0.40950387170123426
89	0.11544347070632022
90	0.48956054519592274
91	0.047274548216865483
92	0.013766972933527003
93	0.01967592931444537
94	0.01814203423202152
95	0.019997932954225955
96	0.02551131956105572
97	0.04502749889045438
98	0.12933568132305998
99	0.8782156365502465
100	0.9524680951766599
101	0.9524680951766599
102	0.9071954723294547
103	0.9071954723294547
104	0.15213071221465965
105	0.03890712455342854
106	0.06435386265758218
107	0.8097517472627824
108	0.0876035794134446
109	0.2004769386898946
110	0.21048152657828498
111	0.43697584363533404
112	0.9838981538483329
113	0.8925879504044915
114	0.331596475620944
115	0.18787327440651988
116	0.3775797899972509
117	0.15715080394779135
118	0.2599334021689762
119	0.5396417421913038
120	0.968055577146144
121	0.9838981538483329
122	0.968055577146144
123	0.6884197964379098
124	0.7111366461700487
125	0.33702317086780925
126	0.24757827243667338
127	0.11544347070632022
128	0.18787327440651988
129	0.2557479945175719
130	0.9838981538483329
131	0.9371316004437404
132	0.9220420515895166
133	0.9220420515895166
134	0.9524680951766599
135	1.0
136	1.0
137	1.0
138	0.017001473575159215
139	0.015676073575284753
140	0.009950419076984586
141	0.027668282067045125
142	0.15462038588001323
143	0.7967132492072908
144	0.7967132492072908
145	0.5574491330158786
146	0.08343961441458081
147	0.022771096439116737
148	0.009950419076984586
149	0.014453999040223764
150	0.5224031981891458
151	0.164993247273701
152	0.32100381758685564
153	0.32100381758685564
154	0.15972263321475905
155	0.03828064801966494
156	0.6664286233595222
157	0.6664286233595222
158	0.8097517472627824
159	0.2685108255202363
160	0.17322705937262783
161	0.15715080394779135
162	0.6664286233595222
163	0.7111366461700487
164	0.9071954723294547
165	0.8782156365502465
166	0.6144752151203998
167	0.6245313223904277
168	0.6451399456130124
169	0.8364723744993591
170	0.5396417421913038
171	0.2209853827589351
172	0.34253867592861237
173	0.6884197964379098
174	0.2209853827589351
175	0.2320134226836728
176	0.32625716018605594
177	0.8925879504044915
178	0.6884197964379098
179	0.6451399456130124
180	0.13801229332339257
181	0.09501039487561899
182	0.08209608258032165
183	0.30574589468138835
184	0.22460188780169513
185	0.6451399456130124
186	0.33702317086780925
187	0.1252041276287828
188	0.20375781569034312
189	0.3655182215245085
190	0.4513954094697309
191	0.277371291338266
192	0.3900393726467364
193	0.32100381758685564
194	0.22460188780169513
195	0.30082282132372057
196	0.6045810297425099
197	0.8925879504044915
198	0.8782156365502465
199	0.9071954723294547
200	0.9524680951766599
