1	0.3837590186752804
2	0.2396695274125257
3	0.24359180518339565
4	0.2516299796562454
5	0.2729051014782441
6	0.026784434765055296
7	0.026784434765055296
8	0.021339514049847925
9	0.614475215120391
10	0.5224031981891384
11	0.5758441417787756
12	1.0
13	1.0
14	0.983898153848319
15	0.1878732744065199
16	0.05651656845829405
17	0.011515692539375738
18	0.006850065475449525
19	0.013545299253376993
20	0.01593261814139069
21	0.013112602486345095
22	0.0330773411179359
23	1.0
24	1.0
25	1.0
26	1.0
27	1.0
28	0.042887256098759645
29	0.020325206299054217
30	0.01814203423202152
31	0.007927630713798489
32	0.005114431247540004
33	0.011147830387442766
34	0.05651656845829405
35	0.18187177108593688
36	1.0
37	0.9680555771461302
38	0.6773349667878948
39	0.5948461590153712
40	0.585268037678979
41	0.699686033300596
42	0.12933568132305998
43	0.020995908477665932
44	0.03361866366814549
45	0.983898153848319
46	0.4895605451959158
47	0.12120455403275908
48	0.09501039487561765
49	0.09501039487561765
50	0.10138426111191785
51	0.10138426111191785
52	0.10644373457266826
53	0.11544347070631858
54	0.1336035702664378
55	0.9680555771461302
56	0.19094788792080922
57	0.2729051014782441
58	1.0
59	1.0
60	0.983898153848319
61	0.983898153848319
62	0.9680555771461302
63	0.2729051014782441
64	0.2282775782464954
65	0.1472709844146142
66	0.017001473575158972
67	0.0076743871260476935
68	0.013112602486345095
69	0.007550815325235631
70	0.008459463654885606
71	0.010791719379643227
72	0.025928821455018843
73	0.3964225068633132
74	0.7967132492072908
75	0.027222771645920248
76	0.10818572446379239
77	0.10644373457266826
78	0.7588439508744759
79	0.7712627042813326
80	0.4095038717012285
81	0.15972263321475677
82	0.15462038588001104
83	0.9371316004437406
84	0.2599334021689725
85	0.1252041276287828
86	0.10138426111191785
87	0.0997517873372933
88	0.16233655139003125
89	0.7588439508744759
90	0.21742711012397725
91	0.04804821315291625
92	0.0035208757183271744
93	0.002945115272426268
94	0.003757077145472426
95	0.0043480927706904
96	0.8640747434825014
97	0.005637628717885326
98	0.04151724745489925
99	0.7838846950415491
100	0.8782156365502339
101	0.14968112689163354
102	0.14968112689163354
103	0.15972263321475677
104	0.3262571601860513
105	0.35384195289533515
106	0.3837590186752804
107	0.4441271100328742
108	0.10138426111191785
109	0.823003625015039
110	0.8501615448994049
111	0.823003625015039
112	0.8640747434825014
113	0.8782156365502339
114	0.8782156365502339
115	1.0
116	0.8925879504044915
117	0.8640747434825014
118	0.8782156365502339
119	0.12933568132305998
120	0.07819389939674361
121	0.15213071221465752
122	0.1472709844146142
123	0.1472709844146142
124	0.09348055211451999
125	0.04502749889045438
126	0.809751747262771
127	0.8640747434825014
128	0.8364723744993591
129	0.983898153848319
130	0.4441271100328742
131	0.016458371314135432
132	0.01593261814139069
133	0.014221262971401331
134	0.013992274382953427
135	0.15213071221465752
136	0.9220420515895166
137	0.0997517873372933
138	0.007429233258548931
139	0.0028976934794106937
140	0.004715720680195316
141	0.983898153848319
142	0.3715000583087311
143	0.9371316004437406
144	0.699686033300596
145	0.03828064801966439
146	0.006850065475449525
147	0.008057369233585078
148	0.0058236622472702445
149	0.004491573493650752
150	0.003637059484442896
151	1.0
152	1.0
153	1.0
154	1.0
155	0.004009124378788865
156	0.002851035264810493
157	0.004491573493650752
158	0.009790198959862228
159	0.03828064801966439
160	0.07947357060372963
161	1.0
162	0.9371316004437406
163	1.0
164	0.983898153848319
165	1.0
166	1.0
167	0.983898153848319
168	0.6773349667878948
169	1.0
170	0.36551822152450336
171	0.983898153848319
172	0.0034641831191914805
173	0.002759960588740092
174	0.009477456704464872
175	0.04430247303072529
176	0.8782156365502339
177	0.2729051014782441
178	0.015423659850313087
179	0.01493095993810043
180	0.015423659850313087
181	0.013992274382953427
182	0.4299397258291168
183	0.9680555771461302
184	0.8782156365502339
185	0.8364723744993591
186	0.04651334071458728
187	0.04151724745489925
188	0.9071954723294418
189	0.06540703669975813
190	0.07327797408660718
191	0.006631244087325071
192	0.013112602486345095
193	0.061295000982726805
194	0.3262571601860513
195	0.9071954723294418
196	0.9071954723294418
197	0.9220420515895166
198	0.9220420515895166
199	0.9220420515895166
200	0.9220420515895166
