1	0.9680555771461439
2	0.9680555771461439
3	0.9838981538483188
4	0.9680555771461439
5	0.9371316004437403
6	0.9524680951766462
7	0.9680555771461439
8	0.18484816784601354
9	0.07327797408660716
10	0.08209608258032164
11	0.9838981538483188
12	0.005198130749138961
13	0.007927630713798602
14	0.03828064801966494
15	0.9680555771461439
16	0.9838981538483188
17	0.0769348332586572
18	0.14027091400017713
19	0.32100381758685564
20	0.0395438536003459
21	0.034728030561276546
22	0.010446984132459602
23	0.011515692539375738
24	0.014453999040223557
25	0.017562497419084444
26	0.02551131956105572
27	0.07327797408660716
28	0.25574799451756824
29	0.9838981538483188
30	0.9838981538483188
31	0.699686033300596
32	0.1789432998085799
33	0.1789432998085799
34	0.18787327440651988
35	0.37757978999725084
36	0.9680555771461439
37	0.5309525138815068
38	0.06647744631284418
39	0.018438935128663837
40	0.01700147357515921
41	0.9371316004437403
42	0.9838981538483188
43	0.9680555771461439
44	0.9838981538483188
45	0.9524680951766462
46	1.0
47	0.002671795240633401
48	0.0024238405452939554
49	0.00414141963895089
50	0.005032079462438764
51	0.006316048424505998
52	0.0019311058764015325
53	0.00097658984463396
54	0.00414141963895089
55	0.011147830387442922
56	0.034728030561276546
57	0.18187177108593947
58	0.8782156365502339
59	0.48167771661524483
60	0.9838981538483188
61	0.9838981538483188
62	0.9838981538483188
63	0.9838981538483188
64	0.9838981538483188
65	0.9838981538483188
66	1.0
67	1.0
68	0.9838981538483188
69	0.8782156365502339
70	0.48956054519592274
71	0.9838981538483188
72	0.176061982325188
73	0.03049869946550789
74	0.008057369233585077
75	0.00209437939741739
76	0.00010063118771018634
77	0.0019000115066771211
78	0.0045650797047264175
79	0.0031941225103010833
80	0.003092088110185005
81	0.001869417813710182
82	0.0019000115066771211
83	0.9524680951766462
84	1.0
85	1.0
86	0.7838846950415601
87	0.7111366461700385
88	0.7588439508744758
89	0.07569604040982215
90	0.22827757824649536
91	0.27737129133826594
92	0.12933568132305998
93	0.18187177108593947
94	0.1496811268916314
95	0.18187177108593947
96	0.9680555771461439
97	0.699686033300596
98	0.9838981538483188
99	1.0
100	0.9220420515895166
101	0.9838981538483188
102	0.2819105719970956
103	0.0744771944128507
104	0.029049038185277303
105	0.021688742850449225
106	0.02032520629905422
107	0.008323250672589018
108	0.00947745670446487
109	0.027668282067045125
110	0.06647744631284418
111	0.34253867592860743
112	0.9220420515895166
113	0.9680555771461439
114	0.127253138080475
115	0.08903724340857931
116	0.9524680951766462
117	1.0
118	0.03150511208810901
119	0.005729890533725346
120	0.024298717947761457
121	0.08480513362915015
122	0.07947357060372963
123	0.18484816784601354
124	0.04651334071458661
125	0.023143753598939273
126	0.021339514049848223
127	0.012901465378461815
128	0.034728030561276546
129	0.00947745670446487
130	0.012693727967806582
131	0.022771096439116734
132	0.019359110527732544
133	0.018740694914960117
134	0.012901465378461815
135	0.009950419076984586
136	0.02858129504156406
137	0.9680555771461439
138	0.9220420515895166
139	0.8097517472627824
140	0.9524680951766462
141	0.9838981538483188
142	0.9838981538483188
143	0.9838981538483188
144	0.9838981538483188
145	0.9838981538483188
146	0.746625162324361
147	1.0
148	0.9838981538483188
149	0.03587400494469159
150	0.018438935128663837
151	0.01967592931444509
152	0.02390746372968385
153	0.02352250942683158
154	0.022771096439116734
155	0.009790198959862087
156	0.015175310452307482
157	0.9680555771461439
158	0.9524680951766462
159	0.9838981538483188
160	0.9838981538483188
161	0.9838981538483188
162	0.9680555771461439
163	0.9680555771461439
164	0.9680555771461439
165	0.03587400494469159
166	0.011704150977755607
167	0.013766972933527001
168	0.024298717947761457
169	0.04883453939311235
170	0.013545299253376991
171	0.0028051283336035368
172	0.000580920718013925
173	0.0011120160060804065
174	0.06979493239667438
175	1.0
176	1.0
177	1.0
178	1.0
179	0.005918968568537471
180	0.002715520127955534
181	0.0025864462836876503
182	0.0038185630603913396
183	0.9838981538483188
184	0.9838981538483188
185	0.9838981538483188
186	0.9838981538483188
187	0.9838981538483188
188	0.9838981538483188
189	0.9838981538483188
190	0.00947745670446487
191	0.009790198959862087
192	0.009026975134420792
193	0.009950419076984586
194	0.9838981538483188
195	0.08077418408895759
196	0.008738613623635485
197	0.008323250672589018
198	0.008738613623635485
199	0.01469054391828022
200	1.0
