1	1.0
2	0.9371316004437271
3	0.07447719441285175
4	0.07819389939674361
5	0.9524680951766599
6	0.9524680951766599
7	0.04019100294647119
8	0.007674387126047693
9	0.002094379397417376
10	0.10644373457266823
11	1.0
12	0.045764390058399614
13	0.006214348384488035
14	0.0025447997235481063
15	1.0
16	0.0083232506725889
17	0.0016153167178432556
18	0.0049510536931115755
19	0.08209608258032047
20	0.40291010336057753
21	0.3370231708678045
22	0.07947357060372963
23	0.19724888986614988
24	0.05471117929721262
25	0.28652413961186873
26	1.0
27	1.0
28	1.0
29	1.0
30	0.2819105719970956
31	0.05560654736795844
32	0.007674387126047693
33	0.012288234154010974
34	0.002128654667381597
35	0.08343961441458081
36	0.00528320002309943
37	0.002128654667381597
38	0.008738613623635549
39	1.0
40	0.001008815885874014
41	0.008597905811488723
42	0.04804821315291625
43	1.0
44	0.10644373457266823
45	0.0025447997235481063
46	0.008881624169591297
47	0.019359110527732544
48	0.9371316004437271
49	0.9371316004437271
50	0.07569604040982107
51	0.12933568132305998
52	0.6884197964379097
53	0.5224031981891384
54	0.45878265723355866
55	0.44412711003286787
56	0.40950387170122843
57	0.22827757824649536
58	0.21392613224755938
59	0.24757827243666986
60	0.39642250686331315
61	0.39642250686331315
62	0.3370231708678045
63	0.6045810297425014
64	0.6884197964379097
65	0.035296367236227526
66	0.06129500098272593
67	0.10138426111191785
68	0.2729051014782441
69	1.0
70	0.40291010336057753
71	0.0769348332586572
72	0.019675929314445232
73	0.6045810297425014
74	0.6664286233595221
75	1.0
76	0.614475215120391
77	0.019359110527732544
78	0.01619336115132798
79	0.052963462250909324
80	0.8364723744993472
81	0.3370231708678045
82	0.07819389939674361
83	0.006114285902868104
84	0.10644373457266823
85	0.5852680376789788
86	0.9071954723294418
87	0.3008228213237163
88	0.29597901853585135
89	0.28652413961186873
90	0.39642250686331315
91	0.3370231708678045
92	0.42301690250932045
93	0.44412711003286787
94	0.41620554942554877
95	0.03416884515602799
96	0.00511443124754004
97	0.013327194928720634
98	0.0512715750169613
99	0.5309525138815143
100	0.8364723744993472
101	0.9524680951766599
102	0.9220420515895167
103	0.9220420515895167
104	0.9371316004437271
105	1.0
106	0.9524680951766599
107	0.481677716615238
108	0.45878265723355866
109	0.29597901853585135
110	0.39642250686331315
111	0.8501615448994049
112	0.45139540946972445
113	0.2819105719970956
114	0.3008228213237163
115	0.305745894681384
116	0.9071954723294418
117	0.46629079995639433
118	0.45139540946972445
119	0.45139540946972445
120	0.8501615448994049
121	0.8925879504044913
122	0.9524680951766599
123	0.5057153295259778
124	0.2685108255202324
125	0.2819105719970956
126	0.2685108255202324
127	0.2641873055176485
128	0.4299397258291107
129	1.0
130	0.9371316004437271
131	0.9071954723294418
132	0.8364723744993472
133	0.2599334021689725
134	0.11925293695084216
135	0.154620385880011
136	0.16233655139003125
137	0.2037578156903402
138	0.07569604040982107
139	0.5057153295259778
140	0.49757237909340374
141	0.48956054519591574
142	0.16233655139003125
143	0.14027091400017713
144	0.08480513362914896
145	0.31074953590015025
146	0.6245313223904188
147	0.2516299796562454
148	0.210481526578285
149	0.4299397258291107
150	0.5758441417787756
151	0.16233655139003125
152	0.08903724340857933
153	0.0876035794134446
154	0.08209608258032047
155	1.0
156	0.9071954723294418
157	0.043589121425845555
158	0.05044600800408382
159	0.9524680951766599
160	0.9524680951766599
161	0.9371316004437271
162	0.9071954723294418
163	0.9071954723294418
164	0.9071954723294418
165	1.0
166	1.0
167	0.12120455403275907
168	0.10138426111191785
169	0.9220420515895167
170	0.9371316004437271
171	0.12318811002814868
172	0.05471117929721262
173	0.0876035794134446
174	0.09501039487561765
175	0.9220420515895167
176	0.6347520014624478
177	0.49757237909340374
178	0.45139540946972445
179	0.40950387170122843
180	0.4299397258291107
181	0.47392181612761314
182	0.8640747434825014
183	0.7466251623243504
184	0.8364723744993472
185	0.9220420515895167
186	0.8364723744993472
187	0.6556978921951105
188	0.5057153295259778
189	0.3837590186752804
190	0.566571988000515
191	0.19724888986614988
192	0.21392613224755938
193	0.5758441417787756
194	0.6045810297425014
195	0.5309525138815143
196	0.614475215120391
197	0.809751747262771
198	0.9220420515895167
199	0.9838981538483189
200	1.0
