1	0.937131600443727
2	0.9524680951766462
3	0.8501615448994048
4	0.5484731728386687
5	0.5309525138815068
6	0.4441271100328678
7	0.5224031981891384
8	0.4662907999563943
9	0.5758441417787756
10	0.3107495359001502
11	0.3107495359001502
12	0.04502749889045374
13	0.22460188780169194
14	0.25574799451756824
15	0.1496811268916314
16	0.3715000583087258
17	0.1448996496809614
18	0.17606198232518797
19	0.18787327440651988
20	0.3596327033558796
21	0.32100381758685104
22	0.9220420515895034
23	0.5309525138815068
24	0.5665719880005149
25	0.6245313223904188
26	0.2599334021689724
27	0.1649932472736986
28	0.6045810297425013
29	0.13360357026643588
30	0.0472745482168648
31	0.0370577948122046
32	0.023522509426831244
33	0.6245313223904188
34	0.8925879504044913
35	0.8925879504044913
36	0.9838981538483187
37	0.3107495359001502
38	0.0472745482168648
39	0.40950387170122843
40	0.4162055494255487
41	0.48167771661523795
42	0.9071954723294416
43	0.20047693868989172
44	0.21742711012397725
45	0.7346031188276402
46	0.7227746524257324
47	0.4162055494255487
48	0.5758441417787756
49	0.1448996496809614
50	0.1649932472736986
51	0.4162055494255487
52	0.6347520014624477
53	0.5057153295259776
54	0.31583506350196977
55	0.2685108255202324
56	0.277371291338262
57	0.2865241396118646
58	0.7967132492072907
59	0.48167771661523795
60	0.19724888986614988
61	0.15715080394779135
62	0.8640747434825012
63	0.3107495359001502
64	0.27290510147824404
65	0.8782156365502338
66	0.9071954723294416
67	0.3596327033558796
68	0.01567607357528453
69	0.10995622264422819
70	0.12933568132305814
71	0.11358461770178932
72	0.18484816784601352
73	0.4587826572335586
74	0.9680555771461301
75	0.9220420515895034
76	0.9524680951766462
77	0.5057153295259776
78	0.4162055494255487
79	0.40950387170122843
80	0.937131600443727
81	0.38375901867527484
82	0.3715000583087258
83	0.15715080394779135
84	0.08480513362914893
85	0.4162055494255487
86	0.34814444420779905
87	0.11544347070631857
88	0.11544347070631857
89	0.5852680376789787
90	0.5948461590153626
91	0.5948461590153626
92	0.5948461590153626
93	0.21392613224755935
94	0.1649932472736986
95	0.17322705937262534
96	0.09197534264619776
97	0.8640747434825012
98	0.11358461770178932
99	0.09501039487561763
100	0.09501039487561763
101	0.8230036250150272
102	0.8925879504044913
103	0.05044600800408381
104	0.00755081532523563
105	0.0045650797047264175
106	0.0050320794624387636
107	0.009324852154700358
108	0.30082282132371624
109	0.7466251623243504
110	0.7712627042813325
111	0.7466251623243504
112	0.30082282132371624
113	0.009950419076984443
114	0.006214348384488034
115	0.022771096439116408
116	0.009790198959862087
117	0.03587400494469159
118	0.7466251623243504
119	0.9524680951766462
120	0.9220420515895034
121	0.8230036250150272
122	0.02314375359893927
123	0.0069621692536538235
124	0.17606198232518797
125	0.9524680951766462
126	0.02952443611328861
127	0.018740694914960117
128	0.06867110513305613
129	0.1380122933233906
130	0.8501615448994048
131	0.937131600443727
132	0.8640747434825012
133	0.5574491330158705
134	0.38375901867527484
135	0.3596327033558796
136	0.3262571601860513
137	0.34253867592860743
138	0.5057153295259776
139	0.8097517472627709
140	0.0290490381852773
141	0.018142034232021004
142	0.05560654736795843
143	0.0290490381852773
144	0.07947357060372963
145	0.06030803830703493
146	0.07209806342155671
147	0.9220420515895034
148	0.9680555771461301
149	0.7588439508744756
150	0.7588439508744756
151	0.7227746524257324
152	0.7227746524257324
153	0.937131600443727
154	0.7111366461700385
155	0.045764390058399614
156	0.04883453939311166
157	0.057441482370142585
158	0.22460188780169194
159	0.01189569360606788
160	0.041517247454899237
161	0.006419412822152334
162	0.6773349667878948
163	0.6045810297425013
164	0.6884197964379
165	0.4662907999563943
166	0.1472709844146121
167	0.1425664978143681
168	0.07947357060372963
169	0.0781938993967436
170	0.6045810297425013
171	0.13360357026643588
172	0.17606198232518797
173	0.18484816784601352
174	0.6556978921951104
175	0.5852680376789787
176	0.614475215120391
177	0.09975178733729187
178	0.04804821315291624
179	0.04502749889045374
180	0.10995622264422819
181	0.02722277164591986
182	0.011330268629776485
183	0.011515692539375736
184	0.9680555771461301
185	0.9680555771461301
186	0.9680555771461301
187	0.9524680951766462
188	0.29121320991525734
189	0.30082282132371624
190	0.7346031188276402
191	0.8097517472627709
192	0.5948461590153626
193	0.5852680376789787
194	0.5948461590153626
195	0.614475215120391
196	0.6451399456130033
197	0.9220420515895034
198	0.937131600443727
199	0.9838981538483187
200	0.9838981538483187
