1	1.0
2	1.0
3	1.0
4	0.481677716615238
5	0.2959790185358471
6	0.2959790185358471
7	0.35963270335587966
8	0.9838981538483188
9	1.0
10	1.0
11	1.0
12	1.0
13	1.0
14	0.09814559940423298
15	0.08209608258032164
16	0.481677716615238
17	0.836472374499359
18	0.6347520014624387
19	0.9680555771461301
20	0.27737129133826594
21	0.154620385880011
22	0.4975723790934037
23	0.9071954723294418
24	1.0
25	0.9838981538483188
26	0.2959790185358471
27	0.31583506350196977
28	0.28191057199709557
29	0.1357900406092586
30	0.14489964968096344
31	0.16233655139003353
32	0.6144752151203909
33	1.0
34	1.0
35	0.9680555771461301
36	0.699686033300596
37	0.7227746524257324
38	1.0
39	1.0
40	1.0
41	1.0
42	1.0
43	0.836472374499359
44	0.9838981538483188
45	0.10304345090533384
46	0.09814559940423298
47	0.09656527406216148
48	0.10644373457266823
49	0.05560654736795764
50	0.9220420515895165
51	0.9220420515895165
52	0.9680555771461301
53	0.9680555771461301
54	0.1252041276287828
55	0.017279708787603047
56	0.0017805608241138404
57	0.00346418311919148
58	0.017279708787603047
59	0.8230036250150389
60	0.8782156365502338
61	0.8925879504044912
62	0.9371316004437404
63	0.9524680951766462
64	0.5758441417787837
65	0.5948461590153626
66	0.7227746524257324
67	0.23581040555488306
68	0.436975843635334
69	0.5396417421912961
70	0.7466251623243609
71	0.04651334071458662
72	0.06129500098272679
73	0.023522509426831248
74	0.027668282067045122
75	0.10995622264422977
76	0.10995622264422977
77	0.009950419076984586
78	0.00151376434101598
79	0.0006833062745535759
80	0.005918968568537471
81	0.8925879504044912
82	0.8925879504044912
83	0.8501615448993927
84	1.0
85	1.0
86	1.0
87	0.9838981538483188
88	0.7227746524257324
89	0.17606198232518797
90	0.1252041276287828
91	0.11925293695084045
92	0.008459463654885604
93	0.8782156365502338
94	0.08619300005539272
95	0.005546852487609637
96	0.0023086307871880737
97	0.0024635075651006917
98	0.022043686905619336
99	0.2246018878016919
100	0.30082282132371624
101	0.9838981538483188
102	0.09814559940423298
103	0.009790198959862087
104	0.0058236622472702445
105	0.04804821315291624
106	1.0
107	0.02277109643911673
108	0.000976589844633953
109	0.001465408012805456
110	0.08209608258032164
111	0.0675653735631387
112	0.008057369233585077
113	0.0003238337506078195
114	0.0007907953330514215
115	0.18787327440651985
116	1.0
117	1.0
118	1.0
119	0.19407281858793526
120	0.001695927376489869
121	7.392398434323364e-05
122	0.0019311058764015323
123	0.2865241396118646
124	0.9838981538483188
125	0.7838846950415602
126	0.08077418408895759
127	0.0016153167178432554
128	0.0004064621128492915
129	0.02510054021835687
130	1.0
131	0.050446008004084525
132	0.0033535217887888376
133	0.009324852154700358
134	0.09656527406216148
135	0.8925879504044912
136	0.29121320991526145
137	0.23966952741252226
138	0.7712627042813435
139	0.7712627042813435
140	0.8925879504044912
141	1.0
142	1.0
143	0.12933568132305998
144	0.10995622264422977
145	0.10995622264422977
146	0.11733274450692355
147	0.20047693868989175
148	0.8782156365502338
149	0.011515692539375738
150	0.005729890533725346
151	0.25574799451756824
152	0.32100381758685104
153	0.7227746524257324
154	0.7466251623243609
155	1.0
156	0.8782156365502338
157	0.8501615448993927
158	0.8501615448993927
159	0.00947745670446487
160	0.001695927376489869
161	0.001465408012805456
162	0.0025447997235481246
163	0.002715520127955534
164	0.0016153167178432554
165	0.001395754378613427
166	0.09348055211451997
167	0.07947357060372963
168	0.19407281858793526
169	1.0
170	1.0
171	0.9680555771461301
172	0.7838846950415602
173	0.4739218161276063
174	0.7346031188276402
175	0.699686033300596
176	0.9838981538483188
177	0.7466251623243609
178	0.7466251623243609
179	0.7838846950415602
180	0.8640747434825136
181	0.6451399456130031
182	0.5057153295259778
183	0.5484731728386688
184	0.9220420515895165
185	0.7967132492072907
186	0.6451399456130031
187	0.7227746524257324
188	0.7466251623243609
189	0.436975843635334
190	0.3538419528953351
191	0.4513954094697244
192	0.699686033300596
193	0.8230036250150389
194	0.8782156365502338
195	0.481677716615238
196	0.24359180518339907
197	0.19724888986614988
198	0.2246018878016919
199	0.9524680951766462
200	1.0
