1	0.8097517472627711
2	0.7838846950415491
3	1.0
4	0.10644373457266673
5	0.006524468815236718
6	0.004348092770690338
7	0.002163490864431252
8	0.005283200023099469
9	0.012090370898187257
10	0.9838981538483189
11	0.003520875718327174
12	0.0023086307871880737
13	0.0010591597671173467
14	0.0076743871260476935
15	0.04019100294647119
16	0.15213071221465752
17	1.0
18	1.0
19	1.0
20	1.0
21	0.9838981538483189
22	0.15462038588001104
23	0.043589121425845555
24	0.010446984132459454
25	0.006316048424505998
26	0.0008576564720537011
27	0.004491573493650752
28	1.0
29	0.35384195289533016
30	0.2865241396118647
31	0.32625716018605594
32	0.9220420515895167
33	0.8925879504044913
34	0.9220420515895167
35	0.9220420515895167
36	0.08903724340857806
37	0.07209806342155775
38	0.08077418408895759
39	0.1496811268916314
40	0.9524680951766463
41	0.12725313808047323
42	0.1496811268916314
43	0.08903724340857806
44	0.9371316004437404
45	0.1818717710859395
46	0.17043778391330167
47	0.8640747434825015
48	0.8925879504044913
49	0.8640747434825015
50	0.8501615448993928
51	0.1496811268916314
52	0.07209806342155775
53	0.8501615448993928
54	0.0030920881101849616
55	0.013992274382953227
56	0.02766828206704513
57	0.8782156365502339
58	0.07327797408660718
59	0.024298717947761457
60	0.011330268629776648
61	0.1336035702664359
62	1.0
63	0.9371316004437404
64	0.3425386759286075
65	0.3370231708678045
66	0.3775797899972509
67	0.09348055211451999
68	0.034728030561276546
69	0.07947357060372964
70	0.9220420515895167
71	0.9071954723294418
72	0.9071954723294418
73	0.9680555771461302
74	0.9371316004437404
75	0.9220420515895167
76	0.08480513362914896
77	0.025928821455018472
78	0.09814559940423298
79	0.6347520014624387
80	0.210481526578285
81	0.20709238541955047
82	0.20709238541955047
83	0.24757827243666988
84	0.20709238541955047
85	0.4975723790934038
86	0.16499324727369863
87	0.06435386265758127
88	0.1496811268916314
89	0.12725313808047323
90	0.06867110513305615
91	0.7838846950415491
92	0.3596327033558797
93	0.3425386759286075
94	0.34814444420780405
95	0.15213071221465752
96	0.17894329980857737
97	0.6347520014624387
98	0.7967132492072909
99	0.8501615448993928
100	0.8501615448993928
101	0.8364723744993591
102	0.9071954723294418
103	0.9838981538483189
104	0.9680555771461302
105	0.9220420515895167
106	0.8925879504044913
107	0.4095038717012285
108	0.1818717710859395
109	0.15213071221465752
110	0.22460188780169196
111	0.3107495359001547
112	0.23201342268367287
113	0.20047693868989178
114	0.08903724340857806
115	0.04883453939311235
116	0.10995622264422979
117	0.7967132492072909
118	0.7712627042813435
119	0.7712627042813435
120	0.8097517472627711
121	0.5665719880005069
122	0.5224031981891458
123	0.5224031981891458
124	0.4975723790934038
125	0.4587826572335587
126	0.48956054519591585
127	0.9071954723294418
128	0.11175569566235759
129	0.08903724340857806
130	0.09197534264619778
131	0.9220420515895167
132	0.9371316004437404
133	0.9371316004437404
134	0.8925879504044913
135	0.8925879504044913
136	0.9071954723294418
137	0.8782156365502339
138	0.03705779481220407
139	0.038907124553427985
140	0.11175569566235759
141	0.8364723744993591
142	0.07569604040982107
143	0.0376642589146651
144	0.05211065273008481
145	0.2959790185358472
146	0.34814444420780405
147	0.17043778391330167
148	0.4739218161276064
149	0.5057153295259778
150	0.9071954723294418
151	0.8782156365502339
152	0.8782156365502339
153	0.6884197964379098
154	0.6664286233595222
155	0.6144752151203912
156	0.7838846950415491
157	0.7712627042813435
158	0.8097517472627711
159	0.7227746524257326
160	0.699686033300596
161	0.8364723744993591
162	0.42301690250931445
163	0.25574799451756464
164	0.33159647562093936
165	0.8364723744993591
166	0.8782156365502339
167	0.8640747434825015
168	0.5057153295259778
169	0.06647744631284325
170	0.06756537356313871
171	0.5396417421912962
172	0.48956054519591585
173	0.4587826572335587
174	0.2685108255202325
175	0.15715080394779138
176	0.16499324727369863
177	0.09197534264619778
178	0.2729051014782441
179	0.9071954723294418
180	0.9071954723294418
181	0.9524680951766463
182	0.9071954723294418
183	0.24359180518339907
184	0.061295000982726805
185	0.03150511208810857
186	0.07093715149650967
187	0.2641873055176448
188	0.9680555771461302
189	0.010968329737619126
190	0.004074735137074894
191	0.010791719379643074
192	0.003520875718327174
193	0.0028051283336034973
194	0.10472979393476876
195	1.0
196	1.0
197	1.0
198	0.7712627042813435
199	0.8097517472627711
200	1.0
