1	0.2396695274125257
2	0.058381532829869284
3	0.05651656845829486
4	0.037664258914665634
5	0.30082282132372057
6	0.8501615448994048
7	0.1425664978143681
8	0.305745894681384
9	0.9524680951766599
10	0.9680555771461302
11	0.9838981538483329
12	0.9524680951766599
13	0.2819105719970956
14	0.0997517873372933
15	0.8782156365502465
16	0.32100381758685564
17	0.06756537356313871
18	0.02812108342598899
19	0.03416884515602848
20	0.2396695274125257
21	0.9838981538483329
22	0.9838981538483329
23	0.9524680951766599
24	0.9524680951766599
25	0.9220420515895167
26	0.9220420515895167
27	0.9220420515895167
28	0.9220420515895167
29	0.9220420515895167
30	0.9838981538483329
31	0.9680555771461302
32	0.9838981538483329
33	0.2641873055176486
34	0.05560654736795844
35	0.02204368690561934
36	0.04804821315291625
37	0.9220420515895167
38	0.9680555771461302
39	0.005823662247270245
40	0.0015385376373511798
41	0.03202070454638286
42	0.0370577948122046
43	0.06540703669975813
44	0.4441271100328742
45	0.8640747434825136
46	0.9371316004437404
47	0.5948461590153711
48	0.14489964968096344
49	0.12933568132306184
50	0.9524680951766599
51	0.1972488898661499
52	0.0622981156565685
53	0.06979493239667536
54	0.060308038307035794
55	0.04358912142584617
56	0.04151724745489924
57	0.052963462250909324
58	0.0547111792972134
59	0.07093715149650967
60	0.0330773411179359
61	0.04358912142584617
62	0.21742711012398036
63	0.9524680951766599
64	0.17606198232518802
65	0.08480513362914895
66	0.07327797408660716
67	0.11358461770178933
68	0.3425386759286075
69	0.18187177108593688
70	0.16233655139003358
71	0.15462038588001323
72	0.021688742850449538
73	0.021339514049847925
74	0.03416884515602848
75	0.03361866366814549
76	0.15462038588001323
77	0.05383022830539263
78	0.05383022830539263
79	0.9680555771461302
80	0.9838981538483329
81	0.2139261322475594
82	0.9680555771461302
83	0.9680555771461302
84	0.9680555771461302
85	0.9524680951766599
86	0.9680555771461302
87	0.7227746524257326
88	0.9371316004437404
89	0.9220420515895167
90	0.22460188780169513
91	0.746625162324361
92	0.7588439508744758
93	0.29597901853585135
94	0.3370231708678045
95	0.4299397258291169
96	0.7838846950415602
97	0.823003625015039
98	0.1314523061326923
99	0.037664258914665634
100	0.08619300005539395
101	0.06979493239667536
102	0.05651656845829486
103	0.05651656845829486
104	0.10472979393477025
105	0.8925879504045041
106	0.32100381758685564
107	0.11358461770178933
108	0.11175569566235918
109	0.17043778391330164
110	0.07819389939674473
111	0.30082282132372057
112	0.16233655139003358
113	0.11544347070632022
114	0.15213071221465752
115	0.2819105719970956
116	0.5574491330158865
117	0.7111366461700487
118	0.9220420515895167
119	0.9220420515895167
120	0.9371316004437404
121	0.7111366461700487
122	0.15213071221465752
123	0.6045810297425014
124	0.4441271100328742
125	0.4895605451959158
126	0.5758441417787838
127	0.24359180518339563
128	0.3900393726467364
129	0.7227746524257326
130	0.699686033300596
131	0.9371316004437404
132	0.6664286233595317
133	0.17894329980857993
134	0.11925293695084216
135	0.06540703669975813
136	0.03954385360034535
137	0.4895605451959158
138	0.677334966787895
139	0.4441271100328742
140	0.6045810297425014
141	0.21742711012398036
142	0.2396695274125257
143	0.566571988000515
144	0.5948461590153711
145	0.5758441417787838
146	0.5852680376789872
147	0.07447719441285175
148	0.09197534264619907
149	0.16769342093829856
150	0.3775797899972509
151	0.2139261322475594
152	0.14027091400017913
153	0.11175569566235918
154	0.1909478879208092
155	0.6451399456130124
156	0.677334966787895
157	0.746625162324361
158	0.6664286233595317
159	0.6556978921951198
160	0.6664286233595317
161	0.5224031981891458
162	0.4895605451959158
163	0.331596475620944
164	0.9524680951766599
165	0.5309525138815143
166	0.6245313223904277
167	0.5852680376789872
168	0.5852680376789872
169	0.16233655139003358
170	0.058381532829869284
171	0.052110652730085555
172	0.15213071221465752
173	0.42301690250932045
174	0.9071954723294419
175	0.2773712913382699
176	0.08903724340857931
177	0.001780560824113866
178	0.01935911052773282
179	0.0043480927706904
180	0.003142691241050594
181	0.004009124378788922
182	0.005546852487609638
183	0.00873861362363561
184	0.013112602486345095
185	0.02510054021835723
186	0.1425664978143681
187	0.9838981538483329
188	0.035296367236228025
189	0.07569604040982215
190	0.08480513362914895
191	0.04019100294647119
192	0.008881624169591424
193	0.0022714575694317693
194	0.007191910689857913
195	0.11175569566235918
196	0.9680555771461302
197	0.07447719441285175
198	0.0807741840889576
199	0.07819389939674473
200	0.2773712913382699
