1	1.0
2	0.9838981538483328
3	0.8364723744993591
4	0.7111366461700486
5	0.7111366461700486
6	0.3900393726467363
7	0.3837590186752804
8	0.34814444420780405
9	0.15715080394779132
10	0.1972488898661499
11	0.2037578156903431
12	0.6245313223904276
13	0.9838981538483328
14	0.48167771661524483
15	0.041517247454899237
16	0.045027498890454376
17	0.9071954723294546
18	0.9838981538483328
19	1.0
20	0.9524680951766598
21	0.15213071221465965
22	0.06331764666180337
23	0.07569604040982214
24	0.0224044397475493
25	0.01727970878760305
26	0.09501039487561899
27	0.17043778391330405
28	0.24359180518339904
29	0.4029101033605832
30	0.8640747434825136
31	0.35384195289533515
32	0.33702317086780925
33	0.513991542262758
34	0.8097517472627824
35	0.28652413961186873
36	0.28191057199709957
37	0.29121320991526145
38	0.164993247273701
39	0.10995622264422977
40	0.17043778391330405
41	0.2209853827589351
42	0.46629079995640094
43	0.5396417421913038
44	0.5309525138815143
45	0.4299397258291168
46	0.39642250686331315
47	0.3262571601860559
48	0.12120455403276079
49	0.06331764666180337
50	0.07819389939674361
51	0.9524680951766598
52	1.0
53	1.0
54	0.9071954723294546
55	0.7588439508744865
56	0.7111366461700486
57	0.06647744631284512
58	0.28191057199709957
59	0.30574589468138835
60	0.9838981538483328
61	0.9680555771461439
62	0.03890712455342798
63	0.022043686905619652
64	0.04963373414423699
65	0.2004769386898946
66	0.9220420515895166
67	0.9680555771461439
68	0.7838846950415602
69	0.7588439508744865
70	0.7588439508744865
71	0.7588439508744865
72	0.010446984132459602
73	0.2396695274125257
74	0.23581040555488308
75	0.24757827243667338
76	1.0
77	0.746625162324361
78	0.04963373414423699
79	0.018142034232021265
80	0.037664258914665634
81	0.7967132492072908
82	1.0
83	0.9524680951766598
84	0.03254473486014822
85	0.06030803830703579
86	0.03254473486014822
87	0.05933696755250705
88	0.05933696755250705
89	0.13145230613269226
90	0.566571988000523
91	0.7967132492072908
92	0.08343961441458082
93	0.004009124378788921
94	0.00031348906834405315
95	0.0014654080128054766
96	0.001589307136566305
97	0.0047157206801953155
98	0.25993340216897615
99	0.9838981538483328
100	0.4029101033605832
101	0.17322705937262783
102	0.2396695274125257
103	0.6664286233595221
104	0.699686033300596
105	0.3425386759286123
106	0.2641873055176485
107	0.25162997965624895
108	0.8501615448994048
109	0.823003625015039
110	0.823003625015039
111	0.7967132492072908
112	0.8364723744993591
113	0.9524680951766598
114	1.0
115	1.0
116	1.0
117	1.0
118	0.015932618141390915
119	0.008189230970777112
120	0.0003687405884503411
121	0.00652446881523681
122	0.0876035794134446
123	0.14256649781437009
124	0.9680555771461439
125	0.9838981538483328
126	0.03416884515602848
127	0.004491573493650814
128	6.927650175875205e-05
129	0.0008438466194897108
130	0.0019000115066771346
131	0.001286944230771775
132	0.0022348829091087073
133	1.0
134	0.055606547367958434
135	0.018740694914960117
136	0.9371316004437404
137	1.0
138	1.0
139	1.0
140	1.0
141	0.00673976677503499
142	0.01096832973761928
143	0.0022348829091087073
144	0.0013080055346563592
145	0.0018694178137101955
146	0.0008438466194897108
147	7.156252532833104e-05
148	0.004565079704726418
149	0.02678443476505567
150	0.9838981538483328
151	0.12318811002815044
152	0.06647744631284512
153	0.03705779481220513
154	0.020657835589543774
155	0.08480513362915015
156	0.03254473486014822
157	0.8925879504044913
158	0.8640747434825136
159	0.8097517472627824
160	0.9371316004437404
161	0.9371316004437404
162	0.9220420515895166
163	0.35963270335588476
164	0.3262571601860559
165	0.19094788792081194
166	0.699686033300596
167	0.9524680951766598
168	0.9680555771461439
169	0.9838981538483328
170	0.9220420515895166
171	0.823003625015039
172	0.699686033300596
173	0.823003625015039
174	0.746625162324361
175	0.8782156365502464
176	0.9071954723294546
177	0.9220420515895166
178	0.9680555771461439
179	0.9524680951766598
180	0.9371316004437404
181	0.7588439508744865
182	0.8925879504044913
183	0.823003625015039
184	0.8925879504044913
185	0.8640747434825136
186	0.8782156365502464
187	0.8782156365502464
188	0.8364723744993591
189	0.9838981538483328
190	0.9838981538483328
191	0.9838981538483328
192	0.8364723744993591
193	0.6773349667879045
194	0.6451399456130124
195	0.6773349667879045
196	0.9680555771461439
197	0.9524680951766598
198	0.9371316004437404
199	0.9838981538483328
200	1.0
