1	0.32100381758685337
2	0.07093715149650967
3	0.08619300005539211
4	0.2729051014782441
5	0.47392181612760975
6	0.29597901853584924
7	0.6245313223904276
8	0.6451399456130033
9	0.6884197964379049
10	0.42301690250931745
11	0.481677716615238
12	0.5396417421912962
13	0.8782156365502277
14	0.7466251623243612
15	0.6451399456130033
16	0.30574589468138186
17	0.12933568132305906
18	0.15715080394779135
19	0.3481444442077991
20	0.9838981538483119
21	0.9838981538483119
22	0.9680555771461302
23	0.9680555771461302
24	0.32625716018605133
25	0.13579004060925667
26	0.22827757824649536
27	0.26851082552023436
28	0.8230036250150331
29	0.2599334021689725
30	0.21392613224755788
31	0.46629079995640094
32	0.9371316004437406
33	0.8230036250150331
34	0.8097517472627709
35	0.8782156365502277
36	0.7967132492072965
37	0.8230036250150331
38	0.8364723744993591
39	0.8097517472627709
40	0.5758441417787797
41	0.5852680376789788
42	0.8782156365502277
43	0.32625716018605133
44	0.29121320991525734
45	0.32625716018605133
46	0.6347520014624433
47	0.23966952741252398
48	0.19407281858793388
49	0.17043778391330164
50	0.36551822152450336
51	0.92204205158951
52	0.7967132492072965
53	0.3964225068633104
54	0.36551822152450336
55	0.36551822152450336
56	0.3837590186752776
57	0.2599334021689725
58	0.13579004060925667
59	0.09197534264619842
60	0.6884197964379049
61	0.8230036250150331
62	0.92204205158951
63	0.5309525138815105
64	0.2599334021689725
65	0.1649932472736998
66	0.15715080394779135
67	0.36551822152450336
68	0.9680555771461302
69	0.7967132492072965
70	0.4029101033605775
71	0.26851082552023436
72	0.24359180518339563
73	0.4162055494255547
74	0.6144752151203867
75	0.5139915422627543
76	0.3775797899972509
77	0.3775797899972509
78	0.5758441417787797
79	0.5758441417787797
80	0.5852680376789788
81	0.11925293695084131
82	0.15715080394779135
83	0.1972488898661485
84	0.3964225068633104
85	0.15462038588000993
86	0.11358461770178933
87	0.3008228213237163
88	0.7227746524257325
89	0.6884197964379049
90	0.8782156365502277
91	0.9071954723294419
92	0.46629079995640094
93	0.2599334021689725
94	0.7967132492072965
95	0.45139540946972445
96	0.14256649781436706
97	0.03416884515602799
98	0.007550815325235577
99	0.002759960588740092
100	0.010278768401209684
101	0.029524436113288616
102	0.49757237909340374
103	0.5224031981891384
104	0.12318811002814956
105	0.07447719441285122
106	0.07327797408660716
107	0.594846159015367
108	0.9838981538483119
109	0.9838981538483119
110	0.8782156365502277
111	0.9071954723294419
112	0.9524680951766531
113	0.49757237909340374
114	0.45139540946972445
115	0.21742711012397725
116	0.42301690250931745
117	0.45878265723355544
118	0.6045810297425014
119	0.6664286233595222
120	0.46629079995640094
121	0.40950387170122554
122	0.31074953590015464
123	0.15715080394779135
124	0.2037578156903402
125	0.45139540946972445
126	0.7111366461700436
127	0.7967132492072965
128	0.7712627042813379
129	0.6884197964379049
130	0.23966952741252398
131	0.2516299796562454
132	0.5665719880005109
133	0.042196692099189664
134	0.4895605451959158
135	0.16233655139003125
136	0.06756537356313823
137	0.45139540946972445
138	0.45139540946972445
139	0.45139540946972445
140	0.444127110032871
141	0.06129500098272679
142	0.5665719880005109
143	0.5484731728386649
144	0.5484731728386649
145	0.9838981538483119
146	0.5574491330158785
147	0.5484731728386649
148	0.5574491330158785
149	0.023143753598939106
150	0.021688742850449385
151	0.016193361151328096
152	0.017849913987938726
153	0.05044600800408417
154	0.30574589468138186
155	0.31583506350196977
156	0.7838846950415491
157	0.14727098441461317
158	0.08209608258032164
159	0.3775797899972509
160	0.3481444442077991
161	0.8501615448993989
162	0.8782156365502277
163	0.9071954723294419
164	0.92204205158951
165	0.7588439508744704
166	0.8097517472627709
167	0.8364723744993591
168	0.8925879504044915
169	0.05211065273008518
170	0.11175569566235838
171	0.11925293695084131
172	0.15715080394779135
173	0.35384195289533266
174	0.21742711012397725
175	0.24359180518339563
176	0.8925879504044915
177	0.92204205158951
178	0.8782156365502277
179	0.8782156365502277
180	0.8925879504044915
181	0.92204205158951
182	0.9838981538483119
183	0.9371316004437406
184	0.6556978921951104
185	0.2599334021689725
186	0.14727098441461317
187	0.13360357026643685
188	0.3715000583087311
189	0.9680555771461302
190	0.7346031188276351
191	0.7346031188276351
192	0.7967132492072965
193	0.8925879504044915
194	0.9838981538483119
195	0.9838981538483119
196	0.9680555771461302
197	0.8782156365502277
198	0.8097517472627709
199	0.8097517472627709
200	0.8097517472627709
