1	0.4095038717012285
2	0.2599334021689725
3	0.2396695274125223
4	0.21392613224755938
5	0.10818572446379085
6	0.746625162324361
7	0.7111366461700486
8	0.5574491330158784
9	0.6144752151203909
10	0.6045810297425014
11	0.4369758436353278
12	0.6144752151203909
13	0.566571988000515
14	0.6451399456130031
15	0.746625162324361
16	1.0
17	0.9524680951766462
18	0.6773349667878948
19	0.6451399456130031
20	0.31583506350196977
21	0.18484816784601615
22	0.3370231708678045
23	0.14256649781436806
24	0.08343961441457963
25	0.07947357060372963
26	0.03472803056127704
27	0.006739766775034895
28	0.009790198959862087
29	0.009950419076984443
30	0.05383022830539263
31	0.029524436113288612
32	0.9524680951766462
33	0.9371316004437404
34	0.9371316004437404
35	0.9371316004437404
36	1.0
37	0.06756537356313774
38	0.04963373414423629
39	0.05838153282986845
40	0.019997932954225667
41	0.02277109643911641
42	0.08760357941344458
43	0.12933568132305998
44	0.37150005830873106
45	0.6045810297425014
46	0.9220420515895035
47	0.8230036250150389
48	0.9220420515895035
49	0.9680555771461301
50	0.9680555771461301
51	0.9838981538483188
52	0.9838981538483188
53	0.9838981538483188
54	0.15972263321475677
55	0.02592882145501884
56	0.00027981656498743195
57	8.555276600875402e-05
58	0.0008037369822866169
59	0.0472745482168648
60	0.0021634908644312515
61	0.02099590847766563
62	0.9524680951766462
63	0.9524680951766462
64	1.0
65	1.0
66	0.1704377839133016
67	0.04288725609875963
68	0.025100540218357226
69	0.025511319561055356
70	0.04430247303072529
71	0.9838981538483188
72	0.9838981538483188
73	0.9838981538483188
74	0.057441482370142585
75	0.03529636723622752
76	0.03954385360034535
77	0.04883453939311235
78	0.15715080394779135
79	0.9680555771461301
80	0.9680555771461301
81	0.9680555771461301
82	0.04288725609875963
83	0.014221262971401331
84	0.012693727967806401
85	0.03529636723622752
86	0.0019000115066771077
87	0.001962709116638142
88	0.02204368690561934
89	0.164993247273701
90	0.8925879504044913
91	0.8782156365502339
92	0.8640747434825014
93	0.8782156365502339
94	0.9838981538483188
95	0.9838981538483188
96	0.9838981538483188
97	0.9838981538483188
98	0.03099782162027481
99	0.0016959273764898931
100	0.007550815325235631
101	0.027668282067045125
102	0.0370577948122046
103	0.04651334071458727
104	0.305745894681384
105	0.9524680951766462
106	0.9680555771461301
107	0.9524680951766462
108	0.9524680951766462
109	0.9371316004437404
110	0.9680555771461301
111	0.2685108255202324
112	0.02390746372968351
113	0.01843893512866384
114	0.02133951404984792
115	0.02390746372968351
116	0.01354529925337699
117	0.02722277164591986
118	1.0
119	1.0
120	0.9838981538483188
121	0.9838981538483188
122	0.9680555771461301
123	0.9524680951766462
124	0.9838981538483188
125	0.9838981538483188
126	0.9220420515895035
127	0.10818572446379085
128	0.09348055211451997
129	0.10138426111191784
130	0.176061982325188
131	0.4095038717012285
132	0.9838981538483188
133	0.9371316004437404
134	0.5057153295259778
135	0.1472709844146142
136	0.09501039487561765
137	0.13145230613269226
138	0.9838981538483188
139	0.24757827243666986
140	0.06756537356313774
141	0.0009925720876842986
142	0.009790198959862087
143	0.001094110495432293
144	5.430478945470431e-05
145	0.0010591597671173467
146	0.003042299783147364
147	0.0040747351370749516
148	0.045764390058399614
149	1.0
150	0.00346418311919148
151	0.0010591597671173467
152	0.0010764932965619024
153	0.0003084413155953434
154	1.9215312752222576e-05
155	3.61902660781278e-05
156	0.003042299783147364
157	0.030007614098887924
158	1.0
159	1.0
160	0.9680555771461301
161	0.015423659850313085
162	0.029524436113288612
163	0.13360357026643777
164	1.0
165	1.0
166	1.0
167	1.0
168	1.0
169	1.0
170	0.10995622264422977
171	0.0047157206801953155
172	0.041517247454899237
173	1.0
174	1.0
175	1.0
176	0.029524436113288612
177	0.002715520127955534
178	3.076757251930122e-05
179	1.4581423846185274e-05
180	0.0003084413155953434
181	2.4118229201461526e-05
182	1.2805634424886361e-05
183	0.002384812237737408
184	1.0
185	0.045764390058399614
186	0.0040747351370749516
187	0.003042299783147364
188	0.0010591597671173467
189	5.430478945470431e-05
190	0.001094110495432293
191	0.009790198959862087
192	0.07819389939674361
193	0.14256649781436806
194	0.3262571601860513
195	0.783884695041549
196	0.9680555771461301
197	0.20709238541955044
198	0.13360357026643777
199	0.20709238541955044
200	0.5758441417787755
