1	0.9524680951766598
2	0.8782156365502339
3	0.8782156365502339
4	0.8782156365502339
5	0.45878265723355866
6	0.09049436982916054
7	0.08760357941344458
8	0.13145230613269226
9	0.07569604040982107
10	0.1252041276287828
11	0.5484731728386688
12	0.48167771661523795
13	0.5948461590153712
14	0.6245313223904189
15	0.6045810297425014
16	0.44412711003287414
17	0.41620554942555466
18	0.4513954094697245
19	0.44412711003287414
20	0.3775797899972509
21	0.3210038175868557
22	0.46629079995639433
23	0.8782156365502339
24	0.8501615448994049
25	0.8925879504044913
26	0.8640747434825014
27	0.8782156365502339
28	0.5665719880005149
29	0.809751747262771
30	0.8501615448994049
31	0.823003625015039
32	0.8364723744993592
33	0.8364723744993592
34	0.5758441417787837
35	0.29121320991525734
36	0.46629079995639433
37	0.48956054519591574
38	0.7227746524257325
39	0.5665719880005149
40	0.614475215120391
41	0.331596475620944
42	0.31583506350196977
43	0.44412711003287414
44	0.46629079995639433
45	0.5484731728386688
46	0.5396417421912961
47	0.39003937264673083
48	0.31074953590015464
49	0.2037578156903402
50	0.7967132492073021
51	0.6347520014624477
52	0.5758441417787837
53	0.331596475620944
54	0.17606198232518802
55	0.16769342093829617
56	0.44412711003287414
57	0.17043778391330164
58	0.8640747434825014
59	0.809751747262771
60	0.9838981538483189
61	0.20709238541955044
62	0.38375901867528034
63	0.05127157501696131
64	0.614475215120391
65	0.6245313223904189
66	0.2209853827589351
67	0.34253867592860743
68	0.305745894681384
69	0.5224031981891384
70	0.7111366461700486
71	0.04151724745489924
72	0.03361866366814549
73	0.19094788792080922
74	0.2037578156903402
75	0.05127157501696131
76	0.013992274382953427
77	0.08209608258032047
78	0.16769342093829617
79	0.7346031188276403
80	0.11175569566235918
81	0.14968112689163354
82	0.26851082552023625
83	0.1425664978143681
84	0.2037578156903402
85	0.8364723744993592
86	0.08343961441458082
87	0.6556978921951104
88	0.2209853827589351
89	0.3370231708678045
90	0.6556978921951104
91	0.4299397258291169
92	0.02314375359893927
93	0.02551131956105536
94	0.8782156365502339
95	0.17606198232518802
96	0.9524680951766598
97	0.9371316004437272
98	0.1972488898661499
99	0.052963462250909324
100	0.04963373414423629
101	0.02277109643911641
102	0.02390746372968351
103	0.004009124378788865
104	0.061295000982725924
105	1.0
106	1.0
107	0.10644373457266823
108	0.9838981538483189
109	0.7712627042813436
110	0.809751747262771
111	0.9524680951766598
112	0.9071954723294419
113	0.9524680951766598
114	0.7838846950415491
115	0.7227746524257325
116	0.08209608258032047
117	0.8925879504044913
118	0.8925879504044913
119	0.01843893512866384
120	0.0330773411179359
121	0.08209608258032047
122	0.03202070454638286
123	0.02352250942683158
124	0.11175569566235918
125	0.2037578156903402
126	0.17043778391330164
127	0.9680555771461301
128	0.14968112689163354
129	0.05044600800408453
130	0.06979493239667536
131	0.35384195289533515
132	0.31583506350196977
133	0.7967132492073021
134	0.29597901853585135
135	0.11925293695084216
136	0.1425664978143681
137	0.055606547367958434
138	0.9071954723294419
139	0.305745894681384
140	0.4369758436353279
141	0.6884197964379097
142	0.6245313223904189
143	0.031505112088108564
144	0.09501039487561765
145	0.029049038185277716
146	0.37150005830873634
147	0.823003625015039
148	0.6884197964379097
149	0.24757827243667338
150	0.016727718463300126
151	0.02551131956105536
152	0.03049869946550746
153	0.49757237909340374
154	0.5665719880005149
155	0.5948461590153712
156	0.7111366461700486
157	0.48956054519591574
158	0.10995622264422977
159	0.019047393108381605
160	0.02766828206704513
161	0.5852680376789788
162	0.4230169025093204
163	0.48167771661523795
164	0.6045810297425014
165	0.5574491330158785
166	0.48956054519591574
167	0.49757237909340374
168	0.5309525138815143
169	0.4095038717012285
170	0.08903724340857933
171	0.04151724745489924
172	0.059336967552506205
173	0.16233655139003125
174	0.09814559940423298
175	0.05383022830539263
176	0.09656527406216149
177	0.9680555771461301
178	1.0
179	0.3370231708678045
180	0.3008228213237163
181	0.003092088110184961
182	0.00742923325854893
183	0.6996860333005861
184	0.746625162324361
185	0.9680555771461301
186	0.9680555771461301
187	0.9680555771461301
188	0.31074953590015464
189	0.03361866366814549
190	0.03828064801966439
191	0.04651334071458728
192	0.6996860333005861
193	0.9524680951766598
194	0.38375901867528034
195	0.3596327033558797
196	0.6245313223904189
197	0.6664286233595222
198	0.5574491330158785
199	0.746625162324361
200	1.0
