1	0.6556978921951198
2	0.47392181612761314
3	0.8097517472627823
4	1.0
5	0.29121320991526145
6	0.22827757824649858
7	0.23201342268367284
8	0.5948461590153626
9	0.47392181612761314
10	0.2641873055176485
11	0.22827757824649858
12	0.22827757824649858
13	0.15972263321475677
14	0.41620554942555466
15	0.04219669209919026
16	0.45139540946972445
17	0.6664286233595221
18	0.6451399456130124
19	0.15213071221465965
20	0.06867110513305712
21	0.07947357060372963
22	0.4895605451959227
23	0.3370231708678044
24	0.8501615448993928
25	0.2396695274125257
26	0.2037578156903431
27	0.09501039487561899
28	0.0004938764550907865
29	0.0018393167356806218
30	0.006214348384488078
31	0.042887256098759936
32	0.13360357026643588
33	0.008459463654885604
34	0.2865241396118687
35	0.19724888986614988
36	0.5665719880005149
37	0.37150005830873106
38	0.4029101033605775
39	0.24757827243666986
40	0.34253867592860743
41	0.6245313223904276
42	0.6884197964379097
43	0.8782156365502339
44	0.5484731728386688
45	0.5139915422627579
46	0.4230169025093204
47	0.41620554942555466
48	0.2819105719970956
49	0.15972263321475677
50	0.2037578156903431
51	0.8097517472627823
52	0.8640747434825135
53	0.8640747434825135
54	0.5057153295259778
55	0.1357900406092586
56	0.045764390058400266
57	0.3538419528953351
58	0.6556978921951198
59	0.6245313223904276
60	0.6045810297425013
61	0.34253867592860743
62	0.29121320991526145
63	0.2865241396118687
64	0.5948461590153626
65	0.5852680376789872
66	0.7838846950415602
67	0.7588439508744756
68	0.8925879504044913
69	0.9524680951766462
70	0.2246018878016919
71	0.06435386265758125
72	0.07947357060372963
73	0.5396417421913038
74	0.6045810297425013
75	0.6451399456130124
76	0.2246018878016919
77	0.21742711012398033
78	0.8501615448993928
79	0.6347520014624477
80	0.5139915422627579
81	0.08077418408895759
82	0.11925293695084216
83	0.4230169025093204
84	0.5139915422627579
85	0.5309525138815067
86	0.5484731728386688
87	0.614475215120391
88	0.9220420515895166
89	0.9680555771461438
90	0.6451399456130124
91	0.746625162324361
92	0.9838981538483188
93	0.9838981538483188
94	0.9524680951766462
95	0.8097517472627823
96	0.6556978921951198
97	0.7588439508744756
98	0.5852680376789872
99	0.6045810297425013
100	0.5852680376789872
101	0.6556978921951198
102	0.24757827243666986
103	0.04019100294647147
104	0.027222771645920248
105	0.008738613623635547
106	0.011147830387442843
107	0.03705779481220434
108	0.127253138080475
109	1.0
110	0.27737129133826594
111	0.04019100294647147
112	0.03529636723622752
113	0.013992274382953526
114	0.011147830387442843
115	1.0
116	1.0
117	0.038907124553428256
118	0.04019100294647147
119	0.10644373457266823
120	0.8230036250150389
121	0.9371316004437404
122	0.2819105719970956
123	0.21742711012398033
124	0.9680555771461438
125	0.9680555771461438
126	0.9680555771461438
127	0.9680555771461438
128	0.9680555771461438
129	0.9680555771461438
130	0.9371316004437404
131	0.9220420515895166
132	0.23201342268367284
133	0.31074953590015464
134	0.8782156365502339
135	1.0
136	0.13145230613269226
137	0.04019100294647147
138	0.010113261253784716
139	0.9680555771461438
140	1.0
141	0.004348092770690369
142	0.0037570771454724524
143	0.0061142859028680595
144	0.011704150977755522
145	0.25162997965624534
146	0.9680555771461438
147	0.09814559940423298
148	0.006631244087325164
149	0.0032463954707180774
150	0.0019627091166381557
151	0.004348092770690369
152	0.08760357941344458
153	0.37150005830873106
154	0.8782156365502339
155	0.8782156365502339
156	0.9838981538483188
157	0.836472374499359
158	0.8782156365502339
159	1.0
160	0.7712627042813435
161	0.25574799451756824
162	0.40950387170122843
163	0.02551131956105572
164	0.024696375181437153
165	0.02551131956105572
166	0.6045810297425013
167	0.614475215120391
168	0.614475215120391
169	0.614475215120391
170	0.614475215120391
171	0.6451399456130124
172	0.9680555771461438
173	0.8925879504044913
174	0.03099782162027459
175	0.06647744631284418
176	0.04804821315291658
177	0.05651656845829485
178	0.12120455403276077
179	0.8640747434825135
180	0.4816777166152448
181	0.041517247454898945
182	0.03049869946550789
183	0.127253138080475
184	0.43697584363533404
185	0.43697584363533404
186	0.43697584363533404
187	0.5948461590153626
188	0.8782156365502339
189	0.4895605451959227
190	0.29121320991526145
191	0.13360357026643588
192	0.5852680376789872
193	0.24359180518339907
194	0.6884197964379097
195	0.7712627042813435
196	0.9220420515895166
197	0.6347520014624477
198	0.6451399456130124
199	0.7712627042813435
200	0.8782156365502339
