1	0.5057153295259813
2	0.5396417421913039
3	0.08903724340857996
4	0.1013842611119193
5	0.1212045540327608
6	0.2396695274125257
7	0.43697584363533404
8	0.40950387170123137
9	0.8640747434825137
10	0.1472709844146142
11	0.009477456704464872
12	0.013112602486345095
13	0.022771096439116734
14	0.014930959938100535
15	0.012288234154011063
16	0.03890712455342826
17	0.8230036250150449
18	0.9524680951766599
19	0.9071954723294483
20	0.9071954723294483
21	0.9524680951766599
22	1.0
23	0.968055577146144
24	0.968055577146144
25	0.1972488898661485
26	0.119252936950843
27	0.1597226332147579
28	0.04883453939311235
29	0.06867110513305662
30	0.1597226332147579
31	0.09501039487561831
32	0.6884197964379146
33	0.6664286233595221
34	0.3715000583087338
35	0.33702317086780925
36	0.3008228213237206
37	0.32625716018605594
38	0.7346031188276455
39	0.7967132492073021
40	0.9524680951766599
41	0.9220420515895167
42	0.9524680951766599
43	0.9838981538483259
44	0.6245313223904276
45	0.3900393726467364
46	0.3837590186752831
47	0.40950387170123137
48	0.9371316004437406
49	0.9524680951766599
50	0.8925879504044915
51	0.9838981538483259
52	0.6884197964379146
53	0.6245313223904276
54	0.9524680951766599
55	0.9220420515895167
56	0.8925879504044915
57	0.8782156365502403
58	0.8230036250150449
59	0.968055577146144
60	0.4230169025093235
61	0.4513954094697309
62	0.12318811002814957
63	0.18787327440652254
64	0.9524680951766599
65	0.5948461590153669
66	0.6347520014624523
67	0.8640747434825137
68	0.6773349667878997
69	0.6773349667878997
70	0.12725313808047412
71	0.22460188780169513
72	0.2865241396118708
73	0.3596327033558848
74	0.9838981538483259
75	0.9838981538483259
76	0.9838981538483259
77	0.9838981538483259
78	0.3900393726467364
79	0.3655182215245059
80	0.3715000583087338
81	0.37757978999725356
82	0.2819105719970976
83	0.09197534264619843
84	0.16769342093829856
85	0.16233655139003358
86	0.23581040555488478
87	0.7227746524257427
88	0.746625162324361
89	0.6144752151203955
90	0.6347520014624523
91	0.566571988000519
92	0.4299397258291169
93	0.4299397258291169
94	0.6245313223904276
95	0.11358461770179094
96	0.034728030561276796
97	0.07569604040982214
98	0.8640747434825137
99	0.8501615448994109
100	0.7588439508744812
101	0.03890712455342826
102	0.0035784961121799095
103	0.0036965812672960846
104	0.004491573493650783
105	0.968055577146144
106	0.968055577146144
107	0.968055577146144
108	0.9838981538483259
109	0.9838981538483259
110	0.968055577146144
111	0.968055577146144
112	0.968055577146144
113	0.007927630713798602
114	0.0037570771454724524
115	0.010968329737619204
116	0.1571508039477936
117	0.8925879504044915
118	0.7838846950415547
119	1.0
120	1.0
121	0.1972488898661485
122	0.1972488898661485
123	0.27737129133826793
124	0.9371316004437406
125	0.8097517472627768
126	0.8097517472627768
127	0.9838981538483259
128	0.968055577146144
129	0.968055577146144
130	0.9838981538483259
131	0.968055577146144
132	0.7111366461700537
133	0.119252936950843
134	0.10995622264422977
135	0.27737129133826793
136	0.2139261322475609
137	0.5574491330158786
138	0.12318811002814957
139	0.04358912142584587
140	0.030997821620275035
141	0.06647744631284466
142	0.3596327033558848
143	0.16769342093829856
144	0.7712627042813435
145	0.9838981538483259
146	0.968055577146144
147	0.40950387170123137
148	0.3425386759286099
149	0.3315964756209417
150	0.3210038175868557
151	0.9371316004437406
152	0.9371316004437406
153	0.968055577146144
154	0.5484731728386728
155	0.5758441417787837
156	0.4162055494255547
157	0.18787327440652254
158	0.12725313808047412
159	0.0807741840889576
160	0.466290799956401
161	0.03954385360034591
162	0.012288234154011063
163	0.03646109590141792
164	0.023907463729683682
165	0.027222771645920248
166	0.09814559940423298
167	0.43697584363533404
168	0.968055577146144
169	0.7838846950415547
170	1.0
171	0.9371316004437406
172	0.9371316004437406
173	0.968055577146144
174	0.6347520014624523
175	0.6347520014624523
176	0.48956054519591924
177	0.6144752151203955
178	0.07327797408660718
179	0.015932618141390915
180	0.2865241396118708
181	0.272905101478246
182	0.2641873055176467
183	0.272905101478246
184	0.3596327033558848
185	0.16233655139003358
186	0.5057153295259813
187	0.6144752151203955
188	0.1013842611119193
189	0.09049436982916181
190	0.1972488898661485
191	0.1818717710859395
192	0.07447719441285228
193	0.040191002946471474
194	0.1212045540327608
195	0.7838846950415547
196	0.6144752151203955
197	1.0
198	0.9838981538483259
199	1.0
200	1.0
