1	0.6144752151203823
2	0.6773349667878853
3	0.3425386759286026
4	0.466290799956401
5	0.3837590186752749
6	0.40950387170122265
7	0.040191002946470614
8	0.020995908477665633
9	0.03646109590141792
10	0.9071954723294289
11	0.6996860333005861
12	0.9680555771461301
13	0.9838981538483049
14	0.9838981538483049
15	0.03049869946550789
16	0.013545299253376991
17	0.018740694914959853
18	0.011330268629776487
19	0.019047393108381605
20	0.029049038185277303
21	0.019359110527732544
22	0.028581295041563655
23	0.042196692099189664
24	0.08077418408895645
25	0.1704377839132992
26	0.9524680951766462
27	0.6245313223904277
28	0.5758441417787756
29	0.5852680376789788
30	0.5948461590153626
31	0.19407281858793252
32	0.1704377839132992
33	0.40950387170122265
34	0.34814444420780405
35	0.6664286233595221
36	0.5948461590153626
37	0.41620554942555466
38	0.1117556956623576
39	0.10138426111191785
40	0.15213071221465752
41	0.548473172838661
42	0.5948461590153626
43	0.6451399456130031
44	0.5139915422627507
45	0.481677716615238
46	0.4739218161276064
47	0.5139915422627507
48	0.6045810297425014
49	0.5224031981891384
50	0.9220420515895036
51	0.8925879504044913
52	0.3315964756209393
53	0.18484816784601352
54	0.09975178733729188
55	0.06331764666180247
56	0.07093715149650967
57	0.09814559940423298
58	0.5852680376789788
59	0.8782156365502214
60	0.8230036250150273
61	0.4587826572335522
62	0.40291010336057753
63	0.8925879504044913
64	0.6144752151203823
65	0.6347520014624387
66	0.6556978921951012
67	0.6996860333005861
68	0.7466251623243612
69	0.9371316004437271
70	0.3057458946813797
71	0.39003937264673083
72	0.9680555771461301
73	0.9680555771461301
74	0.4895605451959088
75	0.40291010336057753
76	0.3775797899972509
77	0.3057458946813797
78	0.31583506350196533
79	0.5396417421912961
80	0.9524680951766462
81	0.9220420515895036
82	0.9680555771461301
83	0.018740694914959853
84	0.0008716923278076609
85	0.005823662247270162
86	0.009950419076984445
87	0.018740694914959853
88	0.07327797408660716
89	0.3210038175868511
90	1.0
91	1.0
92	1.0
93	0.3370231708678044
94	0.07093715149650967
95	0.015423659850312866
96	0.007076107650393089
97	0.003042299783147321
98	0.001538537637351158
99	0.019047393108381605
100	0.016727718463299887
101	0.007799981223697564
102	0.0031941225103010833
103	0.0019000115066771077
104	0.0007174059456835026
105	0.00019898781356798297
106	0.0016417519552458227
107	1.0
108	1.0
109	1.0
110	1.0
111	1.0
112	0.0023086307871880737
113	0.0005356333306484069
114	0.0014654080128054352
115	0.004141419638950831
116	0.011147830387442607
117	0.005637628717885246
118	0.0061142859028680595
119	0.9838981538483049
120	0.9680555771461301
121	0.8640747434825014
122	0.7111366461700386
123	0.8097517472627709
124	0.3315964756209393
125	0.12933568132305814
126	0.03254473486014822
127	0.027222771645920248
128	0.03416884515602799
129	0.49757237909340374
130	0.9838981538483049
131	0.9524680951766462
132	1.0
133	0.49757237909340374
134	0.05044600800408382
135	0.5396417421912961
136	0.04883453939311235
137	0.05838153282986846
138	0.23581040555487975
139	1.0
140	0.5948461590153626
141	0.5309525138815068
142	0.5309525138815068
143	1.0
144	1.0
145	0.6045810297425014
146	0.4739218161276064
147	0.466290799956401
148	1.0
149	0.061295000982725924
150	0.062298115656567614
151	0.548473172838661
152	0.36551822152449814
153	0.3425386759286026
154	0.4441271100328678
155	0.08480513362914895
156	0.08760357941344458
157	0.16233655139003125
158	0.36551822152449814
159	0.5852680376789788
160	0.6347520014624387
161	0.4441271100328678
162	0.4513954094697245
163	0.39003937264673083
164	0.40291010336057753
165	0.9680555771461301
166	0.7227746524257325
167	0.7227746524257325
168	0.7466251623243612
169	0.49757237909340374
170	0.466290799956401
171	0.5665719880005069
172	0.5852680376789788
173	0.13360357026643588
174	0.05651656845829405
175	0.04804821315291556
176	0.010446984132459454
177	0.005823662247270162
178	0.008189230970776996
179	0.008189230970776996
180	0.025511319561055356
181	0.03361866366814501
182	0.005283200023099393
183	0.02390746372968351
184	0.9220420515895036
185	0.9680555771461301
186	0.9680555771461301
187	0.9838981538483049
188	0.6245313223904277
189	0.9838981538483049
190	0.0781938993967436
191	0.07447719441285068
192	0.09049436982916054
193	1.0
194	1.0
195	0.42301690250931445
196	0.40950387170122265
197	0.22827757824649214
198	0.2396695274125223
199	0.6045810297425014
200	1.0
