1	0.6996860333005861
2	0.5948461590153626
3	0.5948461590153626
4	0.38375901867527495
5	0.08903724340857931
6	0.24757827243666986
7	0.783884695041549
8	0.09656527406216012
9	0.04019100294647118
10	0.05471117929721262
11	0.22098538275893195
12	0.2037578156903402
13	0.20709238541954753
14	0.2435918051833956
15	0.9524680951766463
16	0.7588439508744758
17	0.6045810297425014
18	0.17894329980857734
19	0.17894329980857734
20	0.24757827243666986
21	0.5224031981891384
22	0.3775797899972509
23	0.783884695041549
24	0.6045810297425014
25	0.5665719880005149
26	0.6996860333005861
27	0.5852680376789788
28	0.7967132492072909
29	0.7588439508744758
30	0.8501615448993928
31	0.12318811002814868
32	0.0028976934794106937
33	0.0020943793974173754
34	0.001723681836231313
35	0.0017805608241138278
36	0.029049038185277303
37	0.9838981538483188
38	0.9680555771461301
39	1.0
40	1.0
41	1.0
42	0.9680555771461301
43	1.0
44	0.02722277164591986
45	0.006214348384488034
46	0.006015834611932685
47	0.006631244087325071
48	0.0070761076503931385
49	0.13360357026643588
50	0.9838981538483188
51	0.9524680951766463
52	0.9680555771461301
53	0.9524680951766463
54	0.5758441417787756
55	0.19724888986614988
56	0.10472979393476876
57	0.010278768401209682
58	0.013327194928720634
59	0.013545299253376799
60	0.04651334071458662
61	0.031505112088108564
62	0.017001473575158972
63	0.013545299253376799
64	0.006015834611932685
65	0.008323250672588899
66	0.03202070454638286
67	0.9071954723294418
68	0.9838981538483188
69	1.0
70	0.9371316004437271
71	0.9524680951766463
72	0.8925879504044915
73	0.8925879504044915
74	0.04651334071458662
75	0.06435386265758125
76	0.023143753598939273
77	0.01727970878760305
78	0.040848743123738596
79	0.008881624169591297
80	0.05560654736795764
81	0.06756537356313774
82	0.07093715149650967
83	0.05651656845829405
84	0.06867110513305613
85	0.08760357941344458
86	0.2819105719970956
87	0.6556978921951105
88	0.6245313223904189
89	0.9071954723294418
90	0.9220420515895035
91	0.8925879504044915
92	0.8640747434825014
93	0.7588439508744758
94	0.6884197964379
95	0.7227746524257325
96	0.8501615448993928
97	0.8782156365502338
98	0.7111366461700385
99	0.7712627042813325
100	0.3210038175868511
101	0.2037578156903402
102	0.35384195289533515
103	0.7346031188276403
104	0.7712627042813325
105	0.8640747434825014
106	0.19407281858793252
107	0.2516299796562454
108	0.024696375181437157
109	0.7111366461700385
110	0.9220420515895035
111	0.1597226332147545
112	0.13360357026643588
113	0.9680555771461301
114	0.9680555771461301
115	0.03587400494469159
116	0.023143753598939273
117	0.05471117929721262
118	0.07327797408660612
119	1.0
120	1.0
121	0.9680555771461301
122	0.6045810297425014
123	0.45878265723355866
124	0.8501615448993928
125	0.04651334071458662
126	0.04430247303072529
127	0.07819389939674361
128	0.35384195289533515
129	0.9838981538483188
130	0.9838981538483188
131	0.9838981538483188
132	0.7967132492072909
133	0.19094788792080922
134	0.030007614098887924
135	0.025100540218356872
136	0.008881624169591297
137	0.39642250686330754
138	0.8501615448993928
139	0.9680555771461301
140	0.9838981538483188
141	0.07327797408660612
142	0.03954385360034535
143	0.09501039487561765
144	0.10304345090533384
145	0.9524680951766463
146	0.9680555771461301
147	0.1425664978143681
148	0.1521307122146575
149	0.9524680951766463
150	0.045764390058399614
151	0.09814559940423298
152	0.15462038588000881
153	0.20047693868989175
154	0.19407281858793252
155	0.809751747262771
156	0.7346031188276403
157	0.809751747262771
158	0.8230036250150272
159	0.8782156365502338
160	0.9838981538483188
161	0.39003937264673083
162	0.3715000583087258
163	0.45878265723355866
164	0.4162055494255487
165	0.5057153295259778
166	0.24757827243666986
167	0.305745894681384
168	0.36551822152450336
169	0.3481444442077991
170	0.4895605451959158
171	0.5948461590153626
172	0.35384195289533515
173	0.10644373457266823
174	0.05838153282986845
175	0.05383022830539186
176	0.11544347070631857
177	0.9071954723294418
178	0.9524680951766463
179	0.27290510147824404
180	0.23201342268366953
181	0.1818717710859369
182	0.12120455403275907
183	0.023522509426831248
184	0.02277109643911641
185	0.1272531380804732
186	0.7588439508744758
187	0.7712627042813325
188	0.7712627042813325
189	0.1597226332147545
190	0.3775797899972509
191	0.026784434765055293
192	0.5758441417787756
193	0.5758441417787756
194	0.8782156365502338
195	0.9371316004437271
196	1.0
197	0.9524680951766463
198	0.9371316004437271
199	0.9524680951766463
200	0.9680555771461301
