1	0.983898153848305
2	1.0
3	1.0
4	0.9680555771461302
5	0.8501615448993928
6	0.8640747434825015
7	0.22460188780169196
8	0.2729051014782441
9	0.9071954723294418
10	0.8364723744993591
11	0.011330268629776487
12	0.05471117929721263
13	0.08480513362914896
14	0.9220420515895036
15	0.7967132492072909
16	0.08343961441457963
17	0.16233655139003125
18	0.7967132492072909
19	0.4895605451959158
20	0.15462038588000881
21	0.1314523061326923
22	0.20047693868989175
23	0.9524680951766463
24	0.9524680951766463
25	0.9524680951766463
26	0.9071954723294418
27	0.2358104055548831
28	0.017849913987938726
29	0.020995908477665633
30	0.3596327033558797
31	0.8782156365502215
32	0.25574799451756464
33	0.23201342268366956
34	0.09501039487561766
35	0.09656527406216013
36	0.10138426111191785
37	0.983898153848305
38	0.8640747434825015
39	0.005283200023099393
40	0.0083232506725889
41	0.7346031188276299
42	0.983898153848305
43	0.983898153848305
44	0.9071954723294418
45	0.8925879504044915
46	0.8364723744993591
47	0.8501615448993928
48	0.8640747434825015
49	0.983898153848305
50	0.9071954723294418
51	0.8925879504044915
52	0.9524680951766463
53	0.983898153848305
54	1.0
55	0.983898153848305
56	0.9680555771461302
57	0.9680555771461302
58	0.983898153848305
59	1.0
60	0.8925879504044915
61	0.9071954723294418
62	0.06129500098272593
63	0.04576439005839962
64	0.06540703669975813
65	0.983898153848305
66	0.983898153848305
67	0.10644373457266673
68	0.1117556956623576
69	0.10304345090533239
70	0.983898153848305
71	0.983898153848305
72	0.9220420515895036
73	0.7466251623243612
74	0.548473172838661
75	0.48167771661523806
76	0.6884197964379001
77	0.8364723744993591
78	0.13801229332338866
79	0.0076743871260476935
80	0.00016113072972067277
81	0.0002665163506524516
82	0.05933696755250621
83	1.0
84	1.0
85	1.0
86	0.06756537356313776
87	0.0083232506725889
88	0.0035208757183271245
89	0.027222771645919863
90	0.05044600800408382
91	0.983898153848305
92	0.5309525138815068
93	0.41620554942554877
94	0.4895605451959158
95	0.10304345090533239
96	0.003194122510301038
97	0.0029451152724262264
98	0.0030920881101849616
99	0.0038810552143591307
100	0.0023464123579847143
101	0.001538537637351158
102	0.11925293695084047
103	0.060308038307034934
104	0.08903724340857806
105	0.028121083425988593
106	0.006419412822152426
107	0.008597905811488844
108	0.14727098441461212
109	1.0
110	0.05838153282986846
111	0.018740694914959853
112	0.8230036250150273
113	0.7967132492072909
114	1.0
115	1.0
116	1.0
117	0.983898153848305
118	0.1909478879208065
119	0.019675929314445093
120	0.8230036250150273
121	0.7967132492072909
122	0.02352250942683125
123	0.0059189685685373875
124	0.0025864462836876507
125	0.025100540218356872
126	0.08343961441457963
127	0.566571988000507
128	0.983898153848305
129	0.9524680951766463
130	0.983898153848305
131	0.019675929314445093
132	0.018740694914959853
133	0.028121083425988593
134	0.05471117929721263
135	0.983898153848305
136	0.0408487431237386
137	0.04883453939311236
138	1.0
139	1.0
140	1.0
141	1.0
142	0.05044600800408382
143	0.04883453939311236
144	0.983898153848305
145	0.9680555771461302
146	0.07327797408660716
147	0.027222771645919863
148	0.019047393108381605
149	0.025928821455018475
150	0.983898153848305
151	0.9680555771461302
152	1.0
153	0.48167771661523806
154	0.11925293695084047
155	0.0016959273764898693
156	0.002463507565100692
157	0.003578496112179833
158	0.0025447997235481246
159	0.002027475656329842
160	0.0027155201279554955
161	0.277371291338262
162	0.7466251623243612
163	0.6884197964379001
164	0.9524680951766463
165	0.17043778391330164
166	0.06540703669975813
167	0.025928821455018475
168	0.028121083425988593
169	0.6451399456130033
170	0.04963373414423559
171	0.3596327033558797
172	0.37757978999725095
173	1.0
174	0.983898153848305
175	0.9680555771461302
176	0.9680555771461302
177	0.9524680951766463
178	0.9680555771461302
179	0.624531322390419
180	0.023907463729683512
181	0.03049869946550746
182	0.04576439005839962
183	0.6664286233595221
184	0.12120455403275908
185	0.3596327033558797
186	0.3370231708678045
187	0.3715000583087311
188	0.9220420515895036
189	0.8501615448993928
190	0.8230036250150273
191	0.8925879504044915
192	0.06331764666180248
193	0.027222771645919863
194	0.029524436113288616
195	0.9071954723294418
196	0.9524680951766463
197	0.07093715149650967
198	0.1272531380804732
199	0.14027091400017713
200	0.983898153848305
