1	0.9371316004437406
2	0.8640747434825136
3	0.8640747434825136
4	0.8230036250150391
5	0.8640747434825136
6	0.9071954723294547
7	0.5484731728386766
8	0.35963270335588476
9	0.32625716018605594
10	0.32625716018605594
11	0.9071954723294547
12	0.7838846950415603
13	0.6245313223904277
14	0.5758441417787838
15	0.27737129133826594
16	0.28652413961186873
17	0.7967132492073022
18	0.2037578156903431
19	0.04804821315291693
20	0.02065783558954407
21	0.004209195456615671
22	5.8896217760446576e-05
23	0.00025800263964974307
24	4.469303857690138e-05
25	0.0005019589204015528
26	0.0010941104954323086
27	0.0023086307871881067
28	0.0011675099792966507
29	3.3915041970280715e-05
30	0.0005904276939048732
31	0.19094788792081194
32	1.0
33	1.0
34	1.0
35	0.18787327440652257
36	0.003299523896879449
37	3.3915041970280715e-05
38	0.0011675099792966507
39	0.0023086307871881067
40	0.0010941104954323086
41	0.0005019589204015528
42	4.469303857690138e-05
43	0.000279816564987432
44	0.00012837498722290263
45	0.005729890533725346
46	0.02551131956105572
47	0.08619300005539272
48	0.3158350635019743
49	0.8640747434825136
50	0.4895605451959228
51	0.513991542262758
52	0.5396417421913039
53	0.7712627042813436
54	0.25162997965624895
55	0.22098538275893512
56	0.27737129133826594
57	0.3655182215245085
58	0.7111366461700487
59	0.8364723744993591
60	0.9071954723294547
61	0.7838846950415603
62	0.8097517472627824
63	0.05651656845829486
64	0.0025447997235481246
65	0.0022714575694317693
66	0.11733274450692356
67	0.11733274450692356
68	0.09814559940423298
69	0.9371316004437406
70	0.9524680951766599
71	0.2004769386898946
72	0.1972488898661499
73	0.8782156365502464
74	0.04151724745489924
75	0.03307734111793637
76	0.05044600800408453
77	0.1030434509053353
78	0.11175569566235918
79	0.1336035702664378
80	0.05211065273008482
81	0.03202070454638332
82	0.029524436113289036
83	0.06756537356313871
84	0.15213071221465968
85	0.8364723744993591
86	0.8640747434825136
87	0.6884197964379098
88	0.6664286233595221
89	0.7111366461700487
90	0.6347520014624478
91	0.6773349667879045
92	0.7111366461700487
93	0.614475215120391
94	0.44412711003286787
95	0.7712627042813436
96	0.3837590186752804
97	0.33159647562093936
98	0.33159647562093936
99	0.4095038717012343
100	0.3425386759286075
101	0.2475782724366734
102	0.6884197964379098
103	0.8925879504044915
104	0.7227746524257428
105	0.45878265723355866
106	0.47392181612761314
107	0.3158350635019743
108	0.1972488898661499
109	0.5484731728386766
110	0.6045810297425099
111	0.6773349667879045
112	0.6451399456130124
113	0.6045810297425099
114	0.5484731728386766
115	0.5852680376789872
116	0.34814444420780405
117	0.9371316004437406
118	0.18187177108593947
119	0.19094788792081194
120	0.9524680951766599
121	0.6347520014624478
122	0.513991542262758
123	0.6245313223904277
124	0.12520412762878458
125	0.3837590186752804
126	0.31074953590015464
127	0.2557479945175719
128	0.2139261322475594
129	0.2819105719970996
130	0.4895605451959228
131	0.49757237909340374
132	0.6451399456130124
133	0.45878265723355866
134	0.3210038175868557
135	0.30082282132372057
136	0.3210038175868557
137	0.3900393726467364
138	0.505715329525985
139	0.6451399456130124
140	0.9838981538483189
141	0.8925879504044915
142	0.7838846950415603
143	0.8097517472627824
144	0.3538419528953402
145	0.14489964968096344
146	0.11733274450692356
147	0.15462038588001104
148	0.5948461590153628
149	0.17606198232518802
150	0.07209806342155775
151	0.3655182215245085
152	0.5758441417787838
153	0.5309525138815143
154	0.5665719880005231
155	0.614475215120391
156	0.9071954723294547
157	0.8925879504044915
158	0.8925879504044915
159	0.7967132492073022
160	0.513991542262758
161	0.5574491330158785
162	0.505715329525985
163	0.6451399456130124
164	0.8640747434825136
165	0.8364723744993591
166	0.9371316004437406
167	0.20709238541955047
168	0.003299523896879449
169	0.001751890507660274
170	0.00025800263964974307
171	0.09197534264619908
172	0.05211065273008482
173	0.06756537356313871
174	0.9071954723294547
175	0.04576439005840027
176	0.029524436113289036
177	0.11544347070631858
178	0.1425664978143701
179	0.9524680951766599
180	0.27737129133826594
181	0.15213071221465968
182	0.8925879504044915
183	0.8782156365502464
184	0.04219669209919027
185	0.030997821620275253
186	0.06331764666180337
187	0.013327194928720825
188	0.013766972933527197
189	0.0997517873372933
190	0.5665719880005231
191	0.5396417421913039
192	0.5852680376789872
193	0.8097517472627824
194	0.6045810297425099
195	0.6664286233595221
196	0.7967132492073022
197	0.5396417421913039
198	0.5224031981891458
199	0.7111366461700487
200	0.9524680951766599
