1	1.0
2	0.9838981538483049
3	0.9838981538483049
4	0.9371316004437272
5	0.5758441417787756
6	0.5758441417787756
7	0.6664286233595221
8	0.9524680951766464
9	0.9371316004437272
10	0.9680555771461302
11	0.9680555771461302
12	0.9838981538483049
13	0.9371316004437272
14	0.9524680951766464
15	0.6556978921951012
16	0.6884197964379001
17	0.6884197964379001
18	0.4369758436353279
19	0.22460188780169194
20	0.2435918051833956
21	0.2865241396118647
22	0.9524680951766464
23	0.9524680951766464
24	0.9838981538483049
25	0.9838981538483049
26	0.03049869946550746
27	0.027668282067044733
28	0.03049869946550746
29	0.9838981538483049
30	0.2685108255202325
31	0.042196692099189664
32	0.022043686905619343
33	0.04430247303072467
34	0.019997932954225386
35	0.6664286233595221
36	0.7466251623243505
37	0.4739218161276064
38	0.37150005830872584
39	0.40291010336057753
40	0.4369758436353279
41	0.9838981538483049
42	0.4299397258291108
43	0.1252041276287828
44	0.1099562226442282
45	0.05211065273008481
46	0.05044600800408382
47	0.11358461770178933
48	0.6556978921951012
49	0.7967132492072909
50	0.9680555771461302
51	0.6347520014624387
52	0.6045810297425014
53	0.6045810297425014
54	0.9680555771461302
55	0.9524680951766464
56	0.3370231708678045
57	0.02429871794776111
58	0.011330268629776487
59	0.008057369233584848
60	0.008189230970776997
61	0.0019000115066770808
62	0.0025864462836876325
63	0.09814559940423159
64	0.9524680951766464
65	0.9680555771461302
66	0.1448996496809614
67	0.014930959938100218
68	0.028121083425988593
69	0.07093715149650967
70	0.1496811268916314
71	0.7227746524257325
72	0.6347520014624387
73	0.6144752151203824
74	0.2865241396118647
75	0.4662907999563944
76	0.7346031188276299
77	0.7111366461700385
78	0.4299397258291108
79	0.13145230613269043
80	0.13579004060925667
81	0.24757827243666636
82	0.8640747434825014
83	0.8640747434825014
84	0.8782156365502215
85	0.6144752151203824
86	0.548473172838661
87	0.33159647562093464
88	0.05127157501696131
89	0.02551131956105536
90	0.014930959938100218
91	0.5309525138815068
92	0.9838981538483049
93	0.9838981538483049
94	0.9838981538483049
95	0.2865241396118647
96	0.0300076140988875
97	0.04358912142584493
98	0.06331764666180247
99	0.1448996496809614
100	0.12725313808047142
101	0.1649932472736963
102	0.4095038717012227
103	0.37757978999724556
104	0.34814444420779916
105	0.44412711003286787
106	0.7967132492072909
107	0.758843950874465
108	0.8501615448993928
109	0.8364723744993472
110	0.5139915422627507
111	0.40291010336057753
112	0.4095038717012227
113	0.3370231708678045
114	0.37757978999724556
115	0.45878265723355216
116	0.8364723744993472
117	0.9838981538483049
118	0.03307734111793543
119	0.013992274382953229
120	0.024696375181437153
121	0.03361866366814501
122	0.3596327033558797
123	0.17043778391329922
124	0.041517247454898654
125	0.809751747262771
126	0.025100540218356875
127	0.02678443476505491
128	0.17606198232518552
129	1.0
130	0.9838981538483049
131	0.8782156365502215
132	0.8925879504044915
133	1.0
134	0.1972488898661471
135	0.19407281858793252
136	0.05651656845829405
137	0.8640747434825014
138	0.14256649781436606
139	0.22098538275892882
140	0.2729051014782441
141	0.758843950874465
142	0.7712627042813326
143	0.07819389939674361
144	0.13579004060925667
145	0.13360357026643588
146	0.009026975134420663
147	0.6556978921951012
148	0.4299397258291108
149	0.36551822152449814
150	0.45878265723355216
151	0.37757978999724556
152	0.8230036250150273
153	0.7466251623243505
154	0.8364723744993472
155	0.8230036250150273
156	0.7838846950415491
157	0.758843950874465
158	0.6045810297425014
159	0.8640747434825014
160	0.12318811002814695
161	0.04804821315291556
162	0.005198130749138926
163	0.005457537922228077
164	0.09814559940423159
165	0.10472979393476875
166	0.009324852154700226
167	0.009026975134420663
168	0.0069621692536537255
169	0.007799981223697564
170	0.010968329737619128
171	0.030997821620274372
172	0.03954385360034535
173	0.4230169025093144
174	0.4095038717012227
175	0.4095038717012227
176	0.4095038717012227
177	0.03828064801966439
178	0.05127157501696131
179	0.6144752151203824
180	0.41620554942554877
181	0.1818717710859369
182	0.39642250686330754
183	0.2641873055176448
184	0.6884197964379001
185	0.6884197964379001
186	0.17043778391329922
187	0.6773349667878853
188	0.022404439747548667
189	0.011515692539375575
190	0.008597905811488723
191	0.027668282067044733
192	0.25574799451756464
193	0.010791719379642921
194	0.009950419076984445
195	0.023522509426831248
196	0.37757978999724556
197	0.3370231708678045
198	0.33159647562093464
199	0.4230169025093144
200	1.0
