1	0.9071954723294418
2	0.8640747434825136
3	0.8925879504045041
4	0.8925879504045041
5	0.12120455403276079
6	0.10995622264422977
7	0.12933568132306184
8	0.6996860333005961
9	0.6347520014624477
10	0.9371316004437406
11	0.6045810297425013
12	0.7227746524257324
13	0.26851082552023625
14	0.29597901853585135
15	0.2599334021689762
16	0.2209853827589351
17	0.6556978921951199
18	0.8640747434825136
19	0.2912132099152615
20	0.11733274450692356
21	0.07819389939674472
22	0.08619300005539395
23	1.0
24	0.07947357060372963
25	0.08077418408895874
26	0.09197534264619907
27	1.0
28	0.006214348384488035
29	0.005198130749138962
30	0.9838981538483329
31	1.0
32	0.9371316004437406
33	0.9371316004437406
34	0.9838981538483329
35	0.9838981538483329
36	0.06979493239667536
37	0.03646109590141843
38	0.07947357060372963
39	0.0224044397475493
40	0.029049038185277716
41	0.020995908477665932
42	0.014221262971401534
43	0.003042299783147364
44	0.0997517873372933
45	0.2729051014782479
46	0.06979493239667536
47	0.0876035794134446
48	0.11925293695084216
49	0.6556978921951199
50	0.9680555771461301
51	0.8364723744993591
52	0.7111366461700486
53	0.8640747434825136
54	0.8364723744993591
55	0.21392613224755938
56	0.12520412762878458
57	0.1546203858800132
58	0.9524680951766599
59	0.9071954723294418
60	0.8364723744993591
61	0.30082282132372057
62	0.2037578156903431
63	0.12725313808047323
64	0.12318811002815043
65	0.11175569566235917
66	0.048834539393113045
67	0.20047693868989458
68	0.2396695274125257
69	0.5396417421912961
70	0.40291010336058325
71	0.3262571601860559
72	0.2641873055176485
73	0.4975723790934108
74	0.8501615448994049
75	0.41620554942556054
76	0.1357900406092586
77	0.18484816784601615
78	0.9680555771461301
79	0.045764390058400266
80	0.03890712455342853
81	0.04804821315291693
82	0.17043778391330405
83	0.18484816784601615
84	0.34253867592861237
85	0.9680555771461301
86	0.9680555771461301
87	0.809751747262771
88	0.6556978921951199
89	0.6245313223904276
90	0.48956054519592274
91	0.6245313223904276
92	0.7111366461700486
93	0.7588439508744758
94	0.746625162324361
95	0.4739218161276131
96	0.3715000583087364
97	0.44412711003287414
98	0.7111366461700486
99	0.5665719880005149
100	0.6996860333005961
101	0.7712627042813435
102	0.7712627042813435
103	0.7588439508744758
104	0.6884197964379195
105	0.6996860333005961
106	0.3775797899972509
107	0.40291010336058325
108	0.6245313223904276
109	0.9220420515895297
110	0.7346031188276506
111	0.746625162324361
112	0.12933568132306184
113	0.12725313808047323
114	0.13801229332339257
115	0.9838981538483329
116	0.12318811002815043
117	0.10818572446379393
118	0.10644373457266824
119	0.0997517873372933
120	0.020657835589543774
121	0.021688742850449534
122	0.11733274450692356
123	0.1314523061326923
124	0.9071954723294418
125	0.8925879504045041
126	0.9071954723294418
127	0.9071954723294418
128	0.04019100294647176
129	0.03361866366814597
130	0.014221262971401534
131	0.0070761076503932895
132	0.0017518905076602737
133	2.5736224442801484e-05
134	4.3265345253976524e-05
135	4.256869332099702e-05
136	1.4581423846185483e-05
137	0.00029858833578436605
138	2.2601954731434914e-05
139	0.0003512136458956121
140	1.0
141	1.0
142	1.0
143	1.0
144	1.0
145	0.0003569613831694986
146	2.187994833216993e-05
147	0.00029858833578436605
148	1.4346636002741748e-05
149	4.256869332099702e-05
150	4.256869332099702e-05
151	2.532182371629836e-05
152	0.0014893899404870398
153	0.0046397888713085094
154	0.009174704819918332
155	0.030997821620274812
156	0.0934805521145213
157	0.11175569566235917
158	0.0934805521145213
159	0.09501039487561763
160	0.03416884515602848
161	0.00902697513442092
162	0.0028510352648105338
163	0.0070761076503932895
164	0.04430247303072529
165	0.9524680951766599
166	0.05651656845829486
167	0.04019100294647176
168	0.048834539393113045
169	0.6996860333005961
170	0.5396417421912961
171	0.5139915422627653
172	0.8640747434825136
173	0.7588439508744758
174	0.7111366461700486
175	0.14968112689163354
176	0.025928821455018843
177	0.010446984132459602
178	0.164993247273701
179	0.08077418408895874
180	0.06979493239667536
181	0.9524680951766599
182	0.21742711012398036
183	0.2819105719970956
184	0.2819105719970956
185	0.2729051014782479
186	0.2557479945175719
187	0.4739218161276131
188	0.06331764666180247
189	0.015423659850313087
190	0.001994829555235368
191	0.0018694178137101955
192	0.010617952774480095
193	0.15715080394779135
194	0.09656527406216286
195	0.2037578156903431
196	0.9071954723294418
197	0.9371316004437406
198	0.9838981538483329
199	0.9838981538483329
200	1.0
