1	0.8782156365502339
2	0.8782156365502339
3	0.23581040555488308
4	0.1597226332147545
5	0.16233655139003125
6	0.08209608258032165
7	0.07569604040982107
8	0.8782156365502339
9	0.9680555771461302
10	0.9371316004437404
11	0.9371316004437404
12	0.11925293695084045
13	0.13579004060925667
14	0.1448996496809614
15	0.15715080394779138
16	0.26418730551764474
17	0.9071954723294418
18	0.8640747434825014
19	0.8640747434825014
20	0.8501615448993928
21	0.783884695041549
22	0.8782156365502339
23	0.8230036250150273
24	0.8501615448993928
25	0.8230036250150273
26	0.7466251623243612
27	0.7466251623243612
28	0.783884695041549
29	0.7967132492072909
30	0.5574491330158785
31	0.3596327033558797
32	0.22827757824649536
33	0.3655182215245033
34	0.41620554942555466
35	0.42301690250931445
36	0.44412711003286787
37	0.44412711003286787
38	0.548473172838661
39	0.9071954723294418
40	0.7712627042813326
41	0.7712627042813326
42	0.783884695041549
43	0.6884197964379
44	0.783884695041549
45	0.7712627042813326
46	0.8230036250150273
47	0.7466251623243612
48	0.809751747262771
49	0.4895605451959158
50	0.46629079995640094
51	0.3538419528953301
52	0.04651334071458661
53	0.027222771645920248
54	0.016458371314135432
55	0.014221262971401331
56	0.030997821620274372
57	0.9524680951766462
58	0.008738613623635486
59	0.04019100294647062
60	0.03766425891466509
61	0.04288725609875964
62	0.06331764666180247
63	0.15213071221465752
64	0.23966952741252232
65	0.5948461590153628
66	0.6144752151203824
67	0.16769342093829617
68	0.08619300005539272
69	0.5396417421912961
70	0.4895605451959158
71	0.47392181612760637
72	0.47392181612760637
73	0.5224031981891458
74	0.06647744631284323
75	0.40950387170122265
76	0.6664286233595221
77	0.481677716615238
78	0.5224031981891458
79	0.8640747434825014
80	0.8230036250150273
81	0.6664286233595221
82	0.6664286233595221
83	0.3425386759286026
84	0.3370231708678045
85	0.1272531380804732
86	0.09197534264619776
87	0.026784434765055293
88	0.005369661486237472
89	0.00011646120716896554
90	0.000308441315595339
91	1.9529778236767454e-05
92	8.534041321022325e-06
93	2.411822920146118e-05
94	0.001112016006080391
95	0.0006944888267967084
96	2.2601954731434274e-05
97	0.00023029004732390946
98	0.05127157501696131
99	1.0
100	1.0
101	1.0
102	1.0
103	0.05127157501696131
104	0.00022658195241163974
105	1.6336119975154778e-05
106	0.0006944888267967084
107	0.001112016006080391
108	2.411822920146118e-05
109	8.396627500619134e-06
110	2.050439099815247e-05
111	0.0003134890683440532
112	0.00011836713659178144
113	0.006739766775034895
114	0.02635315591720863
115	0.08760357941344458
116	0.5309525138815068
117	0.9371316004437404
118	0.9371316004437404
119	0.758843950874465
120	0.5224031981891458
121	0.33159647562093936
122	0.26418730551764474
123	0.33159647562093936
124	0.481677716615238
125	0.6144752151203824
126	0.8782156365502339
127	0.809751747262771
128	0.6045810297425014
129	0.5948461590153628
130	0.5139915422627507
131	0.4299397258291107
132	0.5665719880005069
133	0.6347520014624387
134	0.029524436113288616
135	0.029524436113288616
136	0.11358461770178932
137	0.10138426111191785
138	0.7227746524257325
139	0.6245313223904277
140	0.7712627042813326
141	0.9371316004437404
142	0.9220420515895036
143	0.9371316004437404
144	0.8782156365502339
145	0.8640747434825014
146	0.9524680951766462
147	0.6245313223904277
148	0.9371316004437404
149	0.06331764666180247
150	0.07209806342155671
151	0.12933568132306
152	0.1117556956623576
153	0.3425386759286026
154	0.2959790185358472
155	0.3425386759286026
156	0.34814444420780405
157	0.3210038175868511
158	0.1597226332147545
159	0.3008228213237163
160	0.7712627042813326
161	0.3964225068633076
162	0.6144752151203824
163	0.8640747434825014
164	0.758843950874465
165	0.47392181612760637
166	0.5224031981891458
167	0.481677716615238
168	0.5665719880005069
169	0.7227746524257325
170	0.7466251623243612
171	0.809751747262771
172	0.7111366461700385
173	0.5057153295259778
174	0.481677716615238
175	0.14727098441461212
176	0.04963373414423558
177	0.026784434765055293
178	0.0330773411179359
179	0.042196692099189664
180	0.03705779481220407
181	0.03361866366814501
182	0.01567607357528453
183	0.9524680951766462
184	0.010113261253784643
185	0.008459463654885487
186	0.014453999040223557
187	0.03361866366814501
188	0.06331764666180247
189	0.09975178733729187
190	0.06979493239667436
191	0.07819389939674361
192	0.27737129133826594
193	0.1272531380804732
194	0.22098538275893195
195	0.17606198232518802
196	0.31074953590015464
197	0.47392181612760637
198	0.5948461590153628
199	0.6556978921951105
200	0.783884695041549
