1	1.0
2	0.9838981538483188
3	0.9838981538483188
4	0.9680555771461301
5	0.8501615448993928
6	0.8364723744993472
7	0.8097517472627594
8	0.783884695041549
9	0.7967132492072908
10	0.8501615448993928
11	0.8097517472627594
12	0.8501615448993928
13	0.7227746524257325
14	0.35963270335587966
15	0.29121320991525734
16	0.6144752151203823
17	0.6347520014624387
18	0.481677716615238
19	0.5057153295259705
20	0.35963270335587966
21	0.5309525138815068
22	0.5758441417787755
23	0.9220420515895035
24	0.9371316004437271
25	0.8925879504044915
26	0.07947357060372907
27	0.1380122933233906
28	0.14727098441461212
29	0.15213071221465535
30	0.8640747434825014
31	0.1173327445069219
32	0.8925879504044915
33	0.9838981538483188
34	0.032544734860148215
35	0.014690543918280117
36	0.08343961441457964
37	0.04804821315291625
38	0.9220420515895035
39	0.9220420515895035
40	0.907195472329429
41	0.907195472329429
42	0.907195472329429
43	0.9220420515895035
44	0.9220420515895035
45	0.9371316004437271
46	0.04963373414423559
47	0.05044600800408381
48	0.030997821620274372
49	0.060308038307034934
50	0.9680555771461301
51	0.9371316004437271
52	0.14256649781436606
53	0.9524680951766462
54	0.19407281858793526
55	0.1173327445069219
56	0.09975178733729187
57	0.10644373457266673
58	0.7712627042813326
59	0.7346031188276402
60	0.5758441417787755
61	0.31583506350196533
62	0.29121320991525734
63	0.6664286233595221
64	0.6347520014624387
65	0.6556978921951104
66	0.7346031188276402
67	0.7967132492072908
68	0.8097517472627594
69	0.4369758436353278
70	0.24757827243666986
71	0.09049436982916052
72	0.000493876455090783
73	7.15625253283295e-05
74	0.0020943793974173607
75	0.0031426912410505493
76	0.002234882909108691
77	0.0031426912410505493
78	0.005114431247539968
79	0.030498699465507678
80	0.210481526578282
81	1.0
82	1.0
83	1.0
84	0.21392613224755633
85	0.030498699465507678
86	0.07327797408660665
87	0.9220420515895035
88	0.0020943793974173607
89	0.0017518905076602364
90	0.0023464123579847143
91	0.0010088158858740067
92	5.430478945470431e-05
93	0.0005809207180139126
94	0.022771096439116574
95	0.09049436982916052
96	0.18787327440651988
97	0.2865241396118647
98	0.13579004060925667
99	0.09814559940423159
100	0.08760357941344458
101	0.08619300005539272
102	0.2396695274125223
103	0.823003625015039
104	0.8501615448993928
105	0.8925879504044915
106	0.2516299796562454
107	0.03587400494469108
108	0.04804821315291625
109	0.10304345090533384
110	0.07327797408660665
111	0.14027091400017713
112	0.40291010336057753
113	0.5852680376789788
114	0.746625162324361
115	0.8501615448993928
116	0.2516299796562454
117	0.05933696755250578
118	0.017279708787602804
119	0.012901465378461631
120	0.01170415097775544
121	0.008881624169591235
122	0.016727718463299887
123	0.9838981538483188
124	0.020995908477665633
125	0.015423659850312976
126	0.017279708787602804
127	0.06756537356313774
128	0.15462038588001104
129	0.2599334021689762
130	0.9220420515895035
131	0.8925879504044915
132	0.783884695041549
133	0.42301690250931445
134	0.10995622264422822
135	0.2396695274125223
136	0.758843950874465
137	0.15213071221465535
138	0.2599334021689762
139	0.2396695274125223
140	0.9220420515895035
141	0.10138426111191784
142	0.0744771944128507
143	0.06756537356313774
144	0.06867110513305613
145	0.9680555771461301
146	0.9680555771461301
147	0.9524680951766462
148	0.9524680951766462
149	0.9371316004437271
150	0.9371316004437271
151	0.9220420515895035
152	0.9524680951766462
153	0.07209806342155774
154	0.060308038307034934
155	0.05211065273008481
156	0.1314523061326904
157	0.9524680951766462
158	0.09348055211451997
159	0.062298115656567614
160	0.13360357026643588
161	0.699686033300586
162	0.481677716615238
163	0.5758441417787755
164	0.5396417421912961
165	0.8097517472627594
166	0.7967132492072908
167	0.08760357941344458
168	0.032544734860148215
169	0.022771096439116574
170	0.017279708787602804
171	0.007429233258548878
172	0.014690543918280117
173	0.9838981538483188
174	0.023143753598938943
175	0.006214348384487991
176	0.006524468815236717
177	0.006739766775034894
178	0.012288234154010888
179	0.04727454821686447
180	0.28191057199709163
181	0.8925879504044915
182	0.9220420515895035
183	0.6347520014624387
184	0.46629079995639433
185	0.4369758436353278
186	0.5574491330158785
187	0.46629079995639433
188	0.3008228213237163
189	0.5758441417787755
190	0.9371316004437271
191	0.9838981538483188
192	0.47392181612760637
193	0.46629079995639433
194	0.9838981538483188
195	0.5309525138815068
196	0.6245313223904189
197	0.5948461590153626
198	0.6245313223904189
199	0.6664286233595221
200	0.8097517472627594
