1	1.0
2	0.9838981538483189
3	0.9838981538483189
4	0.9838981538483189
5	0.9838981538483189
6	1.0
7	1.0
8	0.5574491330158786
9	0.12318811002815044
10	0.0443024730307253
11	0.04883453939311236
12	0.06979493239667438
13	0.07209806342155775
14	0.6245313223904277
15	0.9838981538483189
16	0.8640747434825015
17	0.8640747434825015
18	0.8782156365502339
19	0.8925879504044915
20	0.9071954723294419
21	0.9838981538483189
22	0.9220420515895167
23	0.7466251623243612
24	0.7712627042813326
25	0.809751747262771
26	0.7588439508744758
27	0.5852680376789788
28	0.6045810297425014
29	0.04804821315291625
30	0.2475782724366734
31	0.2819105719970956
32	0.9838981538483189
33	0.9371316004437406
34	0.9371316004437406
35	0.09348055211451997
36	0.07947357060372963
37	0.05838153282986846
38	0.060308038307035794
39	0.07209806342155775
40	0.07209806342155775
41	0.06435386265758127
42	0.11358461770178932
43	0.9680555771461302
44	0.9680555771461302
45	0.9524680951766599
46	0.9680555771461302
47	0.08209608258032165
48	0.03529636723622752
49	0.07209806342155775
50	0.04151724745489924
51	0.03954385360034535
52	0.04019100294647119
53	0.04963373414423629
54	0.12120455403275908
55	0.9680555771461302
56	0.2685108255202325
57	0.05838153282986846
58	0.060308038307035794
59	0.809751747262771
60	0.9220420515895167
61	0.09348055211451997
62	0.1336035702664378
63	0.1546203858800132
64	0.19094788792080922
65	0.2685108255202325
66	0.9071954723294419
67	0.8925879504044915
68	0.8501615448994049
69	0.22827757824649536
70	0.0612950009827268
71	0.030498699465507897
72	0.1117556956623592
73	0.15715080394779135
74	0.9838981538483189
75	0.9680555771461302
76	0.8782156365502339
77	0.7466251623243612
78	0.1546203858800132
79	0.0358740049446916
80	0.03890712455342854
81	0.19407281858793252
82	0.16769342093829617
83	1.0
84	1.0
85	0.823003625015039
86	0.809751747262771
87	0.809751747262771
88	0.809751747262771
89	0.04084874312373918
90	0.16233655139003125
91	0.15972263321475677
92	0.15972263321475677
93	0.3158350635019698
94	0.466290799956401
95	0.3481444442078041
96	0.31074953590015464
97	0.4095038717012285
98	0.32625716018605133
99	0.4299397258291169
100	0.4230169025093205
101	0.6347520014624477
102	0.8364723744993592
103	0.7967132492072909
104	0.24359180518339565
105	0.20375781569034024
106	0.2685108255202325
107	0.47392181612761314
108	0.4095038717012285
109	0.8364723744993592
110	0.7967132492072909
111	0.699686033300596
112	0.7712627042813326
113	0.6664286233595222
114	0.699686033300596
115	0.17322705937262786
116	0.1252041276287828
117	0.12933568132305998
118	0.13801229332339257
119	0.15213071221465752
120	0.677334966787895
121	0.6884197964379098
122	0.7111366461700487
123	0.7466251623243612
124	0.2139261322475594
125	0.02904903818527772
126	0.01311260248634491
127	0.020657835589543778
128	0.03472803056127704
129	0.02551131956105536
130	0.2819105719970956
131	0.9838981538483189
132	0.028121083425988996
133	0.00016113072972067502
134	0.00013922899395054053
135	0.004209195456615611
136	0.04804821315291625
137	0.05651656845829406
138	0.10995622264422979
139	0.8640747434825015
140	0.6664286233595222
141	0.823003625015039
142	1.0
143	1.0
144	1.0
145	0.809751747262771
146	0.823003625015039
147	0.8501615448994049
148	0.06756537356313776
149	0.015175310452307484
150	0.005729890533725346
151	0.004209195456615611
152	0.00014150752636944635
153	0.0002265819524116397
154	0.028121083425988996
155	1.0
156	0.2819105719970956
157	0.02551131956105536
158	0.03150511208810857
159	0.07209806342155775
160	0.1030434509053353
161	0.15213071221465752
162	0.40291010336057753
163	1.0
164	1.0
165	0.2685108255202325
166	0.07569604040982107
167	0.31074953590015464
168	0.0014185963995909695
169	3.9250125323177046e-05
170	0.0004938764550907831
171	2.2971843826549824e-05
172	1.0202418610812096e-05
173	1.9849390061746404e-05
174	0.0004408281728025179
175	0.00017194034396490114
176	0.022771096439116414
177	0.4299397258291169
178	1.0
179	1.0
180	1.0
181	0.4299397258291169
182	0.02133951404984792
183	0.00013922899395054053
184	0.0004267461712446215
185	1.9529778236767732e-05
186	1.0038140835965751e-05
187	2.2971843826549824e-05
188	0.0004938764550907831
189	4.769131523869025e-05
190	0.0010764932965619026
191	0.7712627042813326
192	0.09197534264619908
193	0.2819105719970956
194	0.0997517873372933
195	0.006114285902868061
196	0.005369661486237472
197	0.006962169253653824
198	0.006631244087325071
199	0.14968112689163143
200	0.5758441417787756
