1	1.0
2	0.4513954094697309
3	0.38375901867528034
4	0.37150005830873106
5	0.37757978999725084
6	0.9071954723294546
7	0.4299397258291168
8	0.9524680951766596
9	0.21392613224756243
10	0.03416884515602848
11	0.013327194928720821
12	0.018740694914960252
13	0.02858129504156406
14	0.009324852154700492
15	0.012489335512977758
16	0.9838981538483329
17	0.8640747434825136
18	0.5665719880005149
19	0.46629079995640094
20	0.6773349667879044
21	0.699686033300596
22	0.5852680376789872
23	0.48956054519592274
24	0.5309525138815142
25	0.14968112689163354
26	0.15972263321475902
27	0.059336967552507044
28	0.1030434509053353
29	0.3425386759286123
30	0.8364723744993591
31	0.8364723744993591
32	0.34814444420780405
33	0.3370231708678045
34	0.9524680951766596
35	0.9371316004437404
36	0.3262571601860559
37	0.37757978999725084
38	0.37757978999725084
39	0.3900393726467363
40	0.9838981538483329
41	0.8097517472627824
42	0.31583506350196977
43	0.331596475620944
44	0.1909478879208119
45	0.32100381758685564
46	0.46629079995640094
47	0.4816777166152448
48	0.48956054519592274
49	0.8364723744993591
50	0.7967132492073021
51	0.2865241396118728
52	0.4230169025093204
53	0.8364723744993591
54	0.49757237909340374
55	0.6451399456130124
56	0.7111366461700486
57	0.7111366461700486
58	0.6245313223904276
59	0.2037578156903431
60	0.4230169025093204
61	0.18787327440651988
62	0.5758441417787837
63	0.8640747434825136
64	0.8230036250150506
65	0.8640747434825136
66	0.8782156365502464
67	0.4513954094697309
68	0.35963270335588476
69	0.35384195289533515
70	0.3900393726467363
71	0.4739218161276131
72	0.9220420515895165
73	0.9371316004437404
74	0.9838981538483329
75	0.3900393726467363
76	0.16769342093829617
77	0.07947357060373075
78	0.05296346225091007
79	0.10644373457266974
80	0.35384195289533515
81	0.19407281858793526
82	0.13579004060925862
83	0.07209806342155876
84	0.07819389939674361
85	0.39642250686331315
86	0.9524680951766596
87	0.9838981538483329
88	0.9680555771461439
89	0.9371316004437404
90	0.41620554942555466
91	0.08619300005539395
92	0.13145230613269226
93	0.003578496112179884
94	0.10472979393476875
95	0.2320134226836728
96	0.6045810297425099
97	0.6144752151203997
98	0.29597901853585135
99	0.1425664978143701
100	0.16769342093829617
101	0.03587400494469185
102	0.4230169025093204
103	0.41620554942555466
104	0.5057153295259778
105	0.11175569566235917
106	0.46629079995640094
107	0.04358912142584586
108	0.02722277164592044
109	0.41620554942555466
110	0.4739218161276131
111	0.38375901867528034
112	0.40950387170123426
113	0.9071954723294546
114	0.9838981538483329
115	0.6245313223904276
116	0.6245313223904276
117	0.6347520014624477
118	0.055606547367958434
119	0.39642250686331315
120	0.44412711003287414
121	0.10472979393476875
122	0.09501039487561899
123	0.18787327440651988
124	0.6245313223904276
125	0.4029101033605832
126	0.35963270335588476
127	0.7967132492073021
128	0.8640747434825136
129	0.6556978921951198
130	0.6773349667879044
131	0.35384195289533515
132	0.44412711003287414
133	0.32100381758685564
134	0.38375901867528034
135	0.25993340216897615
136	0.24757827243667338
137	0.7111366461700486
138	0.5852680376789872
139	0.6451399456130124
140	0.7588439508744758
141	0.3262571601860559
142	0.31583506350196977
143	0.3107495359001546
144	0.21392613224756243
145	0.2729051014782479
146	0.7838846950415601
147	0.9220420515895165
148	0.30082282132372057
149	0.30082282132372057
150	0.36551822152450847
151	0.331596475620944
152	0.9524680951766596
153	0.6884197964379097
154	0.34814444420780405
155	0.10472979393476875
156	0.6884197964379097
157	0.6245313223904276
158	0.07093715149651067
159	0.016727718463300244
160	0.007429233258549036
161	0.24359180518339904
162	0.0547111792972134
163	0.11925293695084385
164	0.24757827243667338
165	0.746625162324361
166	0.9680555771461439
167	0.7346031188276506
168	0.7838846950415601
169	0.10472979393476875
170	0.03202070454638331
171	0.008057369233585077
172	0.003042299783147342
173	0.01700147357515933
174	0.2320134226836728
175	1.0
176	1.0
177	1.0
178	0.22827757824649858
179	0.019359110527732818
180	0.005457537922228116
181	0.006114285902868104
182	0.035296367236228025
183	0.25162997965624534
184	0.004209195456615641
185	0.0017236818362313254
186	0.003408403375565032
187	0.003142691241050616
188	0.0025864462836876503
189	0.02352250942683175
190	0.1789432998085799
191	0.9220420515895165
192	0.9524680951766596
193	0.9371316004437404
194	0.45878265723356515
195	0.9838981538483329
196	0.37150005830873106
197	0.35384195289533515
198	0.37757978999725084
199	0.45878265723356515
200	1.0
