1	0.9838981538483189
2	0.3370231708678044
3	0.04430247303072529
4	0.7346031188276403
5	0.018142034232021265
6	0.0033535217887887894
7	0.0030920881101849616
8	0.0018694178137101689
9	0.0020943793974173754
10	0.03646109590141791
11	0.3008228213237163
12	0.38375901867528034
13	0.305745894681384
14	0.305745894681384
15	0.8925879504044915
16	0.305745894681384
17	0.2641873055176485
18	0.08760357941344458
19	0.17322705937262536
20	0.7588439508744758
21	0.7466251623243612
22	0.7588439508744758
23	0.7466251623243612
24	0.49757237909340374
25	0.061295000982725924
26	0.5574491330158785
27	0.5139915422627507
28	0.6245313223904277
29	0.9838981538483189
30	0.9838981538483189
31	0.9838981538483189
32	0.9680555771461301
33	0.5139915422627507
34	0.12120455403275908
35	0.08077418408895645
36	0.35384195289533515
37	0.7967132492072908
38	0.8364723744993591
39	0.23201342268366953
40	0.3481444442077991
41	0.35963270335587966
42	0.45139540946972445
43	0.9071954723294416
44	0.2435918051833956
45	0.21742711012397722
46	0.2435918051833956
47	0.8782156365502339
48	0.8782156365502339
49	0.823003625015039
50	0.783884695041549
51	1.0
52	0.5139915422627507
53	0.10138426111191784
54	0.0593369675525062
55	0.022404439747548983
56	0.056516568458294045
57	0.07693483325865721
58	0.14027091400017713
59	0.1425664978143681
60	0.10818572446379085
61	0.0997517873372933
62	0.7967132492072908
63	0.809751747262771
64	0.0358740049446916
65	0.03766425891466509
66	0.06331764666180247
67	0.08480513362914895
68	0.9680555771461301
69	0.9220420515895035
70	0.9371316004437403
71	0.9220420515895035
72	0.9220420515895035
73	0.9371316004437403
74	0.9220420515895035
75	0.018740694914960117
76	0.009790198959862089
77	0.013766972933527003
78	0.03646109590141791
79	0.8782156365502339
80	0.783884695041549
81	0.07693483325865721
82	0.11358461770178932
83	0.1272531380804732
84	0.19407281858793252
85	0.2819105719970956
86	0.20709238541955047
87	0.4095038717012285
88	0.8501615448994048
89	0.8925879504044915
90	0.699686033300586
91	0.6451399456130031
92	0.809751747262771
93	0.41620554942555466
94	0.40291010336057753
95	0.4230169025093204
96	1.0
97	1.0
98	1.0
99	0.0083232506725889
100	0.0016686198147892052
101	0.0007907953330514215
102	0.0997517873372933
103	0.9680555771461301
104	1.0
105	1.0
106	1.0
107	0.0997517873372933
108	0.0370577948122046
109	0.00611428590286806
110	0.009950419076984445
111	0.9220420515895035
112	0.9838981538483189
113	0.9371316004437403
114	0.8782156365502339
115	0.055606547367958434
116	0.09197534264619776
117	0.09197534264619776
118	0.030007614098887924
119	0.08343961441457963
120	0.48167771661523795
121	0.9524680951766463
122	0.11358461770178932
123	0.14727098441461417
124	0.20047693868989175
125	0.305745894681384
126	0.823003625015039
127	0.7712627042813325
128	0.8925879504044915
129	0.9838981538483189
130	1.0
131	0.9680555771461301
132	0.8782156365502339
133	0.1521307122146575
134	0.02032520629905393
135	0.011515692539375738
136	0.016727718463300126
137	0.4369758436353278
138	0.07093715149650966
139	0.031505112088108564
140	0.07819389939674361
141	0.9838981538483189
142	0.9838981538483189
143	0.783884695041549
144	0.6664286233595221
145	0.6884197964379
146	0.3775797899972509
147	0.03416884515602799
148	0.04019100294647119
149	0.9838981538483189
150	0.8782156365502339
151	0.7227746524257325
152	0.45878265723355866
153	0.018438935128663837
154	0.04019100294647119
155	1.0
156	0.11925293695084214
157	0.07693483325865721
158	0.11358461770178932
159	0.40291010336057753
160	0.0330773411179359
161	0.006850065475449525
162	0.5948461590153626
163	0.5948461590153626
164	1.0
165	0.10304345090533383
166	0.10644373457266824
167	1.0
168	1.0
169	1.0
170	1.0
171	0.06030803830703493
172	0.05211065273008481
173	0.9524680951766463
174	0.305745894681384
175	0.2819105719970956
176	0.3008228213237163
177	0.35384195289533515
178	0.39642250686331315
179	0.39003937264673083
180	0.8782156365502339
181	0.9071954723294416
182	0.9071954723294416
183	0.31583506350196977
184	0.3315964756209393
185	0.48167771661523795
186	0.05744148237014259
187	0.2037578156903402
188	0.2037578156903402
189	0.2435918051833956
190	0.24757827243666986
191	0.2435918051833956
192	0.08077418408895645
193	0.12120455403275908
194	0.1972488898661499
195	1.0
196	1.0
197	1.0
198	0.9838981538483189
199	1.0
200	1.0
