1	1.0
2	0.0370577948122046
3	0.006214348384488079
4	0.00209437939741739
5	0.004491573493650815
6	0.9524680951766531
7	0.7227746524257325
8	0.7227746524257325
9	0.9524680951766531
10	0.8782156365502402
11	0.5309525138815105
12	0.40291010336058036
13	0.44412711003287103
14	0.5309525138815105
15	0.40291010336058036
16	0.8925879504044978
17	0.9838981538483259
18	1.0
19	0.8501615448993989
20	0.15715080394779135
21	0.03472803056127679
22	0.06331764666180247
23	0.04804821315291659
24	0.23201342268367448
25	0.9838981538483259
26	0.9838981538483259
27	0.9371316004437406
28	0.9071954723294418
29	0.1878732744065199
30	0.023522509426831418
31	0.03000761409888814
32	0.04727454821686481
33	0.23201342268367448
34	0.9838981538483259
35	0.9524680951766531
36	0.8501615448993989
37	0.9371316004437406
38	0.8782156365502402
39	0.21742711012398036
40	0.1047297939347695
41	0.09975178733729259
42	0.12725313808047503
43	0.30082282132371846
44	0.9680555771461439
45	0.7227746524257325
46	0.809751747262771
47	0.4513954094697245
48	0.40950387170123137
49	0.458782657233562
50	0.8364723744993591
51	0.9371316004437406
52	0.44412711003287103
53	0.3158350635019698
54	0.2819105719970956
55	0.3158350635019698
56	0.40950387170123137
57	0.5852680376789872
58	0.8925879504044978
59	0.809751747262771
60	0.9071954723294418
61	0.8925879504044978
62	0.9371316004437406
63	0.9524680951766531
64	0.7346031188276455
65	0.6884197964379146
66	0.8640747434825137
67	0.9838981538483259
68	0.9838981538483259
69	0.7111366461700436
70	0.6556978921951152
71	0.8501615448993989
72	0.9220420515895231
73	0.9838981538483259
74	0.8364723744993591
75	0.7712627042813436
76	0.9524680951766531
77	0.9680555771461439
78	0.6664286233595269
79	0.2641873055176486
80	0.31074953590015686
81	0.30082282132371846
82	0.3315964756209417
83	0.32100381758685337
84	0.3315964756209417
85	0.699686033300596
86	0.8925879504044978
87	0.7967132492072965
88	0.6884197964379146
89	0.7111366461700436
90	0.566571988000515
91	0.594846159015367
92	0.3370231708678045
93	0.2516299796562454
94	0.210481526578285
95	0.3964225068633104
96	0.26851082552023436
97	0.08343961441458023
98	0.3837590186752831
99	0.30082282132371846
100	0.6556978921951152
101	0.7346031188276455
102	0.809751747262771
103	0.8364723744993591
104	0.9371316004437406
105	0.8925879504044978
106	0.9524680951766531
107	0.8640747434825137
108	0.8640747434825137
109	0.9071954723294418
110	0.7227746524257325
111	0.9220420515895231
112	0.699686033300596
113	0.6245313223904277
114	0.7346031188276455
115	0.7967132492072965
116	0.6884197964379146
117	0.7227746524257325
118	0.8925879504044978
119	0.9071954723294418
120	0.9524680951766531
121	0.6884197964379146
122	0.7111366461700436
123	0.15972263321475563
124	0.3655182215245085
125	0.2557479945175701
126	0.3900393726467363
127	0.48956054519592274
128	0.6884197964379146
129	0.746625162324361
130	0.7967132492072965
131	0.6245313223904277
132	0.466290799956401
133	0.3837590186752831
134	0.3900393726467363
135	0.466290799956401
136	0.20047693868989316
137	0.14027091400017816
138	0.11358461770179094
139	0.1154434707063194
140	0.027222771645920442
141	0.05211065273008518
142	0.0007410792960859246
143	0.00032383375060782415
144	0.001441812238433822
145	0.0009004569039077774
146	0.004871332588256381
147	0.04727454821686481
148	1.0
149	1.0
150	1.0
151	1.0
152	1.0
153	0.045764390058400266
154	0.003696581267296084
155	0.0009004569039077774
156	0.001441812238433822
157	0.0002753110017073144
158	0.0007532073245460798
159	0.0016686198147892288
160	0.004278080449843506
161	9.584799567368677e-05
162	0.00023405882653929142
163	0.01727970878760305
164	0.08619300005539335
165	0.3900393726467363
166	0.2641873055176486
167	0.11358461770179094
168	0.1252041276287837
169	0.4162055494255576
170	0.42301690250932045
171	0.35384195289533515
172	0.7227746524257325
173	0.7588439508744759
174	0.2819105719970956
175	0.3655182215245085
176	0.40950387170123137
177	0.9524680951766531
178	0.9838981538483259
179	0.8782156365502402
180	0.809751747262771
181	0.746625162324361
182	0.7712627042813436
183	0.809751747262771
184	0.9371316004437406
185	0.9524680951766531
186	0.9524680951766531
187	0.9524680951766531
188	0.9371316004437406
189	0.9071954723294418
190	0.9371316004437406
191	0.9524680951766531
192	0.016727718463300248
193	0.006316048424505998
194	0.022404439747549142
195	0.00832325067258896
196	0.9680555771461439
197	0.9680555771461439
198	1.0
199	1.0
200	1.0
