1	0.43697584363533093
2	0.34253867592860743
3	0.3370231708678044
4	0.43697584363533093
5	0.35963270335588476
6	0.5396417421912999
7	0.6664286233595268
8	0.48167771661524483
9	0.49757237909340724
10	0.6884197964379097
11	0.4230169025093204
12	0.43697584363533093
13	0.1425664978143691
14	0.43697584363533093
15	0.21742711012398033
16	0.2209853827589351
17	0.7588439508744758
18	0.9838981538483188
19	0.9838981538483188
20	1.0
21	1.0
22	0.9220420515895166
23	0.9071954723294482
24	0.9220420515895166
25	0.466290799956401
26	0.09197534264619908
27	0.0675653735631387
28	0.1472709844146142
29	0.5139915422627579
30	0.7967132492072964
31	0.8097517472627767
32	0.8230036250150389
33	0.8097517472627767
34	0.47392181612761314
35	0.11175569566235839
36	0.07693483325865776
37	0.039543853600345624
38	0.9371316004437404
39	0.8501615448993988
40	0.8501615448993988
41	0.8925879504044977
42	0.7967132492072964
43	0.8501615448993988
44	0.8364723744993591
45	0.8640747434825136
46	0.8782156365502402
47	0.5758441417787837
48	0.5224031981891458
49	0.5484731728386727
50	0.8364723744993591
51	0.9220420515895166
52	0.7712627042813435
53	0.8925879504044977
54	0.8782156365502402
55	0.9371316004437404
56	0.8230036250150389
57	0.7588439508744758
58	0.8364723744993591
59	0.8925879504044977
60	0.8782156365502402
61	0.4513954094697276
62	0.34814444420780405
63	0.5057153295259778
64	0.6347520014624477
65	0.9371316004437404
66	0.952468095176653
67	0.9838981538483188
68	0.036461095901418175
69	0.02314375359893927
70	0.02858129504156386
71	0.030997821620274812
72	0.05560654736795843
73	0.039543853600345624
74	0.08209608258032164
75	0.9220420515895166
76	0.8925879504044977
77	0.952468095176653
78	0.9838981538483188
79	0.9838981538483188
80	0.26851082552023625
81	0.21048152657828498
82	0.23201342268367445
83	0.7346031188276454
84	0.35963270335588476
85	0.22460188780169352
86	0.12933568132305998
87	0.17043778391330283
88	0.6347520014624477
89	0.30082282132372057
90	0.05383022830539262
91	0.030498699465507893
92	0.02858129504156386
93	0.06540703669975859
94	0.272905101478246
95	0.26851082552023625
96	0.4162055494255576
97	0.5396417421912999
98	0.9838981538483188
99	0.7967132492072964
100	0.7838846950415601
101	0.7712627042813435
102	0.7712627042813435
103	0.7712627042813435
104	0.6996860333005959
105	0.25993340216897615
106	0.35384195289533515
107	0.5484731728386727
108	0.35963270335588476
109	0.1878732744065212
110	0.22827757824649697
111	0.4230169025093204
112	0.4230169025093204
113	0.3964225068633103
114	0.5852680376789829
115	0.6451399456130124
116	0.1546203858800121
117	0.21392613224755938
118	0.38375901867528034
119	0.6556978921951152
120	0.9838981538483188
121	0.968055577146137
122	0.9371316004437404
123	0.9838981538483188
124	0.8501615448993988
125	0.6884197964379097
126	0.6773349667878996
127	0.7111366461700435
128	0.7588439508744758
129	0.48167771661524483
130	0.40291010336058036
131	0.4095038717012313
132	0.4299397258291168
133	0.7712627042813435
134	0.8364723744993591
135	0.8640747434825136
136	0.9371316004437404
137	0.8782156365502402
138	0.5574491330158825
139	0.28191057199709557
140	0.08077418408895758
141	0.09501039487561831
142	0.2475782724366716
143	0.8640747434825136
144	0.968055577146137
145	0.968055577146137
146	0.8230036250150389
147	0.7838846950415601
148	0.7111366461700435
149	0.7588439508744758
150	0.9371316004437404
151	0.6773349667878996
152	0.6664286233595268
153	0.952468095176653
154	0.968055577146137
155	0.9071954723294482
156	0.9220420515895166
157	0.968055577146137
158	0.968055577146137
159	0.7466251623243664
160	0.48167771661524483
161	0.5665719880005149
162	0.6347520014624477
163	0.6664286233595268
164	0.8501615448993988
165	0.1878732744065212
166	0.19094788792081058
167	0.19407281858793526
168	0.9371316004437404
169	0.9838981538483188
170	0.968055577146137
171	0.952468095176653
172	0.8364723744993591
173	0.8501615448993988
174	0.03766425891466563
175	0.012090370898187342
176	0.0675653735631387
177	0.0675653735631387
178	0.06979493239667488
179	0.01784991398793885
180	0.01784991398793885
181	0.9220420515895166
182	0.952468095176653
183	0.9838981538483188
184	0.9220420515895166
185	0.7466251623243664
186	0.6045810297425056
187	0.8640747434825136
188	0.8501615448993988
189	0.5484731728386727
190	0.39003937264673355
191	0.5574491330158825
192	0.5139915422627579
193	0.43697584363533093
194	0.466290799956401
195	0.7227746524257375
196	0.7346031188276454
197	0.7346031188276454
198	0.7346031188276454
199	0.7466251623243664
200	0.9838981538483188
