1	0.9838981538483188
2	0.9371316004437403
3	0.9220420515895166
4	0.9071954723294416
5	0.8782156365502338
6	0.746625162324361
7	0.7111366461700385
8	0.746625162324361
9	0.5484731728386688
10	0.699686033300596
11	0.21392613224755636
12	0.176061982325188
13	0.11175569566235759
14	0.1272531380804732
15	0.21742711012398036
16	0.5758441417787837
17	0.8501615448993928
18	0.9524680951766463
19	0.8501615448993928
20	0.8230036250150389
21	0.809751747262771
22	0.5309525138815068
23	0.5139915422627579
24	0.44412711003286787
25	0.34253867592860743
26	0.47392181612760637
27	0.9371316004437403
28	0.9524680951766463
29	0.27737129133826594
30	0.18187177108593947
31	0.38375901867528034
32	0.3655182215245085
33	0.9680555771461301
34	0.7588439508744758
35	0.12120455403276077
36	0.2685108255202324
37	0.9071954723294416
38	0.8925879504044915
39	0.3964225068633075
40	0.0370577948122046
41	0.016727718463300126
42	0.003944570074838709
43	0.006631244087325165
44	0.9838981538483188
45	0.08760357941344458
46	0.005369661486237433
47	0.005369661486237433
48	0.004951053693111541
49	0.0032995238968794023
50	0.0076743871260476935
51	0.11733274450692355
52	0.9071954723294416
53	0.024696375181437153
54	0.0019311058764015325
55	0.019047393108381876
56	0.2037578156903431
57	0.9838981538483188
58	0.746625162324361
59	0.9680555771461301
60	0.2865241396118646
61	0.305745894681384
62	0.9838981538483188
63	0.9220420515895166
64	0.8925879504044915
65	0.8925879504044915
66	0.9071954723294416
67	0.9220420515895166
68	0.2865241396118646
69	0.23966952741252226
70	0.9680555771461301
71	0.7588439508744758
72	0.9680555771461301
73	0.9680555771461301
74	0.1597226332147545
75	0.05296346225090932
76	0.07327797408660716
77	0.10644373457266823
78	0.9220420515895166
79	0.13360357026643588
80	0.011330268629776647
81	0.0038810552143591025
82	0.015423659850313085
83	0.0686711051330571
84	0.0675653735631387
85	0.0744771944128507
86	0.9220420515895166
87	0.009632558682416177
88	0.009174704819918202
89	0.02635315591720863
90	0.05383022830539262
91	0.11925293695084047
92	0.38375901867528034
93	0.9524680951766463
94	0.5948461590153626
95	0.0011675099792966422
96	0.0014418122384338217
97	0.24757827243666986
98	0.31074953590015464
99	0.7967132492072908
100	0.7838846950415602
101	0.7712627042813435
102	0.614475215120391
103	0.37150005830873106
104	0.5574491330158785
105	0.6773349667878948
106	0.31583506350196977
107	0.5852680376789872
108	0.836472374499359
109	0.809751747262771
110	0.746625162324361
111	0.746625162324361
112	0.2435918051833991
113	0.24757827243666986
114	0.4162055494255547
115	0.2037578156903431
116	0.3008228213237163
117	0.16233655139003356
118	0.06647744631284419
119	0.48956054519591574
120	0.5396417421912961
121	0.5948461590153626
122	0.1496811268916314
123	0.5852680376789872
124	0.9838981538483188
125	0.48956054519591574
126	0.37150005830873106
127	0.4029101033605775
128	0.04219669209918966
129	0.176061982325188
130	0.17894329980857737
131	0.29121320991526145
132	0.9071954723294416
133	0.5484731728386688
134	0.4230169025093204
135	0.43697584363533404
136	0.06030803830703578
137	0.07819389939674361
138	0.31074953590015464
139	0.2641873055176485
140	0.746625162324361
141	0.746625162324361
142	0.8640747434825136
143	0.9524680951766463
144	0.45139540946972445
145	0.35963270335587966
146	0.33159647562093936
147	0.3964225068633075
148	0.7588439508744758
149	0.6884197964379097
150	0.48956054519591574
151	0.5574491330158785
152	0.16769342093829617
153	0.31074953590015464
154	0.5224031981891458
155	0.614475215120391
156	0.20709238541955047
157	0.4230169025093204
158	0.05127157501696203
159	0.10995622264422977
160	0.04084874312373918
161	0.5758441417787837
162	0.9220420515895166
163	0.4162055494255547
164	0.9524680951766463
165	0.8501615448993928
166	0.44412711003286787
167	0.01469054391828022
168	0.02510054021835687
169	0.022404439747548983
170	0.013327194928720823
171	0.002993313140091832
172	0.05211065273008481
173	0.6347520014624386
174	0.3370231708678045
175	0.09501039487561765
176	0.04430247303072529
177	0.011330268629776647
178	0.0063160484245059975
179	0.19407281858793524
180	0.9838981538483188
181	0.9838981538483188
182	0.9838981538483188
183	0.9838981538483188
184	0.18787327440651988
185	0.003142691241050616
186	0.0016959273764898812
187	0.0050320794624388
188	0.031505112088108564
189	0.1496811268916314
190	0.7111366461700385
191	0.614475215120391
192	0.5665719880005149
193	0.48956054519591574
194	0.6884197964379097
195	0.8925879504044915
196	0.8230036250150389
197	0.7838846950415602
198	0.7227746524257325
199	0.7346031188276403
200	0.836472374499359
