1	0.8364723744993591
2	0.7346031188276507
3	0.048048213152916935
4	0.07569604040982214
5	0.164993247273701
6	0.32625716018605594
7	0.18484816784601615
8	0.13579004060925862
9	0.505715329525985
10	0.7346031188276507
11	0.8782156365502464
12	0.823003625015039
13	0.8925879504044915
14	0.8364723744993591
15	0.8925879504044915
16	0.42301690250932644
17	0.23201342268367284
18	0.1472709844146142
19	0.1212045540327608
20	0.5948461590153626
21	0.7967132492072908
22	0.8640747434825136
23	0.6045810297425099
24	0.513991542262758
25	0.42301690250932644
26	0.011895693606068052
27	0.1336035702664378
28	0.006631244087325165
29	0.7346031188276507
30	0.13579004060925862
31	0.34814444420780405
32	0.5852680376789872
33	0.6144752151203912
34	0.47392181612761314
35	0.4369758436353341
36	0.3837590186752804
37	0.3775797899972563
38	0.32100381758685564
39	0.3837590186752804
40	0.8640747434825136
41	0.8640747434825136
42	0.9071954723294547
43	0.4587826572335652
44	0.47392181612761314
45	0.3775797899972563
46	0.1789432998085799
47	0.07327797408660716
48	0.06647744631284513
49	0.11925293695084385
50	0.8501615448994049
51	0.566571988000523
52	0.1314523061326923
53	0.13579004060925862
54	0.7588439508744865
55	0.4513954094697309
56	0.6245313223904277
57	0.8782156365502464
58	0.7967132492072908
59	0.8364723744993591
60	0.9220420515895167
61	0.2641873055176486
62	0.2004769386898946
63	0.23201342268367284
64	0.23966952741252573
65	0.15213071221465968
66	0.8501615448994049
67	0.823003625015039
68	0.9524680951766599
69	0.9524680951766599
70	0.9680555771461439
71	0.23201342268367284
72	0.17322705937262783
73	0.20375781569034312
74	0.05127157501696203
75	0.04219669209919026
76	0.9071954723294547
77	0.9680555771461439
78	0.8925879504044915
79	0.8925879504044915
80	0.05211065273008482
81	0.05933696755250705
82	0.18484816784601615
83	0.9371316004437406
84	0.16769342093829856
85	0.14968112689163354
86	0.823003625015039
87	0.8097517472627825
88	0.8364723744993591
89	0.8640747434825136
90	0.8925879504044915
91	0.19407281858793526
92	0.11175569566235918
93	0.10644373457266976
94	0.07819389939674361
95	0.14968112689163354
96	0.8501615448994049
97	0.34814444420780405
98	0.277371291338266
99	0.31074953590015464
100	0.7227746524257428
101	0.8097517472627825
102	0.331596475620944
103	0.3837590186752804
104	0.4587826572335652
105	0.8925879504044915
106	0.7967132492072908
107	0.6996860333005961
108	0.8097517472627825
109	0.40291010336058325
110	0.04963373414423699
111	0.008881624169591424
112	0.010617952774480096
113	0.01784991398793898
114	0.00381856306039134
115	0.5852680376789872
116	0.6556978921951199
117	0.14968112689163354
118	0.2557479945175719
119	0.2004769386898946
120	0.1472709844146142
121	0.15462038588001104
122	0.8925879504044915
123	0.44412711003286787
124	0.4587826572335652
125	0.9838981538483328
126	0.9838981538483328
127	0.9680555771461439
128	0.9680555771461439
129	0.9371316004437406
130	0.6556978921951199
131	0.5948461590153626
132	0.8097517472627825
133	0.15972263321475677
134	0.11175569566235918
135	0.1212045540327608
136	0.03202070454638332
137	0.044302473030725924
138	0.6045810297425099
139	0.9838981538483328
140	0.020325206299054217
141	0.01874069491496012
142	0.02099590847766593
143	0.02099590847766593
144	0.06756537356313871
145	0.4369758436353341
146	0.8640747434825136
147	0.7838846950415602
148	0.9071954723294547
149	0.32625716018605594
150	0.2599334021689762
151	0.3900393726467364
152	0.9680555771461439
153	0.9524680951766599
154	0.3425386759286123
155	0.3425386759286123
156	0.2139261322475594
157	0.24359180518339907
158	0.18787327440652254
159	0.15715080394779138
160	0.05838153282986846
161	0.01967592931444537
162	0.03828064801966493
163	0.04963373414423699
164	0.037664258914665634
165	0.13579004060925862
166	0.9680555771461439
167	0.010617952774480096
168	0.014930959938100643
169	0.006850065475449526
170	0.006316048424505998
171	0.9680555771461439
172	0.02635315591720901
173	0.04084874312373918
174	0.05838153282986846
175	1.0
176	0.9838981538483328
177	0.03705779481220513
178	0.2209853827589351
179	0.9838981538483328
180	0.9680555771461439
181	0.9680555771461439
182	0.9524680951766599
183	0.2004769386898946
184	0.008459463654885606
185	0.9680555771461439
186	0.9524680951766599
187	0.029524436113289032
188	0.01967592931444537
189	0.04219669209919026
190	0.9680555771461439
191	0.020657835589543778
192	0.02099590847766593
193	0.0358740049446921
194	0.02635315591720901
195	0.9680555771461439
196	0.12520412762878458
197	0.11925293695084385
198	0.21742711012398036
199	0.9838981538483328
200	1.0
