1	0.7346031188276403
2	0.03646109590141791
3	0.12120455403275907
4	0.3210038175868511
5	0.7712627042813326
6	0.6884197964379
7	0.5484731728386688
8	0.5758441417787756
9	0.6773349667878948
10	0.6347520014624477
11	0.7967132492072908
12	0.6884197964379
13	0.7588439508744758
14	0.23581040555488308
15	0.04288725609875964
16	0.10138426111191784
17	0.42301690250932045
18	0.48167771661523795
19	0.10304345090533383
20	0.32625716018605133
21	0.1496811268916314
22	0.06030803830703493
23	0.0026717952406333624
24	0.003142691241050594
25	0.001206036106664975
26	0.0005101736581558144
27	0.061295000982725924
28	0.9680555771461301
29	0.3715000583087311
30	0.5484731728386688
31	0.9838981538483189
32	0.022404439747548983
33	0.005546852487609637
34	0.008189230970776996
35	1.0
36	1.0
37	1.0
38	1.0
39	0.008323250672588899
40	0.005729890533725346
41	0.00873861362363561
42	0.9680555771461301
43	0.614475215120391
44	0.39003937264673083
45	0.9371316004437404
46	0.03000761409888792
47	0.0009004569039077774
48	0.001206036106664975
49	0.0038185630603913396
50	0.0050320794624387636
51	0.024298717947761457
52	0.10818572446379085
53	0.8782156365502339
54	0.8782156365502339
55	0.29597901853585135
56	0.3481444442077991
57	0.11358461770178932
58	0.16769342093829617
59	0.1496811268916314
60	0.21742711012397725
61	0.7227746524257324
62	0.6347520014624477
63	0.5852680376789788
64	0.6556978921951105
65	0.5852680376789788
66	0.746625162324361
67	0.03361866366814549
68	0.07093715149650967
69	0.024696375181437153
70	0.02635315591720863
71	0.11925293695084216
72	0.9838981538483189
73	0.8640747434825012
74	0.8230036250150389
75	0.8782156365502339
76	0.1472709844146142
77	0.06540703669975813
78	0.07093715149650967
79	0.052110652730084805
80	0.08077418408895645
81	0.01248933551297767
82	0.04019100294647119
83	0.7588439508744758
84	0.7227746524257324
85	0.6884197964379
86	0.7712627042813326
87	0.9371316004437404
88	0.9838981538483189
89	0.9838981538483189
90	0.8782156365502339
91	0.8782156365502339
92	0.7346031188276403
93	0.7346031188276403
94	0.7588439508744758
95	0.9071954723294419
96	0.8230036250150389
97	0.9071954723294419
98	0.9371316004437404
99	0.9524680951766463
100	0.9680555771461301
101	0.17322705937262536
102	0.07693483325865721
103	0.04019100294647119
104	0.030997821620274812
105	0.10995622264422977
106	0.15972263321475677
107	0.19094788792080922
108	0.9524680951766463
109	0.8640747434825012
110	0.17043778391330164
111	0.1425664978143681
112	0.06867110513305613
113	0.0330773411179359
114	0.014453999040223762
115	0.8925879504044915
116	0.8097517472627709
117	0.7588439508744758
118	0.9071954723294419
119	0.8640747434825012
120	0.783884695041549
121	0.5852680376789788
122	0.41620554942555466
123	0.42993972582911066
124	0.6347520014624477
125	0.7346031188276403
126	0.48167771661523795
127	0.6556978921951105
128	0.8782156365502339
129	0.9524680951766463
130	0.836472374499359
131	0.7712627042813326
132	0.6451399456130031
133	0.7588439508744758
134	0.699686033300586
135	0.5224031981891384
136	0.5665719880005149
137	0.6773349667878948
138	0.5852680376789788
139	0.47392181612761314
140	0.4895605451959158
141	0.47392181612761314
142	0.3775797899972509
143	0.47392181612761314
144	0.8925879504044915
145	0.9220420515895036
146	0.9071954723294419
147	0.8640747434825012
148	0.8640747434825012
149	0.8501615448994049
150	0.9071954723294419
151	0.9680555771461301
152	0.9524680951766463
153	0.5665719880005149
154	0.4895605451959158
155	0.46629079995639433
156	0.48167771661523795
157	0.5224031981891384
158	0.014221262971401331
159	0.11358461770178932
160	0.01874069491496012
161	0.0014418122384338217
162	0.0026287744047199277
163	0.06030803830703493
164	0.06030803830703493
165	0.06030803830703493
166	0.059336967552506205
167	0.01170415097775544
168	0.010791719379643225
169	0.03766425891466509
170	0.9524680951766463
171	0.9371316004437404
172	0.9524680951766463
173	0.836472374499359
174	0.9371316004437404
175	0.9220420515895036
176	0.9371316004437404
177	0.9680555771461301
178	0.9371316004437404
179	0.9220420515895036
180	0.8925879504044915
181	0.8925879504044915
182	0.9220420515895036
183	0.02858129504156366
184	0.0005715668219861365
185	0.0003186194293768128
186	0.004871332588256415
187	0.059336967552506205
188	0.05838153282986846
189	0.05744148237014259
190	0.05838153282986846
191	0.019997932954225667
192	0.03828064801966439
193	0.03766425891466509
194	0.15213071221465752
195	0.7588439508744758
196	0.783884695041549
197	0.45878265723355866
198	0.39642250686331315
199	0.39642250686331315
200	0.9680555771461301
