1	1.0
2	0.8501615448993987
3	0.9680555771461301
4	0.9680555771461301
5	0.783884695041549
6	0.8640747434825012
7	0.07569604040982107
8	0.023907463729683335
9	0.11358461770178932
10	0.002346412357984731
11	0.02766828206704473
12	0.154620385880011
13	0.07093715149650967
14	0.10995622264422822
15	0.08760357941344396
16	0.3964225068633104
17	0.9371316004437271
18	0.07819389939674305
19	0.9524680951766531
20	0.032544734860147986
21	0.00028905010372683285
22	0.0023086307871880737
23	0.007309608887594875
24	0.022771096439116574
25	0.07209806342155722
26	1.0
27	0.07819389939674305
28	0.02099590847766578
29	0.007076107650393088
30	0.0059189685685373875
31	0.10304345090533383
32	1.0
33	0.10304345090533383
34	0.005823662247270203
35	0.0016153167178432442
36	0.0020274756563298415
37	0.0034084033755650083
38	0.0035784961121798583
39	0.011330268629776567
40	0.032544734860147986
41	1.0
42	1.0
43	1.0
44	1.0
45	0.033077341117935664
46	0.011515692539375656
47	0.0037570771454724255
48	0.003092088110184961
49	0.001695927376489869
50	0.0014654080128054454
51	0.0050320794624387636
52	0.10304345090533383
53	1.0
54	0.10644373457266748
55	0.0066312440873250705
56	0.007076107650393088
57	0.012901465378461633
58	0.06979493239667436
59	0.9838981538483118
60	0.9220420515895099
61	0.9371316004437271
62	0.12318811002814868
63	0.07447719441285122
64	0.03766425891466509
65	0.049633734144235934
66	0.042196692099189664
67	0.012693727967806491
68	1.0
69	0.05211065273008481
70	0.9680555771461301
71	0.41620554942554877
72	0.11733274450692273
73	0.10138426111191784
74	0.14489964968096242
75	0.2599334021689743
76	1.0
77	0.809751747262771
78	0.7712627042813325
79	0.783884695041549
80	0.783884695041549
81	0.8364723744993591
82	1.0
83	1.0
84	1.0
85	0.8501615448993987
86	0.783884695041549
87	0.8501615448993987
88	1.0
89	1.0
90	1.0
91	1.0
92	0.9524680951766531
93	0.6556978921951058
94	0.6664286233595221
95	0.6556978921951058
96	0.9371316004437271
97	0.9680555771461301
98	1.0
99	1.0
100	0.11544347070631857
101	0.10304345090533383
102	0.04430247303072497
103	0.02204368690561934
104	0.032544734860147986
105	0.03705779481220434
106	0.1571508039477902
107	1.0
108	1.0
109	0.8925879504044913
110	0.8782156365502276
111	0.8925879504044913
112	0.10472979393476801
113	0.011895693606067884
114	0.012288234154010888
115	0.1252041276287828
116	0.14027091400017613
117	0.12933568132305906
118	0.12933568132305906
119	0.9838981538483118
120	1.0
121	0.9371316004437271
122	1.0
123	0.6556978921951058
124	0.6347520014624431
125	0.6996860333005861
126	1.0
127	1.0
128	1.0
129	1.0
130	0.8364723744993591
131	0.5665719880005109
132	0.5948461590153626
133	0.4587826572335554
134	0.5224031981891384
135	0.4441271100328678
136	0.6664286233595221
137	0.5948461590153626
138	0.8782156365502276
139	0.8364723744993591
140	0.8925879504044913
141	0.8364723744993591
142	0.809751747262771
143	0.8640747434825012
144	0.9838981538483118
145	0.9838981538483118
146	0.9838981538483118
147	0.5665719880005109
148	0.09656527406216149
149	0.09049436982916052
150	0.11358461770178932
151	0.09049436982916052
152	0.10818572446379085
153	0.9220420515895099
154	0.8925879504044913
155	0.9371316004437271
156	0.9680555771461301
157	0.8782156365502276
158	0.3107495359001524
159	0.9524680951766531
160	0.9524680951766531
161	0.9680555771461301
162	0.9524680951766531
163	0.9371316004437271
164	0.9220420515895099
165	0.9524680951766531
166	1.0
167	0.17894329980857865
168	0.9680555771461301
169	0.9680555771461301
170	1.0
171	0.8782156365502276
172	0.8925879504044913
173	0.1380122933233906
174	0.030997821620274372
175	0.03000761409888771
176	0.06867110513305613
177	0.1571508039477902
178	0.481677716615238
179	0.783884695041549
180	0.746625162324361
181	0.6884197964379049
182	0.7588439508744704
183	0.6451399456130033
184	0.5852680376789788
185	0.6664286233595221
186	0.6773349667878901
187	0.1380122933233906
188	0.154620385880011
189	0.06647744631284372
190	0.18187177108593688
191	0.2174271101239788
192	1.0
193	1.0
194	0.9220420515895099
195	1.0
196	0.9838981538483118
197	1.0
198	1.0
199	1.0
200	1.0
