1	1.0
2	1.0
3	1.0
4	1.0
5	1.0
6	1.0
7	1.0
8	0.9838981538483189
9	0.9680555771461302
10	1.0
11	1.0
12	1.0
13	1.0
14	0.9680555771461302
15	0.9838981538483189
16	0.39642250686330754
17	0.0769348332586572
18	0.013545299253376991
19	0.007550815325235631
20	0.0034084033755650083
21	0.0020606560225769396
22	0.0017805608241138406
23	0.001465408012805456
24	0.0004553748598836633
25	0.015932618141390686
26	0.07569604040982107
27	0.15972263321475677
28	0.17322705937262783
29	0.23581040555487975
30	0.1972488898661471
31	0.2599334021689762
32	0.8782156365502339
33	0.8501615448993927
34	0.2037578156903402
35	0.14489964968096344
36	0.1212045540327608
37	0.1496811268916314
38	0.04288725609875964
39	0.030007614098887924
40	0.022404439747548983
41	0.031505112088109015
42	0.8364723744993472
43	0.1380122933233906
44	0.29121320991525734
45	0.5852680376789788
46	0.5574491330158785
47	0.7346031188276403
48	0.9371316004437271
49	0.30082282132371624
50	0.24757827243666988
51	0.21742711012398036
52	0.699686033300586
53	0.26418730551764474
54	0.8782156365502339
55	0.3775797899972455
56	0.24757827243666988
57	0.09501039487561765
58	0.3538419528953301
59	0.4230169025093144
60	0.2959790185358471
61	0.7227746524257325
62	0.26418730551764474
63	0.2396695274125257
64	0.26418730551764474
65	0.19407281858793526
66	0.16233655139003356
67	0.10304345090533383
68	0.12318811002814868
69	0.14727098441461212
70	0.15715080394779135
71	0.07093715149650967
72	0.783884695041549
73	0.6451399456130124
74	0.5758441417787837
75	0.6664286233595222
76	0.9071954723294418
77	0.809751747262771
78	0.8640747434825136
79	0.8501615448993927
80	0.8640747434825136
81	0.9220420515895166
82	0.9524680951766462
83	0.9524680951766462
84	0.5665719880005069
85	0.6245313223904277
86	0.9220420515895166
87	0.9220420515895166
88	0.9071954723294418
89	0.15715080394779135
90	0.09348055211451997
91	0.1789432998085799
92	0.18484816784601352
93	0.09814559940423158
94	0.7712627042813435
95	0.783884695041549
96	0.2599334021689762
97	0.29121320991525734
98	0.21392613224755938
99	0.2037578156903402
100	0.1212045540327608
101	0.41620554942555466
102	0.14727098441461212
103	0.09197534264619776
104	0.08760357941344458
105	0.16769342093829617
106	0.8782156365502339
107	0.154620385880011
108	0.12933568132305998
109	0.2729051014782441
110	0.12933568132305998
111	0.6773349667878948
112	0.6347520014624387
113	0.6664286233595222
114	0.7346031188276403
115	0.17322705937262783
116	0.11544347070631857
117	0.8782156365502339
118	0.09501039487561765
119	0.1252041276287828
120	0.10138426111191785
121	0.11925293695084216
122	0.06647744631284325
123	0.01999793295422567
124	0.059336967552506205
125	0.1818717710859369
126	0.9838981538483189
127	0.9220420515895166
128	0.8782156365502339
129	0.20709238541955047
130	0.15972263321475677
131	0.21742711012398036
132	0.3370231708678045
133	0.614475215120391
134	0.8782156365502339
135	0.8925879504044915
136	0.7712627042813435
137	0.7346031188276403
138	0.6884197964379097
139	0.6884197964379097
140	0.35963270335588476
141	0.2599334021689762
142	0.23201342268367284
143	0.8501615448993927
144	0.3262571601860513
145	0.09975178733729187
146	0.09975178733729187
147	0.14027091400017713
148	0.1252041276287828
149	0.16499324727369863
150	0.28652413961186873
151	0.9838981538483189
152	0.9524680951766462
153	0.9071954723294418
154	0.3262571601860513
155	0.14027091400017713
156	0.09814559940423158
157	0.154620385880011
158	0.1099562226442282
159	0.08209608258032049
160	0.2819105719970916
161	0.823003625015039
162	0.1380122933233906
163	0.11733274450692356
164	0.13579004060925665
165	0.1972488898661471
166	0.1380122933233906
167	0.19094788792080922
168	0.0769348332586572
169	0.0744771944128507
170	1.0
171	0.0744771944128507
172	0.0034641831191914805
173	0.013545299253376991
174	0.809751747262771
175	0.823003625015039
176	0.8782156365502339
177	0.8782156365502339
178	0.823003625015039
179	0.8364723744993472
180	0.14256649781436806
181	0.09501039487561765
182	0.11358461770178933
183	0.9680555771461302
184	0.06331764666180247
185	0.06979493239667438
186	0.17322705937262783
187	0.19094788792080922
188	0.16769342093829617
189	0.26851082552023625
190	0.09348055211451997
191	0.019047393108381605
192	0.0003687405884503359
193	0.001395754378613407
194	0.0013511678105428402
195	0.00023788928317815646
196	0.002851035264810493
197	0.00707610765039319
198	0.012090370898187257
199	0.07569604040982107
200	0.39642250686330754
