1	0.9071954723294419
2	0.7838846950415491
3	0.7712627042813326
4	0.9071954723294419
5	0.9680555771461302
6	0.9524680951766599
7	0.8925879504044915
8	0.823003625015039
9	0.6045810297425014
10	0.6045810297425014
11	0.1336035702664378
12	0.2139261322475594
13	0.49757237909340374
14	0.8925879504044915
15	0.7838846950415491
16	0.7588439508744759
17	0.8640747434825015
18	0.8501615448994049
19	0.6347520014624477
20	0.585268037678979
21	0.5396417421912962
22	0.7346031188276403
23	0.8640747434825015
24	0.35384195289533515
25	0.35963270335587966
26	0.48167771661523806
27	0.5574491330158786
28	0.5484731728386689
29	0.6347520014624477
30	0.8364723744993592
31	0.809751747262771
32	0.8364723744993592
33	0.8640747434825015
34	0.8640747434825015
35	0.8501615448994049
36	0.9838981538483189
37	0.2516299796562454
38	0.23966952741252573
39	0.9524680951766599
40	0.10304345090533384
41	0.03416884515602799
42	0.00611428590286806
43	0.005369661486237395
44	0.005637628717885327
45	0.2599334021689725
46	0.9220420515895167
47	0.9071954723294419
48	0.09348055211451999
49	0.0965652740621615
50	0.2516299796562454
51	0.2516299796562454
52	0.2599334021689725
53	0.2912132099152574
54	0.6773349667878948
55	0.2475782724366734
56	0.3315964756209441
57	0.6347520014624477
58	0.14027091400017716
59	0.012288234154010974
60	0.015175310452307484
61	0.027668282067045125
62	0.1676934209382962
63	1.0
64	1.0
65	1.0
66	1.0
67	0.3715000583087311
68	0.14968112689163354
69	0.0997517873372933
70	0.014453999040223764
71	0.2070923854195505
72	0.3425386759286075
73	0.18787327440651988
74	0.0965652740621615
75	0.2037578156903402
76	0.36551822152450336
77	0.7712627042813326
78	0.7588439508744759
79	0.2516299796562454
80	0.2004769386898946
81	0.18484816784601615
82	0.17894329980857993
83	0.02133951404984792
84	0.011147830387442766
85	0.5224031981891384
86	0.5758441417787838
87	0.7967132492073021
88	0.3837590186752804
89	0.35384195289533515
90	0.5396417421912962
91	0.4441271100328742
92	0.07693483325865721
93	0.49757237909340374
94	0.8925879504044915
95	0.210481526578285
96	0.07209806342155775
97	0.06435386265758127
98	0.2599334021689725
99	0.7967132492073021
100	0.878215636550234
101	0.823003625015039
102	0.2685108255202325
103	0.02858129504156366
104	0.1972488898661499
105	0.1972488898661499
106	0.5309525138815143
107	0.1597226332147568
108	0.0370577948122046
109	0.32100381758685564
110	0.3715000583087311
111	0.823003625015039
112	0.8364723744993592
113	0.9071954723294419
114	0.585268037678979
115	0.566571988000515
116	0.2037578156903402
117	0.06867110513305613
118	0.21742711012397728
119	0.1597226332147568
120	0.15462038588001104
121	0.23201342268367284
122	0.8364723744993592
123	0.05296346225090933
124	0.07569604040982107
125	0.513991542262758
126	0.513991542262758
127	0.5484731728386689
128	0.9524680951766599
129	0.07209806342155775
130	0.05044600800408454
131	0.09501039487561765
132	0.04883453939311236
133	0.28652413961186873
134	0.5574491330158786
135	0.05933696755250621
136	0.4662907999563944
137	0.02133951404984792
138	0.9680555771461302
139	0.6045810297425014
140	0.05838153282986846
141	0.18787327440651988
142	0.9838981538483189
143	0.8640747434825015
144	1.0
145	0.04883453939311236
146	0.014690543918280223
147	0.019675929314445093
148	0.004141419638950832
149	0.0013957543786134073
150	0.08480513362914895
151	0.9220420515895167
152	0.5309525138815143
153	0.18484816784601615
154	0.5224031981891384
155	0.14027091400017716
156	0.9838981538483189
157	0.9838981538483189
158	0.9838981538483189
159	0.9838981538483189
160	0.9838981538483189
161	0.513991542262758
162	0.4895605451959158
163	0.6144752151203912
164	0.6045810297425014
165	0.9220420515895167
166	0.6556978921951105
167	0.4662907999563944
168	0.9524680951766599
169	0.1425664978143681
170	0.017001473575158972
171	0.00611428590286806
172	0.006962169253653825
173	0.007309608887594928
174	0.05296346225090933
175	1.0
176	0.6451399456130033
177	0.4299397258291168
178	0.9838981538483189
179	0.5396417421912962
180	0.03202070454638286
181	0.6045810297425014
182	0.5484731728386689
183	0.015423659850313087
184	0.020657835589543778
185	0.14027091400017716
186	1.0
187	0.6996860333005861
188	1.0
189	0.3900393726467308
190	0.040848743123738596
191	0.026784434765055296
192	0.037664258914665634
193	0.5948461590153712
194	0.5948461590153712
195	0.6245313223904277
196	0.9371316004437406
197	0.9071954723294419
198	0.9071954723294419
199	0.9371316004437406
200	0.9680555771461302
