1	0.9371316004437337
2	0.7967132492072908
3	0.8501615448993988
4	0.18787327440651988
5	0.09814559940423298
6	0.047274548216865137
7	0.041517247454898945
8	0.0664774463128437
9	1.0
10	0.9371316004437337
11	0.0009301706690873714
12	0.0011675099792966422
13	0.0016417519552458459
14	0.0009004569039077773
15	0.14489964968096344
16	0.009324852154700426
17	0.0010764932965619026
18	0.004278080449843506
19	0.018142034232021265
20	0.12933568132305998
21	0.952468095176653
22	0.8925879504044913
23	0.952468095176653
24	0.14027091400017713
25	0.045027498890454376
26	0.04883453939311235
27	0.9838981538483258
28	0.04358912142584555
29	0.025511319561055717
30	0.030007614098888136
31	0.057441482370142995
32	0.05651656845829485
33	0.03587400494469185
34	0.03828064801966466
35	0.04019100294647147
36	0.11175569566235759
37	0.29597901853584924
38	0.9680555771461369
39	0.7967132492072908
40	0.952468095176653
41	0.9220420515895166
42	0.8501615448993988
43	0.87821563655024
44	0.8925879504044913
45	0.7111366461700435
46	0.699686033300591
47	0.6884197964379097
48	0.6556978921951151
49	0.6884197964379097
50	0.746625162324361
51	0.8230036250150389
52	0.8925879504044913
53	0.7967132492072908
54	0.7346031188276454
55	0.8230036250150389
56	0.24359180518339735
57	0.12933568132305998
58	0.11733274450692356
59	0.348144444207804
60	0.43697584363533093
61	0.3655182215245059
62	0.3964225068633104
63	0.3315964756209417
64	0.40291010336058325
65	0.4975723790934037
66	0.43697584363533093
67	0.513991542262758
68	0.3964225068633104
69	0.37757978999724817
70	0.2358104055548814
71	0.23966952741252567
72	0.5396417421913038
73	0.5309525138815104
74	0.5396417421913038
75	0.5852680376789829
76	0.9220420515895166
77	0.5484731728386727
78	0.6045810297425057
79	0.6556978921951151
80	0.87821563655024
81	0.48956054519591924
82	0.28191057199709557
83	0.29597901853584924
84	0.6245313223904276
85	0.4975723790934037
86	0.6451399456130124
87	0.5665719880005109
88	0.12120455403276079
89	0.09049436982916181
90	0.32100381758685564
91	0.836472374499359
92	0.23966952741252567
93	0.08077418408895759
94	0.10304345090533455
95	0.154620385880011
96	0.154620385880011
97	0.18187177108593816
98	0.6451399456130124
99	0.5574491330158785
100	0.6245313223904276
101	0.7588439508744703
102	0.9220420515895166
103	0.952468095176653
104	0.952468095176653
105	0.13145230613269135
106	0.07209806342155774
107	0.04963373414423593
108	0.05383022830539263
109	0.05651656845829485
110	0.0529634622509097
111	0.952468095176653
112	0.9071954723294482
113	0.9220420515895166
114	0.9838981538483258
115	0.9838981538483258
116	0.8925879504044913
117	0.05127157501696166
118	0.02352250942683158
119	0.024298717947761454
120	0.046513340714586945
121	0.12120455403276079
122	0.12933568132305998
123	0.8501615448993988
124	0.6884197964379097
125	0.5396417421913038
126	0.5852680376789829
127	0.2320134226836728
128	0.23966952741252567
129	0.6347520014624431
130	0.3655182215245059
131	0.7111366461700435
132	0.5484731728386727
133	0.7588439508744703
134	0.5057153295259742
135	0.40291010336058325
136	0.05651656845829485
137	0.045027498890454376
138	0.04804821315291658
139	0.04963373414423593
140	0.2358104055548814
141	0.0919753426461984
142	0.029524436113288616
143	0.03766425891466563
144	0.9680555771461369
145	0.027668282067044928
146	0.04019100294647147
147	0.17606198232518674
148	0.952468095176653
149	0.836472374499359
150	0.19094788792081055
151	0.0011302145468318776
152	0.002198897168339217
153	0.002463507565100727
154	0.002027475656329856
155	0.0029451152724262676
156	0.009790198959862089
157	0.025511319561055717
158	0.03361866366814549
159	0.20047693868989458
160	0.9838981538483258
161	1.0
162	1.0
163	1.0
164	1.0
165	0.2320134226836728
166	0.02812108342598899
167	0.01756249741908444
168	0.016458371314135432
169	0.010446984132459675
170	0.010113261253784716
171	0.009477456704464872
172	0.00805736923358502
173	0.008459463654885604
174	0.29597901853584924
175	1.0
176	1.0
177	1.0
178	0.12520412762878277
179	0.01967592931444509
180	0.004074735137074923
181	0.0008859578853748414
182	0.007429233258548982
183	1.0
184	1.0
185	0.14489964968096344
186	0.0008576564720537011
187	0.0011675099792966422
188	0.0009004569039077773
189	0.0006508274257462995
190	1.0
191	0.9371316004437337
192	0.06331764666180291
193	0.045027498890454376
194	0.046513340714586945
195	0.09501039487561831
196	0.348144444207804
197	0.7838846950415546
198	0.7838846950415546
199	0.87821563655024
200	1.0
