1	0.9838981538483119
2	0.9680555771461301
3	0.9680555771461301
4	0.45139540946972445
5	0.4299397258291138
6	0.4162055494255517
7	0.2641873055176467
8	0.699686033300596
9	0.699686033300596
10	0.6245313223904233
11	0.3107495359001524
12	0.2358104055548814
13	0.3370231708678045
14	0.3481444442078016
15	0.10644373457266748
16	0.014690543918280221
17	0.023522509426831244
18	0.03828064801966466
19	0.16499324727369863
20	0.952468095176653
21	0.9680555771461301
22	0.9838981538483119
23	0.9838981538483119
24	0.9838981538483119
25	0.10304345090533384
26	0.007550815325235631
27	0.007309608887594874
28	0.011704150977755522
29	0.02204368690561934
30	0.09348055211451997
31	0.952468095176653
32	0.45878265723355866
33	0.4895605451959158
34	0.05211065273008517
35	0.522403198189142
36	0.5057153295259776
37	0.9838981538483119
38	0.9838981538483119
39	1.0
40	0.9838981538483119
41	0.9680555771461301
42	0.038907124553427985
43	0.027668282067044928
44	0.07327797408660665
45	0.92204205158951
46	0.06129500098272636
47	0.026353155917208628
48	0.03828064801966466
49	0.031505112088108564
50	0.027668282067044928
51	0.09348055211451997
52	0.9838981538483119
53	1.0
54	1.0
55	0.9680555771461301
56	0.9680555771461301
57	0.15213071221465752
58	0.017562497419084194
59	0.011895693606067967
60	0.005457537922228116
61	0.1380122933233906
62	0.92204205158951
63	0.4299397258291138
64	0.40950387170122843
65	0.39003937264673355
66	0.3775797899972509
67	0.8640747434825012
68	0.8364723744993591
69	0.7967132492072908
70	0.8501615448993988
71	0.8640747434825012
72	0.9071954723294353
73	0.614475215120391
74	0.3775797899972509
75	0.2959790185358471
76	0.4662907999563976
77	0.12520412762878277
78	0.8097517472627709
79	0.8640747434825012
80	0.7967132492072908
81	0.952468095176653
82	0.9680555771461301
83	0.9838981538483119
84	1.0
85	1.0
86	0.8925879504044913
87	0.8782156365502277
88	0.9838981538483119
89	0.9838981538483119
90	0.5948461590153669
91	0.7588439508744704
92	0.8097517472627709
93	0.522403198189142
94	0.3837590186752776
95	0.023143753598939103
96	0.04219669209918966
97	0.20375781569034165
98	0.9838981538483119
99	0.31583506350196755
100	0.2865241396118667
101	0.7712627042813325
102	0.22827757824649372
103	0.176061982325188
104	0.2865241396118667
105	0.3775797899972509
106	0.40950387170122843
107	0.14027091400017713
108	0.08209608258032106
109	0.06756537356313774
110	0.8640747434825012
111	0.9838981538483119
112	1.0
113	0.154620385880011
114	0.14256649781436706
115	0.02133951404984807
116	0.0044192508682770176
117	0.004348092770690369
118	0.009950419076984445
119	0.09197534264619775
120	0.9838981538483119
121	0.9680555771461301
122	0.9838981538483119
123	0.5852680376789829
124	0.6556978921951105
125	0.7588439508744704
126	0.9838981538483119
127	0.9838981538483119
128	0.23201342268367117
129	0.21392613224755785
130	0.8782156365502277
131	0.8782156365502277
132	0.8640747434825012
133	0.8640747434825012
134	0.8640747434825012
135	0.9680555771461301
136	0.22098538275893195
137	0.27737129133826594
138	0.9838981538483119
139	0.9838981538483119
140	0.30082282132371624
141	0.47392181612760975
142	0.8640747434825012
143	0.8640747434825012
144	0.22098538275893195
145	0.14489964968096242
146	0.1380122933233906
147	0.0330773411179359
148	0.006739766775034895
149	0.0016153167178432554
150	0.006524468815236763
151	0.8501615448993988
152	0.9680555771461301
153	0.9371316004437338
154	0.18484816784601352
155	0.09656527406216149
156	0.5057153295259776
157	0.746625162324361
158	0.699686033300596
159	0.699686033300596
160	0.5484731728386688
161	0.21392613224755785
162	0.13360357026643682
163	0.15715080394779135
164	0.2912132099152594
165	0.42301690250931745
166	0.6045810297425014
167	0.6773349667878901
168	0.952468095176653
169	0.9680555771461301
170	0.9071954723294353
171	0.92204205158951
172	0.1272531380804732
173	0.18484816784601352
174	0.18787327440651988
175	0.8925879504044913
176	0.04084874312373889
177	0.02168874285044923
178	0.06435386265758125
179	0.9680555771461301
180	0.952468095176653
181	0.9680555771461301
182	0.9680555771461301
183	0.9838981538483119
184	0.08077418408895702
185	0.07327797408660665
186	0.1272531380804732
187	0.9680555771461301
188	0.18787327440651988
189	0.04019100294647118
190	0.023522509426831244
191	0.8501615448993988
192	0.699686033300596
193	0.9071954723294353
194	0.4662907999563976
195	0.06979493239667436
196	0.07093715149650967
197	0.14027091400017713
198	0.8097517472627709
199	0.9680555771461301
200	0.9680555771461301
