1	0.823003625015039
2	0.6884197964379098
3	0.7712627042813435
4	0.5484731728386688
5	0.614475215120391
6	1.0
7	1.0
8	1.0
9	1.0
10	0.809751747262771
11	0.5224031981891384
12	0.6996860333005861
13	0.466290799956401
14	0.7227746524257325
15	0.9220420515895166
16	0.6347520014624477
17	0.28652413961186873
18	0.25574799451756824
19	0.2396695274125257
20	0.17322705937262783
21	0.8501615448994049
22	0.8364723744993591
23	0.8782156365502339
24	0.9680555771461301
25	0.1425664978143681
26	0.03954385360034535
27	0.0007907953330514215
28	0.0028051283336034973
29	0.0016417519552458459
30	1.0
31	1.0
32	0.005918968568537472
33	0.0008302591310470713
34	0.0029933131400917898
35	0.010968329737619282
36	0.0358740049446916
37	0.14027091400017913
38	0.9838981538483189
39	0.7227746524257325
40	0.8364723744993591
41	0.11544347070631858
42	0.034728030561276546
43	0.0053696614862373945
44	0.001962709116638142
45	0.002945115272426268
46	0.15972263321475677
47	0.059336967552506205
48	0.08903724340857933
49	0.2959790185358471
50	0.7111366461700486
51	0.33159647562093936
52	1.0
53	0.8925879504044913
54	0.0069621692536538235
55	0.11733274450692358
56	0.006739766775034895
57	0.05560654736795844
58	1.0
59	1.0
60	1.0
61	1.0
62	0.04576439005839962
63	0.466290799956401
64	0.4369758436353278
65	0.007799981223697674
66	0.11733274450692358
67	1.0
68	1.0
69	0.3425386759286075
70	0.01445399904022356
71	0.08903724340857933
72	0.08903724340857933
73	0.12933568132306
74	0.9680555771461301
75	0.04727454821686481
76	0.0013957543786134073
77	0.005546852487609637
78	0.03529636723622802
79	0.11358461770178932
80	1.0
81	0.42301690250932045
82	0.7227746524257325
83	0.7111366461700486
84	0.8925879504044913
85	0.14027091400017913
86	0.013992274382953428
87	0.029524436113288612
88	1.0
89	0.09501039487561765
90	0.038907124553427985
91	0.045027498890454376
92	0.08480513362914895
93	1.0
94	1.0
95	0.008057369233584964
96	0.00011646120716896553
97	6.70635038927341e-05
98	0.006316048424505998
99	1.0
100	0.31074953590015464
101	0.24757827243666986
102	0.9071954723294418
103	0.20709238541955047
104	0.20709238541955047
105	0.9680555771461301
106	0.3964225068633076
107	1.0
108	1.0
109	0.01619336115132798
110	0.0002985883357843618
111	0.00027531100170731244
112	0.0008576564720537132
113	0.010278768401209682
114	1.0
115	1.0
116	1.0
117	1.0
118	0.0330773411179359
119	0.034728030561276546
120	0.037664258914665634
121	1.0
122	1.0
123	0.9838981538483189
124	1.0
125	0.03416884515602799
126	0.0370577948122046
127	0.056516568458294864
128	0.0020606560225769396
129	0.0007291465512741478
130	7.273367172041961e-05
131	0.00013261117466143214
132	0.009950419076984445
133	1.0
134	1.0
135	0.34814444420780405
136	0.9524680951766599
137	0.2599334021689762
138	0.10472979393476876
139	0.9220420515895166
140	0.3425386759286075
141	0.31074953590015464
142	1.0
143	0.00335352178878879
144	0.0014893899404870398
145	0.002671795240633401
146	0.013545299253376991
147	1.0
148	0.09501039487561765
149	0.04219669209919026
150	0.031505112088109015
151	0.08343961441458082
152	1.0
153	0.03202070454638286
154	0.016458371314135432
155	0.04219669209919026
156	0.5057153295259778
157	0.31074953590015464
158	0.4369758436353278
159	0.9071954723294418
160	0.08077418408895759
161	0.010968329737619282
162	0.013992274382953428
163	0.02204368690561934
164	0.05383022830539263
165	0.45139540946972445
166	1.0
167	1.0
168	1.0
169	0.44412711003286787
170	0.04288725609875964
171	0.013766972933527001
172	0.013766972933527001
173	0.008057369233584964
174	0.012090370898187257
175	0.8501615448994049
176	0.6996860333005861
177	0.6347520014624477
178	0.7967132492072908
179	0.1521307122146575
180	0.04430247303072529
181	0.01619336115132798
182	0.006015834611932686
183	0.0007410792960859194
184	0.0038810552143591307
185	1.0
186	1.0
187	0.0021988971683392176
188	0.001286944230771775
189	0.002503823749912712
190	0.03202070454638286
191	0.12933568132306
192	0.9838981538483189
193	0.9838981538483189
194	0.9680555771461301
195	0.9680555771461301
196	0.2320134226836728
197	0.22827757824649536
198	0.22460188780169515
199	0.25574799451756824
200	0.6347520014624477
