1	0.9680555771461301
2	0.9220420515895035
3	0.8925879504044915
4	0.8501615448993928
5	0.8364723744993472
6	0.783884695041549
7	0.8782156365502339
8	0.39003937264673083
9	0.2685108255202325
10	0.12120455403275908
11	0.05044600800408382
12	0.062298115656567614
13	0.22460188780169194
14	0.07327797408660613
15	0.020995908477665633
16	0.004009124378788865
17	3.8618125843788774e-05
18	3.0272157800134742e-05
19	3.230299542326906e-05
20	0.0006099109471023007
21	0.1448996496809614
22	1.0
23	1.0
24	1.0
25	1.0
26	0.1448996496809614
27	0.0006300371192533597
28	1.5814272050876884e-05
29	1.6073078284599316e-05
30	8.982218558500552e-05
31	0.005823662247270204
32	0.038907124553427985
33	0.12120455403275908
34	0.35963270335587966
35	0.9371316004437272
36	0.9220420515895035
37	0.9524680951766462
38	0.6451399456130033
39	0.5309525138815068
40	0.4895605451959158
41	0.2959790185358471
42	0.4299397258291108
43	0.7967132492072908
44	0.6664286233595221
45	0.5948461590153626
46	0.4895605451959158
47	0.6245313223904189
48	0.176061982325188
49	0.548473172838661
50	0.3210038175868511
51	0.3775797899972509
52	0.35963270335587966
53	0.6996860333005861
54	0.677334966787895
55	0.7466251623243505
56	0.6996860333005861
57	0.5852680376789788
58	0.4162055494255487
59	0.42301690250932045
60	0.7111366461700386
61	0.9524680951766462
62	0.6045810297425014
63	0.6045810297425014
64	0.6347520014624387
65	0.758843950874465
66	0.8782156365502339
67	0.8925879504044915
68	0.9071954723294419
69	0.9524680951766462
70	0.3481444442077991
71	0.23201342268366956
72	0.12933568132305814
73	0.8501615448993928
74	0.8364723744993472
75	0.8501615448993928
76	0.8640747434825014
77	0.9220420515895035
78	0.01967592931444509
79	0.011147830387442766
80	0.09975178733729187
81	0.7227746524257325
82	0.7346031188276299
83	0.7466251623243505
84	0.8097517472627709
85	0.6347520014624387
86	0.6347520014624387
87	0.6664286233595221
88	0.6996860333005861
89	0.8097517472627709
90	0.7967132492072908
91	0.758843950874465
92	0.7227746524257325
93	0.5396417421912962
94	0.0300076140988875
95	0.0077999812236976196
96	0.02277109643911641
97	0.09814559940423159
98	0.39642250686330754
99	0.9371316004437272
100	0.7712627042813326
101	0.8097517472627709
102	0.9524680951766462
103	0.9524680951766462
104	0.9680555771461301
105	0.4299397258291108
106	0.210481526578285
107	0.2037578156903402
108	0.32625716018605133
109	0.3425386759286026
110	0.677334966787895
111	0.6996860333005861
112	0.6664286233595221
113	0.024696375181437157
114	0.031505112088108564
115	0.2959790185358471
116	0.20047693868989175
117	0.8097517472627709
118	0.677334966787895
119	0.7466251623243505
120	0.7967132492072908
121	0.7967132492072908
122	0.7712627042813326
123	0.783884695041549
124	0.3107495359001502
125	0.20047693868989175
126	0.0376642589146651
127	0.060308038307034934
128	0.783884695041549
129	0.8230036250150273
130	0.8782156365502339
131	0.9371316004437272
132	0.16769342093829617
133	0.05127157501696131
134	0.0472745482168648
135	0.04358912142584493
136	0.02766828206704513
137	0.059336967552506205
138	0.277371291338262
139	0.9524680951766462
140	0.9680555771461301
141	0.9680555771461301
142	0.9838981538483049
143	0.305745894681384
144	0.09348055211451999
145	0.04963373414423558
146	0.034728030561276546
147	0.0077999812236976196
148	0.0028510352648104527
149	0.11544347070631694
150	0.9680555771461301
151	0.9838981538483049
152	0.9680555771461301
153	0.9680555771461301
154	0.8501615448993928
155	0.7346031188276299
156	0.6996860333005861
157	0.7111366461700386
158	0.8782156365502339
159	0.4369758436353279
160	0.38375901867527495
161	0.35963270335587966
162	0.8925879504044915
163	0.8925879504044915
164	0.8925879504044915
165	0.9220420515895035
166	0.9680555771461301
167	0.9220420515895035
168	0.0077999812236976196
169	0.006015834611932643
170	0.06979493239667438
171	0.6884197964379
172	0.6451399456130033
173	0.4513954094697245
174	0.01700147357515897
175	0.23966952741252232
176	0.39642250686330754
177	0.6144752151203824
178	0.9524680951766462
179	0.7967132492072908
180	0.8364723744993472
181	0.5948461590153626
182	0.4975723790933967
183	0.4895605451959158
184	0.8640747434825014
185	0.7111366461700386
186	0.8640747434825014
187	0.2282775782464954
188	0.18787327440651988
189	0.18187177108593688
190	0.15213071221465752
191	0.8782156365502339
192	0.8640747434825014
193	0.10472979393476875
194	0.11544347070631694
195	0.1909478879208065
196	0.1448996496809614
197	0.210481526578285
198	0.8501615448993928
199	0.6996860333005861
200	0.8782156365502339
