1	0.8782156365502402
2	0.8782156365502402
3	0.9838981538483258
4	0.9838981538483258
5	0.272905101478246
6	0.06435386265758171
7	0.012901465378461723
8	0.0005019589204015562
9	0.001373280156343458
10	0.002163490864431267
11	0.002163490864431267
12	0.0014418122384338421
13	0.0004064621128492943
14	0.08209608258032104
15	0.9838981538483258
16	0.21392613224756088
17	0.19407281858793524
18	0.8640747434825136
19	0.8640747434825136
20	0.7588439508744812
21	0.7227746524257427
22	0.6664286233595221
23	0.7838846950415546
24	0.8501615448994108
25	0.7838846950415546
26	0.8782156365502402
27	0.8782156365502402
28	1.0
29	0.9680555771461438
30	0.9680555771461438
31	0.9371316004437337
32	0.8782156365502402
33	0.8640747434825136
34	0.9071954723294482
35	0.8364723744993591
36	0.6773349667878996
37	0.4299397258291168
38	0.22827757824649697
39	0.6884197964379096
40	0.22460188780169513
41	0.1546203858800121
42	0.14968112689163354
43	0.26851082552023625
44	0.03766425891466563
45	0.45139540946972767
46	0.9071954723294482
47	0.8925879504044913
48	0.9680555771461438
49	0.9838981538483258
50	0.9838981538483258
51	0.9838981538483258
52	0.9680555771461438
53	0.5852680376789829
54	0.5758441417787837
55	0.5948461590153667
56	0.5852680376789829
57	0.3837590186752804
58	0.45139540946972767
59	0.7227746524257427
60	0.14027091400017713
61	0.08903724340857995
62	0.08480513362914956
63	0.000803736982286617
64	0.00024573928273773917
65	0.028121083425988992
66	0.3262571601860536
67	1.0
68	1.0
69	1.0
70	1.0
71	0.3315964756209417
72	0.030007614098888136
73	0.002897693479410714
74	0.0032463954707181233
75	0.0032463954707181233
76	0.0014418122384338421
77	0.1357900406092586
78	0.8097517472627767
79	0.018438935128663837
80	0.2004769386898946
81	0.057441482370142995
82	0.12318811002814954
83	0.6556978921951151
84	0.6451399456130124
85	0.6773349667878996
86	0.7346031188276454
87	0.9838981538483258
88	0.8925879504044913
89	0.9071954723294482
90	0.8782156365502402
91	0.8782156365502402
92	0.9220420515895166
93	0.9220420515895166
94	0.9071954723294482
95	0.045764390058400266
96	0.04727454821686548
97	0.23966952741252567
98	0.45878265723356193
99	1.0
100	0.5139915422627579
101	0.4739218161276097
102	0.3262571601860536
103	0.3262571601860536
104	0.3538419528953326
105	1.0
106	0.8501615448994108
107	0.5758441417787837
108	0.5309525138815105
109	0.09049436982916181
110	0.2557479945175701
111	0.24359180518339907
112	0.34814444420780405
113	0.2358104055548814
114	0.7712627042813435
115	0.04358912142584555
116	0.15972263321475788
117	0.9524680951766598
118	0.08619300005539333
119	0.00414141963895089
120	0.002805128333603517
121	0.0025864462836876685
122	0.002198897168339217
123	0.0012662220527620853
124	0.0001461770684557354
125	0.006419412822152425
126	0.05651656845829485
127	0.26418730551764663
128	0.3008228213237205
129	0.046513340714586945
130	0.04084874312373918
131	0.14968112689163354
132	0.03361866366814549
133	0.8782156365502402
134	1.0
135	0.9838981538483258
136	0.8782156365502402
137	0.8782156365502402
138	0.6451399456130124
139	0.5948461590153667
140	0.6144752151203955
141	0.8364723744993591
142	1.0
143	0.34253867592860987
144	0.14968112689163354
145	0.0045650797047264505
146	0.013112602486345095
147	0.11733274450692355
148	0.8782156365502402
149	0.7227746524257427
150	0.40950387170123137
151	0.057441482370142995
152	0.5057153295259813
153	0.11544347070631938
154	0.21742711012398033
155	0.24359180518339907
156	0.3837590186752804
157	1.0
158	1.0
159	1.0
160	0.9838981538483258
161	0.9838981538483258
162	1.0
163	0.9371316004437337
164	0.9220420515895166
165	0.9371316004437337
166	0.9680555771461438
167	0.33702317086780686
168	0.32100381758685564
169	0.32100381758685564
170	0.33702317086780686
171	0.4975723790934037
172	0.17043778391330283
173	0.35963270335588476
174	0.9680555771461438
175	0.8782156365502402
176	0.23966952741252567
177	0.06129500098272679
178	0.0547111792972134
179	0.15972263321475788
180	0.06331764666180337
181	0.4895605451959192
182	0.45878265723356193
183	0.5224031981891458
184	0.8782156365502402
185	1.0
186	0.9680555771461438
187	1.0
188	0.9838981538483258
189	0.15972263321475788
190	0.04219669209919026
191	0.028121083425988992
192	0.15715080394779132
193	0.2959790185358492
194	0.8640747434825136
195	0.8782156365502402
196	1.0
197	1.0
198	1.0
199	1.0
200	1.0
