1	0.8230036250150273
2	0.8097517472627594
3	0.8097517472627594
4	0.6664286233595222
5	0.305745894681384
6	0.02390746372968317
7	0.04804821315291625
8	0.23201342268366953
9	0.6556978921951105
10	0.6556978921951105
11	0.6664286233595222
12	0.23966952741252232
13	0.10472979393476876
14	0.36551822152450336
15	0.3715000583087311
16	0.005729890533725265
17	0.002759960588740092
18	0.0037570771454724264
19	0.00199482955523534
20	0.0005356333306483993
21	0.0020943793974173754
22	0.00818923097077688
23	1.0
24	1.0
25	1.0
26	1.0
27	0.002463507565100692
28	0.0019000115066771079
29	0.0032995238968794023
30	0.005546852487609638
31	0.004951053693111541
32	0.01311260248634491
33	0.07093715149650867
34	0.9524680951766462
35	0.17894329980857737
36	0.04084874312373918
37	0.006114285902867974
38	0.017849913987938726
39	0.5139915422627508
40	0.5057153295259778
41	0.5224031981891384
42	0.33159647562093936
43	0.14727098441461212
44	0.17322705937262783
45	0.2959790185358514
46	0.2865241396118647
47	0.9220420515895036
48	0.8925879504044787
49	0.8640747434825014
50	0.8925879504044787
51	0.9071954723294419
52	0.6144752151203824
53	0.5758441417787756
54	0.6245313223904189
55	0.5574491330158785
56	0.059336967552505365
57	0.39642250686330754
58	0.39642250686330754
59	0.4975723790933967
60	0.19407281858793252
61	0.6347520014624477
62	0.45878265723355866
63	0.24359180518339565
64	0.05044600800408382
65	0.0034084033755650083
66	0.004871332588256415
67	0.007799981223697564
68	0.7712627042813216
69	0.9680555771461165
70	0.9680555771461165
71	0.7466251623243505
72	0.7111366461700386
73	0.7111366461700386
74	0.3900393726467364
75	0.40291010336057753
76	0.40291010336057753
77	0.34814444420779916
78	0.5665719880005069
79	0.40291010336057753
80	0.8097517472627594
81	0.8097517472627594
82	0.8230036250150273
83	0.6884197964379
84	0.6556978921951105
85	0.5758441417787756
86	0.6556978921951105
87	0.9371316004437271
88	0.9220420515895036
89	0.8925879504044787
90	0.8501615448993929
91	0.305745894681384
92	0.3370231708678045
93	0.23966952741252232
94	0.1425664978143681
95	1.0
96	0.06867110513305615
97	0.012901465378461633
98	0.005369661486237395
99	0.00015598350155572298
100	0.001962709116638142
101	0.0014893899404870188
102	0.0023086307871880737
103	1.0
104	1.0
105	1.0
106	0.00818923097077688
107	0.0022714575694317367
108	0.001373280156343439
109	0.0028051283336034973
110	0.005114431247539931
111	0.004951053693111541
112	0.006631244087325071
113	0.983898153848319
114	0.9220420515895036
115	0.8925879504044787
116	0.9071954723294419
117	0.5139915422627508
118	0.4299397258291108
119	0.23201342268366953
120	0.17043778391330167
121	0.164993247273701
122	0.15715080394779135
123	0.1760619823251855
124	0.22098538275893195
125	0.5484731728386688
126	0.7111366461700386
127	0.8640747434825014
128	0.7346031188276403
129	0.9071954723294419
130	0.9071954723294419
131	0.9371316004437271
132	0.7346031188276403
133	1.0
134	0.5057153295259778
135	0.40950387170122265
136	0.3900393726467364
137	0.2685108255202325
138	0.2282775782464921
139	0.22460188780169194
140	0.2729051014782402
141	0.5309525138815068
142	0.9220420515895036
143	0.9524680951766462
144	0.12120455403275734
145	0.0012869442307717569
146	2.4512932672073428e-05
147	1.2000564683291214e-05
148	3.076757251930122e-05
149	0.001441812238433822
150	0.0001926312627086003
151	0.0007174059456834924
152	0.003194122510301038
153	0.300822821323712
154	0.7466251623243505
155	0.7466251623243505
156	0.300822821323712
157	0.0038810552143591307
158	0.000661478449980534
159	0.0010088158858739997
160	0.0005101736581558181
161	1.7151356625887637e-05
162	0.00011092558415419738
163	0.0017236818362313133
164	0.004565079704726353
165	0.01248933551297767
166	0.0965652740621615
167	0.6664286233595222
168	0.9680555771461165
169	1.0
170	1.0
171	1.0
172	0.6451399456129941
173	0.983898153848319
174	0.0965652740621615
175	0.009026975134420794
176	0.0035208757183271744
177	0.001373280156343439
178	2.5321823716298e-05
179	1.530909425735754e-05
180	0.0005101736581558181
181	0.0010088158858739997
182	0.000650827425746295
183	0.0038810552143591307
184	0.05044600800408382
185	0.05044600800408382
186	0.003194122510301038
187	0.0006723037820462264
188	0.00015100069862380183
189	0.0013080055346563406
190	2.836899568812573e-05
191	1.8301972335332956e-05
192	8.148628007745127e-05
193	0.000683306274553576
194	0.12120455403275734
195	0.9071954723294419
196	0.7967132492072909
197	0.7111366461700386
198	0.6884197964379
199	0.7712627042813216
200	0.8925879504044787
