1	1.0
2	1.0
3	1.0
4	0.6556978921951105
5	0.45139540946972445
6	0.37150005830873106
7	0.6664286233595221
8	0.7227746524257325
9	0.305745894681384
10	0.2959790185358471
11	0.2396695274125223
12	0.22827757824649536
13	0.210481526578285
14	0.3538419528953301
15	0.5396417421912961
16	0.6556978921951105
17	0.6664286233595221
18	0.5852680376789788
19	0.40291010336057753
20	0.305745894681384
21	0.5309525138815068
22	0.45139540946972445
23	0.5665719880005069
24	0.6347520014624387
25	0.8925879504044915
26	0.9071954723294289
27	0.9524680951766462
28	0.8925879504044915
29	0.8364723744993591
30	0.823003625015039
31	0.783884695041549
32	0.7712627042813436
33	0.3315964756209393
34	0.12933568132305998
35	0.011895693606068052
36	0.014221262971401534
37	0.08209608258032047
38	0.08343961441457963
39	0.08619300005539272
40	0.01493095993810043
41	0.07209806342155774
42	0.9071954723294289
43	0.9220420515895166
44	0.8640747434825137
45	0.8782156365502339
46	0.02551131956105572
47	0.01354529925337699
48	0.0330773411179359
49	0.08209608258032047
50	0.1252041276287828
51	0.9680555771461439
52	0.9680555771461439
53	1.0
54	1.0
55	1.0
56	0.09049436982916181
57	0.012288234154010974
58	0.0005356333306484069
59	0.0006198923584893026
60	0.0016686198147892288
61	0.034728030561276546
62	0.19094788792080922
63	1.0
64	0.9838981538483189
65	0.809751747262771
66	0.020995908477665633
67	0.03049869946550789
68	0.0330773411179359
69	0.26418730551764474
70	0.9680555771461439
71	0.8364723744993591
72	0.6773349667878853
73	0.8640747434825137
74	0.9071954723294289
75	1.0
76	0.9680555771461439
77	0.7967132492072908
78	0.7227746524257325
79	0.8640747434825137
80	0.8782156365502339
81	0.2685108255202324
82	0.9680555771461439
83	0.03828064801966439
84	0.027222771645920244
85	0.034728030561276546
86	0.013992274382953229
87	0.005457537922228077
88	0.0030920881101849616
89	0.004141419638950832
90	0.003757077145472426
91	0.013327194928720634
92	0.0965652740621615
93	1.0
94	0.9371316004437271
95	0.9220420515895166
96	0.09348055211451997
97	0.008323250672588899
98	0.008189230970776997
99	0.031505112088108564
100	0.09197534264619776
101	0.9371316004437271
102	0.9524680951766462
103	0.9371316004437271
104	0.9220420515895166
105	0.154620385880011
106	0.09501039487561765
107	0.05933696755250536
108	0.07569604040982214
109	0.07093715149650967
110	0.04502749889045438
111	0.03954385360034535
112	0.057441482370142585
113	0.22098538275893195
114	0.6884197964379097
115	0.305745894681384
116	0.3370231708678045
117	0.09501039487561765
118	0.0794735706037285
119	0.24359180518339907
120	0.481677716615238
121	0.47392181612760637
122	0.5396417421912961
123	0.24757827243666988
124	0.03705779481220407
125	0.017849913987938726
126	0.31583506350196533
127	0.34814444420780405
128	0.7111366461700385
129	0.6773349667878853
130	0.41620554942555466
131	0.45139540946972445
132	0.41620554942555466
133	0.40291010336057753
134	0.4441271100328678
135	0.4369758436353279
136	0.6664286233595221
137	0.6773349667878853
138	0.614475215120391
139	0.8501615448993928
140	0.35963270335587966
141	0.28652413961186873
142	0.18187177108593947
143	0.783884695041549
144	0.7712627042813436
145	0.783884695041549
146	0.8782156365502339
147	0.16769342093829617
148	0.12120455403276079
149	0.2959790185358471
150	0.8364723744993591
151	0.6347520014624387
152	0.1099562226442282
153	0.10304345090533383
154	0.11544347070631858
155	0.4441271100328678
156	0.5758441417787837
157	0.20709238541955047
158	0.008057369233584964
159	0.00611428590286806
160	0.006419412822152426
161	0.007927630713798602
162	0.00463978887130851
163	0.005032079462438764
164	0.00719191068985781
165	0.025928821455018475
166	0.018142034232021265
167	0.04019100294647119
168	0.1472709844146121
169	0.9838981538483189
170	1.0
171	0.9524680951766462
172	1.0
173	1.0
174	0.809751747262771
175	0.7712627042813436
176	0.8364723744993591
177	0.9680555771461439
178	0.9680555771461439
179	0.9680555771461439
180	0.9371316004437271
181	0.9220420515895166
182	1.0
183	0.8364723744993591
184	0.809751747262771
185	0.809751747262771
186	0.9680555771461439
187	1.0
188	0.15213071221465752
189	0.04288725609875964
190	0.007674387126047693
191	0.016727718463300126
192	1.0
193	0.005823662247270163
194	0.0048713325882563455
195	0.0045650797047264175
196	0.005918968568537471
197	0.0043480927706903375
198	0.0047157206801953155
199	0.0069621692536537255
200	0.3837590186752804
