1	0.9071954723294546
2	0.823003625015039
3	0.823003625015039
4	0.823003625015039
5	0.8640747434825136
6	0.9838981538483189
7	0.34814444420780405
8	0.21742711012398033
9	0.8097517472627824
10	0.25993340216897615
11	0.04084874312373918
12	0.07327797408660718
13	0.1357900406092586
14	0.19407281858793526
15	0.8097517472627824
16	0.210481526578285
17	0.19094788792081194
18	0.04219669209919026
19	0.7838846950415602
20	0.038907124553427985
21	0.05560654736795844
22	0.06867110513305712
23	0.24757827243666988
24	0.3425386759286075
25	0.4029101033605832
26	0.6347520014624478
27	0.5948461590153628
28	0.7227746524257428
29	0.9524680951766463
30	0.5948461590153628
31	0.566571988000515
32	0.5057153295259778
33	0.3107495359001546
34	0.513991542262758
35	0.6884197964379098
36	0.5224031981891458
37	0.5309525138815142
38	0.11358461770179093
39	0.0025038237499127474
40	0.0005809207180139251
41	0.009174704819918202
42	0.02352250942683158
43	0.9680555771461439
44	0.007191910689857911
45	0.9838981538483189
46	1.0
47	1.0
48	1.0
49	1.0
50	0.06331764666180337
51	0.9371316004437404
52	0.000960864945202363
53	0.0015137643410159801
54	0.004491573493650815
55	0.006631244087325165
56	0.24359180518339907
57	0.8782156365502465
58	0.0043480927706904
59	0.003246395470718101
60	0.005198130749139036
61	0.008323250672589018
62	0.008057369233585077
63	0.004278080449843506
64	0.002945115272426268
65	0.004491573493650815
66	0.9838981538483189
67	0.9838981538483189
68	0.9838981538483189
69	0.9838981538483189
70	0.9838981538483189
71	1.0
72	1.0
73	0.9838981538483189
74	0.0025864462836876507
75	0.013327194928720823
76	0.9680555771461439
77	0.01727970878760305
78	0.004278080449843506
79	0.004278080449843506
80	0.004419250868277081
81	0.005283200023099469
82	0.010113261253784643
83	0.9071954723294546
84	0.8640747434825136
85	0.8640747434825136
86	0.8640747434825136
87	0.8782156365502465
88	0.8501615448994048
89	0.8097517472627824
90	0.7967132492072909
91	0.9680555771461439
92	0.45139540946973084
93	0.35384195289533515
94	0.3315964756209393
95	0.3964225068633132
96	0.9838981538483189
97	0.2320134226836728
98	0.012090370898187429
99	0.00013478140409426748
100	8.555276600875524e-05
101	0.0019000115066771077
102	0.0018393167356806218
103	4.926505911911206e-05
104	7.041023655526798e-05
105	0.0028976934794106937
106	1.0
107	1.0
108	1.0
109	1.0
110	0.0028976934794106937
111	3.283164552847533e-05
112	2.883326447678201e-05
113	0.0018097003405784802
114	0.0018393167356806218
115	3.3368947182247447e-05
116	9.901083980761737e-05
117	0.011330268629776647
118	0.21742711012398033
119	0.7967132492072909
120	0.16233655139003356
121	0.08619300005539272
122	0.09501039487561899
123	0.12318811002815044
124	0.513991542262758
125	0.4299397258291168
126	0.6451399456130124
127	0.7227746524257428
128	0.8364723744993591
129	0.7111366461700486
130	0.6773349667879045
131	0.60458102974251
132	0.513991542262758
133	0.5484731728386766
134	0.614475215120391
135	0.6884197964379098
136	0.7227746524257428
137	0.7712627042813436
138	0.8097517472627824
139	0.8501615448994048
140	0.5309525138815142
141	0.176061982325188
142	0.029524436113288612
143	0.004565079704726418
144	0.006962169253653922
145	0.024298717947761457
146	0.020995908477665932
147	0.018740694914960117
148	0.18187177108593947
149	0.9838981538483189
150	0.19094788792081194
151	0.12933568132305998
152	0.16769342093829617
153	0.2209853827589351
154	0.3425386759286075
155	0.823003625015039
156	0.21392613224755938
157	0.3715000583087311
158	0.8925879504044915
159	0.8501615448994048
160	0.8097517472627824
161	0.8501615448994048
162	0.9524680951766463
163	0.9680555771461439
164	0.8640747434825136
165	0.8925879504044915
166	0.8782156365502465
167	0.7838846950415602
168	0.614475215120391
169	0.5852680376789872
170	0.5758441417787837
171	0.6664286233595221
172	0.7588439508744758
173	0.9680555771461439
174	0.8501615448994048
175	0.60458102974251
176	0.46629079995640094
177	0.60458102974251
178	0.48956054519592274
179	0.5484731728386766
180	0.19407281858793526
181	0.15213071221465965
182	0.2396695274125257
183	0.7712627042813436
184	0.6884197964379098
185	0.6884197964379098
186	0.746625162324361
187	0.8097517472627824
188	0.7967132492072909
189	0.746625162324361
190	0.5057153295259778
191	0.37757978999725084
192	0.3964225068633132
193	0.17043778391330405
194	0.27737129133826594
195	0.35384195289533515
196	0.5948461590153628
197	0.6664286233595221
198	0.6451399456130124
199	0.6773349667879045
200	0.9220420515895167
