1	1.0
2	0.21048152657828498
3	0.09197534264619908
4	0.03954385360034535
5	0.00742923325854893
6	0.00011092558415419896
7	0.0008168904262529228
8	0.0005019589204015528
9	3.5034188915334524e-05
10	0.00041311401109911334
11	1.9529778236767735e-05
12	2.573622444280112e-05
13	0.0019311058764015323
14	0.004278080449843506
15	0.000803736982286617
16	0.00028905010372683697
17	0.1252041276287828
18	1.0
19	1.0
20	1.0
21	0.1252041276287828
22	0.00027531100170731244
23	0.000803736982286617
24	0.004278080449843506
25	0.0019311058764015323
26	3.3915041970280234e-05
27	2.8368995688125733e-05
28	0.00041311401109911334
29	3.5034188915334524e-05
30	0.0005019589204015528
31	0.0008576564720537133
32	0.00017194034396490111
33	0.005369661486237472
34	0.01700147357515897
35	0.03890712455342854
36	0.1252041276287828
37	0.7466251623243612
38	0.7346031188276402
39	0.7227746524257325
40	0.7227746524257325
41	0.8097517472627709
42	0.7967132492073021
43	0.8925879504044915
44	0.8097517472627709
45	0.8364723744993591
46	0.8364723744993591
47	0.9220420515895166
48	0.8097517472627709
49	0.6664286233595222
50	0.5224031981891384
51	0.4095038717012285
52	0.5758441417787838
53	0.7466251623243612
54	0.8501615448994049
55	0.6245313223904276
56	0.6884197964379097
57	0.5396417421912962
58	0.5224031981891384
59	0.4975723790934038
60	0.5057153295259778
61	0.5224031981891384
62	0.8501615448994049
63	0.8364723744993591
64	0.7111366461700486
65	0.6664286233595222
66	0.614475215120391
67	0.06030803830703579
68	0.0622981156565685
69	0.0472745482168648
70	0.6347520014624478
71	0.6556978921951105
72	0.04502749889045438
73	0.36551822152450336
74	0.44412711003287414
75	0.7346031188276402
76	0.9680555771461302
77	0.9838981538483189
78	0.9838981538483189
79	0.566571988000515
80	0.4095038717012285
81	0.025928821455018843
82	0.2819105719970956
83	0.9371316004437404
84	0.6451399456130033
85	0.0622981156565685
86	0.05560654736795844
87	0.03828064801966439
88	0.9524680951766598
89	0.8501615448994049
90	0.8364723744993591
91	0.6347520014624478
92	0.5948461590153711
93	0.6045810297425015
94	0.6045810297425015
95	0.6451399456130033
96	0.3210038175868557
97	0.3315964756209441
98	0.8501615448994049
99	0.7588439508744758
100	0.7466251623243612
101	0.37757978999725095
102	0.2641873055176485
103	0.11544347070631857
104	0.12933568132305998
105	0.17894329980857993
106	0.6556978921951105
107	0.6245313223904276
108	0.21048152657828498
109	0.35963270335587966
110	0.2004769386898946
111	0.7111366461700486
112	0.7111366461700486
113	0.8364723744993591
114	0.8782156365502339
115	0.8097517472627709
116	0.7967132492073021
117	0.783884695041549
118	0.8640747434825014
119	0.4369758436353278
120	0.3481444442077991
121	0.1252041276287828
122	0.4299397258291168
123	0.5057153295259778
124	0.6245313223904276
125	0.2685108255202325
126	0.3425386759286075
127	0.37757978999725095
128	0.4095038717012285
129	0.5224031981891384
130	0.4095038717012285
131	0.19407281858793252
132	0.0330773411179359
133	0.13579004060925667
134	0.2070923854195534
135	0.2599334021689725
136	0.9371316004437404
137	0.3837590186752804
138	0.023522509426831248
139	0.3964225068633132
140	0.37757978999725095
141	0.36551822152450336
142	0.22098538275893512
143	1.0
144	1.0
145	0.9220420515895166
146	0.9371316004437404
147	0.7346031188276402
148	0.16233655139003128
149	0.09197534264619908
150	0.7227746524257325
151	0.699686033300596
152	0.05296346225090933
153	0.05296346225090933
154	0.8925879504044915
155	0.13801229332339257
156	0.2358104055548831
157	0.031505112088108564
158	0.026784434765055293
159	0.04804821315291624
160	1.0
161	1.0
162	0.003520875718327174
163	0.002271457569431769
164	0.002945115272426268
165	0.0012458335400746356
166	0.0005101736581558181
167	0.0009925720876842986
168	0.27290510147824404
169	1.0
170	1.0
171	1.0
172	1.0
173	0.27290510147824404
174	0.0005101736581558181
175	3.127109487802219e-05
176	0.0012458335400746356
177	0.003299523896879449
178	0.0024635075651007273
179	0.004074735137074952
180	1.0
181	1.0
182	0.02551131956105536
183	0.0547111792972134
184	0.03890712455342854
185	0.783884695041549
186	0.5224031981891384
187	0.4975723790934038
188	0.566571988000515
189	0.6451399456130033
190	0.3715000583087311
191	0.07569604040982107
192	0.11544347070631857
193	0.1972488898661499
194	0.7346031188276402
195	0.32625716018605133
196	0.1909478879208092
197	0.12120455403275908
198	0.11544347070631857
199	0.39003937264673083
200	0.9838981538483189
