1	0.8640747434825014
2	0.7967132492072908
3	0.7346031188276402
4	0.9220420515895035
5	0.6773349667878948
6	0.27290510147824404
7	0.12933568132305814
8	0.052110652730084805
9	0.46629079995639433
10	0.6996860333005861
11	0.17894329980857734
12	0.176061982325188
13	0.9071954723294418
14	0.11925293695084214
15	0.8925879504044913
16	0.1496811268916314
17	0.4369758436353278
18	0.5396417421912961
19	0.27290510147824404
20	0.09814559940423298
21	0.10472979393476875
22	0.2246018878016919
23	0.8782156365502339
24	0.39642250686331315
25	0.27737129133826594
26	0.35384195289533515
27	0.9371316004437403
28	0.7588439508744758
29	0.8364723744993591
30	0.9371316004437403
31	0.6045810297425013
32	0.4441271100328678
33	0.5665719880005149
34	0.7346031188276402
35	0.31583506350196977
36	0.18787327440651988
37	0.17894329980857734
38	0.2209853827589351
39	0.8097517472627709
40	0.6664286233595221
41	0.5948461590153626
42	0.6773349667878948
43	0.7227746524257325
44	0.9220420515895035
45	0.6884197964379
46	0.7111366461700385
47	0.5574491330158785
48	0.40950387170122843
49	0.31583506350196977
50	0.5309525138815142
51	0.38375901867528034
52	0.4369758436353278
53	0.4230169025093204
54	0.8782156365502339
55	0.8640747434825014
56	0.06435386265758125
57	0.04288725609875964
58	0.019359110527732818
59	0.006015834611932685
60	0.006015834611932685
61	0.0063160484245059975
62	0.04963373414423628
63	0.8230036250150389
64	0.03472803056127704
65	0.17322705937262536
66	0.9838981538483188
67	0.9680555771461301
68	0.24757827243666986
69	0.9838981538483188
70	0.9838981538483188
71	0.01967592931444509
72	0.0043480927706904
73	0.002128654667381612
74	0.0030422997831473634
75	0.022404439747548983
76	0.02204368690561934
77	0.013992274382953425
78	0.009632558682416177
79	0.010446984132459602
80	0.9524680951766462
81	0.6773349667878948
82	0.052963462250909324
83	0.05744148237014259
84	0.028581295041563655
85	0.07093715149650966
86	0.783884695041549
87	0.305745894681384
88	0.27737129133826594
89	0.30082282132371624
90	0.3775797899972509
91	0.9524680951766462
92	0.5396417421912961
93	0.5665719880005149
94	0.7346031188276402
95	0.8925879504044913
96	0.6451399456130033
97	0.8230036250150389
98	0.8782156365502339
99	0.9838981538483188
100	0.8501615448994048
101	0.6996860333005861
102	0.46629079995639433
103	0.4162055494255546
104	0.40950387170122843
105	0.16769342093829617
106	0.052963462250909324
107	0.02032520629905393
108	0.00652446881523681
109	0.004141419638950831
110	0.0015637163575655455
111	8.417520853263028e-05
112	0.0011487109132294472
113	0.0011302145468318856
114	3.3915041970280234e-05
115	9.901083980761737e-05
116	0.014690543918280221
117	1.0
118	1.0
119	1.0
120	0.014690543918280221
121	8.982218558500615e-05
122	3.447007379537038e-05
123	0.0011302145468318856
124	0.0011302145468318856
125	5.7014812075813265e-05
126	0.002198897168339217
127	0.0050320794624387636
128	0.007674387126047693
129	0.01567607357528453
130	0.08209608258032164
131	0.2320134226836695
132	0.4029101033605775
133	0.27290510147824404
134	0.20709238541955047
135	0.1448996496809614
136	0.8230036250150389
137	0.6884197964379
138	0.8364723744993591
139	0.16769342093829617
140	0.055606547367958434
141	0.0512715750169613
142	0.31583506350196977
143	0.6996860333005861
144	0.6884197964379
145	0.027668282067045125
146	0.006419412822152425
147	0.02099590847766563
148	0.6451399456130033
149	0.9838981538483188
150	1.0
151	1.0
152	0.37150005830873106
153	0.024696375181437153
154	0.018438935128663837
155	0.0066312440873250705
156	0.02314375359893927
157	0.034168845156027985
158	1.0
159	1.0
160	0.2435918051833956
161	1.0
162	0.9838981538483188
163	0.020657835589543774
164	0.0059189685685373875
165	0.034168845156027985
166	0.018438935128663837
167	0.01814203423202126
168	0.005637628717885326
169	0.004278080449843506
170	0.05044600800408381
171	0.10644373457266823
172	0.9220420515895035
173	0.8640747434825014
174	0.6773349667878948
175	0.6451399456130033
176	0.6556978921951105
177	0.7712627042813325
178	0.28191057199709557
179	0.20047693868989172
180	0.2435918051833956
181	0.17894329980857734
182	0.1972488898661499
183	0.34814444420779905
184	0.20709238541955047
185	0.10644373457266823
186	0.24757827243666986
187	0.8925879504044913
188	0.1940728185879325
189	0.9220420515895035
190	0.176061982325188
191	0.2037578156903402
192	0.5396417421912961
193	0.5665719880005149
194	0.2435918051833956
195	0.20047693868989172
196	0.34814444420779905
197	0.7712627042813325
198	0.783884695041549
199	0.8640747434825014
200	1.0
