1	0.03361866366814549
2	0.028121083425988992
3	0.05651656845829485
4	0.9838981538483188
5	0.03529636723622802
6	0.10138426111191928
7	0.937131600443727
8	0.1909478879208092
9	0.13579004060925665
10	0.29597901853585135
11	0.5665719880005149
12	0.305745894681384
13	0.14727098441461417
14	0.029524436113288616
15	0.06030803830703579
16	1.0
17	0.002805128333603497
18	0.0017805608241138406
19	0.0021634908644312515
20	0.003408403375565056
21	1.0
22	0.008881624169591424
23	0.0009151932040789201
24	0.0031941225103010833
25	1.0
26	1.0
27	1.0
28	1.0
29	1.0
30	1.0
31	1.0
32	1.0
33	0.004278080449843567
34	0.003092088110185005
35	0.009950419076984445
36	0.005637628717885325
37	0.006850065475449623
38	0.0069621692536538235
39	0.005198130749138962
40	0.05211065273008555
41	0.04804821315291624
42	0.05383022830539262
43	0.08077418408895759
44	0.34253867592860743
45	0.14727098441461417
46	0.17322705937262783
47	0.9838981538483188
48	0.14489964968096344
49	0.08343961441458081
50	0.9680555771461301
51	0.03646109590141791
52	0.0045650797047264826
53	0.005729890533725346
54	0.8925879504045041
55	0.8782156365502338
56	0.8640747434825136
57	0.8501615448994048
58	0.8925879504045041
59	0.37150005830873634
60	0.4029101033605832
61	0.37150005830873634
62	0.3370231708678044
63	0.11544347070631857
64	0.05383022830539262
65	0.08619300005539272
66	0.45878265723355866
67	0.11175569566235918
68	0.09814559940423298
69	0.8640747434825136
70	0.699686033300586
71	0.6664286233595317
72	0.5852680376789787
73	0.04963373414423628
74	0.03254473486014868
75	0.15972263321475677
76	0.6045810297425013
77	0.8501615448994048
78	0.5396417421912961
79	0.39642250686331315
80	0.21742711012398036
81	0.2037578156903402
82	0.6045810297425013
83	0.8364723744993591
84	0.21392613224755935
85	0.27737129133826594
86	0.331596475620944
87	0.4441271100328742
88	0.809751747262771
89	0.8364723744993591
90	0.9071954723294416
91	0.6884197964379097
92	0.5224031981891384
93	0.5484731728386687
94	0.30082282132372057
95	0.09656527406216149
96	0.17043778391330164
97	0.28652413961186873
98	0.9838981538483188
99	0.7346031188276403
100	0.15715080394779135
101	0.09814559940423298
102	0.020325206299054217
103	0.25993340216897615
104	0.01814203423202126
105	0.05651656845829485
106	0.32100381758685564
107	0.011895693606067882
108	0.00719191068985781
109	0.25993340216897615
110	0.8364723744993591
111	0.809751747262771
112	0.796713249207302
113	0.31583506350196977
114	0.34253867592860743
115	0.29121320991526145
116	0.796713249207302
117	0.796713249207302
118	0.20709238541955044
119	0.13579004060925665
120	0.12520412762878455
121	0.01096832973761928
122	0.02204368690561934
123	0.8782156365502338
124	0.809751747262771
125	0.8925879504045041
126	0.07947357060372962
127	0.05383022830539262
128	0.06435386265758125
129	0.08480513362914895
130	0.03307734111793589
131	0.05744148237014259
132	0.796713249207302
133	0.15715080394779135
134	0.19407281858793526
135	0.31583506350196977
136	0.9838981538483188
137	0.9071954723294416
138	0.8364723744993591
139	0.809751747262771
140	0.25574799451756824
141	0.21392613224755935
142	0.22460188780169513
143	0.8925879504045041
144	0.1789432998085799
145	0.0934805521145213
146	0.1380122933233906
147	0.12318811002814867
148	0.07209806342155774
149	0.06979493239667536
150	0.9071954723294416
151	0.8364723744993591
152	0.9220420515895166
153	0.055606547367958434
154	0.043589121425846165
155	0.08903724340857931
156	0.06647744631284418
157	0.17322705937262783
158	0.9220420515895166
159	0.614475215120391
160	0.614475215120391
161	0.8640747434825136
162	0.37150005830873634
163	0.29121320991526145
164	0.09197534264619776
165	0.018438935128663837
166	0.022404439747548983
167	0.03307734111793589
168	0.21742711012398036
169	0.21392613224755935
170	0.03646109590141791
171	0.30082282132372057
172	0.6664286233595317
173	0.7588439508744758
174	0.9524680951766596
175	0.8782156365502338
176	0.8925879504045041
177	0.9680555771461301
178	0.9680555771461301
179	0.2641873055176485
180	0.062298115656568495
181	0.014453999040223762
182	0.0063160484245059975
183	0.003944570074838709
184	0.22827757824649533
185	0.22827757824649533
186	0.27290510147824404
187	1.0
188	1.0
189	0.8364723744993591
190	0.10644373457266823
191	0.0370577948122046
192	0.2037578156903402
193	0.1789432998085799
194	0.13579004060925665
195	0.14727098441461417
196	0.20047693868989458
197	0.3538419528953351
198	0.9680555771461301
199	0.937131600443727
200	0.9838981538483188
