1	0.43697584363533404
2	0.45139540946972767
3	0.5396417421913
4	0.9838981538483328
5	1.0
6	0.2641873055176485
7	0.10995622264422976
8	0.022771096439116897
9	0.002715520127955534
10	0.00130800553465635
11	2.6585482332195025e-05
12	0.00018647776819776587
13	0.14256649781436806
14	0.03099782162027481
15	0.002198897168339217
16	0.0007907953330514327
17	0.0069621692536538235
18	0.030007614098887924
19	0.033077341117936136
20	0.12120455403276165
21	0.37150005830873367
22	0.37757978999725356
23	0.8640747434825136
24	0.7838846950415601
25	0.01619336115132821
26	0.005546852487609676
27	0.10472979393476949
28	1.0
29	0.9071954723294418
30	0.04804821315291692
31	0.09656527406216286
32	0.05933696755250663
33	0.005369661486237509
34	0.9071954723294418
35	0.9838981538483328
36	0.7838846950415601
37	1.0
38	0.7111366461700487
39	0.03202070454638331
40	0.029524436113288824
41	0.24757827243667338
42	0.8782156365502464
43	0.8364723744993591
44	0.9838981538483328
45	0.9838981538483328
46	0.9220420515895297
47	0.8925879504045041
48	0.9838981538483328
49	0.7466251623243716
50	0.513991542262758
51	0.7227746524257428
52	0.7466251623243716
53	0.9838981538483328
54	0.7227746524257428
55	0.40291010336058036
56	0.12318811002815043
57	0.1154434707063202
58	0.5309525138815142
59	0.699686033300601
60	0.8640747434825136
61	0.9680555771461301
62	0.6144752151203997
63	0.513991542262758
64	0.11358461770179012
65	0.06129500098272723
66	0.03361866366814549
67	0.04651334071458727
68	0.06647744631284419
69	0.12318811002815043
70	0.9071954723294418
71	0.8230036250150506
72	0.9220420515895297
73	0.8364723744993591
74	0.8640747434825136
75	0.7346031188276507
76	0.5758441417787837
77	0.7588439508744758
78	0.7466251623243716
79	0.0997517873372933
80	0.10818572446379314
81	0.1623365513900347
82	0.29121320991526356
83	0.2729051014782479
84	0.44412711003287414
85	0.5665719880005149
86	0.38375901867528034
87	0.4095038717012343
88	0.6144752151203997
89	0.3262571601860582
90	0.699686033300601
91	0.7111366461700487
92	0.8925879504045041
93	0.7967132492073021
94	0.45139540946972767
95	0.26851082552023436
96	0.585268037678987
97	0.331596475620944
98	0.3596327033558822
99	0.7227746524257428
100	0.39642250686331315
101	0.45139540946972767
102	0.9071954723294418
103	1.0
104	1.0
105	1.0
106	1.0
107	1.0
108	0.9838981538483328
109	0.9680555771461301
110	1.0
111	1.0
112	1.0
113	1.0
114	0.2209853827589351
115	0.09348055211452064
116	0.10995622264422976
117	1.0
118	1.0
119	0.7111366461700487
120	0.9220420515895297
121	1.0
122	0.1472709844146142
123	0.007674387126047746
124	0.009950419076984515
125	0.033077341117936136
126	1.0
127	1.0
128	0.12725313808047412
129	0.057441482370143404
130	0.07209806342155875
131	0.8782156365502464
132	0.809751747262771
133	0.42301690250932045
134	0.3900393726467391
135	0.8925879504045041
136	0.2209853827589351
137	0.09656527406216286
138	0.06435386265758217
139	0.022771096439116897
140	0.011515692539375818
141	0.00888162416959136
142	0.017001473575159333
143	1.0
144	1.0
145	0.14256649781436806
146	0.0001895295437524664
147	3.861812584378959e-05
148	0.0002937805123388797
149	0.0001510006986238029
150	0.00832325067258896
151	0.05471117929721379
152	0.18484816784601615
153	0.9220420515895297
154	1.0
155	1.0
156	0.8925879504045041
157	0.4816777166152414
158	0.42301690250932045
159	0.42993972582911677
160	1.0
161	1.0
162	0.7712627042813435
163	0.699686033300601
164	0.6884197964379097
165	0.6884197964379097
166	0.7466251623243716
167	1.0
168	1.0
169	1.0
170	0.9838981538483328
171	0.7346031188276507
172	0.7227746524257428
173	0.7111366461700487
174	0.7227746524257428
175	0.7838846950415601
176	0.9838981538483328
177	0.1909478879208092
178	0.17894329980857993
179	0.1878732744065212
180	1.0
181	1.0
182	0.8501615448994048
183	1.0
184	1.0
185	0.9838981538483328
186	0.9838981538483328
187	1.0
188	0.32100381758685564
189	0.3655182215245085
190	0.3481444442078065
191	0.6245313223904321
192	0.5758441417787837
193	0.6884197964379097
194	1.0
195	1.0
196	1.0
197	1.0
198	0.9680555771461301
199	1.0
200	1.0
