1	0.9071954723294289
2	0.809751747262771
3	0.6773349667878853
4	0.8782156365502339
5	0.6664286233595221
6	0.4739218161276064
7	0.48956054519590886
8	0.3425386759286026
9	0.009026975134420794
10	0.02551131956105536
11	0.02099590847766563
12	0.1336035702664359
13	0.019675929314445093
14	0.009477456704464737
15	0.027222771645920248
16	0.030997821620274375
17	0.07093715149650967
18	0.07947357060372849
19	0.04727454821686481
20	0.009026975134420794
21	0.006739766775034895
22	0.11175569566235759
23	0.24757827243666988
24	0.9838981538483049
25	0.9838981538483049
26	0.062298115656567614
27	0.030498699465507893
28	0.03361866366814501
29	0.0861930000553915
30	0.9838981538483049
31	0.9680555771461301
32	0.9680555771461301
33	0.2435918051833956
34	0.18484816784601354
35	0.07209806342155671
36	0.053830228305391865
37	0.03254473486014822
38	0.5665719880005069
39	0.7346031188276299
40	0.9371316004437271
41	0.9371316004437271
42	0.6347520014624387
43	0.11175569566235759
44	0.11175569566235759
45	0.1597226332147545
46	0.746625162324361
47	0.5665719880005069
48	0.8364723744993591
49	0.758843950874465
50	0.6144752151203824
51	0.481677716615238
52	0.3057458946813797
53	0.5665719880005069
54	0.4587826572335522
55	0.22098538275893195
56	0.1448996496809614
57	0.7967132492072908
58	0.809751747262771
59	0.9371316004437271
60	0.9680555771461301
61	0.9524680951766464
62	0.9838981538483049
63	0.9680555771461301
64	0.04288725609875903
65	0.03705779481220407
66	0.052963462250909324
67	0.1597226332147545
68	0.09975178733729187
69	0.8501615448993928
70	0.14027091400017713
71	0.17043778391329922
72	0.10644373457266673
73	0.1099562226442282
74	0.8782156365502339
75	0.9220420515895035
76	0.8782156365502339
77	0.12933568132305814
78	0.10138426111191784
79	0.8782156365502339
80	0.06435386265758034
81	0.053830228305391865
82	0.040191002946470614
83	0.04883453939311235
84	0.9371316004437271
85	0.07093715149650967
86	0.08209608258032047
87	0.07093715149650967
88	0.005114431247540003
89	0.020657835589543483
90	0.9220420515895035
91	0.1760619823251855
92	0.008597905811488782
93	0.001076493296561895
94	0.0022348829091086595
95	0.40291010336057753
96	0.8501615448993928
97	0.9838981538483049
98	0.9838981538483049
99	0.14027091400017713
100	0.019047393108381605
101	0.00011458596672849097
102	2.9305131190668577e-05
103	0.000329133406075829
104	0.0003134890683440509
105	0.04963373414423559
106	0.9838981538483049
107	0.5852680376789788
108	0.4739218161276064
109	0.04502749889045374
110	0.001962709116638114
111	0.004871332588256346
112	0.02168874285044923
113	0.053830228305391865
114	0.9838981538483049
115	0.9838981538483049
116	0.2435918051833956
117	0.28191057199709163
118	0.08209608258032047
119	0.03587400494469108
120	0.041517247454898654
121	0.9680555771461301
122	0.9680555771461301
123	0.9838981538483049
124	0.9838981538483049
125	0.9838981538483049
126	0.9838981538483049
127	0.18787327440651988
128	0.18484816784601354
129	0.11733274450692356
130	0.8501615448993928
131	0.26418730551764474
132	0.23966952741252232
133	0.8230036250150273
134	0.9680555771461301
135	0.033077341117935435
136	0.012693727967806403
137	0.01727970878760293
138	0.018740694914959853
139	0.041517247454898654
140	0.9838981538483049
141	0.9680555771461301
142	0.9524680951766464
143	0.9071954723294289
144	0.5948461590153626
145	0.6045810297425014
146	0.053830228305391865
147	0.00030844131559533904
148	0.0003512136458956095
149	5.986007548655832e-05
150	0.00014382334778855537
151	0.016458371314135318
152	0.1380122933233906
153	0.9838981538483049
154	0.9680555771461301
155	0.9524680951766464
156	0.9838981538483049
157	0.6451399456130033
158	0.481677716615238
159	0.4513954094697245
160	0.758843950874465
161	0.9680555771461301
162	0.9838981538483049
163	0.9838981538483049
164	0.8230036250150273
165	0.5309525138815068
166	0.5396417421912961
167	0.36551822152449814
168	0.6664286233595221
169	0.5057153295259705
170	0.08343961441457963
171	0.0028051283336034774
172	0.004009124378788894
173	0.01170415097775544
174	0.020325206299054217
175	0.07569604040982107
176	0.9680555771461301
177	0.9680555771461301
178	0.758843950874465
179	0.8925879504044915
180	0.9220420515895035
181	0.9371316004437271
182	0.9838981538483049
183	0.9838981538483049
184	0.9838981538483049
185	0.6664286233595221
186	0.8925879504044915
187	0.9220420515895035
188	0.08343961441457963
189	0.015676073575284534
190	0.0059189685685373875
191	0.008323250672588841
192	0.025100540218356872
193	0.34814444420780405
194	0.8925879504044915
195	0.809751747262771
196	0.8230036250150273
197	0.8782156365502339
198	0.9071954723294289
199	0.9838981538483049
200	0.9838981538483049
