1	1.0
2	0.9524680951766598
3	0.9838981538483327
4	0.8640747434825136
5	0.8501615448994048
6	0.29597901853585135
7	0.18484816784601615
8	0.16499324727370096
9	0.1789432998085799
10	0.2320134226836761
11	0.796713249207302
12	0.6144752151203997
13	0.5948461590153711
14	0.40950387170123426
15	0.19724888986614988
16	0.1425664978143681
17	0.1293356813230618
18	0.796713249207302
19	0.96805557714613
20	0.9838981538483327
21	0.9838981538483327
22	0.9838981538483327
23	0.9071954723294416
24	0.9220420515895296
25	0.892587950404504
26	0.9071954723294416
27	0.6245313223904276
28	0.3900393726467363
29	0.8501615448994048
30	0.96805557714613
31	0.019047393108381872
32	0.0045650797047264826
33	0.006850065475449622
34	0.013327194928720821
35	0.015175310452307697
36	0.43697584363533404
37	0.39642250686331315
38	0.21742711012398033
39	0.05127157501696203
40	0.04358912142584617
41	0.9838981538483327
42	0.15213071221465965
43	0.14489964968096344
44	0.8097517472627709
45	0.8782156365502464
46	0.1030434509053353
47	0.06979493239667536
48	0.09501039487561763
49	0.29121320991526145
50	0.836472374499359
51	0.7111366461700486
52	1.0
53	1.0
54	1.0
55	0.9524680951766598
56	0.7111366461700486
57	0.1030434509053353
58	0.11733274450692355
59	0.09501039487561763
60	0.08077418408895874
61	0.892587950404504
62	0.9220420515895296
63	0.07327797408660716
64	0.21048152657828498
65	0.9371316004437403
66	0.9524680951766598
67	0.07819389939674472
68	0.03890712455342853
69	0.012288234154010973
70	0.021339514049848223
71	0.0472745482168648
72	0.004009124378788922
73	0.003757077145472479
74	0.05211065273008555
75	0.03646109590141792
76	0.9838981538483327
77	0.9838981538483327
78	0.5309525138815143
79	0.5948461590153711
80	0.19724888986614988
81	0.11733274450692355
82	0.1425664978143681
83	0.25574799451757185
84	0.31583506350196977
85	0.8230036250150506
86	0.8782156365502464
87	1.0
88	0.39642250686331315
89	0.25993340216897615
90	0.15715080394779135
91	0.01469054391828043
92	0.015932618141390912
93	0.3538419528953351
94	0.16769342093829856
95	0.2320134226836761
96	0.25993340216897615
97	0.8097517472627709
98	0.7712627042813434
99	0.8501615448994048
100	0.7838846950415601
101	0.9524680951766598
102	0.8640747434825136
103	0.8230036250150506
104	0.8097517472627709
105	0.9838981538483327
106	0.002128654667381627
107	0.00010395187020858055
108	0.000590427693904873
109	6.816102218550693e-05
110	0.0005443991622033125
111	0.0010088158858740138
112	0.0003687405884503411
113	0.010791719379643225
114	0.1030434509053353
115	0.9220420515895296
116	0.9524680951766598
117	1.0
118	0.7111366461700486
119	0.6884197964379195
120	0.6451399456130124
121	0.6664286233595316
122	0.96805557714613
123	0.96805557714613
124	0.5309525138815143
125	0.4029101033605775
126	0.9524680951766598
127	0.3775797899972509
128	0.3775797899972509
129	0.37150005830873634
130	0.9838981538483327
131	0.9838981538483327
132	0.02678443476505567
133	0.020995908477665932
134	0.021339514049848223
135	0.025100540218357226
136	0.9838981538483327
137	0.9838981538483327
138	1.0
139	1.0
140	1.0
141	1.0
142	1.0
143	1.0
144	1.0
145	1.0
146	0.9838981538483327
147	1.0
148	1.0
149	0.96805557714613
150	0.02678443476505567
151	0.04019100294647175
152	0.0047928951403666395
153	1.0
154	0.07093715149650966
155	1.0
156	1.0
157	1.0
158	1.0
159	1.0
160	0.08480513362914893
161	0.9524680951766598
162	0.035874004944692096
163	0.004278080449843506
164	0.027222771645920633
165	0.045764390058400266
166	0.020325206299054505
167	0.018740694914960117
168	0.025511319561055717
169	0.9838981538483327
170	1.0
171	0.6884197964379195
172	0.04019100294647175
173	0.02812108342598899
174	0.0472745482168648
175	0.96805557714613
176	0.44412711003287414
177	0.3775797899972509
178	0.9220420515895296
179	0.14727098441461417
180	0.009324852154700358
181	0.00025800263964974486
182	0.0005809207180139291
183	0.000609910947102305
184	0.00010395187020858055
185	0.0006000902548658418
186	0.0003084413155953477
187	0.002234882909108723
188	0.39642250686331315
189	0.2320134226836761
190	0.17322705937263028
191	0.17322705937263028
192	0.30574589468138835
193	0.8097517472627709
194	0.9071954723294416
195	0.9524680951766598
196	1.0
197	0.9838981538483327
198	1.0
199	1.0
200	1.0
