1	0.9838981538483189
2	0.6045810297425014
3	0.614475215120391
4	0.614475215120391
5	0.6045810297425014
6	0.6347520014624477
7	0.6884197964379
8	0.9838981538483189
9	0.9680555771461301
10	0.5139915422627507
11	0.4095038717012285
12	0.1117556956623576
13	0.06756537356313774
14	0.0547111792972134
15	0.059336967552506205
16	0.014690543918280221
17	0.016727718463300126
18	0.42993972582911066
19	0.9838981538483189
20	0.9838981538483189
21	0.9838981538483189
22	0.01354529925337699
23	0.0045650797047264175
24	0.00010063118771018705
25	0.00013047588992904098
26	0.0009151932040789202
27	0.0030422997831473634
28	0.12318811002815043
29	0.9680555771461301
30	0.8640747434825012
31	0.9680555771461301
32	0.39003937264673083
33	0.2819105719970956
34	0.20709238541955047
35	0.20709238541955047
36	0.9220420515895036
37	0.7712627042813326
38	0.01727970878760305
39	0.025511319561055356
40	0.05560654736795844
41	0.17043778391330164
42	0.9680555771461301
43	0.07093715149650967
44	0.029524436113288612
45	0.01567607357528453
46	0.9838981538483189
47	0.03202070454638286
48	0.0053696614862373945
49	0.0020274756563298706
50	0.0011487109132294472
51	0.038907124553427985
52	0.176061982325188
53	1.0
54	1.0
55	1.0
56	1.0
57	0.176061982325188
58	0.03828064801966439
59	9.27861867701893e-05
60	4.84718007165223e-05
61	0.0047157206801953155
62	0.03529636723622752
63	0.016727718463300126
64	0.0010591597671173467
65	0.041517247454899237
66	0.7346031188276403
67	0.11544347070631857
68	0.0370577948122046
69	0.04288725609875964
70	0.09348055211451997
71	0.9371316004437404
72	0.9371316004437404
73	0.22827757824649533
74	0.22460188780169194
75	0.2729051014782441
76	0.3837590186752804
77	0.9371316004437404
78	0.8782156365502339
79	0.9220420515895036
80	0.9071954723294419
81	0.8925879504044915
82	0.9071954723294419
83	0.4095038717012285
84	0.10818572446379085
85	0.08343961441457963
86	0.09814559940423298
87	0.1272531380804732
88	0.9680555771461301
89	0.19724888986614988
90	0.12318811002815043
91	0.1117556956623576
92	0.15972263321475677
93	0.4895605451959158
94	0.9680555771461301
95	0.9838981538483189
96	0.8925879504044915
97	0.4095038717012285
98	0.059336967552506205
99	0.028121083425988593
100	0.41620554942555466
101	0.49757237909340374
102	0.12120455403275907
103	0.9071954723294419
104	0.10472979393476875
105	0.10472979393476875
106	0.09348055211451997
107	0.1272531380804732
108	0.4441271100328678
109	0.5309525138815143
110	0.03766425891466509
111	0.06331764666180247
112	0.06030803830703493
113	0.06647744631284418
114	0.06756537356313774
115	0.0781938993967436
116	0.10818572446379085
117	0.9838981538483189
118	0.9680555771461301
119	0.9838981538483189
120	0.5224031981891384
121	0.5057153295259778
122	0.9524680951766463
123	0.49757237909340374
124	0.6451399456130031
125	0.9371316004437404
126	0.9838981538483189
127	0.9838981538483189
128	0.6556978921951105
129	0.5484731728386688
130	0.8782156365502339
131	0.42993972582911066
132	0.48167771661523795
133	0.0781938993967436
134	0.03202070454638286
135	0.022404439747548983
136	0.016458371314135432
137	0.05560654736795844
138	0.002198897168339217
139	0.0026717952406333624
140	0.3837590186752804
141	0.8782156365502339
142	0.8925879504044915
143	0.836472374499359
144	0.7712627042813326
145	0.783884695041549
146	0.9071954723294419
147	0.9524680951766463
148	0.8925879504044915
149	0.8501615448994049
150	0.39003937264673083
151	0.176061982325188
152	0.2435918051833956
153	0.27737129133826594
154	0.4095038717012285
155	0.35963270335587966
156	0.699686033300586
157	0.29597901853585135
158	0.783884695041549
159	0.7346031188276403
160	0.746625162324361
161	0.6664286233595221
162	0.7588439508744758
163	0.7588439508744758
164	0.8097517472627709
165	0.39003937264673083
166	0.6556978921951105
167	0.07209806342155774
168	0.08480513362914896
169	0.1940728185879325
170	0.1472709844146142
171	0.15462038588001104
172	0.45878265723355866
173	0.8782156365502339
174	0.9220420515895036
175	0.12318811002815043
176	0.0008438466194897107
177	0.00047809985677179615
178	0.0005101736581558144
179	0.0018694178137101689
180	0.002851035264810493
181	0.010617952774479945
182	0.9838981538483189
183	0.9680555771461301
184	0.9838981538483189
185	0.41620554942555466
186	0.0370577948122046
187	0.023143753598939273
188	0.5948461590153626
189	0.9680555771461301
190	0.9838981538483189
191	0.9838981538483189
192	0.9838981538483189
193	0.45139540946972445
194	0.03828064801966439
195	0.032544734860148215
196	0.09049436982916054
197	0.39642250686331315
198	0.5309525138815143
199	0.9838981538483189
200	0.9838981538483189
