1	0.8640747434825076
2	0.7227746524257376
3	0.7111366461700436
4	0.9680555771461371
5	1.0
6	0.9838981538483259
7	0.952468095176653
8	0.8364723744993592
9	0.5484731728386689
10	0.20709238541955197
11	0.18484816784601488
12	0.21742711012397883
13	0.3837590186752804
14	0.6347520014624433
15	0.5574491330158786
16	0.6664286233595221
17	0.566571988000511
18	0.6245313223904277
19	0.5484731728386689
20	0.5396417421913
21	0.7588439508744758
22	0.6045810297425057
23	0.4895605451959158
24	0.3262571601860536
25	0.3057458946813841
26	0.24757827243667166
27	0.22098538275893354
28	0.44412711003287103
29	0.7588439508744758
30	0.5309525138815105
31	0.1818717710859382
32	0.2139261322475594
33	0.23966952741252573
34	0.6884197964379098
35	0.48167771661524145
36	0.2819105719970956
37	0.26851082552023436
38	0.28652413961186873
39	0.5574491330158786
40	0.7111366461700436
41	0.6347520014624433
42	0.3837590186752804
43	0.4029101033605804
44	0.3837590186752804
45	0.4029101033605804
46	0.4587826572335587
47	0.44412711003287103
48	0.7967132492072966
49	0.8364723744993592
50	0.8364723744993592
51	0.8925879504044916
52	0.8640747434825076
53	0.7967132492072966
54	0.8501615448993989
55	0.8925879504044916
56	0.823003625015039
57	0.7838846950415547
58	0.9220420515895167
59	0.823003625015039
60	0.06331764666180292
61	0.22460188780169354
62	0.10472979393476876
63	0.4095038717012285
64	0.8640747434825076
65	0.7111366461700436
66	0.6045810297425057
67	0.22460188780169354
68	0.2912132099152615
69	0.25574799451756824
70	0.2641873055176467
71	0.8097517472627768
72	0.5484731728386689
73	0.49757237909340374
74	0.41620554942555466
75	0.677334966787895
76	0.19407281858793526
77	0.22460188780169354
78	0.466290799956401
79	0.677334966787895
80	0.6451399456130078
81	0.6347520014624433
82	0.6245313223904277
83	0.7227746524257376
84	0.3481444442078041
85	0.5574491330158786
86	0.3900393726467364
87	0.466290799956401
88	0.594846159015367
89	0.7466251623243612
90	0.466290799956401
91	0.5057153295259814
92	0.513991542262758
93	0.5224031981891458
94	0.49757237909340374
95	0.5309525138815105
96	0.6045810297425057
97	0.6347520014624433
98	0.43697584363533404
99	0.36551822152450597
100	0.055606547367958045
101	0.06756537356313823
102	0.22098538275893354
103	0.9220420515895167
104	0.8925879504044916
105	0.7967132492072966
106	0.8925879504044916
107	0.7346031188276404
108	0.7466251623243612
109	0.7588439508744758
110	0.48167771661524145
111	0.4739218161276098
112	0.7346031188276404
113	0.699686033300596
114	0.30082282132371846
115	0.14968112689163354
116	0.2139261322475594
117	0.35963270335588227
118	0.5396417421913
119	0.8640747434825076
120	0.823003625015039
121	0.8364723744993592
122	0.771262704281338
123	0.7111366461700436
124	0.6556978921951152
125	0.8782156365502402
126	0.823003625015039
127	0.8640747434825076
128	0.9071954723294419
129	0.9680555771461371
130	0.8925879504044916
131	0.16233655139003242
132	0.16233655139003242
133	0.23201342268367284
134	0.4513954094697277
135	0.6245313223904277
136	0.6347520014624433
137	0.677334966787895
138	0.6451399456130078
139	0.6884197964379098
140	0.6556978921951152
141	0.35384195289533266
142	0.513991542262758
143	0.22098538275893354
144	0.3315964756209417
145	0.5758441417787797
146	0.8097517472627768
147	0.44412711003287103
148	0.466290799956401
149	0.41620554942555466
150	0.4299397258291168
151	0.3964225068633104
152	0.699686033300596
153	0.8501615448993989
154	0.9371316004437404
155	0.9220420515895167
156	0.513991542262758
157	0.2819105719970956
158	0.17606198232518802
159	0.26851082552023436
160	0.7466251623243612
161	0.41620554942555466
162	0.48167771661524145
163	0.6556978921951152
164	0.8501615448993989
165	0.8501615448993989
166	0.5574491330158786
167	0.5309525138815105
168	0.7346031188276404
169	0.7227746524257376
170	0.952468095176653
171	0.8925879504044916
172	0.8501615448993989
173	0.8364723744993592
174	0.7466251623243612
175	0.23201342268367284
176	0.17606198232518802
177	0.2358104055548831
178	0.1380122933233916
179	0.13579004060925765
180	0.12725313808047412
181	0.17894329980857993
182	0.952468095176653
183	0.9220420515895167
184	0.8925879504044916
185	0.9680555771461371
186	0.8501615448993989
187	0.823003625015039
188	0.7967132492072966
189	0.8097517472627768
190	0.9838981538483259
191	0.1521307122146586
192	0.0358740049446916
193	0.01999793295422567
194	0.01151569253937574
195	0.010617952774480022
196	0.019675929314445232
197	0.029524436113288827
198	0.6144752151203912
199	0.771262704281338
200	0.8925879504044916
