1	1.0
2	1.0
3	0.9838981538483188
4	0.9680555771461301
5	0.9371316004437271
6	1.0
7	0.20709238541955047
8	0.06229811565656762
9	0.03202070454638286
10	0.020657835589543483
11	0.09656527406216149
12	0.9838981538483188
13	0.9838981538483188
14	0.6773349667878948
15	0.5224031981891384
16	0.07569604040982214
17	0.05838153282986845
18	0.001465408012805456
19	0.0011302145468318695
20	0.00030347484098480504
21	0.004209195456615611
22	0.020995908477665932
23	1.0
24	0.11544347070631857
25	0.06979493239667438
26	0.06435386265758125
27	0.060308038307035794
28	0.06435386265758125
29	0.005729890533725346
30	0.9071954723294419
31	0.9220420515895167
32	0.9371316004437271
33	0.9371316004437271
34	1.0
35	1.0
36	0.9680555771461301
37	1.0
38	0.06540703669975813
39	0.0020606560225769396
40	0.0015385376373511798
41	0.00335352178878879
42	0.007550815325235631
43	0.07819389939674361
44	0.9838981538483188
45	0.9838981538483188
46	1.0
47	0.022404439747548983
48	0.0036370594844428446
49	0.000683306274553576
50	0.00048592413239297353
51	0.002945115272426268
52	0.08480513362914895
53	0.5396417421912962
54	0.9071954723294419
55	0.6556978921951104
56	0.22460188780169196
57	0.05651656845829486
58	0.03529636723622752
59	0.8640747434825136
60	0.8501615448993928
61	0.8501615448993928
62	0.7346031188276403
63	0.1252041276287828
64	0.14027091400017716
65	0.1252041276287828
66	0.9680555771461301
67	0.15462038588001104
68	0.33159647562093936
69	0.9838981538483188
70	0.9838981538483188
71	0.9838981538483188
72	0.9680555771461301
73	0.0675653735631387
74	0.14727098441461212
75	0.6884197964379097
76	0.009950419076984445
77	0.019047393108381876
78	0.09814559940423159
79	0.8501615448993928
80	0.9220420515895167
81	0.8925879504044915
82	0.9371316004437271
83	0.03202070454638286
84	0.026784434765055293
85	0.1314523061326904
86	0.7712627042813435
87	0.513991542262758
88	0.4441271100328678
89	0.5574491330158785
90	0.6996860333005861
91	0.7227746524257325
92	0.7712627042813435
93	0.4095038717012285
94	0.4299397258291168
95	0.5057153295259705
96	0.3057458946813841
97	0.2685108255202363
98	0.1972488898661471
99	0.21742711012398036
100	0.24359180518339563
101	0.2557479945175683
102	0.2516299796562454
103	0.2516299796562454
104	0.23581040555487975
105	0.9680555771461301
106	0.9220420515895167
107	0.9371316004437271
108	0.9524680951766463
109	0.9680555771461301
110	0.9071954723294419
111	0.9071954723294419
112	0.7712627042813435
113	0.08343961441457963
114	0.05744148237014259
115	0.10472979393476875
116	0.23581040555487975
117	0.15972263321475677
118	0.14727098441461212
119	0.1336035702664378
120	0.1972488898661471
121	0.3158350635019653
122	0.6556978921951104
123	0.6996860333005861
124	0.6347520014624387
125	0.09501039487561765
126	0.017562497419084444
127	0.013327194928720634
128	0.10472979393476875
129	0.06229811565656762
130	0.03705779481220407
131	0.03416884515602799
132	0.030498699465507893
133	0.07093715149650967
134	0.025100540218357226
135	0.9371316004437271
136	0.9838981538483188
137	0.758843950874465
138	0.9838981538483188
139	0.9838981538483188
140	0.9838981538483188
141	0.9838981538483188
142	0.9680555771461301
143	0.9838981538483188
144	0.8097517472627709
145	0.9680555771461301
146	0.9680555771461301
147	0.028121083425988992
148	0.020995908477665932
149	0.9680555771461301
150	0.01999793295422567
151	0.0028510352648104934
152	0.004419250868277081
153	0.2037578156903402
154	0.9524680951766463
155	0.823003625015039
156	0.10304345090533384
157	0.026784434765055293
158	0.06331764666180247
159	0.07569604040982214
160	0.7712627042813435
161	0.2004769386898946
162	0.2729051014782441
163	0.30082282132372057
164	0.5396417421912962
165	0.758843950874465
166	0.21392613224755938
167	0.21392613224755938
168	0.19407281858793526
169	0.23581040555487975
170	0.8782156365502339
171	0.9071954723294419
172	0.9680555771461301
173	0.9680555771461301
174	0.9680555771461301
175	0.9071954723294419
176	0.9071954723294419
177	0.9838981538483188
178	0.01248933551297767
179	0.0017805608241138406
180	0.003299523896879449
181	0.0028510352648104934
182	0.9838981538483188
183	0.7227746524257325
184	0.4299397258291168
185	0.42301690250931445
186	0.4513954094697245
187	0.9220420515895167
188	0.9680555771461301
189	0.9838981538483188
190	0.11733274450692358
191	0.10644373457266824
192	0.5574491330158785
193	0.5574491330158785
194	0.10304345090533384
195	0.0358740049446916
196	0.04358912142584555
197	0.06435386265758125
198	0.210481526578282
199	0.9524680951766463
200	0.9524680951766463
