1	0.9838981538483259
2	0.9680555771461371
3	0.9680555771461371
4	0.5224031981891458
5	0.6884197964379049
6	0.1314523061326923
7	0.13801229332339157
8	0.3158350635019698
9	0.3107495359001547
10	0.17322705937262783
11	0.14727098441461317
12	0.1940728185879353
13	0.40950387170123137
14	0.3262571601860536
15	0.11733274450692358
16	0.22827757824649536
17	0.18787327440652124
18	0.23201342268367284
19	0.29597901853584924
20	0.8782156365502402
21	0.12725313808047323
22	0.13801229332339157
23	0.9371316004437338
24	0.14489964968096347
25	0.20709238541955047
26	0.239669527412524
27	0.239669527412524
28	0.22827757824649536
29	0.22460188780169354
30	0.585268037678983
31	0.7967132492072966
32	0.07819389939674362
33	0.09814559940423298
34	0.1154434707063194
35	0.1047297939347695
36	0.1314523061326923
37	0.2912132099152615
38	0.3158350635019698
39	0.3775797899972509
40	0.6884197964379049
41	0.7588439508744758
42	0.9680555771461371
43	0.9680555771461371
44	0.9680555771461371
45	0.9838981538483259
46	0.823003625015039
47	0.809751747262771
48	0.8925879504044915
49	0.8501615448994049
50	0.9220420515895167
51	0.7967132492072966
52	0.9071954723294419
53	0.9220420515895167
54	1.0
55	1.0
56	0.9071954723294419
57	0.9071954723294419
58	0.7111366461700436
59	0.6556978921951152
60	0.677334966787895
61	0.6884197964379049
62	0.9680555771461371
63	0.9371316004437338
64	0.8782156365502402
65	0.3262571601860536
66	0.4029101033605804
67	0.24757827243667163
68	0.1940728185879353
69	0.16233655139003358
70	0.2004769386898932
71	0.7466251623243612
72	0.272905101478246
73	0.06331764666180292
74	0.05127157501696167
75	0.9838981538483259
76	0.272905101478246
77	0.22827757824649536
78	0.9838981538483259
79	0.9838981538483259
80	0.9838981538483259
81	0.9680555771461371
82	0.23581040555488308
83	0.27737129133826594
84	0.9680555771461371
85	0.07569604040982161
86	0.06435386265758172
87	0.028121083425988794
88	0.49757237909340374
89	0.18787327440652124
90	0.16769342093829737
91	0.30082282132371846
92	0.9524680951766531
93	0.5948461590153628
94	0.5139915422627543
95	0.5224031981891458
96	0.9838981538483259
97	0.19724888986614852
98	0.023522509426831418
99	0.020995908477665783
100	0.009790198959862158
101	0.009477456704464872
102	0.03954385360034563
103	0.9838981538483259
104	0.9838981538483259
105	0.9838981538483259
106	0.9838981538483259
107	0.9838981538483259
108	0.049633734144236295
109	0.02032520629905422
110	0.019359110527732683
111	0.005114431247540003
112	0.006850065475449526
113	0.13801229332339157
114	0.22098538275893354
115	0.06331764666180292
116	0.029524436113288827
117	0.016193361151328096
118	0.012693727967806583
119	0.057441482370143
120	0.9680555771461371
121	0.809751747262771
122	0.9838981538483259
123	0.5758441417787796
124	0.7838846950415547
125	0.09197534264619842
126	0.026784434765055293
127	0.023143753598939106
128	0.02510054021835723
129	0.04358912142584555
130	0.21742711012398036
131	0.9838981538483259
132	0.7967132492072966
133	0.7712627042813381
134	0.05211065273008481
135	0.057441482370143
136	0.9838981538483259
137	0.7712627042813381
138	0.10644373457266824
139	0.046513340714587285
140	0.030997821620274816
141	0.13579004060925765
142	0.17043778391330167
143	0.7227746524257377
144	0.6245313223904277
145	0.9680555771461371
146	0.8782156365502402
147	0.3481444442078041
148	0.029049038185277508
149	0.03202070454638309
150	0.03646109590141792
151	0.04151724745489924
152	0.046513340714587285
153	0.06331764666180292
154	0.3596327033558822
155	0.444127110032871
156	0.9524680951766531
157	0.9680555771461371
158	0.9838981538483259
159	0.9838981538483259
160	0.9071954723294419
161	0.7466251623243612
162	0.3715000583087311
163	0.03954385360034563
164	0.013112602486345003
165	0.02429871794776146
166	1.0
167	0.9371316004437338
168	0.9838981538483259
169	0.9838981538483259
170	0.9680555771461371
171	0.9838981538483259
172	0.9838981538483259
173	0.6451399456130078
174	0.6451399456130078
175	0.6451399456130078
176	0.9838981538483259
177	0.9838981538483259
178	0.9680555771461371
179	1.0
180	1.0
181	1.0
182	1.0
183	0.823003625015039
184	0.7712627042813381
185	0.6664286233595222
186	0.6664286233595222
187	0.6451399456130078
188	0.6556978921951152
189	0.04019100294647119
190	0.05211065273008481
191	0.239669527412524
192	0.23581040555488308
193	0.7838846950415547
194	0.5224031981891458
195	0.7111366461700436
196	0.7111366461700436
197	0.7346031188276455
198	0.7466251623243612
199	0.7588439508744758
200	0.9838981538483259
