1	0.8501615448994048
2	0.9220420515895036
3	0.2819105719970956
4	0.277371291338266
5	0.9838981538483189
6	0.46629079995639433
7	0.5309525138815143
8	0.9838981538483189
9	0.49757237909340374
10	0.614475215120391
11	0.8640747434825014
12	0.7111366461700487
13	0.7588439508744758
14	0.9838981538483189
15	0.9680555771461301
16	0.823003625015039
17	0.4441271100328678
18	0.3775797899972509
19	0.4441271100328678
20	0.10818572446379086
21	0.06647744631284418
22	0.08619300005539272
23	0.07093715149650967
24	0.01874069491496012
25	0.011895693606067884
26	0.9071954723294418
27	0.022404439747548983
28	0.03828064801966439
29	0.25574799451756824
30	0.9371316004437271
31	0.9371316004437271
32	0.05744148237014259
33	0.0622981156565685
34	0.040848743123738596
35	0.0009301706690873582
36	0.8925879504044915
37	0.8925879504044915
38	0.9680555771461301
39	0.9838981538483189
40	0.9680555771461301
41	0.9838981538483189
42	1.0
43	0.9371316004437271
44	0.03766425891466509
45	0.034728030561277046
46	0.023143753598939273
47	0.03828064801966439
48	1.0
49	0.24757827243667338
50	0.08343961441457964
51	0.0876035794134446
52	0.06647744631284418
53	0.001465408012805456
54	0.0023086307871880737
55	0.0020274756563298706
56	0.0014893899404870186
57	0.08209608258032049
58	0.9838981538483189
59	0.9220420515895036
60	0.9524680951766463
61	0.4587826572335587
62	0.40291010336057753
63	0.42301690250932045
64	0.6451399456130033
65	0.5852680376789788
66	0.27290510147824404
67	0.29121320991525734
68	0.6884197964379098
69	0.16233655139003125
70	0.12933568132305998
71	0.20047693868989175
72	0.29121320991525734
73	0.7967132492072908
74	0.8640747434825014
75	0.8640747434825014
76	0.8925879504044915
77	0.9371316004437271
78	0.23201342268366953
79	0.15213071221465752
80	0.1472709844146142
81	0.11358461770178932
82	0.059336967552506205
83	0.12318811002814868
84	0.12120455403275907
85	0.17894329980857993
86	0.1676934209382962
87	0.19724888986614988
88	0.7346031188276403
89	0.05044600800408382
90	0.04288725609875964
91	0.11733274450692356
92	0.11544347070631858
93	0.1732270593726278
94	0.9838981538483189
95	0.9838981538483189
96	0.9838981538483189
97	0.8782156365502339
98	0.8501615448994048
99	0.8925879504044915
100	0.8501615448994048
101	0.055606547367958434
102	0.08209608258032049
103	0.07209806342155774
104	0.12318811002814868
105	0.16233655139003125
106	0.9071954723294418
107	0.7712627042813326
108	0.7967132492072908
109	0.8925879504044915
110	0.9220420515895036
111	0.9680555771461301
112	0.9680555771461301
113	0.9220420515895036
114	0.9220420515895036
115	0.9524680951766463
116	0.9838981538483189
117	0.9838981538483189
118	0.9680555771461301
119	0.9838981538483189
120	0.025100540218357226
121	0.02277109643911641
122	0.02204368690561934
123	0.06647744631284418
124	0.3596327033558797
125	1.0
126	1.0
127	0.9838981538483189
128	0.9838981538483189
129	0.3370231708678045
130	0.04727454821686481
131	0.0069621692536538235
132	0.0018393167356805958
133	0.020325206299053933
134	0.07569604040982106
135	0.04288725609875964
136	0.05744148237014259
137	0.9680555771461301
138	1.0
139	1.0
140	1.0
141	0.09049436982916054
142	0.061295000982725924
143	0.01935911052773282
144	0.823003625015039
145	0.823003625015039
146	0.8501615448994048
147	0.038907124553427985
148	0.0010421053394971728
149	0.0043480927706904
150	0.006850065475449526
151	0.023522509426831248
152	1.0
153	0.06435386265758125
154	0.004951053693111541
155	0.002671795240633363
156	0.002671795240633363
157	0.00046282723278069995
158	0.00012030425723314175
159	0.029049038185277303
160	0.9838981538483189
161	0.9071954723294418
162	0.7967132492072908
163	1.0
164	1.0
165	1.0
166	0.7227746524257325
167	1.0
168	1.0
169	0.03049869946550746
170	0.0021286546673816124
171	0.0023848122377374084
172	0.0013080055346563408
173	0.001206036106664975
174	0.004792895140366572
175	0.06331764666180247
176	1.0
177	0.024696375181437153
178	0.0083232506725889
179	0.007799981223697675
180	0.009026975134420792
181	0.04727454821686481
182	1.0
183	1.0
184	0.9838981538483189
185	0.8501615448994048
186	0.3775797899972509
187	0.3158350635019698
188	0.21742711012397728
189	0.23966952741252232
190	0.23966952741252232
191	0.2037578156903402
192	0.18187177108593688
193	0.1380122933233906
194	0.05838153282986845
195	0.06435386265758125
196	0.9680555771461301
197	0.8925879504044915
198	0.9838981538483189
199	1.0
200	1.0
