1	1.0
2	0.9524680951766598
3	0.9838981538483328
4	0.39642250686331315
5	0.20709238541955338
6	0.17043778391330405
7	0.16499324727370096
8	0.19407281858793524
9	0.19407281858793524
10	0.21742711012398033
11	0.5852680376789872
12	0.05651656845829486
13	0.0547111792972134
14	0.051271575016962036
15	0.06030803830703665
16	0.25993340216897615
17	1.0
18	0.968055577146144
19	0.17322705937263028
20	0.1357900406092586
21	0.1357900406092586
22	0.024696375181437153
23	0.0547111792972134
24	0.07209806342155876
25	0.06030803830703665
26	0.16769342093829856
27	0.9371316004437406
28	0.9371316004437406
29	0.13801229332339254
30	0.18787327440651988
31	0.18187177108593947
32	0.20047693868989458
33	0.2912132099152615
34	0.968055577146144
35	0.25993340216897615
36	0.0472745482168648
37	0.08903724340857931
38	0.04883453939311235
39	0.03416884515602848
40	0.10995622264422977
41	0.15213071221465965
42	0.0224044397475493
43	0.015932618141390915
44	0.013327194928720823
45	0.06331764666180245
46	0.5309525138815142
47	0.5224031981891458
48	0.043589121425846165
49	0.06647744631284418
50	0.04804821315291693
51	0.043589121425846165
52	0.9220420515895297
53	0.2729051014782479
54	0.9524680951766598
55	0.15213071221465965
56	0.05838153282986928
57	0.03254473486014868
58	0.03049869946550789
59	0.9524680951766598
60	1.0
61	0.08209608258032164
62	0.968055577146144
63	0.05651656845829486
64	0.0686711051330571
65	0.9524680951766598
66	0.968055577146144
67	0.968055577146144
68	0.9838981538483328
69	0.9524680951766598
70	0.9071954723294418
71	0.0686711051330571
72	0.07569604040982214
73	0.09814559940423298
74	0.968055577146144
75	0.9524680951766598
76	0.04084874312373917
77	0.04883453939311235
78	0.04883453939311235
79	0.15213071221465965
80	0.9371316004437406
81	0.2729051014782479
82	0.04084874312373917
83	0.02635315591720863
84	0.025928821455018843
85	0.027222771645920633
86	0.04151724745489924
87	0.02032520629905451
88	0.029049038185277713
89	0.02032520629905451
90	0.04288725609876025
91	0.18484816784601615
92	0.9220420515895297
93	0.9524680951766598
94	0.14968112689163354
95	0.055606547367958434
96	0.062298115656568495
97	0.09975178733729329
98	0.11358461770179093
99	0.23966952741252567
100	0.9071954723294418
101	0.19407281858793524
102	0.127253138080475
103	0.04151724745489924
104	0.04219669209919026
105	0.8230036250150506
106	0.8782156365502464
107	0.9371316004437406
108	0.8640747434825136
109	0.0686711051330571
110	0.15972263321475677
111	0.09975178733729329
112	0.17043778391330405
113	0.8364723744993591
114	0.7712627042813435
115	0.746625162324361
116	0.5057153295259778
117	0.46629079995640094
118	0.4895605451959227
119	0.9220420515895297
120	0.4369758436353341
121	0.4895605451959227
122	0.5057153295259778
123	0.5309525138815142
124	0.48167771661524483
125	0.5758441417787837
126	0.5852680376789872
127	0.6347520014624477
128	0.45139540946972445
129	0.0019000115066771348
130	0.0037570771454724793
131	0.01096832973761928
132	0.010446984132459602
133	0.11175569566235917
134	0.5309525138815142
135	0.4230169025093204
136	0.45139540946972445
137	0.5665719880005149
138	0.5665719880005149
139	0.6144752151203998
140	0.6245313223904276
141	0.9220420515895297
142	0.9524680951766598
143	0.8925879504045041
144	0.8230036250150506
145	0.6884197964379196
146	0.9071954723294418
147	0.26851082552023625
148	0.310749535900159
149	0.3837590186752858
150	0.30082282132371624
151	0.17043778391330405
152	0.17043778391330405
153	0.9524680951766598
154	0.2912132099152615
155	0.20709238541955338
156	0.1789432998085799
157	0.16769342093829856
158	0.176061982325188
159	0.968055577146144
160	0.968055577146144
161	0.04651334071458728
162	0.0370577948122046
163	0.16233655139003356
164	0.9524680951766598
165	0.2037578156903431
166	0.17322705937263028
167	0.17043778391330405
168	0.14968112689163354
169	0.19724888986614988
170	0.9838981538483328
171	0.2516299796562454
172	0.04084874312373917
173	0.019047393108381872
174	0.017849913987938976
175	0.03646109590141791
176	0.968055577146144
177	0.5665719880005149
178	0.9838981538483328
179	0.20047693868989458
180	0.01814203423202152
181	0.017562497419084444
182	0.03361866366814597
183	0.07569604040982214
184	0.24757827243667338
185	0.42993972582912293
186	0.809751747262771
187	0.7712627042813435
188	0.7588439508744758
189	0.7111366461700486
190	0.7227746524257325
191	0.5224031981891458
192	0.5224031981891458
193	0.9838981538483328
194	0.968055577146144
195	0.9371316004437406
196	0.8782156365502464
197	0.8230036250150506
198	0.4739218161276131
199	0.5484731728386766
200	0.8782156365502464
