1	1.0
2	0.8640747434825137
3	0.7466251623243612
4	0.8782156365502464
5	0.8640747434825137
6	0.3715000583087364
7	0.23201342268367617
8	0.028121083425988996
9	0.023143753598939273
10	0.024696375181437157
11	0.029049038185277716
12	0.5057153295259778
13	0.6347520014624477
14	0.3964225068633132
15	0.7967132492073021
16	0.6996860333005961
17	0.7111366461700487
18	0.7838846950415603
19	0.7838846950415603
20	0.7346031188276507
21	0.6451399456130125
22	0.9071954723294419
23	0.7967132492073021
24	0.34814444420780405
25	0.34814444420780405
26	0.5224031981891458
27	0.9220420515895298
28	0.210481526578285
29	0.11175569566235918
30	0.11358461770178932
31	0.01784991398793898
32	0.02635315591720901
33	1.0
34	0.2139261322475594
35	0.031505112088109015
36	0.09049436982916183
37	0.7111366461700487
38	0.03646109590141844
39	0.006962169253653825
40	0.09049436982916183
41	0.8230036250150508
42	0.35963270335588476
43	0.5224031981891458
44	0.4975723790934108
45	0.7588439508744758
46	0.7111366461700487
47	0.060308038307036654
48	0.0025447997235481606
49	0.002897693479410694
50	0.19407281858793804
51	1.0
52	0.6245313223904277
53	0.07327797408660716
54	0.02635315591720901
55	0.026784434765055678
56	0.05044600800408454
57	0.7346031188276507
58	0.7466251623243612
59	1.0
60	1.0
61	0.10995622264422977
62	0.04727454821686481
63	0.001780560824113866
64	0.006214348384488035
65	0.3370231708678045
66	0.1314523061326923
67	0.2641873055176486
68	0.29597901853585135
69	0.34253867592861237
70	0.9680555771461302
71	0.3715000583087364
72	0.3370231708678045
73	0.13801229332339257
74	0.5057153295259778
75	0.12120455403276081
76	0.1013842611119193
77	0.23201342268367617
78	0.13801229332339257
79	0.2599334021689762
80	0.28652413961186873
81	0.2641873055176486
82	0.2641873055176486
83	0.01209037089818743
84	0.004141419638950832
85	0.10818572446379394
86	0.6996860333005961
87	0.3715000583087364
88	0.7346031188276507
89	0.6045810297425014
90	0.6556978921951199
91	0.15972263321475677
92	0.04502749889045503
93	0.03828064801966494
94	0.034728030561277046
95	0.03202070454638332
96	0.01672771846330013
97	0.21742711012398036
98	0.23201342268367617
99	0.9680555771461302
100	0.8640747434825137
101	0.8230036250150508
102	0.037664258914665634
103	0.023143753598939273
104	0.025928821455018843
105	0.23966952741252573
106	0.21742711012398036
107	0.10818572446379394
108	0.10472979393477025
109	0.2139261322475594
110	0.6347520014624477
111	0.004278080449843567
112	0.0038185630603913947
113	0.0038185630603913947
114	0.005729890533725346
115	0.08903724340857933
116	0.07093715149650967
117	0.9371316004437406
118	0.9524680951766599
119	0.9220420515895298
120	0.9220420515895298
121	0.8501615448994049
122	0.8640747434825137
123	0.983898153848333
124	0.9071954723294419
125	0.9220420515895298
126	0.9220420515895298
127	0.8782156365502464
128	0.9220420515895298
129	0.9220420515895298
130	0.809751747262771
131	0.7967132492073021
132	0.8782156365502464
133	0.7111366461700487
134	0.7346031188276507
135	0.07327797408660716
136	0.08903724340857933
137	0.08343961441458082
138	0.08480513362914896
139	0.017562497419084448
140	0.030007614098888354
141	0.3315964756209441
142	0.5057153295259778
143	0.4816777166152449
144	0.3655182215245086
145	0.32625716018605594
146	0.40291010336058325
147	0.8782156365502464
148	0.983898153848333
149	0.9220420515895298
150	0.6996860333005961
151	0.7111366461700487
152	0.7111366461700487
153	0.6884197964379195
154	0.7588439508744758
155	0.8230036250150508
156	0.4441271100328742
157	0.45878265723356526
158	0.5224031981891458
159	0.5852680376789872
160	0.5574491330158865
161	0.5484731728386767
162	0.7967132492073021
163	0.2557479945175683
164	0.14027091400017913
165	0.15972263321475677
166	0.27737129133826993
167	0.20375781569034312
168	0.2282775782464986
169	0.3837590186752804
170	0.9071954723294419
171	0.983898153848333
172	0.983898153848333
173	0.983898153848333
174	0.983898153848333
175	0.9220420515895298
176	0.8640747434825137
177	0.1878732744065199
178	0.14027091400017913
179	0.08343961441458082
180	0.05296346225090933
181	0.11175569566235918
182	0.9371316004437406
183	0.9220420515895298
184	0.9371316004437406
185	0.9680555771461302
186	0.9524680951766599
187	0.8925879504045042
188	0.8782156365502464
189	0.8501615448994049
190	0.8501615448994049
191	1.0
192	1.0
193	1.0
194	0.17043778391330164
195	0.09656527406216286
196	0.08619300005539396
197	0.16233655139003358
198	0.21742711012398036
199	1.0
200	1.0
