1	0.8230036250150389
2	0.7227746524257325
3	0.7588439508744703
4	0.9838981538483187
5	0.9371316004437338
6	0.9220420515895165
7	0.9220420515895165
8	0.9220420515895165
9	0.7967132492072908
10	0.7712627042813325
11	0.7712627042813325
12	0.9071954723294353
13	0.67733496678789
14	0.7227746524257325
15	0.7712627042813325
16	0.8230036250150389
17	1.0
18	0.034728030561276796
19	0.023522509426831248
20	0.025100540218357045
21	0.07209806342155774
22	0.8230036250150389
23	0.1272531380804723
24	0.19094788792080783
25	0.1818717710859382
26	0.18484816784601354
27	0.08619300005539271
28	0.016458371314135432
29	0.012693727967806582
30	0.027668282067044924
31	0.013766972933526902
32	0.049633734144235934
33	0.7588439508744703
34	0.6884197964379097
35	0.7838846950415547
36	0.8230036250150389
37	0.9838981538483187
38	0.21742711012397878
39	0.15972263321475563
40	0.1732270593726278
41	0.19094788792080783
42	0.7838846950415547
43	0.7967132492072908
44	0.7346031188276402
45	0.7588439508744703
46	0.7967132492072908
47	0.9680555771461301
48	0.9680555771461301
49	0.9371316004437338
50	0.9371316004437338
51	0.8364723744993531
52	0.6996860333005909
53	0.67733496678789
54	0.1496811268916314
55	0.154620385880011
56	0.1649932472736998
57	0.08619300005539271
58	0.7712627042813325
59	0.8364723744993531
60	0.6996860333005909
61	0.7712627042813325
62	0.003944570074838652
63	0.005823662247270203
64	0.022043686905619336
65	0.027668282067044924
66	0.02099590847766563
67	0.061295000982726354
68	0.17894329980857734
69	0.17606198232518672
70	0.17606198232518672
71	0.07819389939674361
72	0.8097517472627651
73	0.06435386265758125
74	0.03587400494469185
75	0.032544734860148215
76	0.01784991398793885
77	0.9371316004437338
78	0.8364723744993531
79	1.0
80	1.0
81	0.9680555771461301
82	0.9680555771461301
83	0.9220420515895165
84	0.9524680951766462
85	0.8501615448993988
86	0.7227746524257325
87	0.7111366461700385
88	0.7838846950415547
89	0.8640747434825014
90	0.9524680951766462
91	0.42301690250931745
92	0.24359180518339732
93	0.2516299796562454
94	0.36551822152450586
95	0.9524680951766462
96	0.8640747434825014
97	0.9071954723294353
98	0.8230036250150389
99	0.7967132492072908
100	0.3775797899972482
101	0.348144444207804
102	0.2516299796562454
103	0.39003937264673355
104	0.9071954723294353
105	0.7111366461700385
106	0.7227746524257325
107	0.9838981538483187
108	0.746625162324361
109	0.7346031188276402
110	0.16769342093829617
111	0.15972263321475563
112	0.1623365513900324
113	0.22098538275893348
114	0.6664286233595221
115	0.9371316004437338
116	0.9838981538483187
117	0.9680555771461301
118	0.9838981538483187
119	0.9680555771461301
120	0.9838981538483187
121	0.5758441417787755
122	0.40950387170123137
123	0.24359180518339732
124	0.13360357026643588
125	0.04804821315291624
126	0.019047393108381737
127	0.1972488898661485
128	0.9371316004437338
129	0.1272531380804723
130	0.08077418408895759
131	0.07819389939674361
132	0.08209608258032106
133	0.07569604040982107
134	0.8925879504044913
135	0.9680555771461301
136	0.4975723790934037
137	0.4299397258291107
138	0.9371316004437338
139	0.1649932472736998
140	0.06867110513305662
141	0.05560654736795804
142	0.17894329980857734
143	0.04019100294647118
144	0.003408403375565008
145	0.0007655338325415655
146	0.0010421053394971801
147	0.04358912142584555
148	1.0
149	0.9838981538483187
150	1.0
151	1.0
152	1.0
153	1.0
154	0.9680555771461301
155	0.9838981538483187
156	0.010278768401209682
157	0.008597905811488782
158	0.01700147357515921
159	0.02099590847766563
160	0.06540703669975811
161	0.9838981538483187
162	0.15972263321475563
163	0.10644373457266748
164	0.18484816784601354
165	0.22827757824649372
166	0.9220420515895165
167	0.9838981538483187
168	0.9838981538483187
169	0.45878265723355866
170	0.3210038175868511
171	0.8640747434825014
172	0.12933568132305998
173	0.06229811565656761
174	0.04651334071458662
175	0.06435386265758125
176	0.06979493239667436
177	0.9680555771461301
178	0.2557479945175664
179	0.06331764666180247
180	0.019997932954225524
181	0.023143753598939106
182	0.03646109590141791
183	0.09348055211451997
184	0.05471117929721301
185	0.12318811002814956
186	0.13360357026643588
187	0.0876035794134446
188	0.2516299796562454
189	0.8097517472627651
190	0.6347520014624431
191	0.6556978921951151
192	0.6451399456130031
193	0.7588439508744703
194	0.6664286233595221
195	0.67733496678789
196	0.7111366461700385
197	0.8501615448993988
198	0.8782156365502402
199	0.8782156365502402
200	0.9071954723294353
