1	1.0
2	0.9680555771461301
3	0.3262571601860513
4	0.26418730551764474
5	0.2685108255202324
6	0.27737129133826594
7	0.6245313223904276
8	0.5057153295259778
9	0.210481526578285
10	0.11925293695084047
11	0.7712627042813325
12	0.8097517472627709
13	0.8782156365502339
14	0.8640747434825012
15	0.25574799451756464
16	0.11925293695084047
17	0.09975178733729188
18	0.2819105719970956
19	0.3315964756209393
20	0.1472709844146142
21	0.1909478879208065
22	0.8230036250150273
23	0.21742711012397722
24	0.09348055211451997
25	0.758843950874465
26	0.11733274450692356
27	0.21392613224755636
28	0.09814559940423298
29	0.9838981538483048
30	0.9524680951766462
31	0.3315964756209393
32	0.2865241396118646
33	0.12318811002814868
34	0.10818572446379085
35	0.10818572446379085
36	0.08209608258032165
37	0.31583506350196977
38	0.35963270335587966
39	0.4029101033605775
40	0.4369758436353278
41	0.9371316004437404
42	0.699686033300596
43	0.677334966787895
44	0.8782156365502339
45	0.7227746524257324
46	0.7227746524257324
47	0.1272531380804732
48	0.10995622264422977
49	0.2435918051833956
50	0.21742711012397722
51	0.13145230613269226
52	0.31074953590015464
53	0.7712627042813325
54	0.7227746524257324
55	0.6245313223904276
56	0.06979493239667436
57	0.07947357060372962
58	0.15715080394779132
59	0.8501615448993928
60	0.1117556956623576
61	0.11925293695084047
62	0.8097517472627709
63	0.8097517472627709
64	0.7712627042813325
65	0.13579004060925667
66	0.062298115656567614
67	0.746625162324361
68	0.12933568132305814
69	0.12520412762878277
70	0.18787327440651988
71	0.9524680951766462
72	0.42993972582911066
73	0.1521307122146575
74	0.17322705937262783
75	0.10472979393476875
76	0.08209608258032165
77	0.07209806342155671
78	0.210481526578285
79	0.17322705937262783
80	0.12520412762878277
81	0.09975178733729188
82	0.154620385880011
83	0.35963270335587966
84	0.3775797899972509
85	0.34814444420780405
86	0.042196692099189664
87	0.10472979393476875
88	0.10138426111191784
89	0.03646109590141791
90	0.008881624169591297
91	0.005918968568537387
92	0.011330268629776487
93	0.015423659850313085
94	0.0026287744047198904
95	0.001167509979296634
96	0.0013080055346563406
97	0.31074953590015464
98	1.0
99	1.0
100	1.0
101	1.0
102	0.31074953590015464
103	0.0013294115143323941
104	0.0011487109132294472
105	0.002759960588740092
106	0.015175310452307482
107	1.0
108	0.018438935128663837
109	0.013766972933527001
110	0.006316048424505908
111	0.6451399456130031
112	0.9680555771461301
113	0.9838981538483048
114	0.8925879504044913
115	0.27290510147824404
116	0.03646109590141791
117	0.05838153282986845
118	0.08077418408895644
119	0.10304345090533383
120	0.04804821315291556
121	0.03646109590141791
122	0.008189230970776996
123	0.008881624169591297
124	0.09197534264619776
125	0.1472709844146142
126	0.48956054519591574
127	0.6245313223904276
128	0.13360357026643588
129	0.0612950009827268
130	0.1676934209382962
131	0.1704377839133016
132	0.14027091400017713
133	0.8925879504044913
134	0.3775797899972509
135	0.3425386759286026
136	0.3008228213237163
137	0.22460188780169194
138	0.176061982325188
139	0.7346031188276297
140	0.783884695041549
141	0.05744148237014259
142	0.10995622264422977
143	0.07569604040982107
144	0.7346031188276297
145	0.08209608258032165
146	0.21392613224755636
147	0.8925879504044913
148	0.8501615448993928
149	0.03587400494469159
150	0.10138426111191784
151	0.18787327440651988
152	0.9071954723294418
153	0.6884197964379
154	0.8925879504044913
155	0.15972263321475447
156	0.010278768401209682
157	0.005283200023099393
158	0.04288725609875964
159	0.9220420515895035
160	0.1472709844146142
161	0.16233655139003123
162	0.07209806342155671
163	0.2320134226836728
164	0.009632558682416177
165	0.015175310452307482
166	0.04358912142584555
167	0.052110652730084805
168	0.1521307122146575
169	1.0
170	0.9680555771461301
171	0.9220420515895035
172	0.9220420515895035
173	0.8782156365502339
174	0.9524680951766462
175	0.3775797899972509
176	0.176061982325188
177	0.15715080394779132
178	0.16233655139003123
179	0.16233655139003123
180	0.1496811268916314
181	0.5224031981891457
182	0.48956054519591574
183	0.3008228213237163
184	0.31074953590015464
185	0.19407281858793252
186	0.18187177108593688
187	0.1909478879208065
188	0.31074953590015464
189	0.9371316004437404
190	0.7346031188276297
191	0.5948461590153626
192	0.08077418408895644
193	0.052110652730084805
194	0.26418730551764474
195	0.7967132492072908
196	0.758843950874465
197	0.7967132492072908
198	0.7967132492072908
199	0.8782156365502339
200	0.9680555771461301
