1	0.5758441417787797
2	0.42993972582911383
3	0.36551822152450336
4	0.36551822152450336
5	0.9838981538483119
6	0.2729051014782441
7	0.2320134226836712
8	0.22098538275893354
9	0.21742711012397728
10	0.11358461770178933
11	0.11925293695084133
12	0.2729051014782441
13	0.6144752151203867
14	0.20375781569034024
15	0.5574491330158785
16	0.9220420515895101
17	0.6664286233595222
18	0.9680555771461303
19	0.8925879504044916
20	0.878215636550234
21	0.6664286233595222
22	0.27737129133826793
23	0.39642250686331043
24	0.44412711003287103
25	0.15462038588000995
26	0.21742711012397728
27	0.2004769386898932
28	0.2004769386898932
29	0.2004769386898932
30	0.21742711012397728
31	0.2912132099152574
32	0.9071954723294418
33	0.9371316004437407
34	0.6996860333005861
35	0.6664286233595222
36	0.37757978999725095
37	0.11544347070631776
38	0.2641873055176467
39	0.3715000583087337
40	0.47392181612760975
41	0.34253867592860504
42	0.21392613224755788
43	0.47392181612760975
44	0.4662907999563944
45	0.22098538275893354
46	0.1940728185879339
47	0.4162055494255547
48	0.44412711003287103
49	0.3158350635019698
50	0.37757978999725095
51	0.3107495359001525
52	0.29597901853584924
53	0.305745894681384
54	0.3262571601860513
55	0.9838981538483119
56	0.5309525138815105
57	0.3715000583087337
58	0.06435386265758127
59	0.08077418408895704
60	0.688419796437905
61	0.6996860333005861
62	0.7111366461700436
63	0.4513954094697245
64	0.3596327033558797
65	0.35384195289533266
66	0.3370231708678045
67	0.5852680376789788
68	0.5665719880005109
69	0.22827757824649536
70	0.20709238541954902
71	0.23581040555488308
72	0.4162055494255547
73	0.5396417421912962
74	0.07819389939674361
75	0.0890372434085787
76	0.3262571601860513
77	0.2819105719970956
78	0.29597901853584924
79	0.677334966787895
80	0.005032079462438764
81	0.007309608887594876
82	0.4369758436353279
83	0.003944570074838681
84	0.011895693606067884
85	0.028581295041563863
86	0.04288725609875964
87	0.6451399456130033
88	0.24359180518339565
89	0.40950387170122554
90	0.44412711003287103
91	0.7346031188276352
92	0.9071954723294418
93	0.9524680951766531
94	0.9071954723294418
95	0.548473172838665
96	0.4369758436353279
97	0.4369758436353279
98	0.22098538275893354
99	0.5852680376789788
100	0.6996860333005861
101	0.7346031188276352
102	0.6556978921951105
103	0.7346031188276352
104	0.8364723744993592
105	0.878215636550234
106	0.7967132492072966
107	0.8364723744993592
108	0.4895605451959158
109	0.5665719880005109
110	0.5852680376789788
111	0.6451399456130033
112	0.6245313223904277
113	0.8364723744993592
114	0.8364723744993592
115	0.878215636550234
116	0.9838981538483119
117	0.9838981538483119
118	0.8925879504044916
119	0.8640747434825014
120	0.34253867592860504
121	0.35384195289533266
122	0.6996860333005861
123	0.4662907999563944
124	0.3262571601860513
125	0.24359180518339565
126	0.5758441417787797
127	0.44412711003287103
128	0.6996860333005861
129	0.7967132492072966
130	0.7838846950415491
131	0.6451399456130033
132	0.33159647562094174
133	0.3370231708678045
134	0.28652413961186673
135	0.7967132492072966
136	0.42301690250931745
137	0.39642250686331043
138	0.6045810297425015
139	0.40291010336057753
140	0.4369758436353279
141	0.8230036250150332
142	0.15972263321475563
143	0.15715080394779138
144	0.7838846950415491
145	0.1117556956623584
146	0.10818572446379163
147	0.1064437345726675
148	0.2819105719970956
149	0.3596327033558797
150	0.1940728185879339
151	0.42301690250931745
152	0.3715000583087337
153	0.42993972582911383
154	0.9524680951766531
155	0.33159647562094174
156	0.24359180518339565
157	0.23581040555488308
158	0.42301690250931745
159	0.9838981538483119
160	0.8925879504044916
161	0.8640747434825014
162	0.11358461770178933
163	0.06867110513305663
164	0.20375781569034024
165	0.3008228213237163
166	0.14727098441461317
167	0.3370231708678045
168	0.3370231708678045
169	0.3210038175868534
170	0.4816777166152381
171	0.8925879504044916
172	0.8640747434825014
173	0.8230036250150332
174	0.8230036250150332
175	0.8501615448993989
176	0.8230036250150332
177	0.8097517472627711
178	0.7346031188276352
179	0.6664286233595222
180	0.6347520014624433
181	0.8097517472627711
182	0.9071954723294418
183	0.8640747434825014
184	0.8097517472627711
185	0.8097517472627711
186	0.677334966787895
187	0.6664286233595222
188	0.6045810297425015
189	0.37757978999725095
190	0.34253867592860504
191	0.5396417421912962
192	0.22460188780169196
193	0.16233655139003128
194	0.1940728185879339
195	0.19724888986614852
196	0.6556978921951105
197	0.677334966787895
198	0.5139915422627543
199	0.4162055494255547
200	0.45878265723355544
