1	0.18787327440652254
2	0.0007174059456835129
3	0.0007532073245460797
4	0.01248933551297767
5	1.0
6	0.0006198923584893026
7	0.0003512136458956121
8	0.0005623635409531145
9	1.0
10	1.0
11	1.0
12	1.0
13	1.0
14	0.0005715668219861406
15	0.00033999432867907813
16	0.0005904276939048648
17	1.0
18	0.01248933551297767
19	0.0007291465512741581
20	0.0006723037820462359
21	0.18787327440652254
22	0.9524680951766599
23	0.6045810297425099
24	0.09049436982916183
25	0.04219669209919027
26	0.2070923854195505
27	0.17322705937262783
28	0.00047809985677179956
29	0.005457537922228155
30	0.1472709844146142
31	0.15213071221465968
32	0.6451399456130124
33	0.18787327440652254
34	0.015932618141390915
35	0.22827757824649536
36	0.2685108255202363
37	0.05211065273008556
38	0.22098538275893195
39	0.5852680376789873
40	0.08480513362915017
41	0.466290799956401
42	0.466290799956401
43	0.9524680951766599
44	1.0
45	1.0
46	0.9524680951766599
47	0.6996860333005961
48	0.6556978921951105
49	0.9838981538483189
50	1.0
51	0.33702317086780925
52	0.3481444442078041
53	0.8501615448994049
54	0.9071954723294419
55	0.677334966787895
56	0.6996860333005961
57	0.06867110513305712
58	0.09975178733729329
59	1.0
60	0.04502749889045438
61	0.0017805608241138406
62	0.007429233258549037
63	0.8782156365502339
64	0.9071954723294419
65	0.3481444442078041
66	1.0
67	0.01151569253937574
68	0.006524468815236811
69	0.006316048424505998
70	0.009790198959862228
71	0.012090370898187257
72	0.03646109590141792
73	0.33159647562093936
74	0.968055577146144
75	0.6451399456130124
76	0.9838981538483189
77	0.7967132492073022
78	0.9071954723294419
79	0.35384195289533515
80	0.3107495359001547
81	0.49757237909340374
82	0.7111366461700487
83	0.9838981538483189
84	0.9371316004437404
85	0.8925879504045041
86	0.9071954723294419
87	0.3900393726467364
88	0.3964225068633132
89	0.5224031981891458
90	0.677334966787895
91	0.8640747434825136
92	0.6664286233595222
93	0.3596327033558848
94	0.04502749889045438
95	0.01645837131413567
96	0.007927630713798602
97	0.006850065475449623
98	0.005283200023099469
99	0.010446984132459602
100	1.0
101	0.272905101478248
102	0.9220420515895167
103	1.0
104	0.004871332588256416
105	0.0022348829091087073
106	0.009477456704464872
107	0.5758441417787838
108	0.07947357060372963
109	0.47392181612761314
110	0.3596327033558848
111	1.0
112	0.19407281858793526
113	0.05933696755250621
114	0.012090370898187257
115	0.001395754378613427
116	0.002198897168339217
117	0.022771096439116737
118	0.9838981538483189
119	0.968055577146144
120	0.10304345090533386
121	0.0934805521145213
122	0.1336035702664378
123	0.9838981538483189
124	0.01645837131413567
125	0.01784991398793898
126	0.9838981538483189
127	0.026784434765055293
128	0.0032995238968794496
129	0.024298717947761457
130	0.023143753598939273
131	0.01228823415401115
132	0.09975178733729329
133	0.210481526578288
134	1.0
135	1.0
136	1.0
137	1.0
138	1.0
139	1.0
140	0.210481526578288
141	0.09975178733729329
142	0.3964225068633132
143	0.3210038175868557
144	0.3210038175868557
145	0.002805128333603537
146	0.004871332588256416
147	0.02722277164592025
148	0.9838981538483189
149	0.013766972933527199
150	0.01228823415401115
151	1.0
152	0.09197534264619908
153	0.04804821315291624
154	0.037664258914665634
155	0.2475782724366699
156	0.1314523061326923
157	0.10995622264422979
158	0.10995622264422979
159	1.0
160	0.8640747434825136
161	0.9371316004437404
162	0.7967132492073022
163	0.7967132492073022
164	0.8364723744993592
165	0.8640747434825136
166	0.9220420515895167
167	0.7466251623243612
168	0.043589121425845555
169	0.035296367236228025
170	0.07569604040982215
171	0.21742711012398033
172	0.823003625015039
173	0.8501615448994049
174	0.18787327440652254
175	0.019359110527732547
176	0.02390746372968385
177	0.19407281858793526
178	0.22098538275893195
179	0.33159647562093936
180	0.014930959938100431
181	0.010968329737619282
182	0.031505112088109015
183	0.5852680376789873
184	0.22460188780169515
185	0.0807741840889576
186	0.06540703669975813
187	0.22460188780169515
188	0.2912132099152615
189	0.15972263321475677
190	0.6144752151203912
191	0.5309525138815143
192	0.07947357060372963
193	0.014453999040223561
194	0.016193361151327985
195	0.1314523061326923
196	0.6144752151203912
197	0.04804821315291624
198	0.09197534264619908
199	0.1676934209382986
200	0.7111366461700487
