1	0.015676073575284975
2	0.009950419076984586
3	0.00902697513442092
4	0.009324852154700492
5	0.013112602486345283
6	0.03954385360034591
7	1.0
8	0.9371316004437403
9	0.07327797408660716
10	0.9071954723294546
11	0.9220420515895298
12	0.1030434509053353
13	0.11733274450692356
14	0.04219669209919026
15	0.003142691241050638
16	0.11925293695084384
17	0.8097517472627824
18	0.7111366461700487
19	0.8230036250150506
20	0.8364723744993591
21	0.9524680951766599
22	0.7838846950415602
23	0.7588439508744865
24	0.8097517472627824
25	0.23966952741252912
26	0.06979493239667536
27	0.07947357060373075
28	0.1425664978143701
29	0.29597901853585135
30	0.8364723744993591
31	0.7967132492073021
32	0.8097517472627824
33	0.8501615448994049
34	0.42993972582912293
35	0.21742711012398033
36	0.2358104055548831
37	0.24757827243667338
38	0.32100381758686025
39	0.8640747434825136
40	0.5484731728386766
41	0.60458102974251
42	0.5484731728386766
43	0.08343961441458081
44	0.055606547367958434
45	0.03202070454638332
46	0.0014654080128054768
47	0.0028510352648105338
48	0.04219669209919026
49	1.0
50	1.0
51	0.04358912142584617
52	0.003353521788788837
53	0.0067397667750349905
54	0.19094788792081194
55	1.0
56	1.0
57	1.0
58	1.0
59	1.0
60	1.0
61	0.19724888986614988
62	0.010113261253784787
63	0.002628774404719965
64	0.04084874312373918
65	1.0
66	1.0
67	0.04019100294647176
68	0.0010088158858740138
69	0.0014185963995909695
70	0.029524436113289032
71	0.15972263321475905
72	0.26851082552023625
73	0.12725313808047503
74	0.0015385376373512017
75	0.0012257733200817843
76	0.0022714575694317693
77	0.0017236818362313376
78	0.0010421053394971877
79	0.0006198923584893114
80	0.0009925720876843127
81	0.0016153167178432556
82	0.0006833062745535857
83	0.0003455584578030348
84	0.1425664978143701
85	1.0
86	1.0
87	1.0
88	1.0
89	1.0
90	0.1425664978143701
91	0.00018952954375246506
92	0.0005715668219861406
93	0.0016153167178432556
94	0.0009925720876843127
95	0.0006198923584893114
96	0.0010421053394971877
97	0.0017236818362313376
98	0.0020943793974174054
99	0.0015893071365663278
100	0.002586446283687687
101	0.2358104055548831
102	0.9220420515895298
103	0.9524680951766599
104	0.9680555771461439
105	0.26851082552023625
106	0.13579004060925862
107	0.12520412762878458
108	0.11733274450692356
109	0.14027091400017713
110	0.9524680951766599
111	0.9680555771461439
112	0.1314523061326923
113	1.0
114	1.0
115	0.03890712455342853
116	0.014221262971401534
117	0.011515692539375738
118	0.011330268629776808
119	0.013766972933527001
120	0.01619336115132821
121	0.47392181612761314
122	0.004419250868277143
123	0.0036370594844428957
124	0.005457537922228155
125	0.008057369233585078
126	0.00414141963895089
127	0.011330268629776808
128	0.06030803830703665
129	1.0
130	0.8364723744993591
131	0.8230036250150506
132	0.8364723744993591
133	0.05383022830539339
134	0.021688742850449538
135	0.002463507565100762
136	0.0022348829091087073
137	0.006631244087325165
138	0.029524436113289032
139	0.16769342093829856
140	1.0
141	1.0
142	1.0
143	0.8640747434825136
144	0.8364723744993591
145	0.8364723744993591
146	0.0012662220527620944
147	0.015423659850313085
148	0.16499324727370096
149	0.015175310452307697
150	0.0027599605887401314
151	0.006850065475449622
152	0.048834539393112344
153	0.059336967552507044
154	0.013112602486345283
155	0.0062143483844881225
156	0.007550815325235738
157	0.0026717952406334006
158	0.0003186194293768151
159	0.0012458335400746532
160	0.08903724340858059
161	0.0029451152724263097
162	0.00011092558415419897
163	0.0005533084497353806
164	0.0019000115066771346
165	0.0011675099792966507
166	5.519350680993034e-05
167	0.0030920881101850054
168	0.027668282067045125
169	0.1472709844146142
170	1.0
171	0.03254473486014868
172	0.0001559835015557274
173	2.9305131190668993e-05
174	0.0006300371192533686
175	0.0017805608241138657
176	0.8501615448994049
177	0.8782156365502464
178	1.0
179	1.0
180	1.0
181	0.8782156365502464
182	0.8501615448994049
183	1.0
184	0.001025325519646773
185	0.0007907953330514327
186	2.9305131190668993e-05
187	0.0001461770684557354
188	0.06540703669975813
189	0.9680555771461439
190	1.0
191	0.1472709844146142
192	0.02858129504156406
193	0.0045650797047264826
194	5.4304789454705845e-05
195	0.0011675099792966507
196	0.0018694178137101955
197	0.0005270086451646011
198	7.636336806318987e-05
199	0.005546852487609716
200	0.6144752151203998
