1	1.0
2	0.746625162324361
3	0.6996860333005861
4	0.6996860333005861
5	0.7346031188276403
6	0.9220420515895036
7	0.8640747434825014
8	0.8364723744993591
9	0.809751747262771
10	0.46629079995639433
11	0.3837590186752804
12	0.2516299796562454
13	0.1117556956623576
14	0.05651656845829405
15	0.5852680376789788
16	0.7111366461700386
17	0.7346031188276403
18	0.09656527406216149
19	0.027668282067045125
20	0.02635315591720863
21	0.03254473486014822
22	0.024298717947761457
23	0.014453999040223762
24	0.02133951404984792
25	0.027668282067045125
26	0.03361866366814549
27	0.03049869946550746
28	0.12120455403275907
29	0.6045810297425014
30	0.2729051014782441
31	0.3262571601860513
32	0.6996860333005861
33	0.22827757824649536
34	0.05838153282986845
35	0.21392613224755938
36	0.23581040555488308
37	0.2037578156903402
38	0.8782156365502339
39	0.8782156365502339
40	0.9680555771461301
41	0.9071954723294418
42	0.8782156365502339
43	0.809751747262771
44	0.2685108255202325
45	0.3775797899972509
46	0.34253867592860743
47	0.3370231708678044
48	0.47392181612761314
49	0.7967132492072908
50	0.8640747434825014
51	0.9680555771461301
52	0.6045810297425014
53	0.5396417421912961
54	0.23581040555488308
55	0.5948461590153628
56	0.2599334021689725
57	0.31583506350196977
58	0.21392613224755938
59	0.45139540946972445
60	0.8501615448994049
61	0.9680555771461301
62	0.8501615448994049
63	0.8501615448994049
64	0.8640747434825014
65	0.7712627042813326
66	0.29121320991525734
67	0.025928821455018843
68	0.0408487431237386
69	0.02812108342598859
70	0.4895605451959158
71	0.23201342268366953
72	0.02168874285044923
73	0.042196692099189664
74	0.029049038185277303
75	0.024696375181437153
76	0.026784434765055293
77	0.02812108342598859
78	0.026784434765055293
79	0.030007614098887924
80	0.02551131956105536
81	0.0038185630603913396
82	0.3210038175868511
83	0.21392613224755938
84	0.29121320991525734
85	0.34253867592860743
86	0.823003625015039
87	0.481677716615238
88	0.9071954723294418
89	0.06331764666180247
90	0.07209806342155775
91	0.154620385880011
92	0.9071954723294418
93	0.8782156365502339
94	0.09049436982916054
95	0.15715080394779135
96	0.9838981538483189
97	0.02099590847766563
98	0.04804821315291625
99	0.015175310452307267
100	0.016727718463300126
101	0.016727718463300126
102	0.9524680951766463
103	0.0376642589146651
104	0.009026975134420792
105	0.012901465378461815
106	0.012901465378461815
107	0.009790198959862089
108	0.025928821455018843
109	0.13579004060925667
110	0.2865241396118687
111	0.05651656845829405
112	0.014930959938100428
113	0.007927630713798489
114	0.1496811268916314
115	0.4299397258291108
116	0.42301690250932045
117	0.000661478449980534
118	0.0004704015664329126
119	0.00335352178878879
120	0.1909478879208092
121	1.0
122	1.0
123	1.0
124	1.0
125	0.1909478879208092
126	0.0037570771454724255
127	9.43046659934014e-05
128	0.0010764932965619026
129	0.0002538483208393753
130	0.006962169253653824
131	0.011704150977755607
132	0.018142034232021265
133	0.05127157501696131
134	0.27737129133826594
135	0.08077418408895645
136	0.031505112088108564
137	0.029524436113288616
138	0.02204368690561934
139	0.9524680951766463
140	0.06540703669975813
141	0.06756537356313776
142	0.31583506350196977
143	0.9524680951766463
144	0.2396695274125223
145	0.9524680951766463
146	0.9524680951766463
147	1.0
148	1.0
149	0.9524680951766463
150	0.9371316004437404
151	0.2396695274125223
152	0.9524680951766463
153	0.3008228213237163
154	0.06979493239667438
155	0.060308038307034934
156	0.06331764666180247
157	0.06540703669975813
158	0.05383022830539262
159	0.05211065273008481
160	0.9371316004437404
161	0.9220420515895036
162	0.9371316004437404
163	0.12933568132305998
164	0.02812108342598859
165	0.012288234154010974
166	0.012693727967806401
167	0.007550815325235631
168	0.006631244087325071
169	0.042196692099189664
170	1.0
171	1.0
172	0.9838981538483189
173	0.0330773411179359
174	0.03472803056127704
175	0.04963373414423629
176	0.03646109590141792
177	0.008459463654885606
178	0.9524680951766463
179	0.08480513362914895
180	0.04576439005839962
181	0.9524680951766463
182	0.2037578156903402
183	0.1380122933233906
184	0.1336035702664378
185	0.9371316004437404
186	0.6996860333005861
187	0.7712627042813326
188	0.3210038175868511
189	0.1972488898661499
190	0.1496811268916314
191	0.305745894681384
192	0.22827757824649536
193	0.3262571601860513
194	0.3655182215245033
195	0.3481444442077991
196	0.2959790185358514
197	0.7712627042813326
198	0.5948461590153628
199	0.5574491330158785
200	0.7111366461700386
