1	0.96805557714613
2	1.0
3	1.0
4	1.0
5	1.0
6	0.9838981538483187
7	0.9838981538483187
8	0.8230036250150331
9	0.7712627042813379
10	0.8782156365502338
11	0.04963373414423628
12	0.04358912142584586
13	0.09501039487561763
14	0.09197534264619775
15	0.09501039487561763
16	0.10995622264422977
17	0.06867110513305613
18	0.010113261253784643
19	0.08209608258032162
20	0.746625162324361
21	0.8925879504044977
22	0.9371316004437403
23	0.8782156365502338
24	0.8925879504044977
25	0.9071954723294418
26	0.8097517472627709
27	0.699686033300586
28	0.7111366461700436
29	0.8640747434825075
30	0.8097517472627709
31	0.746625162324361
32	0.7111366461700436
33	0.5948461590153669
34	0.5948461590153669
35	0.8364723744993591
36	0.17322705937262659
37	0.22827757824649533
38	0.32100381758685337
39	0.3262571601860513
40	0.3370231708678044
41	0.25574799451756824
42	0.27737129133826793
43	0.2641873055176485
44	0.18787327440651985
45	0.11175569566235838
46	0.8097517472627709
47	0.8230036250150331
48	0.8364723744993591
49	0.9838981538483187
50	0.8364723744993591
51	0.7838846950415489
52	0.7346031188276403
53	0.7346031188276403
54	0.7227746524257324
55	0.7111366461700436
56	0.9838981538483187
57	0.2819105719970956
58	0.2819105719970956
59	0.2865241396118667
60	0.04151724745489924
61	0.018740694914959985
62	0.746625162324361
63	0.07093715149650966
64	0.045764390058399614
65	0.0512715750169613
66	0.18484816784601485
67	0.21392613224755783
68	0.8782156365502338
69	0.1909478879208092
70	0.03361866366814525
71	0.3538419528953351
72	0.31583506350196977
73	0.3262571601860513
74	0.011147830387442765
75	0.0037570771454724524
76	0.002503823749912729
77	0.0017805608241138404
78	0.0012458335400746532
79	0.001695927376489881
80	0.023522509426831414
81	0.06867110513305613
82	0.2516299796562454
83	0.6884197964379049
84	0.2641873055176485
85	0.27737129133826793
86	0.1425664978143681
87	0.5574491330158824
88	0.8501615448993987
89	0.5948461590153669
90	0.4662907999563976
91	0.4662907999563976
92	0.6556978921951104
93	0.8230036250150331
94	0.7346031188276403
95	0.8782156365502338
96	0.8782156365502338
97	0.9838981538483187
98	0.952468095176653
99	0.8782156365502338
100	0.5484731728386688
101	0.2475782724366716
102	0.21048152657828498
103	0.5852680376789788
104	0.17894329980857862
105	0.40291010336058036
106	0.3837590186752776
107	0.37757978999725084
108	0.39003937264673355
109	0.09975178733729258
110	0.06867110513305613
111	0.08077418408895701
112	0.6144752151203866
113	0.92204205158951
114	0.6144752151203866
115	0.5948461590153669
116	0.7346031188276403
117	0.8640747434825075
118	0.9371316004437403
119	0.8782156365502338
120	0.8925879504044977
121	0.8925879504044977
122	0.7111366461700436
123	0.6664286233595268
124	0.6045810297425013
125	0.6144752151203866
126	0.6144752151203866
127	0.34253867592860743
128	0.3655182215245033
129	0.09197534264619775
130	0.045764390058399614
131	0.03587400494469159
132	0.04288725609875963
133	0.07093715149650966
134	0.1909478879208092
135	1.0
136	0.96805557714613
137	0.952468095176653
138	0.8782156365502338
139	0.6245313223904276
140	0.6773349667878948
141	0.3964225068633103
142	0.4162055494255576
143	0.4369758436353278
144	0.6556978921951104
145	0.699686033300586
146	0.5665719880005149
147	0.5224031981891383
148	0.32100381758685337
149	0.2819105719970956
150	0.49757237909340724
151	0.6245313223904276
152	0.5224031981891383
153	0.4739218161276131
154	0.5484731728386688
155	0.5057153295259778
156	0.9071954723294418
157	0.8925879504044977
158	0.8640747434825075
159	0.9371316004437403
160	0.9371316004437403
161	0.96805557714613
162	0.9838981538483187
163	0.9838981538483187
164	0.6245313223904276
165	0.6045810297425013
166	0.6347520014624433
167	0.6664286233595268
168	0.305745894681384
169	0.23966952741252398
170	0.06540703669975811
171	0.0012662220527620853
172	0.001059159767117354
173	0.0019000115066771074
174	0.002544799723548124
175	0.0033535217887888133
176	0.011330268629776647
177	0.0003687405884503384
178	0.001167509979296634
179	0.04084874312373889
180	0.20375781569034018
181	1.0
182	0.746625162324361
183	0.6245313223904276
184	0.6245313223904276
185	0.699686033300586
186	0.13801229332339057
187	0.11733274450692356
188	0.03529636723622777
189	0.02240443974754898
190	0.024696375181437153
191	0.05296346225090932
192	0.11544347070631857
193	0.10995622264422977
194	0.05560654736795804
195	0.9071954723294418
196	0.746625162324361
197	0.7588439508744758
198	0.92204205158951
199	0.9071954723294418
200	0.952468095176653
