1	0.9220420515895035
2	0.8640747434825014
3	0.8925879504044915
4	0.8640747434825014
5	0.8501615448993929
6	0.8925879504044915
7	0.9680555771461302
8	0.9220420515895035
9	0.6347520014624387
10	0.7227746524257326
11	0.7466251623243612
12	0.7712627042813326
13	0.9071954723294419
14	0.9071954723294419
15	0.9071954723294419
16	0.9680555771461302
17	0.33159647562093936
18	0.16233655139003128
19	0.09501039487561765
20	0.13360357026643588
21	0.7466251623243612
22	0.33159647562093936
23	0.019047393108381605
24	0.6884197964379001
25	0.006962169253653824
26	0.013327194928720634
27	0.25574799451756464
28	0.6664286233595221
29	0.6884197964379001
30	0.73460311882763
31	0.10818572446379085
32	0.01593261814139069
33	0.030997821620274375
34	0.021339514049847925
35	0.10644373457266673
36	0.7227746524257326
37	0.06229811565656762
38	0.06979493239667438
39	0.0861930000553915
40	0.6347520014624387
41	0.7227746524257326
42	0.07693483325865721
43	0.06756537356313776
44	0.16233655139003128
45	0.6045810297425014
46	0.8925879504044915
47	0.210481526578285
48	0.11733274450692358
49	0.040848743123738596
50	0.1909478879208065
51	0.013766972933527003
52	0.06540703669975813
53	0.060308038307034934
54	0.011895693606067884
55	0.14256649781436606
56	0.8925879504044915
57	0.8782156365502339
58	0.8925879504044915
59	0.9071954723294419
60	0.9371316004437271
61	0.2037578156903402
62	0.060308038307034934
63	0.03202070454638286
64	0.05560654736795765
65	0.1314523061326923
66	0.9371316004437271
67	0.21392613224755638
68	0.05211065273008481
69	0.1448996496809614
70	0.17322705937262536
71	0.9371316004437271
72	0.06129500098272593
73	0.038907124553427985
74	0.11544347070631694
75	0.07947357060372963
76	0.04019100294647062
77	0.8501615448993929
78	0.8640747434825014
79	0.9071954723294419
80	0.8230036250150273
81	0.809751747262771
82	0.01445399904022356
83	0.016193361151327752
84	0.14968112689163143
85	0.12725313808047323
86	0.14027091400017713
87	0.9071954723294419
88	0.39003937264673083
89	0.21742711012397725
90	0.0101132612537845
91	0.02766828206704513
92	0.02766828206704513
93	0.16499324727369866
94	0.9371316004437271
95	0.9071954723294419
96	0.9371316004437271
97	0.8640747434825014
98	0.8640747434825014
99	0.9220420515895035
100	0.8230036250150273
101	0.10644373457266673
102	0.07327797408660716
103	0.06647744631284325
104	0.09049436982916054
105	0.13360357026643588
106	0.2959790185358471
107	0.7712627042813326
108	0.7712627042813326
109	0.8925879504044915
110	0.6245313223904189
111	0.4162055494255488
112	0.4513954094697245
113	0.5665719880005069
114	0.1597226332147545
115	0.19724888986614714
116	0.24359180518339565
117	0.2641873055176448
118	0.6884197964379001
119	0.5948461590153626
120	0.7466251623243612
121	0.7227746524257326
122	0.7466251623243612
123	0.6144752151203824
124	0.6144752151203824
125	0.6996860333005861
126	0.14027091400017713
127	0.06867110513305615
128	0.15462038588000881
129	0.15715080394779138
130	0.8640747434825014
131	0.4739218161276064
132	0.4162055494255488
133	0.44412711003286787
134	0.4587826572335522
135	0.3596327033558797
136	0.3210038175868511
137	0.46629079995639433
138	0.6347520014624387
139	0.6245313223904189
140	0.5139915422627508
141	0.677334966787895
142	0.7712627042813326
143	0.7466251623243612
144	0.7227746524257326
145	0.7111366461700385
146	0.6556978921951105
147	0.4513954094697245
148	0.4162055494255488
149	0.42301690250931445
150	0.19724888986614714
151	0.09049436982916054
152	0.06540703669975813
153	0.3481444442077991
154	0.8501615448993929
155	0.8501615448993929
156	0.24359180518339565
157	0.24757827243666988
158	0.17322705937262536
159	0.8925879504044915
160	0.25574799451756464
161	0.277371291338262
162	0.17894329980857737
163	0.17894329980857737
164	0.16233655139003128
165	0.758843950874465
166	0.8501615448993929
167	0.8501615448993929
168	0.9680555771461302
169	0.9524680951766463
170	0.06756537356313776
171	0.03705779481220408
172	0.098145599404233
173	0.6996860333005861
174	0.016193361151327752
175	0.05044600800408382
176	0.73460311882763
177	0.2865241396118647
178	0.0364610959014174
179	0.009790198959862089
180	0.041517247454898654
181	0.44412711003286787
182	0.3057458946813797
183	0.10472979393476875
184	0.08760357941344458
185	0.13801229332338866
186	0.758843950874465
187	0.17894329980857737
188	0.09975178733729188
189	0.9071954723294419
190	0.9220420515895035
191	0.9680555771461302
192	0.6245313223904189
193	0.1448996496809614
194	0.4895605451959158
195	0.49757237909340374
196	0.4587826572335522
197	0.4739218161276064
198	0.49757237909340374
199	0.6664286233595221
200	0.9524680951766463
