1	0.277371291338262
2	0.043589121425845555
3	0.0013732801563434388
4	0.0010421053394971728
5	0.0011302145468318856
6	0.0010591597671173317
7	0.0008576564720537011
8	9.584799567368471e-05
9	0.0004628272327807
10	0.0024238405452939723
11	0.0083232506725889
12	0.006214348384488035
13	0.006739766775034895
14	0.9838981538483049
15	0.9680555771461302
16	0.008459463654885485
17	0.005198130749138963
18	0.02133951404984792
19	0.0017518905076602488
20	0.025100540218356872
21	0.305745894681384
22	1.0
23	0.9680555771461302
24	0.9680555771461302
25	0.9680555771461302
26	0.2819105719970956
27	0.04430247303072529
28	0.00026651635065245153
29	0.0005623635409531065
30	0.00021934392271274688
31	0.002628774404719891
32	0.9680555771461302
33	0.9838981538483049
34	0.9838981538483049
35	0.9680555771461302
36	0.9680555771461302
37	0.3481444442077991
38	0.061295000982725924
39	0.02858129504156366
40	0.01593261814139069
41	0.020657835589543778
42	0.029049038185277303
43	0.03202070454638286
44	0.03254473486014776
45	0.03416884515602799
46	0.1099562226442282
47	0.9524680951766462
48	0.07093715149650967
49	0.1878732744065199
50	0.9371316004437271
51	0.9838981538483049
52	0.6996860333005861
53	0.7111366461700386
54	0.025928821455018475
55	0.14256649781436606
56	0.9680555771461302
57	0.020657835589543778
58	0.022404439747548664
59	0.021688742850448924
60	0.020657835589543778
61	0.9680555771461302
62	0.45139540946972445
63	0.9838981538483049
64	0.06979493239667438
65	0.02277109643911641
66	0.040191002946470614
67	0.3481444442077991
68	0.9524680951766462
69	0.9524680951766462
70	0.9524680951766462
71	0.33159647562093936
72	0.004565079704726418
73	0.009026975134420792
74	0.06647744631284323
75	0.9838981538483049
76	0.9371316004437271
77	0.49757237909340374
78	0.9680555771461302
79	0.03049869946550746
80	0.014690543918280221
81	0.01843893512866384
82	0.019675929314445093
83	0.9371316004437271
84	0.9071954723294418
85	0.17606198232518802
86	0.20047693868989178
87	0.9680555771461302
88	0.8230036250150273
89	0.7227746524257325
90	0.6996860333005861
91	0.9838981538483049
92	0.9371316004437271
93	0.22098538275893195
94	0.16499324727369866
95	0.9220420515895035
96	0.09049436982916054
97	0.022404439747548664
98	0.017279708787602804
99	0.017562497419084194
100	0.008738613623635485
101	0.0066312440873250705
102	0.018740694914959853
103	0.034728030561276546
104	0.06229811565656762
105	0.3425386759286026
106	0.9838981538483049
107	0.14027091400017713
108	0.0014893899404870186
109	0.0035208757183271245
110	0.00026651635065245153
111	3.127109487802175e-05
112	0.001167509979296634
113	0.011895693606067882
114	0.17322705937262536
115	1.0
116	1.0
117	1.0
118	1.0
119	0.17322705937262536
120	0.011895693606067882
121	0.0011866166988220661
122	4.847180071652196e-05
123	0.0002580026396497394
124	1.0
125	0.003299523896879402
126	0.004209195456615552
127	0.16233655139003125
128	0.9838981538483049
129	0.004491573493650752
130	0.002945115272426226
131	0.006316048424505908
132	0.002759960588740092
133	0.0007291465512741477
134	0.0003999173224417049
135	0.001167509979296634
136	0.0013294115143323755
137	0.0014893899404870186
138	0.0009004569039077774
139	0.00041987477004941566
140	0.04288725609875963
141	0.2685108255202325
142	0.9680555771461302
143	0.6347520014624388
144	0.7712627042813326
145	0.8925879504044915
146	0.44412711003286787
147	0.45878265723355216
148	0.5852680376789788
149	0.8925879504044915
150	0.8782156365502339
151	0.6347520014624388
152	0.6144752151203824
153	0.3538419528953301
154	0.19407281858793252
155	0.548473172838661
156	0.09975178733729188
157	0.13801229332338863
158	0.15213071221465752
159	0.2396695274125223
160	0.39642250686330754
161	0.9220420515895035
162	0.9220420515895035
163	0.8640747434825014
164	0.9371316004437271
165	0.6884197964379
166	0.6884197964379
167	0.6451399456130033
168	0.7227746524257325
169	0.5057153295259778
170	0.481677716615238
171	0.4895605451959158
172	0.6556978921951105
173	0.9524680951766462
174	0.677334966787895
175	0.47392181612760637
176	0.0861930000553915
177	0.0769348332586572
178	0.6045810297425014
179	0.5948461590153626
180	0.6045810297425014
181	0.8782156365502339
182	0.2729051014782441
183	0.1252041276287828
184	0.17322705937262536
185	0.10818572446379085
186	0.24757827243666633
187	0.6144752151203824
188	0.4299397258291108
189	0.783884695041549
190	0.35963270335587966
191	0.47392181612760637
192	0.481677716615238
193	0.7346031188276297
194	0.4369758436353279
195	0.305745894681384
196	0.7227746524257325
197	0.8230036250150273
198	0.8501615448993927
199	0.8925879504044915
200	0.9680555771461302
