1	0.31583506350196977
2	0.18484816784601354
3	0.1425664978143681
4	0.18787327440651988
5	0.1521307122146575
6	0.22827757824649536
7	0.823003625015039
8	0.823003625015039
9	0.8501615448993927
10	0.8925879504044913
11	0.7712627042813325
12	0.35384195289533515
13	0.35963270335587966
14	0.3964225068633075
15	0.481677716615238
16	0.6451399456130031
17	0.3964225068633075
18	0.9220420515895165
19	0.9220420515895165
20	0.03361866366814501
21	0.0330773411179359
22	0.09656527406216149
23	0.10995622264422976
24	0.2865241396118646
25	0.9371316004437403
26	0.9371316004437403
27	0.9838981538483188
28	0.9524680951766461
29	0.9524680951766461
30	1.0
31	0.2685108255202324
32	0.023522509426831248
33	0.013112602486344908
34	0.09814559940423297
35	0.0612950009827268
36	0.9071954723294418
37	0.9220420515895165
38	0.3775797899972509
39	0.9220420515895165
40	0.9524680951766461
41	0.746625162324361
42	0.6664286233595221
43	0.5484731728386688
44	0.46629079995640094
45	0.3775797899972509
46	0.3775797899972509
47	0.43697584363533404
48	0.9371316004437403
49	0.8782156365502463
50	0.9838981538483188
51	0.12120455403276079
52	0.03529636723622752
53	0.00024976089423135706
54	1.071155943435558e-05
55	1.952977823676745e-05
56	0.00048592413239297353
57	4.326534525397591e-05
58	0.0014418122384338217
59	8.017420053217249e-05
60	0.0007058543855178154
61	0.16499324727370096
62	1.0
63	1.0
64	1.0
65	1.0
66	0.16769342093829617
67	0.0007410792960859193
68	6.706350389273314e-05
69	0.0006944888267967183
70	3.076757251930165e-05
71	0.00048592413239297353
72	2.01742324488663e-05
73	1.053908355229885e-05
74	0.00014856930860576711
75	0.006524468815236717
76	0.007927630713798602
77	0.5309525138815067
78	0.38375901867527495
79	0.2729051014782479
80	0.1380122933233906
81	0.10138426111191784
82	0.1732270593726278
83	0.6773349667878948
84	0.25574799451756824
85	0.16499324727370096
86	0.06540703669975813
87	0.03954385360034534
88	0.07569604040982107
89	0.22460188780169194
90	0.8925879504044913
91	0.9371316004437403
92	0.9220420515895165
93	0.9220420515895165
94	0.25162997965624534
95	0.1272531380804732
96	0.10138426111191784
97	0.09814559940423297
98	0.10995622264422976
99	0.21048152657828498
100	0.8501615448993927
101	0.7227746524257325
102	0.6556978921951198
103	0.5396417421912961
104	0.7111366461700385
105	0.6556978921951198
106	0.5574491330158785
107	0.5852680376789872
108	0.5139915422627507
109	0.7346031188276402
110	0.6451399456130031
111	0.614475215120391
112	0.746625162324361
113	0.1972488898661499
114	0.06030803830703578
115	0.07209806342155774
116	0.07209806342155774
117	0.07819389939674361
118	0.1472709844146142
119	0.3964225068633075
120	0.8640747434825014
121	0.699686033300596
122	0.5852680376789872
123	0.5665719880005149
124	0.5484731728386688
125	0.6045810297425014
126	0.22827757824649536
127	0.17894329980857734
128	0.1704377839133016
129	0.17894329980857734
130	0.24359180518339907
131	0.5852680376789872
132	0.5139915422627507
133	0.4975723790934037
134	0.42993972582911066
135	0.31583506350196977
136	0.43697584363533404
137	0.5574491330158785
138	0.746625162324361
139	0.7227746524257325
140	0.699686033300596
141	0.5948461590153626
142	0.5948461590153626
143	0.5758441417787755
144	0.8782156365502463
145	0.8782156365502463
146	0.9220420515895165
147	0.8782156365502463
148	0.823003625015039
149	0.8640747434825014
150	0.40950387170122843
151	0.062298115656567614
152	0.04019100294647118
153	0.041517247454899237
154	0.07209806342155774
155	0.6451399456130031
156	0.7712627042813325
157	0.7588439508744758
158	0.4230169025093204
159	0.4029101033605775
160	0.024696375181437153
161	0.01189569360606805
162	0.0769348332586583
163	0.1380122933233906
164	0.22827757824649536
165	0.17894329980857734
166	0.11733274450692356
167	0.10644373457266824
168	0.06979493239667436
169	0.08903724340857931
170	0.034728030561276546
171	0.7838846950415601
172	0.6245313223904276
173	0.6245313223904276
174	0.2819105719970956
175	0.16499324727370096
176	0.18484816784601354
177	0.08209608258032164
178	0.052963462250909324
179	0.7838846950415601
180	0.8640747434825014
181	0.9838981538483188
182	0.23581040555488306
183	0.176061982325188
184	0.0686711051330571
185	0.02812108342598859
186	0.03587400494469159
187	0.16233655139003356
188	0.8097517472627709
189	0.9524680951766461
190	0.8640747434825014
191	0.8782156365502463
192	0.9071954723294418
193	0.8640747434825014
194	0.823003625015039
195	0.7967132492072908
196	0.7838846950415601
197	0.7967132492072908
198	0.8097517472627709
199	0.9371316004437403
200	0.9524680951766461
