1	1.0
2	0.9838981538483188
3	0.9680555771461301
4	0.8782156365502338
5	0.331596475620944
6	0.12725313808047323
7	0.1878732744065212
8	0.1173327445069244
9	0.783884695041549
10	0.8501615448994049
11	0.8501615448994049
12	0.8501615448994049
13	0.012901465378461815
14	0.01756249741908432
15	0.1521307122146586
16	0.176061982325188
17	0.2282775782464954
18	0.6884197964379097
19	0.677334966787895
20	0.7111366461700486
21	0.809751747262771
22	0.8501615448994049
23	0.8782156365502338
24	0.8364723744993591
25	0.7346031188276403
26	0.6884197964379097
27	0.48167771661524483
28	0.45139540946972445
29	0.892587950404504
30	0.7111366461700486
31	0.7712627042813435
32	0.783884695041549
33	0.1173327445069244
34	0.12318811002815044
35	0.09501039487561765
36	0.009174704819918268
37	0.006214348384488079
38	0.0010421053394971801
39	0.783884695041549
40	0.011147830387442766
41	0.2104815265782865
42	0.2139261322475594
43	0.21742711012398036
44	0.2282775782464954
45	0.24757827243667338
46	0.9838981538483188
47	0.9838981538483188
48	0.34814444420780405
49	0.6884197964379097
50	0.7111366461700486
51	0.09049436982916118
52	0.0997517873372933
53	0.12120455403275993
54	0.42301690250932045
55	0.7712627042813435
56	0.746625162324361
57	0.677334966787895
58	0.7111366461700486
59	0.892587950404504
60	0.809751747262771
61	0.8364723744993591
62	0.4299397258291169
63	0.19094788792080922
64	0.04358912142584586
65	0.022043686905619496
66	0.01904739310838174
67	0.07569604040982161
68	0.0997517873372933
69	0.10304345090533383
70	0.09501039487561765
71	0.11925293695084216
72	0.25574799451756824
73	0.2819105719970956
74	0.16499324727370096
75	0.11358461770179012
76	0.7227746524257325
77	0.7712627042813435
78	0.16769342093829737
79	0.030997821620274816
80	0.2282775782464954
81	0.5057153295259778
82	0.9220420515895167
83	0.6556978921951105
84	0.6045810297425014
85	0.6664286233595317
86	0.9524680951766599
87	0.45139540946972445
88	0.35963270335588476
89	0.34253867592860743
90	0.34253867592860743
91	0.9524680951766599
92	0.9838981538483188
93	1.0
94	0.3775797899972509
95	0.34814444420780405
96	0.1521307122146586
97	0.1878732744065212
98	0.7227746524257325
99	0.31074953590015464
100	0.35963270335588476
101	0.09814559940423367
102	0.2139261322475594
103	0.2104815265782865
104	0.4587826572335587
105	0.7588439508744758
106	0.809751747262771
107	0.28652413961186873
108	0.2641873055176485
109	0.40291010336057753
110	0.9220420515895167
111	0.1521307122146586
112	0.07693483325865721
113	0.09049436982916118
114	0.0997517873372933
115	0.11544347070631857
116	0.9838981538483188
117	0.1425664978143681
118	0.10644373457266824
119	0.1380122933233906
120	0.2320134226836728
121	0.1878732744065212
122	0.17043778391330164
123	0.3008228213237163
124	0.29597901853585135
125	0.3158350635019698
126	0.8364723744993591
127	0.809751747262771
128	0.2819105719970956
129	0.7967132492073022
130	0.823003625015039
131	0.10304345090533383
132	0.16233655139003242
133	0.15462038588001104
134	0.1472709844146142
135	0.14489964968096242
136	0.14489964968096242
137	0.783884695041549
138	0.0050320794624387636
139	0.1425664978143681
140	0.006316048424505998
141	0.0370577948122046
142	0.07693483325865721
143	0.07569604040982161
144	0.7346031188276403
145	0.7346031188276403
146	0.783884695041549
147	0.8501615448994049
148	0.2685108255202363
149	0.34253867592860743
150	0.4975723790934108
151	0.14027091400017816
152	0.12933568132305998
153	0.9071954723294419
154	0.9071954723294419
155	0.7227746524257325
156	0.746625162324361
157	0.7588439508744758
158	0.783884695041549
159	0.9524680951766599
160	0.8640747434825136
161	0.31074953590015464
162	0.29597901853585135
163	0.48956054519591574
164	0.6347520014624477
165	0.34814444420780405
166	0.2729051014782441
167	0.2282775782464954
168	0.24359180518339563
169	0.3158350635019698
170	0.4299397258291169
171	0.823003625015039
172	0.29121320991525734
173	0.19407281858793388
174	0.6556978921951105
175	0.8364723744993591
176	0.809751747262771
177	0.892587950404504
178	0.7227746524257325
179	0.12933568132305998
180	0.08480513362914954
181	0.7227746524257325
182	0.892587950404504
183	0.15462038588001104
184	0.12933568132305998
185	0.3158350635019698
186	0.16233655139003242
187	0.1878732744065212
188	0.48167771661524483
189	0.7967132492073022
190	0.09656527406216149
191	0.030498699465507675
192	0.00441925086827705
193	0.0035208757183271744
194	0.014930959938100428
195	0.3370231708678045
196	0.09197534264619778
197	0.09348055211452065
198	0.42301690250932045
199	0.9071954723294419
200	0.9680555771461301
