1	0.9838981538483188
2	0.6045810297425014
3	0.5484731728386689
4	0.5758441417787838
5	0.9071954723294289
6	0.3370231708678045
7	0.08077418408895759
8	0.038907124553427985
9	0.02429871794776146
10	0.12725313808047323
11	0.5224031981891384
12	0.7227746524257325
13	0.7346031188276403
14	0.6347520014624387
15	0.3370231708678045
16	0.9220420515895167
17	0.03646109590141792
18	0.05560654736795765
19	0.0472745482168648
20	0.9371316004437271
21	0.7967132492072909
22	0.6664286233595221
23	0.6773349667878853
24	1.0
25	1.0
26	0.4299397258291168
27	0.42301690250931445
28	0.4369758436353279
29	0.6664286233595221
30	0.9680555771461302
31	0.6773349667878853
32	0.4299397258291168
33	0.6996860333005861
34	0.22460188780169196
35	0.15972263321475677
36	0.04502749889045438
37	0.1099562226442282
38	0.44412711003286787
39	0.5484731728386689
40	0.2641873055176448
41	0.4816777166152449
42	0.6664286233595221
43	0.5057153295259705
44	0.5396417421912961
45	0.5574491330158786
46	0.566571988000507
47	0.6045810297425014
48	0.7466251623243612
49	0.9838981538483188
50	0.017562497419084194
51	0.001962709116638142
52	0.007799981223697564
53	0.002759960588740131
54	0.002671795240633401
55	0.0035784961121798843
56	0.39642250686330754
57	0.809751747262771
58	0.758843950874465
59	0.3900393726467364
60	0.5484731728386689
61	0.6451399456130125
62	0.10818572446379239
63	0.03254473486014822
64	0.03646109590141792
65	0.07947357060372849
66	0.39642250686330754
67	0.7712627042813436
68	0.18484816784601352
69	0.23201342268367284
70	0.3370231708678045
71	0.9524680951766463
72	0.9524680951766463
73	0.9220420515895167
74	0.8230036250150391
75	0.9371316004437271
76	0.9680555771461302
77	0.9680555771461302
78	0.9680555771461302
79	0.154620385880011
80	0.08480513362914896
81	0.11544347070631858
82	0.14027091400017716
83	0.2516299796562454
84	1.0
85	0.9680555771461302
86	0.9838981538483188
87	0.9838981538483188
88	1.0
89	0.9838981538483188
90	0.1380122933233906
91	0.07093715149650967
92	0.04804821315291625
93	0.04576439005839962
94	0.2641873055176448
95	0.9838981538483188
96	0.9838981538483188
97	0.9838981538483188
98	0.783884695041549
99	0.8640747434825136
100	0.8640747434825136
101	0.8364723744993591
102	1.0
103	0.9838981538483188
104	0.7227746524257325
105	0.4816777166152449
106	0.48956054519591585
107	0.6884197964379097
108	0.6996860333005861
109	0.24757827243666988
110	0.22460188780169196
111	0.513991542262758
112	0.7227746524257325
113	0.03361866366814549
114	0.03587400494469159
115	0.10304345090533384
116	0.4816777166152449
117	0.46629079995640105
118	0.07093715149650967
119	0.06331764666180247
120	0.009790198959862089
121	0.005823662247270162
122	0.006962169253653725
123	0.01619336115132798
124	0.0876035794134446
125	0.4369758436353279
126	0.9838981538483188
127	0.9838981538483188
128	0.9838981538483188
129	0.9838981538483188
130	0.42301690250931445
131	0.08209608258032049
132	0.011895693606067884
133	0.004491573493650751
134	0.009790198959862089
135	0.015175310452307484
136	0.9838981538483188
137	0.05383022830539263
138	0.03254473486014822
139	0.9371316004437271
140	0.9371316004437271
141	0.758843950874465
142	0.5224031981891384
143	0.566571988000507
144	0.5224031981891384
145	0.5396417421912961
146	0.5484731728386689
147	0.4975723790934038
148	0.4369758436353279
149	0.5484731728386689
150	0.3900393726467364
151	0.40291010336057753
152	0.8501615448993928
153	0.34814444420780405
154	0.6045810297425014
155	0.4299397258291168
156	0.09501039487561766
157	0.1818717710859369
158	0.1380122933233906
159	0.2557479945175683
160	0.1878732744065199
161	0.22098538275893195
162	0.35384195289533016
163	0.2599334021689762
164	0.32100381758685564
165	0.24757827243666988
166	0.23581040555487975
167	0.22098538275893195
168	0.2557479945175683
169	0.9838981538483188
170	0.9680555771461302
171	0.758843950874465
172	0.7346031188276403
173	0.7346031188276403
174	0.03646109590141792
175	0.27737129133826594
176	0.01445399904022356
177	0.011895693606067884
178	0.052963462250909324
179	0.35384195289533016
180	0.3900393726467364
181	0.08209608258032049
182	0.06540703669975813
183	0.1496811268916314
184	0.8782156365502339
185	0.20709238541955047
186	0.10304345090533384
187	0.09348055211451999
188	0.04502749889045438
189	0.06435386265758125
190	0.22098538275893195
191	0.809751747262771
192	0.0769348332586572
193	0.24359180518339563
194	0.09975178733729188
195	0.011895693606067884
196	0.01593261814139069
197	0.016727718463300126
198	0.012288234154010976
199	0.01874069491496012
200	0.04019100294647119
