1	0.41620554942554877
2	0.3425386759286026
3	0.33702317086780453
4	0.3057458946813797
5	0.49757237909339674
6	0.45139540946971807
7	0.35384195289533016
8	0.31074953590015464
9	0.7712627042813216
10	0.6773349667878853
11	0.19724888986614714
12	0.39642250686330194
13	0.2599334021689762
14	0.3210038175868511
15	0.33159647562093464
16	0.33159647562093464
17	0.1676934209382938
18	0.22827757824649214
19	0.2070923854195505
20	0.16499324727369866
21	0.14489964968095936
22	0.10138426111191641
23	0.38375901867527495
24	0.3596327033558746
25	0.2819105719970956
26	0.18484816784601094
27	0.7227746524257325
28	0.8501615448993807
29	0.8640747434825014
30	0.9220420515894905
31	0.6451399456129941
32	0.566571988000507
33	0.1878732744065199
34	0.210481526578282
35	0.17322705937262783
36	0.07569604040982109
37	0.06979493239667438
38	0.7967132492072909
39	0.7838846950415491
40	0.8364723744993592
41	0.8097517472627596
42	0.7967132492072909
43	0.7227746524257325
44	0.6451399456129941
45	0.7111366461700285
46	0.7712627042813216
47	0.17606198232518552
48	0.21392613224755636
49	0.25574799451756464
50	0.33159647562093464
51	0.38375901867527495
52	0.7712627042813216
53	0.7838846950415491
54	1.0
55	0.9220420515894905
56	0.6884197964379001
57	0.47392181612760637
58	0.01935911052773227
59	0.0135452992533768
60	0.34814444420779916
61	0.37757978999724556
62	0.8097517472627596
63	0.6245313223904189
64	0.6245313223904189
65	0.9371316004437271
66	0.8230036250150274
67	0.029524436113288612
68	0.14727098441461212
69	0.17322705937262783
70	0.2959790185358472
71	0.5396417421912885
72	0.7111366461700285
73	0.7588439508744651
74	0.18484816784601094
75	0.12933568132305817
76	0.6556978921951105
77	0.5057153295259778
78	0.21392613224755636
79	0.210481526578282
80	0.14968112689163143
81	0.16233655139003125
82	0.6451399456129941
83	0.007309608887594824
84	0.004348092770690338
85	0.0003747751604249704
86	2.372988118540861e-05
87	0.000493876455090776
88	9.584799567368473e-05
89	0.00041987477004941566
90	0.0006614784499805247
91	0.4095038717012227
92	0.47392181612760637
93	0.9371316004437271
94	0.42301690250931445
95	0.39642250686330194
96	0.3900393726467364
97	0.39642250686330194
98	0.300822821323712
99	0.33159647562093464
100	0.33702317086780453
101	0.6451399456129941
102	0.6556978921951105
103	0.6556978921951105
104	0.9680555771461165
105	0.2729051014782402
106	0.3715000583087311
107	0.27737129133826205
108	0.006114285902868061
109	0.18484816784601094
110	0.1909478879208065
111	0.03150511208810813
112	0.045027498890453106
113	0.6245313223904189
114	0.1597226332147545
115	0.04804821315291557
116	0.0018694178137101693
117	0.0011675099792966177
118	0.0005715668219861245
119	0.0017518905076602243
120	0.000857656472053689
121	0.0009608649452023631
122	0.0443024730307253
123	0.481677716615238
124	0.8925879504044788
125	0.9524680951766463
126	0.9838981538483049
127	0.9838981538483049
128	0.9838981538483049
129	0.8925879504044788
130	0.9524680951766463
131	0.9524680951766463
132	0.9680555771461165
133	0.07327797408660718
134	0.0008168904262529112
135	6.387584780858406e-05
136	0.00016376769190026675
137	0.0001534718792114722
138	0.0001534718792114722
139	4.542445618186362e-05
140	9.876508236575982e-06
141	3.503418891533353e-05
142	0.009026975134420663
143	1.0
144	0.1231881100281487
145	0.481677716615238
146	1.0
147	1.0
148	1.0
149	0.47392181612760637
150	0.12120455403275737
151	1.0
152	0.008881624169591172
153	5.794787992315113e-05
154	5.089073425344741e-05
155	8.148628007745012e-05
156	6.927650175875059e-05
157	4.0545322241608863e-05
158	8.837588257170863e-05
159	4.397339814568372e-05
160	0.001112016006080375
161	0.08209608258032049
162	0.8097517472627596
163	0.6664286233595222
164	0.7712627042813216
165	0.5057153295259778
166	0.4587826572335522
167	0.43697584363532793
168	0.3715000583087311
169	0.566571988000507
170	0.7838846950415491
171	0.8097517472627596
172	0.7346031188276299
173	0.7466251623243505
174	0.4441271100328679
175	0.0070761076503929885
176	0.0018694178137101693
177	0.020325206299053933
178	0.21392613224755636
179	0.2685108255202325
180	0.35384195289533016
181	0.7466251623243505
182	0.7838846950415491
183	0.878215636550234
184	0.6451399456129941
185	0.5852680376789788
186	0.4587826572335522
187	0.3596327033558746
188	0.15213071221465535
189	0.10472979393476876
190	0.1818717710859343
191	0.05744148237014259
192	0.1272531380804714
193	0.46629079995640105
194	0.7838846950415491
195	0.5309525138815068
196	0.481677716615238
197	0.15213071221465535
198	0.32625716018604667
199	0.6347520014624387
200	0.7466251623243505
