1	0.9371316004437271
2	0.8925879504044915
3	0.46629079995640094
4	0.3315964756209393
5	0.31074953590015464
6	0.4299397258291107
7	0.4299397258291107
8	0.2320134226836728
9	0.15213071221465532
10	0.11925293695084045
11	0.11175569566235759
12	0.1649932472736986
13	0.2358104055548797
14	0.96805557714613
15	0.21048152657828198
16	0.2320134226836728
17	0.30574589468137964
18	0.38375901867527495
19	0.8097517472627593
20	0.7466251623243609
21	0.7346031188276403
22	0.7227746524257325
23	0.29121320991525734
24	0.2435918051833956
25	0.009477456704464737
26	0.00206065602257691
27	0.6996860333005861
28	0.00963255868241604
29	0.06647744631284323
30	0.6773349667878852
31	0.27737129133826594
32	0.27737129133826594
33	0.22098538275893195
34	0.27737129133826594
35	0.2819105719970916
36	0.2959790185358471
37	0.3775797899972455
38	0.371500058308731
39	0.16233655139003125
40	0.7466251623243609
41	0.7346031188276403
42	0.6144752151203823
43	0.8640747434825014
44	0.8501615448993927
45	0.8501615448993927
46	0.20709238541955044
47	0.08209608258032047
48	0.12318811002814868
49	0.8640747434825014
50	0.8782156365502338
51	0.7967132492072907
52	0.7967132492072907
53	0.8230036250150271
54	0.8640747434825014
55	0.9524680951766461
56	0.30082282132371624
57	0.48956054519591574
58	0.14489964968096342
59	0.057441482370142585
60	0.05471117929721262
61	0.05838153282986845
62	0.481677716615238
63	0.9071954723294289
64	0.9220420515895035
65	0.9071954723294289
66	0.8782156365502338
67	0.8782156365502338
68	0.9524680951766461
69	0.96805557714613
70	0.9838981538483188
71	0.9524680951766461
72	0.96805557714613
73	0.5224031981891383
74	0.09814559940423156
75	0.11175569566235759
76	0.5139915422627507
77	0.6245313223904276
78	0.8501615448993927
79	1.0
80	0.5852680376789788
81	0.5665719880005068
82	0.07569604040982106
83	0.09197534264619775
84	0.10138426111191783
85	0.023522509426831244
86	0.10472979393476874
87	0.9071954723294289
88	0.9071954723294289
89	0.9071954723294289
90	0.9071954723294289
91	1.0
92	0.9071954723294289
93	0.10472979393476874
94	0.008189230970776996
95	0.002945115272426226
96	0.0015637163575655233
97	0.004209195456615552
98	1.0
99	1.0
100	0.1135846177017893
101	0.11925293695084045
102	0.0066312440873250705
103	0.07447719441285068
104	0.2819105719970916
105	0.2435918051833956
106	0.1597226332147545
107	0.13360357026643588
108	0.7466251623243609
109	0.96805557714613
110	0.8925879504044915
111	0.8925879504044915
112	0.8925879504044915
113	0.6245313223904276
114	0.27290510147824015
115	0.17606198232518547
116	0.2358104055548797
117	0.4441271100328678
118	0.8925879504044915
119	0.9220420515895035
120	0.2358104055548797
121	0.06756537356313774
122	0.034728030561276546
123	0.0290490381852773
124	0.8782156365502338
125	0.2320134226836728
126	0.14027091400017713
127	0.27737129133826594
128	0.20709238541955044
129	0.6996860333005861
130	0.6556978921951104
131	0.5665719880005068
132	0.5948461590153626
133	0.8097517472627593
134	0.35384195289533005
135	0.7466251623243609
136	0.6884197964378999
137	0.4162055494255546
138	0.3210038175868511
139	0.31074953590015464
140	0.4975723790934037
141	0.7712627042813326
142	0.7227746524257325
143	0.04151724745489865
144	0.02204368690561934
145	0.46629079995640094
146	0.01700147357515921
147	0.003299523896879402
148	0.0036965812672960312
149	0.5948461590153626
150	0.5224031981891383
151	0.9524680951766461
152	0.6996860333005861
153	0.9371316004437271
154	1.0
155	0.96805557714613
156	0.9838981538483188
157	1.0
158	1.0
159	0.9838981538483188
160	0.9524680951766461
161	0.7588439508744649
162	0.9220420515895035
163	0.5309525138815068
164	0.06756537356313774
165	0.5396417421912961
166	0.012489335512977491
167	0.017562497419084194
168	0.026784434765054908
169	0.04358912142584555
170	0.0019627091166381136
171	0.012901465378461631
172	0.01170415097775544
173	0.027222771645920248
174	0.3370231708678044
175	0.5139915422627507
176	0.5665719880005068
177	0.5309525138815068
178	0.3210038175868511
179	0.26418730551764474
180	0.26418730551764474
181	0.25993340216897615
182	0.6996860333005861
183	0.031505112088108564
184	0.05471117929721262
185	0.05471117929721262
186	0.3262571601860513
187	1.0
188	0.96805557714613
189	0.8364723744993472
190	0.7967132492072907
191	0.7838846950415489
192	0.2865241396118646
193	0.3964225068633075
194	0.4095038717012226
195	0.45139540946972445
196	0.5758441417787756
197	0.9838981538483188
198	0.9220420515895035
199	0.9838981538483188
200	1.0
