1	1.0
2	1.0
3	0.9680555771461439
4	0.7466251623243612
5	0.6556978921951198
6	0.6556978921951198
7	0.08760357941344458
8	0.01784991398793898
9	0.005457537922228077
10	0.001206036106664975
11	0.0002457392827377409
12	0.001225773320081767
13	0.027668282067045125
14	0.16233655139003356
15	0.0744771944128507
16	0.8640747434825136
17	0.10138426111191928
18	0.030498699465507893
19	0.02551131956105572
20	0.9524680951766462
21	0.011704150977755443
22	0.01967592931444509
23	0.04651334071458662
24	0.1732270593726278
25	0.8925879504044913
26	0.9220420515895167
27	0.14027091400017716
28	0.026784434765055293
29	0.02551131956105572
30	0.06435386265758125
31	0.09656527406216149
32	0.08619300005539272
33	0.09348055211451999
34	0.1878732744065199
35	0.823003625015039
36	0.8640747434825136
37	0.9838981538483188
38	0.9524680951766462
39	0.01727970878760305
40	0.05044600800408453
41	0.2282775782464986
42	0.9838981538483188
43	0.9838981538483188
44	1.0
45	0.9524680951766462
46	0.18484816784601354
47	0.04288725609876025
48	0.04651334071458662
49	1.0
50	0.9071954723294547
51	0.18484816784601354
52	0.045764390058400266
53	0.03828064801966494
54	0.041517247454899237
55	0.013992274382953427
56	0.03416884515602848
57	0.03416884515602848
58	0.17606198232518802
59	0.9680555771461439
60	0.8782156365502465
61	0.9071954723294547
62	0.9220420515895167
63	0.9071954723294547
64	0.9071954723294547
65	0.9220420515895167
66	0.15972263321475677
67	0.19407281858793526
68	0.8640747434825136
69	0.19407281858793526
70	0.060308038307035794
71	0.7712627042813436
72	0.8097517472627824
73	0.8782156365502465
74	0.9838981538483188
75	0.1972488898661499
76	0.011704150977755443
77	0.7712627042813436
78	0.7838846950415602
79	0.030997821620274812
80	0.031505112088109015
81	0.9838981538483188
82	0.9680555771461439
83	0.9680555771461439
84	0.9838981538483188
85	0.9838981538483188
86	0.31074953590015464
87	0.2516299796562454
88	0.26851082552023625
89	0.04883453939311236
90	0.18187177108593947
91	0.21392613224755938
92	0.06979493239667438
93	0.22098538275893512
94	0.45139540946972445
95	0.466290799956401
96	0.5758441417787837
97	0.6451399456130124
98	0.6451399456130124
99	0.5309525138815068
100	0.0675653735631387
101	0.2729051014782479
102	0.44412711003286787
103	0.7967132492072908
104	0.32625716018605594
105	0.015676073575284756
106	0.014690543918280221
107	0.5852680376789872
108	0.6045810297425099
109	0.9838981538483188
110	0.9838981538483188
111	1.0
112	1.0
113	0.4095038717012285
114	0.4095038717012285
115	0.4369758436353341
116	0.9838981538483188
117	0.13579004060925862
118	0.055606547367958434
119	0.05127157501696203
120	0.566571988000515
121	0.823003625015039
122	0.7838846950415602
123	0.6245313223904277
124	0.6451399456130124
125	0.35384195289533515
126	0.49757237909340374
127	0.5396417421913038
128	0.41620554942555466
129	0.4095038717012285
130	0.3775797899972509
131	0.5396417421913038
132	0.164993247273701
133	0.015175310452307484
134	0.095010394875619
135	0.48956054519592274
136	0.34814444420780405
137	0.2819105719970956
138	0.025928821455018475
139	0.002671795240633401
140	0.003042299783147321
141	0.1878732744065199
142	0.9838981538483188
143	0.9838981538483188
144	0.9838981538483188
145	0.19407281858793526
146	0.005918968568537472
147	0.0029933131400918323
148	0.03416884515602848
149	0.07569604040982214
150	0.018740694914960117
151	0.09049436982916181
152	0.12318811002815044
153	0.6347520014624477
154	0.6045810297425099
155	0.4095038717012285
156	0.7466251623243612
157	0.8640747434825136
158	0.7111366461700385
159	0.8364723744993591
160	0.9680555771461439
161	0.7712627042813436
162	0.5309525138815068
163	0.6347520014624477
164	0.7346031188276403
165	0.7466251623243612
166	0.5758441417787837
167	0.41620554942555466
168	0.2282775782464986
169	0.16233655139003356
170	0.1676934209382962
171	0.466290799956401
172	0.566571988000515
173	0.614475215120391
174	0.9220420515895167
175	0.14489964968096344
176	0.06435386265758125
177	0.027222771645920248
178	0.025928821455018475
179	0.9524680951766462
180	0.013327194928720823
181	0.015423659850313087
182	0.09975178733729187
183	0.9524680951766462
184	0.15213071221465965
185	0.12318811002815044
186	0.9371316004437404
187	0.8925879504044913
188	0.9071954723294547
189	0.9838981538483188
190	0.043589121425845555
191	0.0020943793974174054
192	0.0035208757183271744
193	0.00047040156643291924
194	0.0047928951403666395
195	0.0047928951403666395
196	0.24359180518339907
197	0.7967132492072908
198	0.6347520014624477
199	0.6245313223904277
200	0.823003625015039
