1	1.0
2	1.0
3	1.0
4	0.8501615448994049
5	0.7346031188276507
6	0.031505112088109015
7	0.04288725609875994
8	0.176061982325188
9	0.13801229332339257
10	0.08343961441457963
11	0.3775797899972509
12	0.8640747434825137
13	0.09814559940423298
14	0.164993247273701
15	0.2435918051833991
16	0.8640747434825137
17	0.8501615448994049
18	0.8782156365502465
19	0.8501615448994049
20	0.8501615448994049
21	0.12933568132305998
22	0.10644373457266976
23	0.2516299796562454
24	1.0
25	1.0
26	0.983898153848319
27	0.47392181612761314
28	0.07947357060373075
29	0.05044600800408453
30	0.037664258914665634
31	0.0450274988904547
32	0.1676934209382962
33	0.9680555771461439
34	1.0
35	1.0
36	0.983898153848319
37	0.9680555771461439
38	0.0330773411179359
39	0.02722277164592025
40	0.022404439747549146
41	0.013545299253377089
42	0.02722277164592025
43	1.0
44	1.0
45	0.983898153848319
46	1.0
47	0.9524680951766464
48	0.9220420515895166
49	0.1472709844146142
50	0.07693483325865831
51	0.04963373414423629
52	0.05744148237014301
53	1.0
54	0.010278768401209684
55	0.003944570074838737
56	0.004009124378788922
57	0.001395754378613427
58	0.0017518905076602616
59	0.012489335512977758
60	0.9371316004437404
61	0.9220420515895166
62	0.8640747434825137
63	0.8925879504044915
64	0.8501615448994049
65	0.8782156365502465
66	0.8097517472627825
67	0.823003625015039
68	0.7466251623243612
69	0.9371316004437404
70	0.48956054519592274
71	0.5057153295259778
72	0.9220420515895166
73	0.9680555771461439
74	0.9680555771461439
75	0.8501615448994049
76	0.8640747434825137
77	0.5758441417787837
78	0.6884197964379097
79	0.983898153848319
80	0.8925879504044915
81	0.45139540946972445
82	0.1940728185879353
83	0.14968112689163143
84	0.272905101478248
85	0.9371316004437404
86	0.15972263321475677
87	0.037664258914665634
88	0.008459463654885665
89	0.02551131956105572
90	0.0330773411179359
91	0.014690543918280325
92	0.02551131956105572
93	0.29597901853585135
94	0.3315964756209393
95	0.5574491330158785
96	0.32100381758685564
97	0.3008228213237163
98	0.31074953590015464
99	0.8925879504044915
100	0.6045810297425099
101	0.677334966787895
102	0.677334966787895
103	0.6884197964379097
104	1.0
105	1.0
106	0.983898153848319
107	0.9220420515895166
108	0.614475215120391
109	0.0013294115143324039
110	0.0001834751318635379
111	0.0009151932040789267
112	0.10472979393476876
113	0.02722277164592025
114	0.010446984132459676
115	0.01727970878760305
116	0.008597905811488844
117	0.09049436982916183
118	0.11544347070631858
119	0.15972263321475677
120	0.2819105719970956
121	0.9371316004437404
122	1.0
123	0.29597901853585135
124	0.20047693868989178
125	0.272905101478248
126	0.5396417421913038
127	0.9220420515895166
128	0.9680555771461439
129	0.013766972933527003
130	0.008597905811488844
131	0.005918968568537472
132	0.005823662247270204
133	0.004009124378788922
134	0.0077999812236976196
135	0.07819389939674361
136	0.06540703669975813
137	0.07447719441285175
138	0.1472709844146142
139	1.0
140	1.0
141	0.983898153848319
142	1.0
143	1.0
144	1.0
145	0.1252041276287828
146	0.1013842611119193
147	0.06435386265758217
148	0.037664258914665634
149	0.10472979393476876
150	0.9680555771461439
151	0.9680555771461439
152	0.8925879504044915
153	0.9680555771461439
154	0.9220420515895166
155	0.6347520014624478
156	0.7227746524257428
157	0.47392181612761314
158	0.19094788792081194
159	0.23201342268367284
160	0.3370231708678045
161	0.8925879504044915
162	0.9524680951766464
163	0.9524680951766464
164	0.0057298905337253465
165	0.00414141963895089
166	0.02592882145501866
167	0.983898153848319
168	1.0
169	0.983898153848319
170	1.0
171	1.0
172	1.0
173	1.0
174	1.0
175	0.04804821315291659
176	0.0024238405452939728
177	0.003142691241050616
178	0.9371316004437404
179	0.8925879504044915
180	1.0
181	1.0
182	0.9071954723294546
183	0.8501615448994049
184	0.9524680951766464
185	0.983898153848319
186	0.983898153848319
187	0.8364723744993592
188	0.8501615448994049
189	0.4587826572335587
190	0.5758441417787837
191	0.46629079995640105
192	0.3775797899972509
193	0.8097517472627825
194	0.9680555771461439
195	0.8364723744993592
196	0.7227746524257428
197	0.677334966787895
198	0.6347520014624478
199	0.7967132492072909
200	1.0
