1	0.9371316004437403
2	0.746625162324361
3	0.6045810297425014
4	0.9371316004437403
5	0.8501615448994048
6	0.566571988000515
7	0.5852680376789872
8	0.6773349667878948
9	0.9680555771461438
10	0.9680555771461438
11	0.5396417421912961
12	0.7111366461700386
13	0.5396417421912961
14	0.4975723790934037
15	0.5224031981891457
16	0.9680555771461438
17	0.8501615448994048
18	0.9838981538483189
19	0.5574491330158785
20	0.20709238541955044
21	0.03099782162027481
22	0.014690543918280221
23	0.0014185963995909494
24	0.009632558682416177
25	0.012693727967806583
26	0.010968329737619124
27	0.02858129504156406
28	0.16233655139003356
29	0.01354529925337699
30	0.0005185228330395549
31	0.0024238405452939723
32	0.0020274756563298706
33	0.009632558682416177
34	0.012090370898187255
35	0.014690543918280221
36	0.052110652730084805
37	0.9680555771461438
38	0.9680555771461438
39	0.07093715149650967
40	0.1425664978143701
41	0.9838981538483189
42	0.1425664978143701
43	0.11175569566235759
44	0.39642250686330754
45	0.9680555771461438
46	0.07327797408660716
47	0.07447719441285175
48	0.06331764666180337
49	0.9680555771461438
50	0.9524680951766463
51	0.9680555771461438
52	0.011147830387442924
53	0.006962169253653824
54	0.013992274382953427
55	0.0876035794134446
56	0.5574491330158785
57	0.9680555771461438
58	0.9838981538483189
59	0.9838981538483189
60	0.5574491330158785
61	0.055606547367958434
62	0.018438935128663837
63	0.0031941225103010837
64	0.037664258914665634
65	0.06331764666180337
66	0.05651656845829486
67	0.09656527406216149
68	0.6556978921951199
69	0.11175569566235759
70	0.025100540218357226
71	0.06979493239667438
72	0.2599334021689762
73	0.9071954723294418
74	0.012288234154010974
75	0.00652446881523681
76	0.005198130749138962
77	0.011515692539375738
78	0.06229811565656762
79	0.9838981538483189
80	0.11175569566235759
81	0.023143753598939273
82	0.01727970878760305
83	0.4095038717012343
84	0.0370577948122046
85	0.614475215120391
86	0.7588439508744758
87	0.018142034232021265
88	0.2037578156903431
89	0.9838981538483189
90	0.06756537356313871
91	0.07093715149650967
92	0.04430247303072529
93	0.09348055211451997
94	0.1252041276287828
95	0.07093715149650967
96	0.041517247454899237
97	0.8097517472627709
98	0.7967132492072908
99	0.9524680951766463
100	0.9371316004437403
101	0.9371316004437403
102	0.9524680951766463
103	0.8925879504044915
104	0.9524680951766463
105	0.4739218161276131
106	0.48956054519592274
107	0.9524680951766463
108	0.24757827243666986
109	0.06331764666180337
110	0.014930959938100641
111	0.01999793295422595
112	0.9680555771461438
113	0.9680555771461438
114	0.9838981538483189
115	0.9524680951766463
116	0.015932618141390915
117	0.007674387126047693
118	0.034728030561276546
119	0.25574799451756824
120	0.8097517472627709
121	0.5309525138815068
122	0.614475215120391
123	0.8925879504044915
124	0.8925879504044915
125	0.9680555771461438
126	0.9838981538483189
127	0.9838981538483189
128	0.9838981538483189
129	0.07447719441285175
130	0.03890712455342798
131	0.042196692099190254
132	0.04651334071458662
133	0.05383022830539263
134	0.05651656845829486
135	0.04288725609876025
136	0.20047693868989175
137	0.20709238541955044
138	0.5758441417787838
139	0.4095038717012343
140	0.7967132492072908
141	0.6045810297425014
142	0.02812108342598899
143	0.05838153282986845
144	0.39642250686330754
145	0.4095038717012343
146	0.4739218161276131
147	0.9838981538483189
148	0.0876035794134446
149	0.01170415097775544
150	0.005546852487609716
151	0.003944570074838709
152	0.042196692099190254
153	0.9680555771461438
154	0.29597901853585135
155	0.5852680376789872
156	0.6451399456130124
157	0.7588439508744758
158	0.9524680951766463
159	0.3775797899972509
160	0.31583506350196977
161	0.32625716018605594
162	0.08619300005539272
163	0.03828064801966493
164	0.019047393108381876
165	0.9371316004437403
166	0.9838981538483189
167	0.16233655139003356
168	0.03254473486014822
169	0.9071954723294418
170	0.9220420515895166
171	0.06030803830703578
172	0.014930959938100641
173	0.003092088110184961
174	0.0006508274257463042
175	0.011515692539375738
176	0.012090370898187255
177	0.0004553748598836633
178	0.0024238405452939723
179	0.42301690250932045
180	0.823003625015039
181	0.7227746524257427
182	0.19094788792080922
183	0.017562497419084194
184	0.02635315591720863
185	0.020657835589543774
186	0.011147830387442924
187	0.004209195456615611
188	0.01619336115132798
189	0.041517247454899237
190	0.3008228213237163
191	0.9524680951766463
192	0.8501615448994048
193	0.22460188780169194
194	0.2599334021689762
195	0.34253867592860743
196	0.8782156365502464
197	0.8925879504044915
198	0.6045810297425014
199	0.823003625015039
200	0.9838981538483189
