1	0.6664286233595221
2	0.6664286233595221
3	0.20047693868989175
4	0.20047693868989175
5	1.0
6	1.0
7	1.0
8	0.9371316004437271
9	0.8640747434825014
10	0.7712627042813326
11	0.8640747434825014
12	0.7712627042813326
13	0.3715000583087311
14	0.4441271100328678
15	0.9838981538483189
16	0.21392613224755636
17	0.003944570074838652
18	0.0017236818362313128
19	0.0028051283336034574
20	0.23581040555487973
21	0.9838981538483189
22	1.0
23	0.7712627042813326
24	0.7712627042813326
25	0.0037570771454723726
26	0.0047928951403666395
27	0.23581040555487973
28	0.23581040555487973
29	0.40950387170122265
30	0.8230036250150273
31	0.8230036250150273
32	1.0
33	0.9371316004437271
34	0.11733274450692356
35	0.000803736982286617
36	5.007129947995231e-05
37	0.001042105339497173
38	0.0005185228330395475
39	0.0017236818362313128
40	0.002945115272426226
41	0.001962709116638114
42	0.07093715149650866
43	0.9524680951766462
44	0.9680555771461301
45	0.12933568132305998
46	0.08209608258032047
47	0.8925879504044915
48	0.9371316004437271
49	0.9524680951766462
50	0.9371316004437271
51	0.9220420515895036
52	0.907195472329429
53	0.02858129504156366
54	0.11358461770178932
55	1.0
56	0.7111366461700386
57	0.6664286233595221
58	0.22098538275893195
59	0.07327797408660716
60	0.35384195289533016
61	0.3315964756209393
62	0.3370231708678045
63	0.5057153295259705
64	0.3837590186752749
65	0.6347520014624388
66	0.7712627042813326
67	0.758843950874465
68	0.9371316004437271
69	0.8925879504044915
70	0.8501615448993928
71	0.8501615448993928
72	0.699686033300586
73	0.9220420515895036
74	0.40950387170122265
75	0.2865241396118647
76	0.20375781569033732
77	0.1909478879208065
78	0.3775797899972455
79	0.210481526578285
80	0.31074953590015464
81	0.6884197964379
82	0.45139540946972445
83	0.6773349667878853
84	0.699686033300586
85	0.6045810297425014
86	0.7712627042813326
87	0.4230169025093144
88	0.47392181612760637
89	0.8097517472627594
90	0.8640747434825014
91	0.8364723744993591
92	0.8782156365502339
93	0.012090370898187257
94	0.00335352178878879
95	0.001042105339497173
96	0.0003291334060758267
97	0.0018393167356805958
98	0.003881055214359075
99	0.040848743123739185
100	1.0
101	1.0
102	1.0
103	1.0
104	0.040848743123739185
105	0.003881055214359075
106	0.002198897168339186
107	0.0005809207180139167
108	0.00027981656498743195
109	0.004491573493650752
110	0.028121083425988593
111	0.9371316004437271
112	0.9220420515895036
113	0.9680555771461301
114	0.08343961441457963
115	0.010446984132459453
116	0.004141419638950832
117	0.006015834611932686
118	0.001186616698822083
119	0.0019311058764015325
120	0.0008576564720537012
121	0.0016417519552458229
122	0.1496811268916314
123	0.8364723744993591
124	0.45139540946972445
125	0.6144752151203824
126	0.02858129504156366
127	0.2729051014782402
128	0.3370231708678045
129	0.3370231708678045
130	0.02722277164592025
131	0.1380122933233906
132	0.481677716615238
133	0.9220420515895036
134	0.5309525138815068
135	0.04576439005839962
136	0.018142034232021265
137	0.05127157501696131
138	0.2396695274125223
139	1.0
140	0.5852680376789788
141	0.5758441417787756
142	0.6045810297425014
143	0.5948461590153628
144	0.009790198959862089
145	0.0010764932965619026
146	0.004715720680195249
147	0.49757237909340374
148	0.5852680376789788
149	0.47392181612760637
150	0.48956054519590886
151	0.01170415097775544
152	0.005823662247270162
153	0.011515692539375575
154	1.0
155	0.49757237909340374
156	0.481677716615238
157	0.5758441417787756
158	0.9838981538483189
159	0.6451399456130033
160	0.4587826572335522
161	0.4230169025093144
162	0.41620554942555466
163	0.466290799956401
164	0.2396695274125223
165	0.2865241396118647
166	0.31583506350196533
167	0.5852680376789788
168	0.5948461590153628
169	0.6773349667878853
170	0.7346031188276299
171	0.15462038588001104
172	0.1597226332147545
173	0.699686033300586
174	0.8097517472627594
175	1.0
176	0.9838981538483189
177	0.8364723744993591
178	0.8501615448993928
179	0.8925879504044915
180	0.03646109590141792
181	0.09049436982916054
182	0.07209806342155672
183	0.05560654736795764
184	0.4299397258291107
185	0.758843950874465
186	0.9680555771461301
187	0.7838846950415491
188	0.9838981538483189
189	0.746625162324361
190	0.7838846950415491
191	0.548473172838661
192	0.6884197964379
193	0.7111366461700386
194	0.9838981538483189
195	0.4230169025093144
196	0.41620554942555466
197	0.8782156365502339
198	0.8782156365502339
199	1.0
200	1.0
