1	0.7967132492072908
2	0.7588439508744758
3	0.7346031188276402
4	0.06229811565656806
5	0.12318811002814956
6	0.210481526578285
7	0.7227746524257325
8	0.10644373457266823
9	0.18187177108593688
10	0.2641873055176485
11	0.2641873055176485
12	0.15715080394779135
13	0.10472979393476874
14	0.24757827243667163
15	0.18787327440651988
16	0.8782156365502464
17	0.10995622264422977
18	0.07447719441285122
19	0.12933568132305906
20	0.22827757824649536
21	0.7712627042813326
22	0.699686033300596
23	0.7588439508744758
24	0.7346031188276402
25	0.8097517472627709
26	0.023522509426831414
27	0.019359110527732683
28	0.012901465378461815
29	0.40950387170122843
30	0.7346031188276402
31	0.7227746524257325
32	0.7227746524257325
33	0.9524680951766463
34	0.8925879504044913
35	0.5224031981891457
36	0.585268037678987
37	0.4299397258291138
38	0.7346031188276402
39	0.699686033300596
40	0.18187177108593688
41	0.07819389939674416
42	0.15715080394779135
43	0.40291010336057753
44	0.8097517472627709
45	0.9680555771461301
46	0.466290799956401
47	0.5758441417787797
48	0.8364723744993591
49	0.9371316004437404
50	0.7838846950415601
51	0.5484731728386688
52	0.25993340216897615
53	0.3900393726467364
54	0.699686033300596
55	0.47392181612760975
56	0.12120455403275993
57	0.2819105719970956
58	0.5139915422627543
59	0.5948461590153669
60	0.342538675928605
61	0.2819105719970956
62	0.29121320991525734
63	0.3008228213237163
64	0.21392613224755785
65	0.305745894681384
66	0.21742711012397725
67	0.210481526578285
68	0.210481526578285
69	0.9071954723294418
70	0.6664286233595269
71	0.8925879504044913
72	0.7588439508744758
73	0.8501615448994049
74	0.13579004060925665
75	0.08903724340857869
76	0.13145230613269226
77	0.10818572446379161
78	0.8230036250150389
79	0.9071954723294418
80	0.9371316004437404
81	0.9838981538483188
82	0.9371316004437404
83	0.9371316004437404
84	0.9371316004437404
85	0.9371316004437404
86	0.9071954723294418
87	0.7967132492072908
88	0.8364723744993591
89	0.18187177108593688
90	0.14968112689163246
91	0.09197534264619907
92	0.1623365513900324
93	0.8501615448994049
94	0.7111366461700486
95	0.8364723744993591
96	0.6045810297425014
97	0.677334966787895
98	0.09348055211452064
99	0.19724888986614988
100	0.2729051014782441
101	0.699686033300596
102	0.3900393726467364
103	0.5309525138815104
104	0.32100381758685337
105	0.19407281858793388
106	0.3596327033558822
107	0.19724888986614988
108	0.14727098441461417
109	0.8782156365502464
110	0.6144752151203867
111	0.3964225068633104
112	0.45139540946972445
113	0.5057153295259778
114	0.4895605451959158
115	0.5665719880005149
116	0.7967132492072908
117	0.7712627042813326
118	0.5139915422627543
119	0.5396417421912961
120	0.1649932472736998
121	0.3538419528953326
122	0.3596327033558822
123	0.1192529369508413
124	0.25162997965624534
125	0.09656527406216081
126	0.06229811565656806
127	0.17322705937262906
128	0.47392181612760975
129	0.8925879504044913
130	0.6884197964379097
131	0.7111366461700486
132	0.5948461590153669
133	0.5758441417787797
134	0.5665719880005149
135	0.585268037678987
136	0.6664286233595269
137	0.746625162324361
138	0.33159647562094163
139	0.5057153295259778
140	0.22460188780169354
141	0.1272531380804732
142	0.10472979393476874
143	0.19407281858793388
144	0.25162997965624534
145	0.5484731728386688
146	0.2865241396118667
147	0.9371316004437404
148	0.27737129133826793
149	0.3262571601860513
150	0.24757827243667163
151	0.3964225068633104
152	0.6045810297425014
153	0.17043778391330164
154	0.04502749889045406
155	0.044302473030725285
156	0.07447719441285122
157	0.7588439508744758
158	0.19724888986614988
159	0.19094788792080922
160	0.19094788792080922
161	0.8501615448994049
162	0.2557479945175664
163	0.23581040555488306
164	0.22827757824649536
165	0.2557479945175664
166	0.5309525138815104
167	0.9524680951766463
168	0.9071954723294418
169	0.7111366461700486
170	0.7227746524257325
171	0.677334966787895
172	0.7588439508744758
173	0.7227746524257325
174	0.7227746524257325
175	0.6884197964379097
176	0.7227746524257325
177	0.5396417421912961
178	0.11733274450692356
179	0.08209608258032164
180	0.05383022830539225
181	0.03416884515602848
182	0.05383022830539225
183	0.7111366461700486
184	0.7111366461700486
185	0.7111366461700486
186	0.746625162324361
187	0.34814444420780405
188	0.31074953590015686
189	0.29121320991525734
190	0.14727098441461417
191	0.11358461770178932
192	0.07947357060372963
193	0.14489964968096242
194	0.31583506350196977
195	0.09975178733729258
196	0.09049436982916116
197	0.7588439508744758
198	0.7588439508744758
199	0.9838981538483188
200	0.9838981538483188
