1	0.9220420515895167
2	0.9371316004437404
3	0.9220420515895167
4	0.9220420515895167
5	0.9524680951766599
6	0.9838981538483189
7	0.6451399456130033
8	0.6451399456130033
9	0.6996860333005961
10	0.8782156365502339
11	0.9680555771461301
12	0.39003937264673083
13	0.3775797899972509
14	0.9680555771461301
15	0.9838981538483189
16	0.8640747434825014
17	0.8501615448994049
18	0.25574799451756824
19	0.4095038717012285
20	0.9680555771461301
21	0.481677716615238
22	0.3315964756209441
23	0.39642250686331315
24	0.7967132492072909
25	0.7227746524257325
26	0.9524680951766599
27	0.06979493239667436
28	0.007674387126047693
29	0.0011302145468318856
30	0.0024635075651007273
31	0.004951053693111541
32	0.011330268629776648
33	0.011330268629776648
34	0.007191910689857913
35	0.04358912142584555
36	0.9524680951766599
37	0.9680555771461301
38	0.7227746524257325
39	0.6996860333005961
40	0.1252041276287828
41	0.04151724745489924
42	0.025928821455018843
43	0.02510054021835723
44	0.0034084033755650564
45	0.014453999040223766
46	0.9680555771461301
47	0.9371316004437404
48	0.9680555771461301
49	0.0020943793974173754
50	0.0004704015664329192
51	0.000433730025384725
52	0.03361866366814549
53	0.08760357941344458
54	0.9838981538483189
55	0.9838981538483189
56	0.9838981538483189
57	0.9838981538483189
58	0.09656527406216149
59	0.030498699465507456
60	0.007550815325235632
61	0.008881624169591297
62	0.007927630713798489
63	0.9838981538483189
64	0.9838981538483189
65	0.9680555771461301
66	0.9220420515895167
67	0.01843893512866384
68	0.0003084413155953434
69	0.0002302900473239127
70	0.0030920881101849616
71	0.12725313808047323
72	0.28652413961186873
73	0.783884695041549
74	0.746625162324361
75	0.5057153295259778
76	0.6451399456130033
77	0.18787327440651988
78	0.09501039487561765
79	0.07209806342155774
80	0.06756537356313776
81	0.06435386265758127
82	0.0612950009827268
83	0.052110652730085555
84	0.05383022830539263
85	0.002715520127955534
86	0.9371316004437404
87	0.005032079462438764
88	0.0043480927706904
89	0.05383022830539263
90	0.06867110513305615
91	0.2037578156903402
92	0.9680555771461301
93	0.9838981538483189
94	0.29597901853585135
95	0.6245313223904276
96	0.3008228213237163
97	0.34253867592860743
98	0.18187177108593688
99	0.35384195289533515
100	0.5758441417787756
101	0.783884695041549
102	0.823003625015039
103	0.9071954723294419
104	0.8501615448994049
105	0.9371316004437404
106	0.9371316004437404
107	0.9524680951766599
108	0.9371316004437404
109	0.8364723744993591
110	0.7111366461700486
111	0.29597901853585135
112	0.3008228213237163
113	0.8782156365502339
114	0.8925879504044913
115	0.9524680951766599
116	0.9371316004437404
117	0.614475215120391
118	0.614475215120391
119	0.7967132492072909
120	0.7967132492072909
121	0.6884197964379097
122	0.6773349667878948
123	0.16769342093829617
124	0.17894329980857993
125	0.3008228213237163
126	0.47392181612761314
127	0.4975723790934037
128	0.6045810297425014
129	0.2037578156903402
130	0.02277109643911641
131	0.004491573493650752
132	0.004278080449843506
133	0.013327194928720634
134	0.013327194928720634
135	0.052963462250909324
136	0.052963462250909324
137	0.05560654736795844
138	0.05744148237014259
139	0.05838153282986845
140	0.06435386265758127
141	0.08760357941344458
142	0.19407281858793252
143	0.9524680951766599
144	0.8640747434825014
145	0.8925879504044913
146	0.8364723744993591
147	0.5758441417787756
148	0.7712627042813326
149	0.9371316004437404
150	0.9220420515895167
151	0.8925879504044913
152	0.7346031188276403
153	0.614475215120391
154	0.7967132492072909
155	0.003299523896879449
156	0.0008716923278076609
157	0.04727454821686481
158	0.04727454821686481
159	0.04727454821686481
160	0.04727454821686481
161	0.0009301706690873582
162	0.001723681836231313
163	0.07093715149650967
164	0.9371316004437404
165	0.8782156365502339
166	0.8925879504044913
167	0.39003937264673083
168	0.39642250686331315
169	0.40291010336057753
170	0.9071954723294419
171	0.9680555771461301
172	0.9371316004437404
173	0.9371316004437404
174	0.9524680951766599
175	0.3775797899972509
176	0.3775797899972509
177	0.3775797899972509
178	0.176061982325188
179	0.031505112088108564
180	0.5758441417787756
181	0.07327797408660716
182	0.006015834611932686
183	0.08760357941344458
184	0.6347520014624477
185	0.9838981538483189
186	0.9838981538483189
187	0.9680555771461301
188	0.513991542262758
189	0.42301690250932045
190	0.4895605451959158
191	0.6347520014624477
192	0.03529636723622752
193	0.007927630713798489
194	0.00707610765039319
195	0.006850065475449525
196	0.011704150977755607
197	0.7111366461700486
198	0.9220420515895167
199	0.9524680951766599
200	0.9680555771461301
