1	1.0
2	0.10304345090533384
3	0.10138426111191785
4	0.08619300005539274
5	0.08760357941344458
6	0.09656527406216149
7	0.9680555771461301
8	0.823003625015039
9	0.7227746524257325
10	1.0
11	0.1336035702664359
12	0.042196692099189664
13	0.02352250942683125
14	0.9838981538483189
15	0.0009925720876842986
16	0.01493095993810043
17	0.016193361151327985
18	0.016727718463299887
19	0.018142034232021265
20	0.03150511208810857
21	0.06229811565656762
22	0.7967132492072909
23	0.8640747434825137
24	0.9371316004437272
25	0.9071954723294289
26	0.9524680951766464
27	0.9371316004437272
28	0.9371316004437272
29	0.9524680951766464
30	0.9524680951766464
31	0.9524680951766464
32	0.9680555771461301
33	0.9680555771461301
34	0.9680555771461301
35	0.9220420515895167
36	0.9220420515895167
37	0.9838981538483189
38	0.2516299796562454
39	0.005114431247540004
40	0.00024976089423135706
41	0.00020891808825478653
42	0.00022293356467315996
43	0.003042299783147321
44	1.0
45	0.7227746524257325
46	0.9220420515895167
47	0.16233655139003356
48	0.14489964968096344
49	0.1231881100281487
50	0.9680555771461301
51	0.9524680951766464
52	0.14489964968096344
53	0.15715080394779135
54	0.27290510147824404
55	1.0
56	0.9838981538483189
57	0.9838981538483189
58	0.9838981538483189
59	0.9680555771461301
60	0.24757827243666988
61	0.15715080394779135
62	0.18484816784601354
63	1.0
64	0.06540703669975813
65	0.06030803830703579
66	0.14727098441461212
67	0.9220420515895167
68	0.6773349667878854
69	0.0051981307491388885
70	0.001186616698822083
71	0.001206036106664975
72	0.0016153167178432329
73	0.08343961441457964
74	0.28191057199709163
75	0.9680555771461301
76	1.0
77	1.0
78	0.9838981538483189
79	1.0
80	0.21392613224755636
81	0.059336967552505365
82	0.019047393108381876
83	0.05211065273008481
84	0.4739218161276064
85	0.4895605451959158
86	0.013327194928720636
87	0.02352250942683125
88	0.07209806342155775
89	0.9524680951766464
90	0.9680555771461301
91	0.9680555771461301
92	1.0
93	1.0
94	0.9838981538483189
95	1.0
96	0.9838981538483189
97	0.05560654736795765
98	0.026784434765055293
99	0.5057153295259705
100	0.48167771661523806
101	0.0066312440873250705
102	0.007927630713798602
103	0.004209195456615611
104	0.011515692539375576
105	0.9680555771461301
106	1.0
107	1.0
108	0.9220420515895167
109	1.0
110	0.2959790185358472
111	0.2959790185358472
112	1.0
113	0.010113261253784644
114	0.020995908477665633
115	1.0
116	1.0
117	1.0
118	1.0
119	0.019997932954225667
120	0.02032520629905422
121	0.7712627042813436
122	0.33159647562093936
123	0.5396417421912962
124	0.9524680951766464
125	0.9524680951766464
126	0.9680555771461301
127	1.0
128	0.012288234154010976
129	0.005369661486237395
130	0.0038810552143590756
131	0.0038810552143590756
132	0.02032520629905422
133	0.0512715750169613
134	0.06979493239667438
135	0.08903724340857805
136	0.03646109590141792
137	0.042887256098759645
138	0.026784434765055293
139	0.030997821620274372
140	0.041517247454898654
141	0.08480513362914896
142	0.2070923854195505
143	0.9524680951766464
144	0.9220420515895167
145	0.05044600800408453
146	0.011515692539375576
147	0.016193361151327985
148	0.02352250942683125
149	0.03646109590141792
150	0.06540703669975813
151	0.1676934209382962
152	0.9680555771461301
153	0.5224031981891384
154	0.4029101033605776
155	0.5948461590153628
156	0.9524680951766464
157	0.9524680951766464
158	0.9524680951766464
159	0.9524680951766464
160	0.9071954723294289
161	1.0
162	0.3370231708678045
163	0.3425386759286075
164	0.14027091400017713
165	0.020995908477665633
166	0.00719191068985781
167	0.001206036106664975
168	0.002805128333603497
169	0.012489335512977493
170	0.002805128333603497
171	0.0057298905337253465
172	0.030498699465507897
173	0.016727718463299887
174	0.01593261814139069
175	0.015676073575284534
176	0.00029378051233887553
177	0.0005019589204015528
178	0.022771096439116734
179	0.034728030561276546
180	0.13579004060925667
181	1.0
182	0.9071954723294289
183	0.513991542262758
184	0.9220420515895167
185	0.9680555771461301
186	0.14256649781436606
187	0.1231881100281487
188	0.11358461770178932
189	0.0376642589146651
190	0.02722277164592025
191	0.9220420515895167
192	0.9838981538483189
193	0.9838981538483189
194	1.0
195	1.0
196	1.0
197	0.9838981538483189
198	1.0
199	1.0
200	1.0
