1	0.8925879504044915
2	0.8925879504044915
3	0.9220420515895036
4	0.9220420515895036
5	0.9838981538483049
6	0.9524680951766462
7	0.9371316004437406
8	0.9524680951766462
9	0.9371316004437406
10	0.9371316004437406
11	0.6451399456130033
12	0.9371316004437406
13	0.9680555771461301
14	0.2959790185358471
15	0.23581040555488308
16	0.0769348332586572
17	0.06647744631284323
18	0.06435386265758035
19	0.38375901867527495
20	0.7712627042813325
21	0.4895605451959158
22	0.7346031188276299
23	0.9838981538483049
24	0.9371316004437406
25	0.9371316004437406
26	0.9371316004437406
27	0.08760357941344458
28	0.11358461770178932
29	0.05744148237014259
30	0.21742711012397725
31	0.3425386759286026
32	0.9071954723294418
33	0.29121320991525734
34	0.2865241396118647
35	0.746625162324361
36	0.7838846950415602
37	0.7967132492072909
38	0.1231881100281487
39	0.02204368690561934
40	0.009174704819918202
41	0.003092088110184961
42	0.0034084033755650083
43	0.003246395470718101
44	0.002945115272426226
45	0.0012060361066649748
46	2.083995271050504e-05
47	1.9849390061746404e-05
48	0.0004859241323929736
49	4.616784369824832e-05
50	0.000976589844633953
51	0.007076107650393089
52	1.0
53	1.0
54	1.0
55	1.0
56	0.007076107650393089
57	0.000976589844633953
58	4.616784369824832e-05
59	0.0004859241323929736
60	1.9849390061746404e-05
61	2.1181006010625973e-05
62	0.0012060361066649748
63	0.002945115272426226
64	0.003246395470718101
65	0.0032995238968794023
66	0.0026287744047198904
67	0.008597905811488844
68	0.08209608258032165
69	0.17894329980857737
70	0.809751747262771
71	0.7967132492072909
72	0.4299397258291107
73	0.39642250686330754
74	0.12120455403275907
75	0.154620385880011
76	0.09656527406216012
77	0.052963462250909324
78	0.031505112088108564
79	0.1272531380804732
80	0.07209806342155672
81	0.3107495359001547
82	0.3158350635019698
83	0.37150005830873106
84	0.44412711003286787
85	0.08077418408895645
86	0.07947357060372963
87	0.1597226332147545
88	0.758843950874465
89	0.758843950874465
90	0.7967132492072909
91	0.8501615448993928
92	0.8640747434825014
93	0.3425386759286026
94	0.22827757824649536
95	0.34814444420780405
96	0.7838846950415602
97	0.16233655139003125
98	0.10644373457266824
99	0.0744771944128507
100	0.04883453939311235
101	0.045764390058400266
102	0.21742711012397725
103	0.32625716018605133
104	0.3107495359001547
105	0.277371291338266
106	0.2865241396118647
107	0.3057458946813841
108	0.6347520014624387
109	0.6451399456130033
110	0.3107495359001547
111	0.758843950874465
112	0.7346031188276299
113	0.746625162324361
114	0.746625162324361
115	0.746625162324361
116	0.758843950874465
117	0.7838846950415602
118	0.9680555771461301
119	0.2729051014782441
120	0.19407281858793252
121	0.19407281858793252
122	0.1314523061326923
123	0.06435386265758035
124	0.07569604040982107
125	0.24757827243666986
126	0.6556978921951105
127	0.7111366461700386
128	0.6884197964379
129	0.9220420515895036
130	0.566571988000515
131	0.5309525138815068
132	0.5948461590153628
133	0.6556978921951105
134	0.9524680951766462
135	0.19407281858793252
136	0.1314523061326923
137	0.3425386759286026
138	0.49757237909340374
139	0.8501615448993928
140	0.7967132492072909
141	0.8925879504044915
142	0.21742711012397725
143	0.24757827243666986
144	0.06756537356313774
145	0.06979493239667438
146	0.08760357941344458
147	0.176061982325188
148	0.3158350635019698
149	0.9371316004437406
150	0.9838981538483049
151	0.7111366461700386
152	0.42301690250932045
153	0.6884197964379
154	0.7967132492072909
155	0.7838846950415602
156	0.9524680951766462
157	0.8501615448993928
158	0.8364723744993591
159	0.6884197964379
160	0.5574491330158785
161	0.5852680376789788
162	0.5758441417787756
163	0.6144752151203824
164	0.05744148237014259
165	0.03202070454638286
166	0.2865241396118647
167	0.35963270335587966
168	0.33159647562093936
169	0.2959790185358471
170	0.44412711003286787
171	0.42301690250932045
172	0.42301690250932045
173	0.5057153295259778
174	0.03954385360034535
175	0.5139915422627507
176	0.548473172838661
177	0.566571988000515
178	0.9371316004437406
179	0.758843950874465
180	0.5057153295259778
181	0.01843893512866384
182	0.02168874285044923
183	0.4895605451959158
184	0.4895605451959158
185	0.9838981538483049
186	0.8782156365502339
187	0.8925879504044915
188	0.9838981538483049
189	0.5309525138815068
190	0.36551822152450336
191	0.3775797899972509
192	0.1272531380804732
193	0.1597226332147545
194	0.08343961441457963
195	0.0547111792972134
196	0.06435386265758035
197	0.1425664978143681
198	0.8782156365502339
199	0.9680555771461301
200	0.7227746524257325
