1	1.0
2	0.9680555771461301
3	0.9371316004437404
4	0.9838981538483188
5	0.7588439508744756
6	0.8640747434825012
7	0.8640747434825012
8	0.9220420515895035
9	0.9220420515895035
10	0.8925879504044913
11	0.05744148237014259
12	0.12318811002815043
13	0.09814559940423298
14	0.045764390058399614
15	0.07327797408660718
16	0.8782156365502338
17	0.8925879504044913
18	0.8782156365502338
19	0.17322705937262534
20	0.06979493239667438
21	0.031505112088108564
22	0.0330773411179359
23	0.06867110513305613
24	0.17322705937262534
25	0.9220420515895035
26	0.8782156365502338
27	0.16499324727370096
28	0.03202070454638285
29	0.0330773411179359
30	0.2641873055176485
31	1.0
32	1.0
33	1.0
34	0.9680555771461301
35	0.2685108255202324
36	0.16769342093829617
37	0.15715080394779135
38	0.27290510147824404
39	0.8230036250150389
40	0.8925879504044913
41	0.7227746524257325
42	0.7838846950415491
43	0.027668282067045125
44	0.04651334071458661
45	0.0512715750169613
46	0.017849913987938722
47	0.010113261253784643
48	0.008597905811488844
49	0.04502749889045374
50	0.9680555771461301
51	0.8364723744993591
52	0.6556978921951104
53	0.42301690250932045
54	0.6556978921951104
55	0.9524680951766462
56	0.9680555771461301
57	1.0
58	0.7588439508744756
59	0.4513954094697244
60	0.4095038717012285
61	1.0
62	1.0
63	1.0
64	0.0612950009827268
65	0.03202070454638285
66	0.017849913987938722
67	0.04651334071458661
68	0.044302473030725285
69	0.04651334071458661
70	0.0781938993967436
71	0.9838981538483188
72	0.7838846950415491
73	0.8782156365502338
74	0.9071954723294418
75	0.9680555771461301
76	0.013545299253376991
77	0.006015834611932685
78	0.0023086307871880733
79	0.0002417824266136699
80	0.0007291465512741477
81	0.001167509979296634
82	0.0003345197923062387
83	0.0008716923278076609
84	9.584799567368607e-05
85	0.023522509426831244
86	1.0
87	1.0
88	1.0
89	1.0
90	0.02390746372968351
91	0.0002580026396497394
92	0.0006944888267967083
93	0.00014856930860576711
94	0.0011487109132294472
95	0.0007174059456835026
96	4.616784369824832e-05
97	0.0023086307871880733
98	0.005369661486237471
99	0.012693727967806401
100	1.0
101	1.0
102	1.0
103	0.4162055494255546
104	0.4162055494255546
105	0.3775797899972509
106	0.39642250686331315
107	0.6556978921951104
108	0.6245313223904276
109	0.6664286233595221
110	0.1314523061326923
111	0.15715080394779135
112	1.0
113	0.11925293695084214
114	0.11925293695084214
115	0.03646109590141792
116	0.019997932954225667
117	0.04963373414423629
118	0.9524680951766462
119	0.9680555771461301
120	0.08903724340857933
121	0.10818572446379084
122	0.12318811002815043
123	1.0
124	0.9071954723294418
125	0.009632558682416177
126	0.016458371314135432
127	0.8925879504044913
128	0.15972263321475677
129	0.0009301706690873581
130	0.001094110495432293
131	0.016727718463300126
132	0.12318811002815043
133	0.9371316004437404
134	0.3655182215245033
135	0.3655182215245033
136	0.7967132492072908
137	0.7838846950415491
138	0.5665719880005149
139	0.5665719880005149
140	0.6347520014624477
141	0.8925879504044913
142	0.8230036250150389
143	0.9220420515895035
144	0.8364723744993591
145	0.9371316004437404
146	0.9071954723294418
147	0.176061982325188
148	0.13579004060925665
149	0.6451399456130031
150	0.09049436982916054
151	0.025928821455018843
152	0.027668282067045125
153	0.12120455403275907
154	0.2037578156903402
155	0.9524680951766462
156	1.0
157	0.03202070454638285
158	0.02204368690561934
159	0.9371316004437404
160	0.9838981538483188
161	0.09814559940423298
162	0.028581295041563655
163	0.038907124553427985
164	0.9220420515895035
165	0.04151724745489924
166	0.000650827425746295
167	0.001780560824113815
168	0.001589307136566305
169	0.005729890533725346
170	0.8925879504044913
171	0.09975178733729329
172	0.09656527406216149
173	0.9220420515895035
174	0.1272531380804732
175	0.0612950009827268
176	0.032544734860148215
177	0.06540703669975811
178	0.6347520014624477
179	0.7346031188276402
180	0.025100540218357226
181	0.013766972933527001
182	0.011147830387442765
183	0.02204368690561934
184	0.12318811002815043
185	0.22460188780169194
186	0.9371316004437404
187	0.9371316004437404
188	1.0
189	0.06030803830703493
190	0.03361866366814549
191	0.028581295041563655
192	0.02168874285044923
193	0.024298717947761454
194	0.9838981538483188
195	0.9680555771461301
196	0.9371316004437404
197	0.8782156365502338
198	1.0
199	0.7111366461700385
200	1.0
