1	0.9838981538483329
2	0.8640747434825014
3	0.8782156365502464
4	0.8782156365502464
5	0.8640747434825014
6	0.8501615448994048
7	0.9838981538483329
8	0.48956054519592274
9	0.42301690250932045
10	0.41620554942555466
11	0.9680555771461301
12	1.0
13	0.3481444442078041
14	0.2516299796562454
15	0.3008228213237163
16	0.29597901853585135
17	0.09197534264619908
18	0.7588439508744759
19	0.7712627042813436
20	0.0612950009827268
21	0.04576439005840027
22	0.04502749889045439
23	0.10644373457266824
24	0.22827757824649536
25	0.9524680951766598
26	0.9071954723294419
27	0.8925879504045041
28	0.9371316004437406
29	0.06540703669975813
30	0.04963373414423629
31	0.09049436982916183
32	0.20375781569034024
33	0.06540703669975813
34	0.7466251623243612
35	1.0
36	0.9680555771461301
37	0.9680555771461301
38	0.5224031981891458
39	0.09501039487561765
40	0.053830228305392636
41	0.6347520014624477
42	0.5309525138815143
43	0.3775797899972509
44	0.4095038717012285
45	0.513991542262758
46	0.7466251623243612
47	0.7346031188276507
48	0.7111366461700487
49	0.7346031188276507
50	0.8640747434825014
51	0.9838981538483329
52	0.7967132492073022
53	0.677334966787895
54	0.5948461590153711
55	0.9220420515895167
56	0.9371316004437406
57	0.46629079995640094
58	0.39642250686331315
59	0.36551822152450847
60	0.35963270335588476
61	0.15715080394779135
62	0.21742711012398036
63	0.7838846950415602
64	1.0
65	0.8230036250150506
66	0.9071954723294419
67	1.0
68	0.9680555771461301
69	0.2139261322475594
70	0.06540703669975813
71	0.6347520014624477
72	0.6451399456130125
73	0.6347520014624477
74	0.6347520014624477
75	0.6556978921951199
76	0.9838981538483329
77	0.32625716018605594
78	0.41620554942555466
79	0.9838981538483329
80	0.9838981538483329
81	0.9680555771461301
82	0.6245313223904277
83	0.7227746524257325
84	0.13579004060925667
85	0.2004769386898946
86	0.12933568132306184
87	0.09348055211452132
88	0.12725313808047323
89	0.2070923854195534
90	0.7712627042813436
91	0.8640747434825014
92	0.7838846950415602
93	0.7712627042813436
94	0.48167771661524483
95	0.41620554942555466
96	0.5396417421912961
97	0.8230036250150506
98	0.12520412762878458
99	0.09197534264619908
100	0.09348055211452132
101	0.7588439508744759
102	0.7712627042813436
103	0.9220420515895167
104	0.9371316004437406
105	0.9838981538483329
106	0.8925879504045041
107	0.18787327440651988
108	0.18787327440651988
109	0.11358461770178932
110	0.8782156365502464
111	0.44412711003287414
112	0.5396417421912961
113	0.5758441417787838
114	0.7967132492073022
115	0.7838846950415602
116	0.4587826572335587
117	0.2641873055176485
118	0.1425664978143681
119	0.03646109590141792
120	0.012090370898187429
121	0.0003134890683440532
122	1.6875188120205215e-05
123	4.397339814568434e-05
124	3.678253276172629e-05
125	2.4512932672073777e-05
126	0.0007907953330514327
127	0.03529636723622752
128	0.9680555771461301
129	0.9524680951766598
130	1.0
131	1.0
132	1.0
133	1.0
134	0.9524680951766598
135	0.0029933131400918323
136	0.0008037369822866172
137	2.1527640770318603e-05
138	3.678253276172629e-05
139	4.3265345253976524e-05
140	1.1617213570563106e-05
141	6.70635038927341e-05
142	0.005637628717885406
143	0.04288725609876025
144	0.08343961441458082
145	0.12318811002815044
146	0.18787327440651988
147	0.513991542262758
148	0.5224031981891458
149	0.11733274450692358
150	0.11733274450692358
151	0.13801229332339254
152	0.8782156365502464
153	0.7712627042813436
154	0.9371316004437406
155	0.8925879504045041
156	0.14027091400017716
157	0.10818572446379393
158	0.21742711012398036
159	0.2004769386898946
160	0.17043778391330164
161	0.9220420515895167
162	0.9680555771461301
163	0.7227746524257325
164	0.7712627042813436
165	0.7466251623243612
166	0.06647744631284419
167	0.0046397888713085094
168	0.012901465378461817
169	0.18787327440651988
170	0.2516299796562454
171	0.9680555771461301
172	0.9680555771461301
173	0.15715080394779135
174	0.10138426111191785
175	0.0997517873372933
176	0.12520412762878458
177	0.3900393726467364
178	0.9524680951766598
179	0.9838981538483329
180	0.9524680951766598
181	0.9680555771461301
182	0.6884197964379097
183	0.6245313223904277
184	0.9071954723294419
185	0.9071954723294419
186	0.25574799451756824
187	0.21742711012398036
188	0.809751747262771
189	0.7967132492073022
190	0.7712627042813436
191	0.7967132492073022
192	0.7838846950415602
193	0.9524680951766598
194	0.22460188780169515
195	0.24359180518339907
196	0.8925879504045041
197	0.5574491330158785
198	0.19724888986614988
199	0.3008228213237163
200	0.9524680951766598
