1	1.0
2	0.9680555771461301
3	0.9838981538483258
4	0.9838981538483258
5	0.7712627042813435
6	0.7346031188276454
7	0.746625162324361
8	1.0
9	0.9838981538483258
10	0.9838981538483258
11	0.836472374499359
12	0.6884197964379146
13	0.3900393726467363
14	0.5948461590153669
15	0.746625162324361
16	0.87821563655024
17	0.8640747434825012
18	0.9524680951766529
19	0.8501615448993988
20	0.5484731728386727
21	0.3315964756209417
22	0.42301690250932045
23	0.1314523061326923
24	0.4029101033605775
25	0.03254473486014845
26	0.02099590847766578
27	0.3655182215245059
28	0.6245313223904277
29	0.01967592931444509
30	0.002060656022576925
31	0.0025864462836876503
32	0.15213071221465965
33	0.17322705937262903
34	0.5224031981891457
35	0.43697584363533404
36	0.3900393726467363
37	0.18787327440651988
38	0.08619300005539333
39	0.10644373457266823
40	0.4029101033605775
41	0.6451399456130031
42	0.6451399456130031
43	0.6773349667878948
44	0.7346031188276454
45	0.11175569566235838
46	0.00947745670446487
47	0.14256649781436806
48	0.09501039487561763
49	0.19094788792080783
50	0.8925879504044912
51	0.8925879504044912
52	0.87821563655024
53	0.87821563655024
54	0.8925879504044912
55	0.19094788792080783
56	0.1293356813230609
57	0.1314523061326923
58	0.11544347070631938
59	0.25993340216897615
60	0.836472374499359
61	0.8640747434825012
62	0.9524680951766529
63	0.9680555771461301
64	0.9680555771461301
65	0.9371316004437403
66	0.7346031188276454
67	0.7967132492072964
68	0.9524680951766529
69	0.9071954723294418
70	0.9071954723294418
71	0.9371316004437403
72	0.9524680951766529
73	0.6245313223904277
74	0.42301690250932045
75	0.348144444207804
76	0.585268037678987
77	0.5139915422627616
78	0.5139915422627616
79	0.4895605451959192
80	0.7111366461700436
81	0.7346031188276454
82	0.3964225068633103
83	0.6347520014624431
84	0.7838846950415546
85	0.7967132492072964
86	0.5484731728386727
87	0.6347520014624431
88	0.6347520014624431
89	0.6773349667878948
90	0.6884197964379146
91	0.9071954723294418
92	0.5574491330158785
93	0.4095038717012313
94	0.4587826572335619
95	0.4441271100328709
96	0.10995622264422976
97	0.4029101033605775
98	0.2557479945175664
99	0.4816777166152414
100	0.8925879504044912
101	0.23581040555488306
102	0.0593369675525062
103	0.02858129504156406
104	0.014453999040223658
105	0.01079171937964315
106	0.0075508153252356845
107	0.015423659850313085
108	0.9838981538483258
109	0.6556978921951151
110	0.35963270335588216
111	0.7111366461700436
112	0.9838981538483258
113	0.01700147357515921
114	0.013992274382953326
115	0.09348055211452064
116	0.9838981538483258
117	0.9838981538483258
118	0.9838981538483258
119	0.9838981538483258
120	1.0
121	0.09348055211452064
122	0.009632558682416177
123	0.015423659850313085
124	1.0
125	1.0
126	0.37757978999725084
127	0.34253867592860987
128	1.0
129	1.0
130	0.012901465378461815
131	0.005369661486237471
132	0.0042091954566156106
133	0.018740694914959985
134	0.02635315591720863
135	0.056516568458294045
136	0.2209853827589335
137	0.6664286233595268
138	0.42301690250932045
139	0.49757237909340724
140	0.585268037678987
141	0.5309525138815104
142	0.4095038717012313
143	0.41620554942555466
144	0.3538419528953326
145	0.5224031981891457
146	0.2865241396118667
147	0.2865241396118667
148	0.2912132099152615
149	0.4095038717012313
150	0.5309525138815104
151	0.6664286233595268
152	0.6451399456130031
153	0.7227746524257324
154	0.5224031981891457
155	0.5396417421912961
156	0.7111366461700436
157	0.3837590186752776
158	0.3262571601860559
159	0.42301690250932045
160	0.22460188780169194
161	0.15972263321475563
162	0.42301690250932045
163	0.5948461590153669
164	0.7838846950415546
165	0.7588439508744702
166	0.809751747262771
167	0.87821563655024
168	0.7967132492072964
169	0.836472374499359
170	0.746625162324361
171	0.809751747262771
172	0.8230036250150448
173	0.809751747262771
174	0.8230036250150448
175	0.8925879504044912
176	0.8925879504044912
177	0.746625162324361
178	0.6144752151203954
179	0.26418730551764663
180	0.19094788792080783
181	0.0781938993967436
182	0.176061982325188
183	0.09197534264619842
184	0.10472979393476874
185	0.43697584363533404
186	0.28191057199709557
187	0.6144752151203954
188	0.7838846950415546
189	0.1789432998085786
190	0.044302473030725285
191	0.03472803056127679
192	0.031505112088108786
193	0.06129500098272679
194	0.08760357941344458
195	0.5309525138815104
196	0.020325206299054217
197	0.02277109643911673
198	0.19724888986614988
199	0.5224031981891457
200	0.746625162324361
