1	1.0
2	0.14968112689163143
3	0.0027155201279555345
4	0.0009151932040789138
5	6.598365767066063e-05
6	4.1208860981214975e-05
7	0.0005019589204015528
8	0.0001145859667284918
9	0.01999793295422595
10	1.0
11	1.0
12	1.0
13	1.0
14	1.0
15	0.022404439747548983
16	0.00016376769190026909
17	0.0005101736581558144
18	2.4512932672073774e-05
19	3.5034188915334274e-05
20	0.0007174059456835077
21	0.0011866166988220915
22	0.14489964968096344
23	0.9524680951766463
24	0.9071954723294419
25	0.8640747434825012
26	0.823003625015039
27	0.809751747262771
28	0.823003625015039
29	0.7346031188276507
30	0.7466251623243612
31	0.7712627042813435
32	0.7967132492072908
33	0.9680555771461301
34	0.8501615448994049
35	0.8364723744993592
36	0.8501615448994049
37	0.8782156365502465
38	0.09197534264619907
39	0.03416884515602848
40	0.043589121425845555
41	0.22460188780169196
42	0.2209853827589351
43	0.7466251623243612
44	0.823003625015039
45	0.5224031981891458
46	0.6045810297425015
47	0.5948461590153628
48	0.7588439508744759
49	0.566571988000515
50	0.677334966787895
51	0.6045810297425015
52	0.5309525138815143
53	0.8925879504044913
54	0.8501615448994049
55	0.7712627042813435
56	0.7712627042813435
57	0.8640747434825012
58	0.9680555771461301
59	0.809751747262771
60	0.5852680376789872
61	0.3837590186752804
62	0.7712627042813435
63	0.823003625015039
64	0.3210038175868511
65	0.2959790185358514
66	0.09348055211451999
67	0.210481526578285
68	0.21742711012398036
69	0.7466251623243612
70	0.7111366461700487
71	0.9371316004437404
72	0.7838846950415602
73	0.7712627042813435
74	0.7588439508744759
75	0.7838846950415602
76	0.8925879504044913
77	0.8501615448994049
78	0.8364723744993592
79	0.9220420515895167
80	0.9220420515895167
81	0.9371316004437404
82	0.019675929314445093
83	0.01493095993810043
84	0.015676073575284756
85	0.026784434765055674
86	0.06647744631284419
87	1.0
88	0.1252041276287828
89	0.4739218161276131
90	0.9838981538483329
91	0.06979493239667436
92	0.020325206299054217
93	0.007927630713798602
94	0.007191910689857912
95	0.015932618141390915
96	0.12318811002815043
97	0.17606198232518802
98	0.27737129133826594
99	0.42301690250932045
100	0.2475782724366734
101	0.2959790185358514
102	0.272905101478248
103	0.8501615448994049
104	0.8782156365502465
105	0.7588439508744759
106	0.8501615448994049
107	0.7838846950415602
108	0.466290799956401
109	0.5948461590153628
110	0.5948461590153628
111	0.15715080394779138
112	0.44412711003286787
113	0.4739218161276131
114	0.481677716615238
115	0.9680555771461301
116	0.8925879504044913
117	0.8782156365502465
118	0.8782156365502465
119	0.8640747434825012
120	0.9220420515895167
121	0.14027091400017713
122	0.03954385360034535
123	0.034728030561277046
124	0.1909478879208092
125	0.9371316004437404
126	0.9524680951766463
127	0.7346031188276507
128	0.6245313223904277
129	0.45878265723355866
130	0.481677716615238
131	0.3837590186752804
132	0.8925879504044913
133	0.16233655139003356
134	0.14968112689163143
135	0.1472709844146142
136	0.04804821315291693
137	0.04804821315291693
138	0.07447719441285175
139	0.14027091400017713
140	0.12725313808047323
141	0.9371316004437404
142	0.9371316004437404
143	0.9220420515895167
144	0.7466251623243612
145	0.7227746524257326
146	0.1425664978143681
147	0.09656527406216149
148	0.1818717710859395
149	0.9524680951766463
150	0.8782156365502465
151	0.8501615448994049
152	0.2959790185358514
153	0.27737129133826594
154	0.15213071221465968
155	0.6996860333005961
156	0.9071954723294419
157	0.7466251623243612
158	0.7588439508744759
159	0.8501615448994049
160	0.9071954723294419
161	0.08480513362914896
162	0.0376642589146651
163	0.0376642589146651
164	0.012901465378461817
165	0.03828064801966494
166	0.024696375181437157
167	0.043589121425845555
168	0.12318811002815043
169	0.8640747434825012
170	0.6144752151203912
171	0.809751747262771
172	0.7712627042813435
173	0.5574491330158785
174	0.5574491330158785
175	0.8364723744993592
176	0.9071954723294419
177	0.9524680951766463
178	0.9680555771461301
179	0.9680555771461301
180	0.3964225068633132
181	0.3370231708678045
182	0.34253867592860743
183	0.1732270593726278
184	0.04963373414423629
185	0.05127157501696203
186	0.0807741840889576
187	0.06979493239667436
188	0.06331764666180247
189	0.029524436113288616
190	0.043589121425845555
191	0.9524680951766463
192	0.4299397258291107
193	0.11925293695084214
194	0.9680555771461301
195	0.04084874312373918
196	0.04502749889045438
197	0.04019100294647119
198	0.03954385360034535
199	0.0472745482168648
200	0.9680555771461301
