1	1.0
2	0.9838981538483258
3	1.0
4	0.7838846950415602
5	0.6884197964379147
6	0.6884197964379147
7	0.7227746524257427
8	0.7227746524257427
9	0.7227746524257427
10	0.5948461590153669
11	0.5852680376789872
12	0.7346031188276454
13	0.02551131956105572
14	0.26851082552023625
15	0.2865241396118708
16	0.2912132099152615
17	0.2912132099152615
18	0.30082282132372057
19	0.29597901853584924
20	0.29597901853584924
21	0.05211065273008518
22	0.7227746524257427
23	0.4975723790934073
24	0.6556978921951152
25	0.41620554942555466
26	0.40291010336058325
27	0.4095038717012314
28	0.45139540946973084
29	0.444127110032871
30	0.3655182215245059
31	0.4299397258291169
32	0.3715000583087337
33	0.2865241396118708
34	0.3210038175868557
35	0.30082282132372057
36	0.4095038717012314
37	0.6045810297425099
38	0.4975723790934073
39	0.2396695274125274
40	0.4895605451959193
41	0.3964225068633104
42	0.016193361151328096
43	0.027668282067045323
44	0.13801229332339157
45	0.11175569566235918
46	0.2396695274125274
47	0.7838846950415602
48	0.7466251623243612
49	0.47392181612761647
50	0.31583506350197205
51	0.33702317086780925
52	0.34814444420780405
53	0.5484731728386727
54	0.6556978921951152
55	0.7227746524257427
56	0.29597901853584924
57	0.42301690250932344
58	0.4816777166152449
59	0.8501615448994109
60	0.8230036250150448
61	0.41620554942555466
62	0.41620554942555466
63	0.05044600800408453
64	0.024696375181437507
65	0.02592882145501866
66	0.027222771645920248
67	0.9838981538483258
68	0.5948461590153669
69	0.6144752151203955
70	0.2729051014782479
71	0.33702317086780925
72	0.6144752151203955
73	0.6556978921951152
74	0.9220420515895232
75	0.8364723744993592
76	0.9371316004437406
77	0.6884197964379147
78	0.5057153295259813
79	0.6451399456130124
80	0.8364723744993592
81	0.9680555771461439
82	0.9680555771461439
83	0.9680555771461439
84	0.2912132099152615
85	0.3057458946813862
86	0.18484816784601485
87	0.3837590186752831
88	0.22460188780169515
89	0.176061982325188
90	0.7466251623243612
91	0.5057153295259813
92	0.6045810297425099
93	0.21742711012398033
94	0.04288725609875994
95	0.2209853827589335
96	0.13579004060925862
97	0.7967132492072965
98	0.9838981538483258
99	0.4975723790934073
100	0.04804821315291659
101	0.10472979393476875
102	0.10304345090533458
103	0.20709238541955194
104	0.9680555771461439
105	0.7588439508744812
106	0.3900393726467363
107	0.02858129504156406
108	0.024696375181437507
109	0.14027091400017913
110	0.699686033300596
111	0.7967132492072965
112	0.7111366461700537
113	0.15462038588001212
114	0.031505112088109015
115	0.023907463729683682
116	0.06979493239667486
117	0.40291010336058325
118	0.9524680951766665
119	0.9524680951766665
120	0.8782156365502402
121	0.8501615448994109
122	0.8640747434825136
123	0.8097517472627824
124	0.7838846950415602
125	0.7838846950415602
126	0.9220420515895232
127	0.9371316004437406
128	0.1425664978143691
129	0.06030803830703622
130	0.041517247454899535
131	0.04883453939311235
132	0.0450274988904547
133	0.02551131956105572
134	0.027222771645920248
135	0.047274548216865483
136	0.04883453939311235
137	0.05044600800408453
138	0.04963373414423664
139	0.062298115656568946
140	0.11358461770179094
141	0.14489964968096344
142	1.0
143	0.9371316004437406
144	0.699686033300596
145	0.1597226332147579
146	0.15462038588001212
147	0.11175569566235918
148	0.12520412762878458
149	0.9371316004437406
150	0.9524680951766665
151	0.9680555771461439
152	0.9524680951766665
153	0.9680555771461439
154	0.9838981538483258
155	0.9680555771461439
156	0.9680555771461439
157	0.9680555771461439
158	0.9524680951766665
159	0.9524680951766665
160	0.9371316004437406
161	0.15213071221465965
162	0.1425664978143691
163	0.1649932472736998
164	0.3538419528953326
165	0.7838846950415602
166	0.6451399456130124
167	0.9524680951766665
168	1.0
169	0.15213071221465965
170	0.08903724340857996
171	0.023907463729683682
172	0.011895693606068052
173	0.007429233258549036
174	0.006962169253653874
175	0.046513340714586945
176	0.035296367236228025
177	0.029524436113289032
178	0.05127157501696203
179	0.014690543918280431
180	0.010113261253784716
181	0.02429871794776163
182	0.09501039487561833
183	0.8640747434825136
184	0.18484816784601485
185	0.18187177108593947
186	0.12520412762878458
187	0.07693483325865776
188	0.0675653735631387
189	0.1597226332147579
190	0.17322705937262906
191	0.21048152657828798
192	0.21742711012398033
193	0.8501615448994109
194	0.7227746524257427
195	0.7346031188276454
196	0.8640747434825136
197	0.8925879504044913
198	0.9371316004437406
199	0.9371316004437406
200	0.9524680951766665
