1	1.0
2	1.0
3	0.32625716018605594
4	0.31074953590015464
5	0.31074953590015464
6	0.3158350635019698
7	0.07447719441285176
8	0.011330268629776648
9	8.017420053217363e-05
10	1.3888340995739615e-05
11	4.1883258770264824e-05
12	0.00012427412234719407
13	4.3973398145684344e-05
14	1.9215312752222847e-05
15	0.0016153167178432559
16	0.013327194928720825
17	0.13579004060925862
18	1.0
19	1.0
20	1.0
21	1.0
22	1.0
23	1.0
24	0.13579004060925862
25	0.013545299253376991
26	0.001641751955245846
27	0.00010738213038866624
28	0.0001304758899290419
29	0.00011646120716896554
30	0.00010565307984570668
31	0.00020555412133940753
32	0.0006000902548658376
33	0.010113261253784787
34	0.06979493239667438
35	0.2435918051833991
36	0.8640747434825137
37	0.9371316004437406
38	0.5758441417787838
39	0.5309525138815143
40	0.5758441417787838
41	0.47392181612761314
42	0.4095038717012343
43	0.43697584363533404
44	0.8640747434825137
45	0.9071954723294547
46	0.8501615448994049
47	0.7227746524257427
48	0.9220420515895167
49	0.7967132492072909
50	0.7712627042813435
51	0.35384195289533515
52	0.3210038175868557
53	0.43697584363533404
54	0.6245313223904277
55	0.2282775782464986
56	0.17894329980857993
57	0.5484731728386767
58	0.18484816784601615
59	0.09049436982916183
60	0.07447719441285176
61	0.04151724745489924
62	0.04219669209919026
63	0.045764390058400266
64	0.06435386265758218
65	0.09501039487561899
66	0.1425664978143701
67	0.8782156365502465
68	0.8097517472627824
69	0.8782156365502465
70	0.8782156365502465
71	0.9220420515895167
72	0.42301690250932644
73	0.2557479945175719
74	0.4816777166152449
75	0.6996860333005961
76	0.6245313223904277
77	0.7588439508744866
78	0.2282775782464986
79	0.2209853827589351
80	0.3715000583087311
81	0.31074953590015464
82	0.9220420515895167
83	0.968055577146144
84	0.968055577146144
85	0.8925879504044915
86	0.2641873055176485
87	0.3715000583087311
88	0.2819105719970996
89	0.331596475620944
90	0.8782156365502465
91	0.6996860333005961
92	0.7967132492072909
93	0.3900393726467364
94	0.11544347070632022
95	0.4513954094697309
96	0.3481444442078041
97	0.5057153295259849
98	0.9071954723294547
99	0.8364723744993591
100	0.4587826572335652
101	0.3425386759286123
102	0.3715000583087311
103	0.23581040555488308
104	0.154620385880011
105	0.4095038717012343
106	0.18187177108593947
107	0.09197534264619907
108	0.11175569566235918
109	0.9838981538483328
110	0.048048213152916935
111	0.03307734111793637
112	0.9838981538483328
113	0.968055577146144
114	0.968055577146144
115	0.9524680951766599
116	0.968055577146144
117	0.968055577146144
118	0.04084874312373918
119	0.053830228305392636
120	0.968055577146144
121	0.12520412762878458
122	0.09197534264619907
123	0.16233655139003356
124	0.30082282132372057
125	0.08343961441458082
126	0.06756537356313871
127	0.011515692539375738
128	0.012693727967806583
129	0.025100540218357226
130	0.018740694914960117
131	0.13801229332339254
132	0.2912132099152615
133	0.968055577146144
134	1.0
135	1.0
136	1.0
137	0.31074953590015464
138	0.15715080394779138
139	0.3655182215245085
140	0.272905101478248
141	0.277371291338266
142	0.272905101478248
143	0.06435386265758218
144	0.0030920881101850054
145	0.007191910689857912
146	0.12520412762878458
147	0.7466251623243612
148	0.7466251623243612
149	0.823003625015039
150	0.6144752151203912
151	0.5758441417787838
152	0.5224031981891458
153	0.331596475620944
154	0.30082282132372057
155	0.2865241396118688
156	0.3837590186752804
157	0.4513954094697309
158	0.2641873055176485
159	0.29597901853585135
160	0.251629979656249
161	0.5057153295259849
162	0.9838981538483328
163	0.9220420515895167
164	0.968055577146144
165	0.2037578156903431
166	0.07209806342155774
167	0.03954385360034591
168	0.0769348332586583
169	0.0890372434085806
170	0.0769348332586583
171	0.07209806342155774
172	0.11175569566235918
173	0.23201342268367284
174	0.7967132492072909
175	0.8640747434825137
176	0.9220420515895167
177	0.968055577146144
178	0.8640747434825137
179	0.6451399456130124
180	0.6884197964379097
181	0.6451399456130124
182	0.968055577146144
183	0.14489964968096344
184	0.017562497419084444
185	0.06331764666180337
186	0.8364723744993591
187	0.9371316004437406
188	0.8782156365502465
189	0.7111366461700487
190	0.4587826572335652
191	0.3775797899972562
192	0.42301690250932644
193	0.9371316004437406
194	0.9220420515895167
195	0.9220420515895167
196	0.9220420515895167
197	0.5758441417787838
198	0.5057153295259849
199	0.5574491330158785
200	0.8097517472627824
