1	0.8364723744993472
2	0.907195472329429
3	0.8782156365502339
4	0.823003625015039
5	0.6556978921951105
6	0.6451399456130125
7	0.7838846950415491
8	0.008738613623635486
9	0.20709238541955047
10	0.2282775782464954
11	0.2037578156903402
12	0.23966952741252232
13	0.5665719880005069
14	0.9838981538483189
15	0.823003625015039
16	0.7838846950415491
17	0.7712627042813436
18	0.3370231708678045
19	0.7712627042813436
20	0.052963462250908575
21	0.06979493239667438
22	0.22098538275893195
23	0.1972488898661471
24	0.21392613224755636
25	0.8640747434825015
26	0.6996860333005861
27	0.20047693868989178
28	0.1154434707063186
29	0.1676934209382962
30	0.0807741840889576
31	0.758843950874465
32	0.038907124553427985
33	0.042196692099189664
34	0.22098538275893195
35	0.1336035702664359
36	0.10995622264422822
37	0.11358461770178933
38	0.15462038588001104
39	0.7466251623243612
40	0.7967132492072909
41	0.758843950874465
42	0.0030920881101849616
43	0.0017518905076602492
44	0.0015385376373511582
45	0.0059189685685374725
46	0.7466251623243612
47	0.758843950874465
48	1.0
49	1.0
50	1.0
51	0.2557479945175683
52	0.2557479945175683
53	0.2557479945175683
54	0.2557479945175683
55	1.0
56	1.0
57	1.0
58	0.28652413961186873
59	0.013545299253376993
60	0.005369661486237395
61	0.003696581267296032
62	0.0016686198147892054
63	0.002198897168339217
64	0.00611428590286806
65	0.758843950874465
66	0.017562497419084198
67	0.04084874312373918
68	0.17322705937262783
69	0.19094788792080924
70	0.2475782724366699
71	0.9838981538483189
72	0.7227746524257326
73	0.7227746524257326
74	0.9838981538483189
75	0.9838981538483189
76	0.9680555771461302
77	0.9680555771461302
78	0.08903724340857806
79	0.002715520127955496
80	0.0016959273764898693
81	0.002671795240633401
82	0.0744771944128507
83	0.21392613224755636
84	0.8782156365502339
85	0.7712627042813436
86	0.7838846950415491
87	0.8782156365502339
88	0.5057153295259705
89	0.5057153295259705
90	0.5758441417787838
91	0.9524680951766464
92	0.9680555771461302
93	1.0
94	0.9524680951766464
95	0.8925879504044916
96	0.20709238541955047
97	0.32625716018605133
98	0.614475215120391
99	0.9524680951766464
100	0.8782156365502339
101	0.9371316004437272
102	0.23966952741252232
103	0.1380122933233906
104	0.1252041276287828
105	0.12318811002814871
106	0.09348055211451999
107	0.16233655139003358
108	0.9680555771461302
109	0.9838981538483189
110	0.9838981538483189
111	0.9838981538483189
112	0.7111366461700386
113	0.6996860333005861
114	0.9220420515895167
115	0.17606198232518552
116	0.10304345090533386
117	0.052963462250908575
118	0.06867110513305615
119	0.15462038588001104
120	0.9220420515895167
121	0.907195472329429
122	0.9220420515895167
123	0.907195472329429
124	0.9371316004437272
125	0.9838981538483189
126	0.9680555771461302
127	0.7838846950415491
128	0.758843950874465
129	0.9524680951766464
130	0.10138426111191785
131	0.0006833062745535664
132	3.6190266078127803e-05
133	0.0003238337506078196
134	6.59836576706597e-05
135	5.4304789454705086e-05
136	0.00012227307954852264
137	0.017849913987938726
138	0.9838981538483189
139	1.0
140	0.5665719880005069
141	0.6451399456130125
142	1.0
143	0.9838981538483189
144	0.9680555771461302
145	0.8640747434825015
146	0.6556978921951105
147	0.7111366461700386
148	0.023143753598938947
149	0.004871332588256346
150	0.0038185630603913404
151	0.00017194034396490114
152	0.0005623635409531065
153	7.761308196840182e-05
154	0.0007410792960859194
155	0.08480513362914896
156	0.9680555771461302
157	0.6664286233595222
158	0.6451399456130125
159	0.907195472329429
160	0.8925879504044916
161	0.8925879504044916
162	0.907195472329429
163	0.9838981538483189
164	0.08903724340857806
165	0.030007614098887928
166	0.010278768401209682
167	0.0062143483844879464
168	0.04430247303072467
169	0.32625716018605133
170	0.15213071221465752
171	0.8501615448993928
172	0.10818572446379239
173	0.10644373457266673
174	0.9220420515895167
175	0.8501615448993928
176	1.0
177	0.9838981538483189
178	0.9524680951766464
179	0.9220420515895167
180	0.12725313808047323
181	0.15715080394778913
182	0.8364723744993472
183	0.14027091400017713
184	0.23201342268367287
185	0.907195472329429
186	0.9838981538483189
187	0.9524680951766464
188	0.11925293695084047
189	0.12318811002814871
190	0.09348055211451999
191	0.07209806342155775
192	0.05471117929721263
193	0.31583506350196533
194	0.32625716018605133
195	0.3370231708678045
196	0.3837590186752804
197	0.823003625015039
198	0.8501615448993928
199	0.9524680951766464
200	1.0
