1	0.9371316004437271
2	0.8925879504045041
3	0.8640747434825014
4	0.7838846950415491
5	0.4095038717012285
6	0.699686033300596
7	0.1380122933233906
8	0.35963270335588476
9	0.3775797899972562
10	0.7346031188276403
11	0.3210038175868511
12	0.9524680951766462
13	0.8097517472627824
14	0.6773349667879045
15	0.6451399456130124
16	0.5574491330158786
17	0.513991542262758
18	0.5484731728386688
19	0.7712627042813435
20	0.614475215120391
21	0.1818717710859395
22	0.22098538275893506
23	0.614475215120391
24	0.4975723790934108
25	0.8501615448994049
26	0.4369758436353278
27	0.277371291338262
28	0.29121320991525734
29	0.20709238541955044
30	0.8925879504045041
31	0.16769342093829856
32	0.1425664978143681
33	0.17894329980857737
34	0.9524680951766462
35	0.9220420515895166
36	0.9220420515895166
37	0.8640747434825014
38	0.9071954723294419
39	0.9371316004437271
40	0.8925879504045041
41	0.9071954723294419
42	0.8782156365502338
43	0.9220420515895166
44	0.9680555771461439
45	0.9680555771461439
46	0.9838981538483189
47	0.9838981538483189
48	0.2435918051833956
49	0.2959790185358471
50	0.2959790185358471
51	0.277371291338262
52	0.21742711012398036
53	0.2729051014782479
54	0.42301690250932045
55	0.8925879504045041
56	0.35963270335588476
57	0.1380122933233906
58	0.04430247303072529
59	0.017562497419084194
60	0.006524468815236718
61	0.0035784961121798835
62	0.000661478449980534
63	1.5814272050876884e-05
64	1.0038140835965751e-05
65	2.2601954731434592e-05
66	0.00048592413239297353
67	1.9849390061746404e-05
68	2.01742324488663e-05
69	0.0015137643410159801
70	0.00027087798631395606
71	0.012288234154010974
72	0.31583506350196977
73	1.0
74	1.0
75	1.0
76	0.31583506350196977
77	0.012288234154010974
78	0.00027531100170731244
79	0.0015137643410159801
80	2.0839952710505337e-05
81	1.9849390061746404e-05
82	0.00048592413239297353
83	2.2601954731434592e-05
84	1.0038140835965751e-05
85	1.5814272050876884e-05
86	0.000661478449980534
87	0.003637059484442844
88	0.006524468815236718
89	0.012693727967806583
90	0.0370577948122046
91	0.098145599404233
92	0.14968112689163143
93	0.009174704819918202
94	0.007550815325235631
95	0.002851035264810493
96	8.417520853263029e-05
97	0.0032463954707181012
98	0.008189230970776997
99	0.009477456704464872
100	0.028121083425988593
101	0.1252041276287828
102	0.12933568132305998
103	0.0012257733200817494
104	0.004491573493650815
105	0.009632558682416177
106	0.004074735137074894
107	0.0020606560225769105
108	0.0005356333306484069
109	0.00346418311919148
110	0.010791719379643227
111	0.7227746524257325
112	1.0
113	0.0038810552143591307
114	0.002851035264810493
115	0.008057369233585077
116	0.0547111792972134
117	0.04963373414423629
118	0.00032913340607583605
119	0.0008716923278076732
120	0.0010088158858740138
121	0.0002665163506524516
122	0.026353155917208635
123	0.07947357060372963
124	1.0
125	0.2435918051833956
126	0.14489964968096344
127	0.23201342268366953
128	0.8925879504045041
129	0.7111366461700487
130	0.9371316004437271
131	0.2685108255202325
132	0.9071954723294419
133	0.052110652730084805
134	0.0045650797047264175
135	0.0010088158858740138
136	0.002715520127955534
137	0.03361866366814549
138	1.0
139	1.0
140	0.9838981538483189
141	0.9838981538483189
142	0.9838981538483189
143	0.02099590847766563
144	0.00048592413239297353
145	0.00023029004732391274
146	0.0028976934794106937
147	0.038907124553427985
148	0.39642250686331315
149	0.9220420515895166
150	0.8097517472627824
151	0.836472374499359
152	0.11358461770179094
153	0.16499324727369863
154	0.2641873055176485
155	0.9524680951766462
156	0.07093715149650967
157	0.010617952774480096
158	0.006850065475449526
159	0.023522509426831248
160	0.02032520629905422
161	0.0020606560225769105
162	0.023907463729683852
163	0.9680555771461439
164	0.9680555771461439
165	1.0
166	0.05383022830539263
167	0.008881624169591424
168	0.0028976934794106937
169	0.0038185630603913396
170	0.7227746524257325
171	0.8230036250150272
172	0.09975178733729188
173	0.09049436982916181
174	0.0005715668219861325
175	0.0020606560225769105
176	0.06540703669975813
177	0.07209806342155774
178	0.07209806342155774
179	0.10304345090533384
180	0.22098538275893506
181	0.6045810297425014
182	0.6451399456130124
183	0.2004769386898946
184	0.10138426111191928
185	0.09348055211451997
186	0.09197534264619907
187	0.0016153167178432556
188	0.019047393108381876
189	0.003353521788788837
190	0.007674387126047693
191	0.014221262971401534
192	0.513991542262758
193	0.4369758436353278
194	0.45139540946973084
195	0.6347520014624387
196	0.6556978921951105
197	0.5852680376789872
198	0.7588439508744759
199	0.9371316004437271
200	0.9524680951766462
