1	0.12318811002814868
2	0.05471117929721263
3	0.2819105719970956
4	0.42301690250932045
5	0.8230036250150273
6	0.7588439508744758
7	0.566571988000515
8	0.566571988000515
9	0.35963270335587966
10	0.4587826572335587
11	0.4513954094697245
12	0.7967132492072908
13	0.878215636550234
14	0.4587826572335587
15	0.48956054519591585
16	0.9071954723294419
17	1.0
18	0.8501615448993928
19	0.677334966787895
20	0.1818717710859369
21	0.18484816784601354
22	0.5948461590153626
23	0.5396417421912962
24	0.0135452992533768
25	0.006015834611932685
26	0.3158350635019698
27	0.6996860333005861
28	0.277371291338262
29	0.2599334021689725
30	0.4441271100328679
31	0.40291010336057753
32	0.8501615448993928
33	0.5396417421912962
34	0.6556978921951105
35	0.24359180518339563
36	0.210481526578285
37	0.5139915422627507
38	0.7466251623243612
39	0.878215636550234
40	0.9071954723294419
41	0.9838981538483189
42	0.5224031981891384
43	0.5139915422627507
44	0.4587826572335587
45	0.023143753598939273
46	0.024298717947761114
47	0.5309525138815068
48	0.566571988000515
49	0.17322705937262536
50	0.10995622264422822
51	0.03529636723622752
52	0.04502749889045374
53	0.10644373457266823
54	0.1448996496809614
55	0.5309525138815068
56	0.4441271100328679
57	0.5057153295259778
58	0.31074953590015025
59	0.5758441417787756
60	0.25574799451756824
61	0.08903724340857933
62	0.5224031981891384
63	0.31074953590015025
64	0.40291010336057753
65	0.8925879504044913
66	0.8501615448993928
67	0.878215636550234
68	0.9524680951766463
69	0.6664286233595221
70	0.566571988000515
71	0.5224031981891384
72	0.6245313223904189
73	0.24359180518339563
74	0.31074953590015025
75	0.6884197964379
76	0.9371316004437271
77	0.034728030561276546
78	0.01619336115132798
79	0.01567607357528453
80	0.038280648019664396
81	0.36551822152450336
82	0.3481444442077991
83	0.9524680951766463
84	1.0
85	0.9838981538483189
86	0.9680555771461301
87	0.9680555771461301
88	0.5948461590153626
89	0.5484731728386688
90	0.566571988000515
91	0.031505112088108564
92	0.025100540218356872
93	0.07819389939674361
94	0.4662907999563944
95	0.0004938764550907795
96	0.002128654667381582
97	0.20375781569034024
98	0.15715080394779135
99	0.3008228213237163
100	0.8925879504044913
101	0.9071954723294419
102	0.6996860333005861
103	0.677334966787895
104	0.7466251623243612
105	0.7967132492072908
106	0.9371316004437271
107	0.9524680951766463
108	0.8364723744993472
109	0.878215636550234
110	0.9680555771461301
111	0.9524680951766463
112	0.9071954723294419
113	0.878215636550234
114	0.9371316004437271
115	0.8501615448993928
116	0.8501615448993928
117	0.3964225068633076
118	0.2865241396118647
119	0.2685108255202325
120	0.3481444442077991
121	0.9371316004437271
122	0.9680555771461301
123	0.6664286233595221
124	0.019359110527732544
125	0.014221262971401331
126	0.017849913987938726
127	0.2865241396118647
128	0.9838981538483189
129	0.9680555771461301
130	0.9838981538483189
131	0.32625716018605133
132	0.32625716018605133
133	0.2865241396118647
134	0.29121320991525734
135	0.7346031188276403
136	0.6664286233595221
137	0.6245313223904189
138	0.6451399456130033
139	0.38375901867527495
140	0.4299397258291107
141	0.4513954094697245
142	0.5139915422627507
143	0.9071954723294419
144	0.9071954723294419
145	0.5224031981891384
146	0.4441271100328679
147	0.47392181612761314
148	0.5139915422627507
149	0.24757827243666988
150	0.2729051014782441
151	0.47392181612761314
152	0.8501615448993928
153	0.9371316004437271
154	0.20709238541954753
155	0.14968112689163143
156	0.050446008004083824
157	0.04651334071458662
158	1.0
159	1.0
160	0.1878732744065199
161	0.23581040555488308
162	1.0
163	0.08480513362914895
164	0.0330773411179359
165	0.026784434765055293
166	0.23201342268366953
167	0.9838981538483189
168	0.9838981538483189
169	0.9838981538483189
170	0.15462038588000881
171	0.004348092770690401
172	0.012288234154010976
173	0.6451399456130033
174	0.9220420515895036
175	0.8925879504044913
176	0.9680555771461301
177	0.9680555771461301
178	0.9680555771461301
179	0.9371316004437271
180	0.9524680951766463
181	1.0
182	0.019675929314445093
183	0.01727970878760305
184	0.025511319561055356
185	0.06979493239667438
186	0.016458371314135432
187	0.02352250942683125
188	0.03254473486014776
189	0.9371316004437271
190	0.9524680951766463
191	0.1472709844146142
192	0.11925293695084214
193	0.9220420515895036
194	0.9220420515895036
195	0.06540703669975813
196	0.0744771944128507
197	0.15715080394779135
198	0.2599334021689725
199	1.0
200	1.0
