1	1.0
2	0.5396417421913039
3	0.8640747434825136
4	0.03705779481220513
5	0.059336967552507044
6	0.04358912142584555
7	0.20709238541955338
8	0.2139261322475624
9	0.30082282132372057
10	0.4299397258291168
11	0.6664286233595221
12	0.4975723790934037
13	0.5484731728386766
14	0.505715329525985
15	0.4895605451959227
16	0.8097517472627824
17	0.6451399456130124
18	0.505715329525985
19	0.505715329525985
20	1.0
21	0.9838981538483328
22	0.9524680951766599
23	0.6556978921951198
24	0.6045810297425099
25	0.5948461590153711
26	0.5948461590153711
27	0.9838981538483328
28	1.0
29	0.9838981538483328
30	0.5484731728386766
31	0.3775797899972563
32	0.5396417421913039
33	0.4739218161276198
34	0.23581040555488642
35	0.018740694914960387
36	0.01967592931444537
37	0.06030803830703579
38	0.3775797899972563
39	0.31583506350197427
40	0.1472709844146142
41	0.176061982325188
42	0.03890712455342853
43	0.48167771661524483
44	0.45139540946973084
45	0.08480513362915014
46	0.055606547367959225
47	0.17043778391330405
48	1.0
49	0.9838981538483328
50	1.0
51	0.055606547367959225
52	0.029049038185277713
53	0.12120455403276079
54	1.0
55	1.0
56	1.0
57	1.0
58	0.10818572446379239
59	0.013766972933527197
60	0.06540703669975813
61	0.9838981538483328
62	1.0
63	0.9680555771461439
64	0.1789432998085799
65	0.0934805521145213
66	0.010791719379643227
67	0.009790198959862226
68	0.03646109590141792
69	0.005546852487609716
70	0.007674387126047693
71	0.00414141963895089
72	0.07947357060373075
73	0.031505112088109015
74	0.031505112088109015
75	0.505715329525985
76	0.7111366461700487
77	0.566571988000523
78	0.8925879504044915
79	0.9371316004437404
80	0.850161544899417
81	0.8230036250150506
82	0.8230036250150506
83	0.4029101033605832
84	0.15972263321475905
85	0.12933568132305998
86	0.11358461770179094
87	0.30082282132372057
88	0.8782156365502464
89	0.7838846950415601
90	0.017562497419084444
91	0.01044698413245975
92	0.017849913987938976
93	0.06435386265758218
94	0.15972263321475905
95	1.0
96	0.9371316004437404
97	0.9071954723294546
98	0.07209806342155876
99	0.0622981156565685
100	0.25574799451757185
101	0.25574799451757185
102	0.1546203858800132
103	0.6773349667879045
104	0.43697584363533404
105	0.1546203858800132
106	0.15972263321475905
107	0.2773712913382699
108	0.17043778391330405
109	0.31074953590015464
110	0.30574589468138835
111	0.9680555771461439
112	0.9838981538483328
113	0.9838981538483328
114	0.9838981538483328
115	1.0
116	0.34814444420780405
117	0.2773712913382699
118	0.5948461590153711
119	0.9838981538483328
120	0.9838981538483328
121	0.566571988000523
122	0.35963270335588476
123	0.15715080394779357
124	0.048834539393112344
125	0.003353521788788837
126	8.148628007745243e-05
127	3.283164552847533e-05
128	5.889621776044657e-05
129	4.69233970179462e-05
130	0.0001022780531873032
131	0.016727718463300366
132	0.9371316004437404
133	1.0
134	1.0
135	1.0
136	1.0
137	0.9371316004437404
138	0.9680555771461439
139	0.05296346225091008
140	0.0004267461712446275
141	0.00038714219438704524
142	4.397339814568433e-05
143	1.071155943435558e-05
144	2.658548233219521e-05
145	0.0004267461712446275
146	0.015423659850313085
147	0.059336967552507044
148	0.06979493239667536
149	0.08480513362915014
150	0.2912132099152615
151	0.1909478879208119
152	0.08760357941344458
153	0.07093715149651067
154	0.06756537356313871
155	0.007674387126047693
156	0.7227746524257428
157	0.2865241396118728
158	0.7227746524257428
159	0.6884197964379097
160	0.7346031188276506
161	0.5574491330158785
162	0.566571988000523
163	0.6773349667879045
164	0.6664286233595221
165	0.699686033300596
166	0.9838981538483328
167	0.9680555771461439
168	0.9680555771461439
169	0.9371316004437404
170	0.9371316004437404
171	0.2959790185358513
172	0.25993340216897615
173	0.23201342268367284
174	0.22460188780169513
175	0.37150005830873106
176	0.9524680951766599
177	0.9680555771461439
178	0.4029101033605832
179	0.33702317086780925
180	0.30574589468138835
181	0.30082282132372057
182	0.37150005830873106
183	1.0
184	1.0
185	1.0
186	0.7838846950415601
187	0.7346031188276506
188	0.7111366461700487
189	0.7111366461700487
190	0.7227746524257428
191	0.2773712913382699
192	0.22460188780169513
193	0.23201342268367284
194	0.30574589468138835
195	0.43697584363533404
196	0.43697584363533404
197	0.2729051014782479
198	0.25993340216897615
199	0.2912132099152615
200	0.35384195289534015
