1	0.9071954723294418
2	0.7967132492072908
3	0.7838846950415602
4	0.7838846950415602
5	0.8640747434825136
6	0.8640747434825136
7	0.9524680951766463
8	0.31074953590015464
9	0.20047693868989175
10	0.18787327440651988
11	0.9071954723294418
12	0.3837590186752804
13	0.8640747434825136
14	0.07569604040982214
15	0.04430247303072529
16	0.12318811002815044
17	0.1314523061326923
18	0.11733274450692356
19	0.11358461770179094
20	0.09814559940423298
21	0.01999793295422595
22	0.8364723744993591
23	0.8925879504044913
24	0.9371316004437406
25	0.9524680951766463
26	0.9371316004437406
27	0.2819105719970956
28	0.513991542262758
29	0.6245313223904276
30	0.6556978921951199
31	0.9220420515895167
32	0.8640747434825136
33	0.8782156365502464
34	0.8782156365502464
35	0.6996860333005961
36	0.7712627042813436
37	0.9220420515895167
38	0.9220420515895167
39	0.9071954723294418
40	0.8925879504044913
41	0.6045810297425014
42	0.6245313223904276
43	0.9220420515895167
44	0.9220420515895167
45	0.2641873055176485
46	0.19094788792080922
47	0.6451399456130124
48	0.9371316004437406
49	0.9071954723294418
50	0.9371316004437406
51	0.8782156365502464
52	0.02168874285044923
53	0.006524468815236811
54	0.02168874285044923
55	0.03646109590141791
56	0.05651656845829486
57	0.04804821315291625
58	0.0330773411179359
59	0.1117556956623576
60	0.8925879504044913
61	0.3315964756209393
62	0.8640747434825136
63	0.2282775782464986
64	0.2819105719970956
65	0.31074953590015464
66	0.5057153295259778
67	0.42301690250932045
68	0.6996860333005961
69	0.4816777166152449
70	0.45139540946972445
71	0.7227746524257428
72	0.21742711012398036
73	0.7588439508744758
74	0.11925293695084216
75	0.04576439005840027
76	0.16233655139003356
77	0.1314523061326923
78	0.04358912142584555
79	0.04651334071458662
80	0.04963373414423629
81	0.05838153282986846
82	0.7111366461700386
83	0.677334966787895
84	0.19094788792080922
85	0.12933568132305998
86	0.1380122933233906
87	0.15715080394779135
88	0.19094788792080922
89	0.154620385880011
90	0.17894329980857737
91	0.6996860333005961
92	0.7466251623243612
93	0.4029101033605775
94	0.8925879504044913
95	0.9680555771461439
96	0.4975723790934037
97	0.019675929314445093
98	0.01874069491496012
99	0.003944570074838709
100	0.027222771645920248
101	0.9838981538483189
102	0.8782156365502464
103	0.8501615448994049
104	0.8782156365502464
105	0.823003625015039
106	0.9524680951766463
107	0.9680555771461439
108	0.0686711051330571
109	0.034728030561276546
110	0.004871332588256416
111	0.004278080449843506
112	0.1732270593726278
113	0.9680555771461439
114	0.9680555771461439
115	0.9680555771461439
116	0.9680555771461439
117	0.19094788792080922
118	0.027668282067045125
119	0.0290490381852773
120	0.013327194928720825
121	0.0769348332586583
122	0.9680555771461439
123	0.9524680951766463
124	0.9071954723294418
125	0.9371316004437406
126	0.823003625015039
127	0.8364723744993591
128	0.024298717947761457
129	0.01874069491496012
130	0.011895693606068052
131	0.01727970878760305
132	0.9524680951766463
133	0.6245313223904276
134	0.8501615448994049
135	0.7111366461700386
136	0.5396417421912961
137	0.1472709844146142
138	0.09814559940423298
139	0.0769348332586583
140	0.1212045540327608
141	0.10472979393476876
142	0.09975178733729188
143	0.2358104055548831
144	0.9524680951766463
145	0.823003625015039
146	0.9220420515895167
147	0.9838981538483189
148	0.9680555771461439
149	0.8364723744993591
150	0.7967132492072908
151	0.7111366461700386
152	0.6664286233595221
153	0.9371316004437406
154	0.1212045540327608
155	0.08619300005539274
156	0.01700147357515921
157	0.07093715149650967
158	0.010446984132459602
159	0.022404439747548983
160	0.026784434765055674
161	0.10472979393476876
162	0.8364723744993591
163	0.32625716018605594
164	0.8364723744993591
165	0.5574491330158785
166	0.6045810297425014
167	0.6347520014624477
168	0.6245313223904276
169	0.01248933551297767
170	0.003578496112179884
171	0.0050320794624388356
172	0.030997821620274812
173	0.2320134226836728
174	0.9838981538483189
175	1.0
176	0.030007614098887928
177	0.01672771846330013
178	0.010446984132459602
179	0.009790198959862087
180	0.009026975134420792
181	0.9680555771461439
182	0.9838981538483189
183	0.9524680951766463
184	0.9680555771461439
185	0.9680555771461439
186	0.9838981538483189
187	0.9680555771461439
188	0.9680555771461439
189	0.013327194928720825
190	0.0043480927706904
191	0.0021286546673816124
192	0.01619336115132798
193	0.027222771645920248
194	0.2282775782464986
195	0.024298717947761457
196	0.0019311058764015325
197	0.0015637163575655678
198	0.01170415097775544
199	1.0
200	0.9838981538483189
