1	1.0
2	1.0
3	1.0
4	1.0
5	1.0
6	1.0
7	1.0
8	1.0
9	0.13579004060925667
10	0.04804821315291624
11	0.02352250942683125
12	0.018142034232021265
13	0.005114431247540004
14	0.007076107650393088
15	0.10138426111191784
16	0.12120455403275907
17	0.2435918051833956
18	0.9838981538483328
19	1.0
20	1.0
21	1.0
22	0.8782156365502464
23	0.8782156365502464
24	0.8640747434825014
25	0.8640747434825014
26	0.8501615448994049
27	0.8782156365502464
28	0.25574799451756824
29	0.1496811268916314
30	0.13801229332339257
31	0.13579004060925667
32	0.0008168904262529228
33	0.0009151932040789203
34	0.0023464123579847477
35	0.0028051283336034973
36	0.005823662247270245
37	0.8782156365502464
38	0.9680555771461302
39	0.9071954723294418
40	0.823003625015039
41	0.9838981538483328
42	0.3655182215245033
43	0.2358104055548831
44	0.19407281858793526
45	0.17606198232518802
46	0.3370231708678045
47	0.24757827243667338
48	0.17043778391330164
49	0.12120455403275907
50	0.6664286233595222
51	0.8364723744993591
52	0.9680555771461302
53	0.9524680951766463
54	0.9071954723294418
55	0.8501615448994049
56	0.8501615448994049
57	0.3596327033558797
58	0.42301690250932045
59	0.12933568132305998
60	0.05044600800408382
61	0.5948461590153626
62	0.5758441417787756
63	0.823003625015039
64	0.809751747262771
65	0.6347520014624477
66	0.466290799956401
67	0.481677716615238
68	0.9680555771461302
69	0.21742711012397725
70	0.22460188780169194
71	0.0336186636681455
72	0.0036370594844428957
73	0.012901465378461815
74	0.9838981538483328
75	0.10818572446379086
76	0.029049038185277303
77	0.0032995238968794023
78	0.000303474840984805
79	0.0024238405452939728
80	0.008597905811488844
81	0.06331764666180247
82	0.23966952741252232
83	1.0
84	1.0
85	1.0
86	1.0
87	0.23966952741252232
88	0.0612950009827268
89	0.007309608887594824
90	0.001225773320081767
91	0.00013922899395054053
92	0.0036965812672960317
93	0.028581295041563655
94	0.15462038588001104
95	0.9680555771461302
96	1.0
97	0.027222771645920248
98	0.020995908477665633
99	0.018142034232021265
100	1.0
101	0.016458371314135436
102	0.019359110527732818
103	0.8364723744993591
104	0.7838846950415601
105	0.5484731728386688
106	0.481677716615238
107	0.49757237909340374
108	0.4095038717012285
109	0.6347520014624477
110	0.4587826572335587
111	0.5948461590153626
112	0.566571988000515
113	0.6245313223904277
114	0.9071954723294418
115	0.8925879504044915
116	0.5852680376789872
117	0.699686033300596
118	0.12933568132305998
119	0.023143753598939273
120	0.022771096439116734
121	0.47392181612761314
122	0.0997517873372933
123	0.0036965812672960317
124	0.002759960588740092
125	0.0025864462836876507
126	0.0014418122384338217
127	0.09348055211451997
128	1.0
129	0.019047393108381605
130	0.002463507565100692
131	0.0014893899404870398
132	0.001723681836231313
133	1.0
134	1.0
135	1.0
136	1.0
137	1.0
138	1.0
139	1.0
140	1.0
141	0.00206065602257691
142	0.002128654667381612
143	0.0032995238968794023
144	0.020657835589543778
145	1.0
146	0.09348055211451997
147	0.0007174059456835025
148	0.002384812237737442
149	0.0028976934794106937
150	0.003042299783147364
151	0.32625716018605133
152	0.7227746524257325
153	0.7346031188276402
154	0.25993340216897615
155	0.024696375181437153
156	0.004715720680195316
157	0.0029451152724262676
158	0.010968329737619124
159	0.00932485215470036
160	0.010446984132459602
161	0.019359110527732818
162	1.0
163	0.5758441417787756
164	0.44412711003286787
165	1.0
166	1.0
167	1.0
168	0.029524436113288612
169	0.0547111792972134
170	0.2358104055548831
171	1.0
172	1.0
173	1.0
174	0.29597901853585135
175	0.1472709844146142
176	0.13579004060925667
177	0.9220420515895036
178	0.9220420515895036
179	0.9220420515895036
180	0.44412711003286787
181	0.5574491330158785
182	0.9838981538483328
183	0.006631244087325071
184	0.00346418311919148
185	0.0019000115066771346
186	0.0019311058764015325
187	0.007799981223697674
188	0.008057369233585078
189	0.16233655139003125
190	0.45139540946972445
191	0.9680555771461302
192	0.9838981538483328
193	0.19094788792080922
194	0.08760357941344458
195	0.11175569566235759
196	0.22827757824649536
197	0.7838846950415601
198	0.7712627042813326
199	1.0
200	1.0
