1	0.210481526578285
2	0.07947357060372963
3	0.06331764666180247
4	0.07569604040982107
5	0.2358104055548831
6	0.746625162324361
7	0.666428623359527
8	0.666428623359527
9	0.8501615448993988
10	0.14489964968096344
11	0.10138426111191785
12	0.09501039487561765
13	0.07819389939674362
14	0.06756537356313823
15	0.8640747434825014
16	0.12120455403276079
17	0.018740694914959985
18	0.01999793295422567
19	0.15972263321475563
20	0.9524680951766531
21	0.5574491330158785
22	0.5484731728386727
23	0.9838981538483259
24	0.9071954723294419
25	0.23966952741252398
26	0.210481526578285
27	0.21742711012398036
28	0.09814559940423298
29	0.08077418408895817
30	0.07947357060372963
31	0.045027498890454064
32	0.2819105719970956
33	0.27737129133826793
34	0.9371316004437406
35	0.8640747434825014
36	0.9524680951766531
37	0.8230036250150449
38	0.7838846950415602
39	0.42301690250932045
40	0.5948461590153669
41	0.9680555771461301
42	0.9838981538483259
43	0.32100381758685337
44	0.09348055211452064
45	0.07447719441285122
46	0.09049436982916183
47	0.34253867592860504
48	0.6884197964379146
49	0.9071954723294419
50	0.6451399456130078
51	0.11544347070631941
52	0.09656527406216218
53	0.14027091400017713
54	0.3775797899972509
55	0.9071954723294419
56	0.8782156365502402
57	0.8925879504044978
58	0.8782156365502402
59	0.8925879504044978
60	0.9071954723294419
61	0.12318811002814958
62	0.07819389939674362
63	0.6045810297425014
64	0.3481444442078041
65	0.29597901853584924
66	0.24757827243667163
67	0.9524680951766531
68	0.03828064801966494
69	0.012693727967806583
70	0.022404439747548827
71	0.06540703669975813
72	0.16769342093829737
73	0.9680555771461301
74	0.9371316004437406
75	0.8782156365502402
76	0.8925879504044978
77	0.7227746524257325
78	0.7111366461700436
79	0.6884197964379146
80	0.05838153282986887
81	0.029524436113288612
82	0.040191002946471474
83	0.2729051014782479
84	0.23201342268367448
85	0.34253867592860504
86	0.1081857244637924
87	0.18787327440651988
88	0.809751747262771
89	0.011895693606068052
90	0.0161933611513281
91	0.6451399456130078
92	0.9371316004437406
93	0.07693483325865776
94	0.06756537356313823
95	0.1496811268916325
96	1.0
97	1.0
98	1.0
99	0.9838981538483259
100	0.1272531380804732
101	0.07093715149650967
102	0.3315964756209417
103	1.0
104	1.0
105	1.0
106	0.32625716018605594
107	0.10995622264422977
108	0.1818717710859395
109	1.0
110	1.0
111	0.9524680951766531
112	0.9524680951766531
113	0.09975178733729259
114	0.08209608258032164
115	0.03587400494469185
116	0.07947357060372963
117	0.014690543918280325
118	0.04651334071458695
119	0.3964225068633104
120	0.32100381758685337
121	0.23966952741252398
122	0.18787327440651988
123	0.32625716018605594
124	0.2912132099152615
125	0.8925879504044978
126	0.8364723744993592
127	0.677334966787895
128	0.5309525138815105
129	0.7838846950415602
130	0.7111366461700436
131	0.7111366461700436
132	0.699686033300596
133	0.699686033300596
134	0.677334966787895
135	0.056516568458294454
136	0.32625716018605594
137	0.43697584363533404
138	0.2819105719970956
139	0.2685108255202344
140	0.2819105719970956
141	0.3837590186752777
142	0.2865241396118667
143	0.2729051014782479
144	0.35963270335588227
145	0.9071954723294419
146	0.4513954094697245
147	0.47392181612760975
148	0.07693483325865776
149	0.026784434765055484
150	0.0612950009827268
151	0.21392613224755788
152	0.9680555771461301
153	0.17606198232518802
154	0.16769342093829737
155	0.08209608258032164
156	0.04430247303072529
157	0.1425664978143681
158	0.5309525138815105
159	0.44412711003287103
160	0.566571988000515
161	0.9071954723294419
162	0.9680555771461301
163	0.18484816784601485
164	0.033618663668145254
165	0.0330773411179359
166	0.04288725609875994
167	0.20375781569034312
168	0.3315964756209417
169	0.24757827243667163
170	1.0
171	0.005637628717885326
172	0.0001304758899290419
173	0.0013511678105428593
174	0.003142691241050594
175	0.0035784961121798843
176	0.004565079704726451
177	0.010968329737619204
178	0.08077418408895817
179	1.0
180	1.0
181	1.0
182	1.0
183	1.0
184	0.07947357060372963
185	0.011330268629776728
186	0.0050320794624388
187	0.003944570074838709
188	0.003299523896879449
189	0.0015137643410159801
190	0.00011646120716896554
191	0.00511443124754004
192	0.9838981538483259
193	0.2209853827589335
194	0.3158350635019698
195	0.9838981538483259
196	1.0
197	0.9838981538483259
198	0.9838981538483259
199	1.0
200	1.0
