1	0.7967132492072908
2	0.5574491330158785
3	0.3315964756209393
4	0.23201342268367284
5	0.15972263321475677
6	0.18187177108593947
7	0.30082282132372057
8	0.9680555771461439
9	0.9220420515895167
10	0.34814444420780405
11	0.20709238541955044
12	0.3655182215245033
13	0.41620554942555466
14	0.08903724340857933
15	0.012090370898187255
16	0.019359110527732544
17	0.12120455403276079
18	0.8640747434825136
19	0.04019100294647118
20	0.1336035702664378
21	0.13801229332339057
22	0.14489964968096344
23	0.1472709844146121
24	0.19407281858793526
25	0.746625162324361
26	0.5852680376789788
27	0.6451399456130125
28	0.2685108255202363
29	0.08903724340857933
30	0.18787327440651988
31	0.13145230613269226
32	0.1472709844146121
33	0.32100381758685564
34	0.3775797899972509
35	0.0876035794134446
36	0.18484816784601354
37	0.0512715750169613
38	0.18484816784601354
39	0.7346031188276402
40	0.746625162324361
41	0.7967132492072908
42	0.27290510147824404
43	0.1972488898661471
44	0.19407281858793526
45	0.154620385880011
46	0.25574799451756824
47	0.6773349667878948
48	0.9371316004437404
49	0.9220420515895167
50	0.9071954723294418
51	0.7967132492072908
52	0.699686033300596
53	0.7712627042813435
54	0.6451399456130125
55	0.6245313223904277
56	0.5852680376789788
57	0.35384195289533016
58	0.32625716018605594
59	0.22827757824649536
60	0.466290799956401
61	0.7967132492072908
62	0.5057153295259778
63	0.5758441417787837
64	0.6773349667878948
65	0.7712627042813435
66	0.11358461770179093
67	0.004871332588256346
68	0.0015137643410159587
69	0.0008576564720537011
70	0.0061142859028680595
71	0.06867110513305613
72	0.9838981538483187
73	0.01967592931444509
74	0.0008302591310470713
75	0.0005019589204015527
76	0.001094110495432293
77	0.016458371314135432
78	1.0
79	0.9524680951766463
80	0.5484731728386688
81	0.4975723790934037
82	0.06030803830703579
83	0.06129500098272679
84	1.0
85	0.27290510147824404
86	0.5309525138815068
87	0.5396417421913038
88	0.6045810297425013
89	1.0
90	1.0
91	1.0
92	0.7712627042813435
93	0.5665719880005069
94	0.0028976934794106937
95	0.0020606560225769396
96	0.01700147357515921
97	0.11175569566235759
98	0.5948461590153626
99	0.01967592931444509
100	0.001962709116638142
101	0.001994829555235368
102	0.005918968568537471
103	0.03954385360034591
104	0.9838981538483187
105	0.9838981538483187
106	0.07093715149650967
107	0.006524468815236718
108	0.0013080055346563408
109	0.018740694914960117
110	0.02168874285044923
111	0.09197534264619776
112	0.7712627042813435
113	0.746625162324361
114	0.2819105719970956
115	0.19407281858793526
116	0.2641873055176448
117	0.3370231708678044
118	0.16233655139003356
119	0.38375901867528034
120	0.14968112689163143
121	0.013112602486344908
122	0.10472979393476875
123	0.10304345090533383
124	0.07209806342155774
125	0.30082282132372057
126	1.0
127	1.0
128	0.6556978921951105
129	0.6884197964379097
130	0.8782156365502339
131	0.19094788792080922
132	0.13801229332339057
133	0.1472709844146121
134	0.03361866366814549
135	0.030997821620274372
136	0.04804821315291624
137	0.8640747434825136
138	0.11358461770179093
139	0.015423659850313087
140	0.022043686905619336
141	0.007550815325235632
142	0.8782156365502339
143	0.1099562226442282
144	0.16233655139003356
145	0.024298717947761457
146	0.006739766775034895
147	0.14968112689163143
148	0.16499324727369863
149	0.1789432998085799
150	0.11733274450692356
151	0.11358461770179093
152	0.2516299796562454
153	0.27290510147824404
154	0.9838981538483187
155	1.0
156	0.9838981538483187
157	0.024696375181437157
158	0.014690543918280221
159	0.013545299253376991
160	0.016727718463300126
161	0.010113261253784643
162	0.9838981538483187
163	0.9838981538483187
164	0.9220420515895167
165	1.0
166	0.9524680951766463
167	0.3425386759286075
168	0.052963462250909324
169	0.02390746372968351
170	0.02390746372968351
171	0.0512715750169613
172	0.9680555771461439
173	0.48956054519591574
174	0.8097517472627709
175	0.9838981538483187
176	0.9371316004437404
177	0.9838981538483187
178	0.6884197964379097
179	0.9838981538483187
180	0.1972488898661471
181	0.14027091400017713
182	0.22460188780169194
183	0.015932618141390915
184	0.12725313808047323
185	0.9680555771461439
186	0.746625162324361
187	0.699686033300596
188	0.783884695041549
189	0.7967132492072908
190	0.007191910689857912
191	0.006850065475449525
192	0.008323250672588899
193	0.00707610765039319
194	0.014690543918280221
195	0.9680555771461439
196	0.24757827243666988
197	0.24359180518339907
198	0.4369758436353279
199	0.6556978921951105
200	0.9220420515895167
