1	0.23581040555487973
2	0.057441482370141767
3	0.01619336115132775
4	0.006524468815236624
5	0.004278080449843506
6	0.0034641831191914306
7	0.00135116781054284
8	9.584799567368471e-05
9	3.738449210201109e-05
10	2.083995271050504e-05
11	0.000803736982286617
12	0.0005019589204015456
13	1.7432044728210504e-05
14	6.816102218550548e-05
15	0.023522509426831248
16	1.0
17	1.0
18	1.0
19	1.0
20	1.0
21	0.023522509426831248
22	7.041023655526795e-05
23	1.5559633075312613e-05
24	0.0005019589204015456
25	0.000803736982286617
26	2.083995271050504e-05
27	3.678253276172577e-05
28	8.982218558500359e-05
29	0.0018097003405784546
30	0.003944570074838709
31	0.004792895140366571
32	0.007076107650393189
33	0.01645837131413543
34	0.057441482370141767
35	0.2320134226836695
36	1.0
37	1.0
38	0.9838981538483049
39	0.9838981538483049
40	0.9680555771461301
41	0.9838981538483049
42	0.10304345090533237
43	0.09814559940423158
44	0.09197534264619775
45	0.08903724340857679
46	0.08760357941344458
47	0.2435918051833956
48	0.8782156365502338
49	0.40950387170122843
50	0.1760619823251855
51	0.17894329980857737
52	0.9524680951766462
53	0.6664286233595221
54	0.6347520014624387
55	0.6347520014624387
56	0.6664286233595221
57	0.4975723790933967
58	0.2435918051833956
59	0.21392613224755633
60	0.04358912142584493
61	0.46629079995640094
62	0.45139540946971796
63	0.5396417421912961
64	0.3900393726467308
65	0.030498699465507456
66	0.038907124553427985
67	1.0
68	0.2037578156903373
69	0.9838981538483049
70	0.06647744631284323
71	0.06979493239667436
72	0.0061142859028680595
73	0.0044192508682770176
74	0.004141419638950831
75	0.06979493239667436
76	0.0053696614862373945
77	0.007799981223697452
78	0.0040747351370748934
79	0.014453999040223557
80	0.01593261814139069
81	0.09814559940423158
82	0.0045650797047263525
83	0.0038810552143590748
84	0.022771096439116734
85	0.05838153282986845
86	0.4895605451959158
87	1.0
88	1.0
89	0.9838981538483049
90	0.45878265723355216
91	0.02429871794776111
92	0.0006300371192533596
93	0.01593261814139069
94	0.02168874285044923
95	1.0
96	0.11733274450692188
97	0.00963255868241604
98	0.0005356333306484069
99	0.00013698715011009363
100	0.00011092558415419737
101	0.00020224432050175062
102	0.06979493239667436
103	0.9838981538483049
104	0.013545299253376797
105	0.01593261814139069
106	0.012090370898187257
107	0.937131600443727
108	0.019359110527732266
109	0.012489335512977491
110	0.9071954723294289
111	0.10818572446379085
112	0.8925879504044787
113	0.18187177108593688
114	0.17894329980857737
115	0.12318811002814692
116	0.2004769386898889
117	0.45878265723355216
118	0.4162055494255487
119	0.16499324727369863
120	0.7346031188276403
121	0.7838846950415378
122	0.7346031188276403
123	0.8640747434825012
124	0.24757827243666986
125	0.22827757824649533
126	0.12120455403276077
127	0.24757827243666986
128	0.46629079995640094
129	0.7227746524257324
130	0.0069621692536537255
131	0.001538537637351136
132	0.006524468815236624
133	0.05838153282986845
134	0.07093715149650966
135	1.0
136	1.0
137	0.3262571601860512
138	1.0
139	0.9838981538483049
140	0.9838981538483049
141	0.9524680951766462
142	0.25993340216897615
143	0.937131600443727
144	0.937131600443727
145	0.05651656845829486
146	0.061295000982725924
147	0.004491573493650751
148	0.0020943793974173754
149	0.004141419638950831
150	0.937131600443727
151	0.9524680951766462
152	0.9071954723294289
153	0.4441271100328678
154	0.052963462250909324
155	0.01967592931444509
156	0.045027498890454376
157	0.10472979393476875
158	0.9838981538483049
159	1.0
160	1.0
161	1.0
162	1.0
163	0.07819389939674248
164	0.052963462250909324
165	0.045764390058399614
166	0.013545299253376797
167	0.08209608258032047
168	0.045764390058399614
169	0.08209608258032047
170	0.4162055494255487
171	0.4230169025093144
172	0.2037578156903373
173	0.3538419528953301
174	0.4739218161275996
175	0.8364723744993591
176	0.5948461590153542
177	0.5057153295259705
178	0.48167771661523795
179	0.34253867592860743
180	0.1940728185879325
181	0.48167771661523795
182	0.1521307122146575
183	0.18787327440651988
184	0.6556978921951012
185	0.7967132492072908
186	0.9071954723294289
187	0.9524680951766462
188	1.0
189	0.9838981538483049
190	0.9680555771461301
191	0.937131600443727
192	0.7227746524257324
193	0.07447719441284963
194	0.01784991398793847
195	0.09814559940423158
196	0.09975178733729187
197	0.02314375359893861
198	0.029049038185276887
199	0.9071954723294289
200	1.0
