1	0.9371316004437406
2	0.9371316004437406
3	0.01619336115132821
4	0.012901465378461815
5	0.019359110527732818
6	0.013992274382953427
7	0.014690543918280221
8	0.022771096439116414
9	0.015175310452307482
10	0.006850065475449526
11	0.007799981223697675
12	0.011147830387442765
13	0.1336035702664378
14	0.03416884515602799
15	0.0358740049446916
16	0.08209608258032164
17	0.05838153282986846
18	0.1878732744065199
19	0.8501615448994049
20	0.42301690250932045
21	0.46629079995639433
22	0.809751747262771
23	0.3315964756209441
24	0.9220420515895167
25	0.2004769386898946
26	0.22460188780169194
27	0.22460188780169194
28	0.9524680951766598
29	0.9524680951766598
30	0.9071954723294419
31	0.164993247273701
32	0.14027091400017713
33	0.10138426111191785
34	0.809751747262771
35	0.17322705937262783
36	0.783884695041549
37	0.44412711003287414
38	0.44412711003287414
39	0.2685108255202325
40	0.14489964968096344
41	0.11175569566235918
42	0.1314523061326923
43	0.06756537356313776
44	0.05651656845829405
45	0.8925879504044915
46	0.8925879504044915
47	0.9524680951766598
48	0.9220420515895167
49	0.8782156365502339
50	0.8782156365502339
51	0.7346031188276403
52	0.6347520014624477
53	0.39003937264673083
54	0.3425386759286075
55	0.3262571601860513
56	0.8640747434825014
57	0.8230036250150391
58	0.809751747262771
59	0.8230036250150391
60	0.2557479945175683
61	0.2641873055176485
62	0.39003937264673083
63	0.12120455403275908
64	0.08209608258032164
65	0.0622981156565685
66	0.02551131956105536
67	0.015175310452307482
68	0.03529636723622752
69	0.983898153848319
70	0.06435386265758127
71	0.01727970878760305
72	0.015676073575284756
73	0.01593261814139069
74	0.02204368690561934
75	0.00932485215470036
76	0.00028439586342649995
77	0.0001664478089116477
78	0.0006833062745535759
79	0.00025800263964974123
80	0.0008037369822866228
81	0.4162055494255547
82	1.0
83	1.0
84	1.0
85	1.0
86	1.0
87	1.0
88	0.4162055494255547
89	0.00021934392271274688
90	2.532182371629818e-05
91	0.0006403479026656381
92	0.0016153167178432559
93	0.0016959273764898934
94	0.15715080394779135
95	0.17606198232518802
96	0.17894329980857993
97	0.17322705937262783
98	0.17606198232518802
99	0.210481526578285
100	0.042887256098759645
101	1.0
102	0.03890712455342854
103	0.0034641831191914805
104	0.009026975134420792
105	0.042196692099189664
106	0.17322705937262783
107	0.35384195289533515
108	0.9371316004437406
109	0.8925879504044915
110	0.9071954723294419
111	0.8640747434825014
112	0.809751747262771
113	0.9371316004437406
114	0.006015834611932686
115	0.0019311058764015327
116	0.011147830387442765
117	0.020657835589543778
118	0.023143753598939273
119	0.007799981223697675
120	0.006419412822152426
121	0.019359110527732818
122	0.017001473575158972
123	0.017562497419084198
124	0.983898153848319
125	0.7588439508744758
126	0.6347520014624477
127	0.44412711003287414
128	0.513991542262758
129	0.7346031188276403
130	0.5758441417787838
131	0.7111366461700487
132	0.677334966787895
133	0.9371316004437406
134	1.0
135	1.0
136	0.983898153848319
137	0.6045810297425014
138	0.31074953590015464
139	0.07209806342155775
140	0.0876035794134446
141	0.6144752151203912
142	0.2358104055548831
143	0.3964225068633132
144	0.783884695041549
145	0.7588439508744758
146	0.9680555771461301
147	0.983898153848319
148	0.9524680951766598
149	0.9220420515895167
150	0.9524680951766598
151	0.983898153848319
152	0.6347520014624477
153	0.585268037678979
154	0.9371316004437406
155	0.9371316004437406
156	0.8364723744993591
157	0.8782156365502339
158	0.8501615448994049
159	0.9524680951766598
160	0.9071954723294419
161	0.8364723744993591
162	0.9220420515895167
163	0.8925879504044915
164	0.8782156365502339
165	0.9220420515895167
166	0.983898153848319
167	0.9680555771461301
168	0.8782156365502339
169	0.809751747262771
170	0.8925879504044915
171	0.9680555771461301
172	0.983898153848319
173	0.983898153848319
174	0.983898153848319
175	0.983898153848319
176	0.983898153848319
177	0.9680555771461301
178	0.9371316004437406
179	0.9680555771461301
180	0.2599334021689725
181	0.2729051014782441
182	0.8364723744993591
183	0.809751747262771
184	0.5758441417787838
185	0.7466251623243612
186	0.983898153848319
187	0.983898153848319
188	0.9680555771461301
189	0.983898153848319
190	0.29597901853585135
191	0.28652413961186873
192	0.7588439508744758
193	0.1972488898661499
194	0.210481526578285
195	0.35384195289533515
196	0.3964225068633132
197	0.9524680951766598
198	1.0
199	1.0
200	1.0
