1	0.9838981538483189
2	0.9838981538483189
3	0.9838981538483189
4	0.9220420515895166
5	0.9220420515895166
6	0.2912132099152615
7	0.31583506350196977
8	0.11925293695084047
9	0.33159647562093936
10	0.2819105719970956
11	0.277371291338266
12	0.9220420515895166
13	0.9524680951766463
14	0.9838981538483189
15	0.758843950874465
16	0.699686033300596
17	0.6664286233595221
18	0.9371316004437406
19	0.9680555771461301
20	0.34814444420780405
21	0.305745894681384
22	0.2959790185358471
23	0.5057153295259778
24	0.9524680951766463
25	0.9524680951766463
26	0.9838981538483189
27	0.7967132492072908
28	0.45139540946972445
29	0.43697584363533404
30	0.8501615448993927
31	0.9838981538483189
32	0.07819389939674361
33	0.07093715149650967
34	0.057441482370142585
35	0.0547111792972134
36	0.06979493239667438
37	0.1676934209382962
38	0.8640747434825012
39	0.783884695041549
40	0.8925879504044915
41	0.9838981538483189
42	0.008881624169591424
43	0.0010088158858740138
44	0.0013732801563434388
45	0.001589307136566305
46	0.0012458335400746532
47	0.019997932954225667
48	0.9838981538483189
49	0.9838981538483189
50	0.9838981538483189
51	0.9838981538483189
52	0.022404439747548664
53	0.0014185963995909494
54	0.0005443991622033086
55	0.0008168904262529228
56	0.0008438466194897108
57	0.00479289514036664
58	0.823003625015039
59	0.8097517472627709
60	0.9838981538483189
61	0.11733274450692355
62	0.0008859578853748351
63	0.00026222494537734203
64	0.0012869442307717569
65	0.0011487109132294472
66	3.678253276172629e-05
67	0.001395754378613427
68	0.0370577948122046
69	0.9838981538483189
70	0.01700147357515921
71	0.009790198959862089
72	0.030007614098887924
73	0.002851035264810493
74	4.1208860981214975e-05
75	0.0006944888267967183
76	6.0839707090036274e-05
77	0.00014382334778855537
78	0.06867110513305613
79	1.0
80	1.0
81	1.0
82	0.9838981538483189
83	0.06867110513305613
84	0.00016376769190026909
85	6.284732873436204e-05
86	0.0006723037820462359
87	4.1883258770264235e-05
88	0.0038810552143591303
89	0.029049038185277303
90	1.0
91	0.009790198959862089
92	0.010278768401209682
93	1.0
94	0.0370577948122046
95	0.0011487109132294472
96	6.492119896632246e-05
97	0.0012257733200817494
98	0.0011302145468318856
99	3.391504197028024e-05
100	0.0006099109471023051
101	0.10818572446379239
102	0.783884695041549
103	0.42301690250932045
104	0.2685108255202325
105	0.20709238541955044
106	0.17322705937262783
107	0.24757827243666988
108	0.6347520014624387
109	0.8640747434825012
110	0.7466251623243612
111	0.7466251623243612
112	0.6884197964379097
113	0.4095038717012285
114	0.6556978921951105
115	0.43697584363533404
116	0.6347520014624387
117	0.7227746524257325
118	0.9680555771461301
119	0.2685108255202325
120	0.22098538275893195
121	0.19407281858793526
122	0.012288234154010974
123	0.011895693606068052
124	0.1878732744065199
125	0.1972488898661471
126	0.07693483325865721
127	0.7967132492072908
128	0.8097517472627709
129	0.8364723744993591
130	0.8501615448993927
131	0.08619300005539272
132	0.01493095993810043
133	0.10138426111191928
134	0.05838153282986845
135	0.057441482370142585
136	0.13579004060925862
137	0.17894329980857734
138	0.2729051014782441
139	0.6556978921951105
140	0.15715080394779135
141	0.03587400494469159
142	0.06867110513305613
143	0.5665719880005069
144	0.5665719880005069
145	0.8782156365502339
146	0.9071954723294418
147	0.614475215120391
148	0.699686033300596
149	0.305745894681384
150	0.1818717710859395
151	0.3425386759286075
152	0.3715000583087311
153	0.45139540946972445
154	0.6045810297425014
155	0.8097517472627709
156	0.8364723744993591
157	0.7967132492072908
158	0.8364723744993591
159	0.783884695041549
160	0.2358104055548831
161	0.26418730551764474
162	0.4029101033605775
163	0.24359180518339907
164	0.8364723744993591
165	0.466290799956401
166	0.6773349667878948
167	0.7712627042813436
168	0.4095038717012285
169	0.4299397258291107
170	0.39642250686330754
171	0.35963270335587966
172	0.7967132492072908
173	0.8097517472627709
174	0.9220420515895166
175	0.9524680951766463
176	0.9680555771461301
177	0.8364723744993591
178	0.9680555771461301
179	0.783884695041549
180	0.31583506350196977
181	0.10644373457266824
182	0.07447719441285068
183	0.11175569566235759
184	0.20047693868989175
185	0.07447719441285068
186	0.07569604040982107
187	0.2516299796562454
188	0.9838981538483189
189	0.9838981538483189
190	0.758843950874465
191	0.699686033300596
192	0.8782156365502339
193	0.16233655139003358
194	0.06435386265758127
195	0.00479289514036664
196	0.010791719379643074
197	0.03587400494469159
198	0.03150511208810857
199	0.9220420515895166
200	0.9838981538483189
