1	1.0
2	1.0
3	0.5309525138815143
4	0.4162055494255546
5	0.4029101033605775
6	0.39642250686331315
7	0.4029101033605775
8	0.4029101033605775
9	0.14968112689163351
10	0.031505112088108786
11	0.042196692099189664
12	0.044302473030725285
13	0.06540703669975813
14	0.5948461590153626
15	0.4029101033605775
16	0.12318811002815042
17	0.06756537356313774
18	0.12520412762878277
19	0.14027091400017713
20	0.10995622264422976
21	0.9220420515895166
22	0.9371316004437403
23	0.9838981538483328
24	0.9524680951766598
25	0.9220420515895166
26	0.9524680951766598
27	0.9838981538483328
28	0.14968112689163351
29	0.13145230613269226
30	0.09348055211451997
31	0.09197534264619907
32	0.18787327440651988
33	0.9371316004437403
34	0.9371316004437403
35	0.4299397258291168
36	0.5139915422627579
37	0.6884197964379096
38	0.699686033300596
39	0.7346031188276506
40	0.9680555771461301
41	0.1272531380804732
42	0.10995622264422976
43	0.2685108255202324
44	0.05838153282986845
45	0.013112602486345002
46	0.014453999040223762
47	0.016727718463300126
48	0.09656527406216149
49	0.836472374499359
50	1.0
51	0.9680555771461301
52	0.9838981538483328
53	0.11925293695084214
54	0.052963462250909324
55	0.038907124553428526
56	0.9680555771461301
57	0.03361866366814525
58	0.01814203423202139
59	0.013545299253377087
60	1.0
61	1.0
62	1.0
63	0.014930959938100428
64	0.00456507970472645
65	0.00528320002309943
66	0.005457537922228115
67	0.062298115656568495
68	1.0
69	1.0
70	1.0
71	0.9838981538483328
72	0.05383022830539262
73	0.0593369675525062
74	0.045027498890454376
75	0.13360357026643777
76	1.0
77	0.9371316004437403
78	0.08209608258032162
79	0.01967592931444523
80	0.019047393108381876
81	0.03000761409888792
82	0.13360357026643777
83	1.0
84	1.0
85	1.0
86	1.0
87	0.18484816784601615
88	0.08760357941344458
89	0.016727718463300126
90	0.02099590847766578
91	0.016193361151328096
92	0.9371316004437403
93	1.0
94	0.9220420515895166
95	0.8782156365502464
96	0.9838981538483328
97	0.20709238541955044
98	0.07947357060372963
99	0.05383022830539262
100	0.06540703669975813
101	1.0
102	0.9838981538483328
103	1.0
104	0.06979493239667438
105	0.00028439586342649995
106	4.397339814568434e-05
107	0.00016113072972067388
108	0.020657835589543774
109	1.0
110	1.0
111	1.0
112	0.003520875718327149
113	0.002234882909108707
114	0.02204368690561934
115	0.08209608258032162
116	0.03954385360034535
117	0.10472979393476875
118	0.9371316004437403
119	0.14968112689163351
120	0.018438935128663837
121	0.021339514049848223
122	0.16769342093829614
123	0.21048152657828498
124	0.24359180518339907
125	0.6347520014624477
126	0.21048152657828498
127	0.25574799451756824
128	0.9680555771461301
129	0.43697584363533404
130	0.10818572446379239
131	0.08343961441458081
132	0.2865241396118687
133	0.21048152657828498
134	0.9680555771461301
135	0.9838981538483328
136	1.0
137	0.9838981538483328
138	0.24359180518339907
139	0.1909478879208092
140	0.23966952741252567
141	0.37150005830873106
142	0.18187177108593688
143	0.331596475620944
144	0.20375781569034018
145	0.27290510147824404
146	0.8640747434825012
147	0.9220420515895166
148	0.8925879504044913
149	0.6556978921951198
150	0.746625162324361
151	0.7712627042813325
152	0.7967132492072908
153	0.9680555771461301
154	0.5574491330158785
155	0.2865241396118687
156	0.2641873055176485
157	0.40950387170122843
158	0.7838846950415601
159	0.8501615448994048
160	0.8640747434825012
161	0.8782156365502464
162	0.9071954723294416
163	0.699686033300596
164	0.7838846950415601
165	0.746625162324361
166	0.836472374499359
167	0.32100381758685564
168	0.32100381758685564
169	0.32100381758685564
170	0.35963270335587966
171	0.5057153295259778
172	0.9838981538483328
173	0.9371316004437403
174	0.9680555771461301
175	0.8640747434825012
176	0.2641873055176485
177	0.07327797408660716
178	0.06435386265758217
179	0.13360357026643777
180	0.062298115656568495
181	0.7111366461700486
182	0.8640747434825012
183	0.8925879504044913
184	0.9371316004437403
185	0.7346031188276506
186	0.5309525138815143
187	0.3538419528953351
188	0.05044600800408381
189	0.14489964968096344
190	0.14727098441461417
191	0.20375781569034018
192	0.06331764666180247
193	0.585268037678987
194	0.009477456704464938
195	0.009790198959862157
196	0.007309608887594874
197	0.014221262971401532
198	0.06756537356313774
199	0.5224031981891457
200	1.0
