1	0.699686033300596
2	0.5948461590153669
3	0.7111366461700435
4	0.8782156365502463
5	0.8501615448993988
6	0.8782156365502463
7	1.0
8	1.0
9	0.9838981538483259
10	0.6664286233595268
11	0.6451399456130078
12	0.7346031188276455
13	0.17043778391330405
14	0.000619892358489307
15	0.000640347902665638
16	0.011147830387442765
17	0.0035208757183271995
18	0.07327797408660716
19	0.9838981538483259
20	0.15462038588001212
21	0.12933568132306092
22	0.9524680951766529
23	0.8782156365502463
24	0.836472374499359
25	0.9371316004437403
26	0.37150005830873367
27	0.08077418408895816
28	0.03254473486014845
29	0.02858129504156406
30	0.9838981538483259
31	0.016193361151328096
32	0.007927630713798602
33	0.006419412822152425
34	0.010278768401209682
35	0.9838981538483259
36	0.4739218161276131
37	0.32625716018605594
38	0.10644373457266823
39	0.08619300005539333
40	0.06540703669975859
41	0.1357900406092586
42	0.22460188780169352
43	0.8640747434825136
44	0.7588439508744758
45	0.699686033300596
46	0.771262704281349
47	0.6045810297425013
48	0.5758441417787878
49	0.017279708787603047
50	0.021339514049848223
51	0.17894329980857862
52	0.1878732744065212
53	0.19094788792080922
54	0.042196692099189956
55	0.04084874312373917
56	0.044302473030725285
57	0.37150005830873367
58	0.4230169025093204
59	0.5484731728386727
60	0.49757237909340724
61	0.5309525138815104
62	0.5309525138815104
63	0.9680555771461302
64	0.9680555771461302
65	0.9680555771461302
66	0.566571988000515
67	0.4299397258291138
68	0.6664286233595268
69	0.9838981538483259
70	1.0
71	0.9838981538483259
72	0.9524680951766529
73	0.8640747434825136
74	0.5139915422627616
75	0.4299397258291138
76	0.3964225068633103
77	0.5057153295259778
78	0.4162055494255576
79	0.8925879504044977
80	0.8925879504044977
81	0.9220420515895231
82	0.28191057199709557
83	0.1272531380804732
84	0.12120455403276079
85	0.0330773411179359
86	0.10995622264422977
87	0.836472374499359
88	0.8501615448993988
89	0.836472374499359
90	0.8230036250150449
91	0.771262704281349
92	0.836472374499359
93	0.7466251623243664
94	0.7838846950415601
95	0.8640747434825136
96	0.8925879504044977
97	0.13801229332339157
98	0.08619300005539333
99	0.09814559940423297
100	0.15213071221465965
101	0.17043778391330405
102	0.9680555771461302
103	0.9371316004437403
104	0.9220420515895231
105	0.9838981538483259
106	0.9071954723294418
107	0.9071954723294418
108	0.4513954094697244
109	0.3964225068633103
110	0.37150005830873367
111	0.3655182215245085
112	0.34253867592860987
113	0.06030803830703621
114	0.07209806342155825
115	0.5057153295259778
116	0.6884197964379146
117	0.33159647562094163
118	0.4739218161276131
119	0.5484731728386727
120	0.5224031981891458
121	0.3596327033558822
122	0.20709238541955194
123	0.1047297939347695
124	0.7346031188276455
125	0.11358461770179094
126	0.21392613224755785
127	0.24359180518339907
128	0.3775797899972509
129	0.9524680951766529
130	0.9680555771461302
131	0.9838981538483259
132	0.5139915422627616
133	0.17043778391330405
134	0.07569604040982214
135	0.07327797408660716
136	0.11733274450692356
137	0.08903724340857931
138	0.16769342093829737
139	0.9680555771461302
140	0.5396417421913
141	0.566571988000515
142	0.5758441417787878
143	0.6664286233595268
144	0.7967132492072965
145	0.7838846950415601
146	0.7838846950415601
147	0.9680555771461302
148	0.9680555771461302
149	0.9524680951766529
150	0.9071954723294418
151	0.7588439508744758
152	0.019359110527732818
153	0.013992274382953425
154	0.045764390058400266
155	0.1272531380804732
156	0.8640747434825136
157	0.8501615448993988
158	0.9838981538483259
159	0.8501615448993988
160	0.7967132492072965
161	0.7588439508744758
162	0.8782156365502463
163	0.9220420515895231
164	0.7227746524257324
165	0.9371316004437403
166	0.23201342268367448
167	0.164993247273701
168	0.15462038588001212
169	0.031505112088108786
170	0.7227746524257324
171	0.7111366461700435
172	0.8640747434825136
173	0.8925879504044977
174	0.022404439747549142
175	0.024298717947761627
176	0.019675929314445232
177	0.014690543918280325
178	0.018438935128663837
179	0.027668282067045125
180	0.07947357060372963
181	0.31583506350196977
182	0.8097517472627709
183	0.07947357060372963
184	0.13801229332339157
185	0.9838981538483259
186	0.08209608258032164
187	0.010791719379643227
188	0.011704150977755524
189	0.011330268629776727
190	0.009790198959862158
191	0.18484816784601485
192	0.9680555771461302
193	0.8782156365502463
194	0.8925879504044977
195	0.8925879504044977
196	1.0
197	0.9220420515895231
198	0.9524680951766529
199	0.9838981538483259
200	0.9838981538483259
