1	0.9524680951766598
2	0.677334966787895
3	0.677334966787895
4	0.677334966787895
5	0.6664286233595221
6	0.6664286233595221
7	0.746625162324361
8	0.5396417421912961
9	0.5852680376789788
10	0.7712627042813326
11	0.6996860333005961
12	0.6556978921951104
13	0.8925879504044915
14	0.22460188780169194
15	0.06435386265758127
16	0.6884197964379098
17	0.7111366461700487
18	0.7346031188276403
19	0.7838846950415602
20	0.9371316004437404
21	1.0
22	0.33702317086780453
23	0.3481444442078041
24	0.9371316004437404
25	0.4895605451959158
26	0.39642250686331315
27	0.3775797899972509
28	0.49757237909340374
29	0.2209853827589351
30	0.39003937264673083
31	0.39003937264673083
32	0.39642250686331315
33	0.9371316004437404
34	0.02390746372968351
35	0.03954385360034535
36	0.0547111792972134
37	0.013766972933527003
38	0.007550815325235631
39	0.007927630713798489
40	1.0
41	0.36551822152450336
42	0.35384195289533515
43	0.10818572446379085
44	0.0330773411179359
45	0.02766828206704513
46	0.39642250686331315
47	0.39642250686331315
48	1.0
49	0.40291010336057753
50	0.17894329980857993
51	0.17322705937262783
52	0.2819105719970956
53	0.9524680951766598
54	0.7712627042813326
55	0.7346031188276403
56	0.7588439508744758
57	0.8501615448994049
58	0.9680555771461302
59	0.9838981538483188
60	0.3262571601860513
61	0.2209853827589351
62	0.24359180518339563
63	0.41620554942555466
64	0.35384195289533515
65	0.20047693868989175
66	0.14027091400017713
67	0.31074953590015464
68	0.5309525138815143
69	1.0
70	0.9838981538483188
71	1.0
72	0.9680555771461302
73	0.030997821620274812
74	0.024696375181437153
75	0.029524436113288612
76	1.0
77	1.0
78	1.0
79	1.0
80	1.0
81	0.017849913987938726
82	0.01727970878760305
83	0.05211065273008481
84	1.0
85	0.03049869946550789
86	0.005114431247540003
87	0.0010591597671173619
88	0.00011836713659178144
89	0.00479289514036664
90	1.0
91	0.00038090849033420077
92	6.598365767066063e-05
93	0.0010421053394971728
94	0.004209195456615611
95	0.8925879504044915
96	0.12933568132306
97	0.04019100294647119
98	0.02204368690561934
99	0.14027091400017713
100	0.164993247273701
101	0.02133951404984792
102	0.02277109643911641
103	0.8501615448994049
104	0.8364723744993591
105	0.9071954723294418
106	0.9524680951766598
107	0.1252041276287828
108	0.052963462250909324
109	0.05044600800408382
110	0.10472979393476875
111	0.1972488898661499
112	1.0
113	0.9524680951766598
114	0.9071954723294418
115	0.8925879504044915
116	0.9071954723294418
117	0.18484816784601615
118	0.12120455403275907
119	0.11733274450692356
120	0.12318811002815044
121	0.176061982325188
122	0.17043778391330164
123	0.1272531380804732
124	0.13579004060925667
125	0.11544347070631858
126	0.1314523061326923
127	0.0622981156565685
128	0.10818572446379085
129	0.39003937264673083
130	0.39642250686331315
131	0.6556978921951104
132	0.6556978921951104
133	0.9838981538483188
134	0.9680555771461302
135	0.5309525138815143
136	0.20709238541955047
137	0.5309525138815143
138	0.8782156365502339
139	0.8640747434825014
140	0.8782156365502339
141	0.9838981538483188
142	1.0
143	1.0
144	0.004419250868277018
145	0.0008576564720537133
146	2.8833264476781604e-05
147	0.0003747751604249704
148	1.0
149	0.004715720680195316
150	5.60967683434023e-05
151	0.0010088158858740138
152	0.0050320794624387636
153	0.03049869946550789
154	1.0
155	0.9838981538483188
156	0.8925879504044915
157	0.9838981538483188
158	0.6347520014624478
159	0.0034084033755650564
160	0.008881624169591297
161	0.008057369233585078
162	0.0083232506725889
163	0.1336035702664378
164	1.0
165	1.0
166	1.0
167	0.12318811002815044
168	0.0059189685685373875
169	0.0015137643410159801
170	0.0003569613831694986
171	0.0018097003405784802
172	0.2729051014782441
173	0.16233655139003125
174	0.1676934209382962
175	0.08619300005539272
176	0.05044600800408382
177	0.05211065273008481
178	1.0
179	0.19407281858793252
180	0.1676934209382962
181	0.5852680376789788
182	0.6347520014624478
183	0.3481444442078041
184	0.1272531380804732
185	0.03954385360034535
186	0.6245313223904277
187	0.05127157501696131
188	0.05211065273008481
189	0.07947357060372963
190	0.2729051014782441
191	0.9680555771461302
192	0.9838981538483188
193	0.9680555771461302
194	0.9838981538483188
195	1.0
196	1.0
197	1.0
198	1.0
199	1.0
200	1.0
