1	0.8640747434825136
2	0.8364723744993591
3	0.7588439508744866
4	0.746625162324361
5	0.7227746524257427
6	0.7712627042813436
7	0.7967132492073022
8	0.9071954723294547
9	0.32100381758685564
10	0.30082282132372057
11	0.2557479945175719
12	0.2396695274125257
13	0.25162997965624895
14	0.2396695274125257
15	0.9371316004437404
16	0.17043778391330405
17	0.013112602486345095
18	0.008881624169591424
19	0.016193361151328214
20	0.029049038185277716
21	0.16769342093829856
22	0.10644373457266974
23	0.049633734144236996
24	0.047274548216865483
25	0.1732270593726278
26	0.48167771661524483
27	0.746625162324361
28	0.8097517472627825
29	0.968055577146144
30	0.9524680951766599
31	0.8640747434825136
32	0.2070923854195534
33	0.2435918051833991
34	0.14968112689163354
35	0.21742711012398036
36	0.8925879504045041
37	0.8925879504045041
38	0.9371316004437404
39	0.7838846950415602
40	0.7712627042813436
41	0.2070923854195534
42	0.29597901853585135
43	0.2599334021689762
44	0.22460188780169515
45	0.6347520014624568
46	0.5852680376789872
47	0.566571988000523
48	0.9220420515895167
49	0.9071954723294547
50	0.968055577146144
51	0.5574491330158786
52	0.15462038588001323
53	0.04502749889045438
54	0.02032520629905422
55	0.04883453939311235
56	0.03705779481220513
57	0.0018694178137101955
58	0.0027599605887401314
59	0.9220420515895167
60	1.0
61	0.9371316004437404
62	0.9220420515895167
63	0.06435386265758217
64	0.06540703669975813
65	0.0807741840889576
66	0.08343961441458081
67	0.08343961441458081
68	0.07947357060373077
69	0.10818572446379239
70	0.3370231708678093
71	0.8925879504045041
72	0.4369758436353341
73	0.11733274450692524
74	0.095010394875619
75	0.11175569566235918
76	0.11544347070632022
77	0.3596327033558848
78	0.3775797899972563
79	0.3655182215245085
80	0.16233655139003356
81	0.1571508039477936
82	0.31074953590015464
83	0.030997821620275257
84	0.01151569253937574
85	0.06647744631284513
86	0.3655182215245085
87	0.968055577146144
88	0.6045810297425099
89	0.6045810297425099
90	0.5948461590153712
91	0.6347520014624568
92	0.9838981538483328
93	0.968055577146144
94	0.9838981538483328
95	0.9071954723294547
96	0.9220420515895167
97	0.9071954723294547
98	0.8925879504045041
99	0.9838981538483328
100	0.3425386759286123
101	0.06030803830703579
102	0.07327797408660716
103	0.15462038588001323
104	0.968055577146144
105	0.850161544899417
106	0.8640747434825136
107	0.9524680951766599
108	0.8364723744993591
109	0.8640747434825136
110	0.9220420515895167
111	0.4739218161276199
112	0.2641873055176523
113	0.3057458946813884
114	0.3425386759286123
115	0.2599334021689762
116	0.19094788792081194
117	0.2396695274125257
118	0.17043778391330405
119	0.505715329525985
120	1.0
121	0.9838981538483328
122	0.9838981538483328
123	0.968055577146144
124	0.968055577146144
125	0.7111366461700487
126	0.2912132099152615
127	0.2209853827589351
128	0.08343961441458081
129	0.10995622264422977
130	0.1425664978143701
131	0.11733274450692524
132	0.2070923854195534
133	0.466290799956401
134	0.2004769386898946
135	0.3315964756209441
136	0.06979493239667536
137	0.030498699465507893
138	0.021688742850449538
139	0.024298717947761457
140	0.9838981538483328
141	0.1425664978143701
142	0.8097517472627825
143	0.7838846950415602
144	0.968055577146144
145	0.9838981538483328
146	0.9838981538483328
147	0.9838981538483328
148	0.9838981538483328
149	0.5758441417787838
150	0.566571988000523
151	0.5758441417787838
152	0.9838981538483328
153	0.02858129504156406
154	0.019047393108381876
155	0.012901465378461815
156	0.16769342093829856
157	0.968055577146144
158	0.8097517472627825
159	0.7346031188276507
160	0.49757237909340374
161	0.10472979393477024
162	0.10304345090533532
163	0.746625162324361
164	0.07093715149651068
165	0.057441482370143404
166	0.12318811002815044
167	0.48167771661524483
168	0.8364723744993591
169	0.8640747434825136
170	0.9371316004437404
171	0.5224031981891458
172	0.466290799956401
173	0.6884197964379097
174	0.9371316004437404
175	0.11544347070632022
176	0.1336035702664378
177	0.20375781569034312
178	0.9071954723294547
179	0.8782156365502465
180	0.5309525138815143
181	0.5224031981891458
182	0.32100381758685564
183	0.7967132492073022
184	0.8640747434825136
185	0.9220420515895167
186	0.9220420515895167
187	0.210481526578288
188	0.2004769386898946
189	0.08760357941344458
190	0.5484731728386767
191	0.8782156365502465
192	0.8364723744993591
193	0.13801229332339257
194	0.098145599404233
195	0.1472709844146142
196	0.9220420515895167
197	0.49757237909340374
198	0.699686033300596
199	0.9371316004437404
200	1.0
