1	1.0
2	0.14489964968096344
3	0.021688742850449225
4	0.030997821620274372
5	0.43697584363533404
6	1.0
7	0.6347520014624386
8	0.006524468815236717
9	0.0008859578853748351
10	0.0021634908644312515
11	0.00441925086827708
12	0.0015637163575655455
13	0.0012060361066649748
14	0.04019100294647118
15	1.0
16	0.8501615448993928
17	0.8364723744993591
18	0.9680555771461439
19	0.513991542262758
20	0.21742711012398033
21	0.0675653735631387
22	0.0006944888267967182
23	0.0006723037820462358
24	5.3430382089605976e-05
25	0.0005270086451645937
26	0.000148569308605765
27	0.006015834611932685
28	0.0675653735631387
29	0.32100381758685564
30	1.0
31	1.0
32	1.0
33	0.32100381758685564
34	0.06435386265758127
35	0.005457537922228076
36	0.00015347187921147434
37	0.000609910947102305
38	0.00039991732244170497
39	0.00039991732244170497
40	0.0005623635409531144
41	0.019047393108381872
42	0.0019311058764015325
43	0.06979493239667438
44	0.11925293695084213
45	0.026353155917209006
46	0.013766972933527001
47	0.013766972933527001
48	0.027668282067045125
49	0.1789432998085799
50	0.2912132099152615
51	0.02099590847766593
52	0.0013957543786134268
53	9.741658249768637e-05
54	0.0006198923584893025
55	0.001994829555235368
56	0.0010764932965619026
57	0.0007410792960859193
58	0.2246018878016919
59	1.0
60	1.0
61	0.9680555771461439
62	0.823003625015039
63	0.08760357941344458
64	0.11925293695084213
65	0.9371316004437404
66	0.8501615448993928
67	0.7712627042813435
68	0.9371316004437404
69	0.7712627042813435
70	0.8782156365502338
71	0.9371316004437404
72	0.21392613224755938
73	0.08619300005539272
74	0.05838153282986845
75	0.9371316004437404
76	0.9371316004437404
77	0.9524680951766463
78	0.9371316004437404
79	0.9680555771461439
80	0.9680555771461439
81	0.1425664978143681
82	0.14489964968096344
83	0.17043778391330164
84	0.783884695041549
85	0.823003625015039
86	0.7346031188276402
87	0.9071954723294418
88	0.42301690250931445
89	0.3262571601860559
90	0.6773349667878948
91	0.746625162324361
92	0.031505112088109015
93	0.0008716923278076732
94	0.0011487109132294472
95	0.001994829555235368
96	0.000580920718013925
97	3.336894718224697e-05
98	0.0013080055346563406
99	0.3775797899972509
100	0.6451399456130124
101	0.2912132099152615
102	0.09049436982916181
103	0.03049869946550789
104	0.02099590847766593
105	0.022404439747548983
106	0.04151724745489865
107	0.2004769386898946
108	0.5665719880005068
109	0.746625162324361
110	0.9371316004437404
111	0.9838981538483188
112	1.0
113	0.26851082552023625
114	0.03954385360034591
115	0.0001664478089116465
116	5.519350680993034e-05
117	0.0008438466194897108
118	1.0
119	0.0011120160060804065
120	6.816102218550646e-05
121	2.532182371629836e-05
122	0.0010941104954322928
123	0.006850065475449525
124	0.9071954723294418
125	0.823003625015039
126	0.9838981538483188
127	0.9838981538483188
128	0.8640747434825136
129	0.9838981538483188
130	0.6347520014624386
131	0.5758441417787837
132	0.6451399456130124
133	0.9838981538483188
134	0.9838981538483188
135	1.0
136	1.0
137	1.0
138	0.6347520014624386
139	0.6245313223904277
140	0.6347520014624386
141	0.9838981538483188
142	0.823003625015039
143	0.9680555771461439
144	0.8925879504044915
145	0.7967132492072908
146	0.008459463654885606
147	0.0016153167178432556
148	0.000148569308605765
149	0.00013478140409426748
150	0.0010591597671173467
151	1.0
152	0.000976589844633953
153	0.00013047588992904188
154	0.00024573928273773744
155	0.04288725609875964
156	0.2729051014782441
157	1.0
158	1.0
159	1.0
160	1.0
161	1.0
162	0.9524680951766463
163	1.0
164	1.0
165	0.45139540946973084
166	0.3370231708678044
167	0.34253867592860743
168	0.6773349667878948
169	0.34814444420780405
170	0.014690543918280221
171	0.6664286233595221
172	0.6773349667878948
173	1.0
174	0.9838981538483188
175	1.0
176	1.0
177	1.0
178	0.3538419528953301
179	0.3370231708678044
180	1.0
181	0.02032520629905422
182	0.0083232506725889
183	0.13801229332339057
184	0.8364723744993591
185	0.5224031981891457
186	0.9680555771461439
187	1.0
188	0.9838981538483188
189	0.04084874312373918
190	0.000976589844633953
191	0.002027475656329842
192	0.0048713325882563455
193	0.0025038237499127474
194	0.0008716923278076732
195	0.006739766775034894
196	0.0612950009827268
197	0.030997821620274372
198	0.021688742850449225
199	0.14489964968096344
200	1.0
