1	0.7967132492073135
2	0.3900393726467364
3	0.2358104055548864
4	0.15213071221465965
5	0.2358104055548864
6	0.9524680951766733
7	0.575844141778792
8	0.4513954094697308
9	0.25574799451757185
10	0.2599334021689762
11	0.5665719880005229
12	0.6773349667879045
13	0.5396417421913038
14	0.4513954094697308
15	0.5139915422627653
16	0.44412711003287414
17	0.5309525138815218
18	0.5852680376789872
19	0.5139915422627653
20	0.4975723790934108
21	0.4513954094697308
22	0.48956054519592274
23	0.44412711003287414
24	0.575844141778792
25	0.3262571601860559
26	0.25162997965624895
27	0.15715080394779357
28	0.4975723790934108
29	0.6773349667879045
30	0.08760357941344458
31	0.03529636723622802
32	0.8782156365502463
33	0.9680555771461438
34	0.059336967552507044
35	0.04804821315291693
36	0.042196692099190254
37	0.7346031188276507
38	0.8097517472627824
39	0.16233655139003356
40	0.2139261322475624
41	0.25162997965624895
42	0.26851082552023625
43	0.331596475620944
44	0.746625162324361
45	0.006015834611932771
46	0.002463507565100762
47	0.01044698413245975
48	0.019047393108381876
49	0.03099782162027525
50	0.05838153282986928
51	0.16769342093829856
52	0.8501615448994169
53	1.0
54	1.0
55	0.8097517472627824
56	0.892587950404504
57	0.3262571601860559
58	0.7111366461700587
59	0.03890712455342853
60	0.0744771944128528
61	0.0744771944128528
62	0.07947357060373075
63	0.9838981538483329
64	1.0
65	1.0
66	1.0
67	0.9838981538483329
68	0.9071954723294546
69	0.892587950404504
70	0.03099782162027525
71	0.08480513362915015
72	0.02390746372968385
73	0.1448996496809655
74	0.8782156365502463
75	0.7227746524257427
76	0.8501615448994169
77	0.6144752151203997
78	0.6884197964379195
79	0.9680555771461438
80	0.7967132492073135
81	0.3210038175868602
82	0.08903724340858057
83	0.05560654736795922
84	0.029524436113289032
85	0.001206036106664992
86	0.0020606560225769396
87	0.07947357060373075
88	0.21742711012398033
89	0.14727098441461417
90	0.10472979393477024
91	0.2282775782464986
92	0.7227746524257427
93	0.6347520014624567
94	0.9524680951766733
95	0.9371316004437404
96	0.9524680951766733
97	0.9371316004437404
98	0.9071954723294546
99	0.5484731728386766
100	0.8364723744993591
101	0.10995622264422977
102	0.10818572446379392
103	0.15972263321475902
104	0.24359180518339907
105	0.9838981538483329
106	0.9524680951766733
107	0.8097517472627824
108	0.6245313223904276
109	0.5484731728386766
110	0.2139261322475624
111	0.11733274450692356
112	0.44412711003287414
113	0.40950387170123426
114	0.8097517472627824
115	0.8230036250150505
116	0.9220420515895297
117	0.892587950404504
118	0.8364723744993591
119	0.6884197964379195
120	0.7227746524257427
121	0.6773349667879045
122	0.40950387170123426
123	0.4513954094697308
124	0.4587826572335652
125	0.16769342093829856
126	0.22098538275893506
127	0.2037578156903431
128	0.1972488898661499
129	0.6773349667879045
130	0.6884197964379195
131	0.5852680376789872
132	0.7227746524257427
133	0.8640747434825136
134	0.892587950404504
135	0.3837590186752858
136	0.3837590186752858
137	0.3775797899972562
138	0.4816777166152449
139	0.6451399456130124
140	0.5139915422627653
141	0.22460188780169513
142	0.17043778391330405
143	0.4029101033605832
144	0.331596475620944
145	0.09197534264619907
146	0.5057153295259849
147	0.6556978921951198
148	0.6556978921951198
149	0.3837590186752858
150	0.7227746524257427
151	0.3425386759286123
152	0.176061982325188
153	0.15715080394779357
154	0.13801229332339257
155	0.1972488898661499
156	0.8501615448994169
157	0.892587950404504
158	0.08209608258032164
159	0.013327194928720823
160	0.03705779481220512
161	0.6556978921951198
162	0.6884197964379195
163	0.1357900406092586
164	0.13801229332339257
165	0.6347520014624567
166	0.2396695274125291
167	0.42993972582912293
168	0.28191057199709957
169	0.18787327440652254
170	0.2912132099152615
171	0.2773712913382699
172	0.44412711003287414
173	0.37150005830873634
174	0.4029101033605832
175	0.9220420515895297
176	0.5224031981891458
177	0.5139915422627653
178	0.5057153295259849
179	0.06030803830703665
180	0.003194122510301129
181	0.4029101033605832
182	0.15715080394779357
183	0.22098538275893506
184	0.42993972582912293
185	0.5139915422627653
186	0.6245313223904276
187	0.44412711003287414
188	0.4513954094697308
189	0.5057153295259849
190	0.7111366461700587
191	0.22460188780169513
192	0.20047693868989744
193	0.24359180518339907
194	0.2037578156903431
195	0.9071954723294546
196	0.9371316004437404
197	0.699686033300596
198	0.699686033300596
199	0.9220420515895297
200	0.9524680951766733
