1	1.0
2	1.0
3	1.0
4	1.0
5	0.9524680951766734
6	0.33702317086780925
7	0.33702317086780925
8	0.008057369233585078
9	0.003299523896879449
10	0.005114431247540004
11	0.7346031188276507
12	1.0
13	0.9071954723294547
14	0.9220420515895167
15	1.0
16	1.0
17	1.0
18	0.9524680951766734
19	0.1972488898661499
20	0.210481526578288
21	0.007429233258549036
22	0.7346031188276507
23	0.08343961441458202
24	0.037664258914665634
25	0.13360357026643968
26	0.005114431247540004
27	0.00010565307984570667
28	5.257005429737361e-05
29	3.7384492102012155e-05
30	5.794787992315277e-05
31	0.0006403479026656425
32	1.0
33	0.6347520014624568
34	1.0
35	0.12520412762878458
36	0.09501039487561899
37	0.08480513362915015
38	0.9071954723294547
39	0.014690543918280431
40	0.0045650797047264826
41	0.09049436982916183
42	0.08903724340858059
43	0.006631244087325166
44	0.023522509426831584
45	0.9071954723294547
46	0.2557479945175719
47	0.08343961441458202
48	0.09348055211452132
49	1.0
50	1.0
51	1.0
52	1.0
53	0.9838981538483329
54	1.0
55	0.968055577146144
56	0.9371316004437404
57	0.23581040555488308
58	0.251629979656249
59	0.3481444442078041
60	0.968055577146144
61	0.9071954723294547
62	0.02766828206704552
63	0.0047928951403666395
64	0.0009608649452023766
65	0.0009765898446339669
66	0.0038810552143591854
67	0.10138426111191928
68	1.0
69	0.003696581267296084
70	0.012288234154011151
71	0.028121083425988992
72	1.0
73	1.0
74	0.9838981538483329
75	0.9838981538483329
76	0.9838981538483329
77	0.6556978921951199
78	1.0
79	0.009324852154700494
80	4.8471800716523336e-05
81	2.615740698581397e-05
82	1.7432044728210754e-05
83	8.281983227505338e-05
84	0.009324852154700494
85	0.13579004060925862
86	1.0
87	1.0
88	1.0
89	1.0
90	0.2209853827589351
91	0.06756537356313871
92	0.005823662247270328
93	0.0005101736581558254
94	0.0009925720876843127
95	0.003408403375565057
96	0.06030803830703665
97	0.5309525138815143
98	0.466290799956401
99	0.004491573493650815
100	0.004639788871308576
101	0.0014654080128054768
102	0.0009004569039077773
103	0.06030803830703665
104	1.0
105	0.5948461590153711
106	0.60458102974251
107	1.0
108	1.0
109	0.968055577146144
110	0.030498699465507893
111	0.00018952954375246777
112	0.00012630791292891542
113	0.005198130749139036
114	0.3775797899972563
115	0.9838981538483329
116	0.012489335512977848
117	0.015676073575284978
118	0.025100540218357583
119	0.07947357060373077
120	0.251629979656249
121	0.8782156365502464
122	0.8925879504044915
123	0.9524680951766734
124	0.8782156365502464
125	0.8925879504044915
126	0.9838981538483329
127	0.9838981538483329
128	0.6347520014624568
129	0.9838981538483329
130	0.13579004060925862
131	0.040191002946471766
132	0.0043480927706904616
133	0.006419412822152425
134	0.0007780620682611712
135	0.030498699465507893
136	0.9838981538483329
137	1.0
138	0.9838981538483329
139	0.9838981538483329
140	1.0
141	0.9838981538483329
142	0.05044600800408453
143	0.04288725609876025
144	0.03828064801966493
145	0.047274548216865483
146	0.06331764666180337
147	0.14027091400017916
148	0.9524680951766734
149	0.566571988000523
150	0.6884197964379195
151	0.5948461590153711
152	0.4975723790934108
153	0.8364723744993591
154	0.968055577146144
155	0.5396417421913038
156	0.5224031981891458
157	0.5852680376789872
158	0.9838981538483329
159	0.9524680951766734
160	0.968055577146144
161	0.9524680951766734
162	0.3315964756209441
163	0.251629979656249
164	0.12933568132306184
165	0.8640747434825137
166	0.8925879504044915
167	0.9220420515895167
168	0.9371316004437404
169	0.2912132099152615
170	0.08760357941344458
171	0.012693727967806583
172	0.0006099109471023138
173	0.005198130749139036
174	1.0
175	0.3775797899972563
176	0.00707610765039319
177	0.00021934392271275
178	0.00022658195241164294
179	0.030498699465507893
180	1.0
181	0.968055577146144
182	1.0
183	1.0
184	0.6144752151203998
185	0.60458102974251
186	0.968055577146144
187	0.06435386265758217
188	0.0006300371192533686
189	0.0015893071365663278
190	0.00023788928317815985
191	0.0002123371076951904
192	0.006631244087325166
193	0.06030803830703665
194	0.003246395470718147
195	0.0008576564720537133
196	0.00031861942937681966
197	0.006214348384488123
198	0.06756537356313871
199	0.21742711012398036
200	1.0
