1	0.6347520014624478
2	0.4587826572335652
3	0.1425664978143681
4	0.3655182215245085
5	0.9071954723294419
6	0.6451399456130031
7	0.15715080394779135
8	0.15462038588001323
9	0.7111366461700487
10	1.0
11	1.0
12	1.0
13	0.9838981538483329
14	0.5057153295259778
15	0.40950387170123426
16	0.07947357060372963
17	0.17606198232518802
18	0.1336035702664378
19	0.4029101033605775
20	0.7712627042813436
21	0.9371316004437406
22	0.9838981538483329
23	0.5574491330158786
24	0.5758441417787838
25	1.0
26	0.3425386759286123
27	0.45139540946972445
28	0.45139540946972445
29	1.0
30	0.5224031981891458
31	0.0330773411179359
32	0.006114285902868147
33	0.48956054519592274
34	0.07819389939674361
35	0.9371316004437406
36	1.0
37	0.9838981538483329
38	0.9680555771461301
39	0.34814444420780405
40	0.025511319561055724
41	0.01843893512866384
42	0.042887256098760256
43	0.5396417421912961
44	0.5574491330158786
45	0.5948461590153711
46	0.9838981538483329
47	0.9838981538483329
48	0.8501615448994049
49	0.08209608258032165
50	0.08903724340857933
51	0.5758441417787838
52	0.9838981538483329
53	0.9371316004437406
54	0.9524680951766599
55	0.9524680951766599
56	0.9524680951766599
57	0.9220420515895167
58	0.9838981538483329
59	0.9838981538483329
60	0.9680555771461301
61	0.9838981538483329
62	0.9838981538483329
63	0.9838981538483329
64	1.0
65	0.10138426111191928
66	0.0807741840889576
67	0.08903724340857933
68	1.0
69	1.0
70	0.052110652730085555
71	0.025928821455018843
72	0.020995908477665932
73	0.00902697513442092
74	0.005457537922228155
75	0.002805128333603537
76	0.006524468815236811
77	0.03828064801966494
78	0.9838981538483329
79	0.9838981538483329
80	1.0
81	1.0
82	0.809751747262771
83	0.008189230970776996
84	0.19407281858793526
85	0.1972488898661499
86	1.0
87	1.0
88	1.0
89	1.0
90	0.00902697513442092
91	0.005918968568537472
92	0.19094788792080922
93	1.0
94	1.0
95	1.0
96	0.0472745482168648
97	0.0030422997831473643
98	0.0001776141246681195
99	0.001465408012805456
100	0.003408403375565057
101	0.00463978887130851
102	0.009950419076984587
103	0.040848743123739185
104	1.0
105	0.9220420515895167
106	0.009950419076984587
107	0.002945115272426268
108	0.039543853600345354
109	0.9524680951766599
110	0.9524680951766599
111	0.42301690250932045
112	0.14489964968096347
113	0.17043778391330405
114	1.0
115	0.566571988000515
116	0.45139540946972445
117	0.4299397258291168
118	0.1212045540327608
119	0.06647744631284419
120	0.3008228213237163
121	0.9220420515895167
122	0.8230036250150506
123	0.010278768401209684
124	0.0036965812672960317
125	0.0032995238968794496
126	0.0018694178137101957
127	0.0028510352648104934
128	0.004565079704726483
129	0.0013294115143324039
130	0.021339514049848227
131	0.020995908477665932
132	0.9524680951766599
133	0.10472979393476876
134	0.021339514049848227
135	0.015676073575284756
136	0.017562497419084444
137	0.3158350635019698
138	0.3158350635019698
139	0.9371316004437406
140	0.9680555771461301
141	0.020325206299054217
142	0.009632558682416177
143	0.07947357060372963
144	0.2641873055176486
145	0.2959790185358514
146	0.2599334021689762
147	0.8501615448994049
148	0.8782156365502465
149	0.9680555771461301
150	0.9838981538483329
151	0.4029101033605775
152	0.3057458946813884
153	0.3008228213237163
154	0.6045810297425014
155	0.7111366461700487
156	0.7712627042813436
157	0.8782156365502465
158	0.35963270335587966
159	0.13801229332339254
160	0.1212045540327608
161	0.9838981538483329
162	0.9838981538483329
163	0.3158350635019698
164	0.3210038175868557
165	0.9838981538483329
166	0.01151569253937574
167	0.010791719379643228
168	0.016193361151328214
169	0.10644373457266824
170	0.0007291465512741478
171	0.00017194034396490236
172	0.0025864462836876507
173	0.005637628717885407
174	0.0029933131400918327
175	0.0020943793974174054
176	0.003637059484442896
177	0.004141419638950832
178	0.009950419076984587
179	0.9838981538483329
180	0.9524680951766599
181	0.699686033300596
182	0.45139540946972445
183	0.5484731728386767
184	0.746625162324361
185	0.9680555771461301
186	0.9680555771461301
187	1.0
188	0.9838981538483329
189	0.5396417421912961
190	0.14968112689163354
191	0.6245313223904277
192	0.4299397258291168
193	0.41620554942555466
194	0.14489964968096347
195	0.6884197964379098
196	1.0
197	0.5057153295259778
198	0.3900393726467364
199	0.42301690250932045
200	0.9838981538483329
