1	1.0
2	1.0
3	1.0
4	0.2475782724366699
5	0.06331764666180247
6	0.019047393108381605
7	0.007799981223697564
8	0.0030920881101849616
9	2.5736224442801122e-05
10	1.0202418610811952e-05
11	4.326534525397529e-05
12	4.326534525397529e-05
13	1.5814272050876884e-05
14	0.0018097003405784804
15	0.01843893512866384
16	1.0
17	1.0
18	1.0
19	1.0
20	0.01843893512866384
21	0.0017805608241138154
22	1.607307828459943e-05
23	4.326534525397529e-05
24	4.326534525397529e-05
25	1.0038140835965751e-05
26	2.5736224442801122e-05
27	0.0019000115066771079
28	0.006419412822152426
29	0.017001473575158972
30	0.059336967552506205
31	0.2282775782464954
32	0.9680555771461303
33	0.18187177108593688
34	0.12725313808047323
35	0.1252041276287828
36	0.1336035702664359
37	0.20047693868989178
38	1.0
39	1.0
40	0.8640747434825014
41	0.9838981538483049
42	0.2282775782464954
43	0.03587400494469109
44	0.00463978887130851
45	8.28198322750522e-05
46	0.0001834751318635353
47	0.012901465378461633
48	0.8230036250150273
49	0.9680555771461303
50	0.9524680951766464
51	0.9680555771461303
52	0.38375901867527495
53	0.8501615448993928
54	0.5484731728386611
55	0.4975723790934038
56	1.0
57	0.0037570771454724264
58	0.0007174059456835026
59	0.0024635075651006926
60	0.009950419076984447
61	0.038907124553427985
62	1.0
63	1.0
64	1.0
65	1.0
66	1.0
67	1.0
68	1.0
69	1.0
70	0.030997821620274372
71	0.00471572068019525
72	0.005369661486237395
73	0.0006000902548658376
74	0.0031941225103010386
75	0.9680555771461303
76	0.41620554942554877
77	0.4369758436353279
78	0.6996860333005861
79	0.8501615448993928
80	0.9371316004437272
81	0.9680555771461303
82	0.14968112689163143
83	0.09656527406216013
84	0.08903724340857806
85	0.09348055211451999
86	0.10472979393476876
87	0.27737129133826205
88	0.9838981538483049
89	0.9524680951766464
90	0.8925879504044915
91	0.9071954723294419
92	0.9071954723294419
93	0.10304345090533237
94	0.036461095901417405
95	0.025928821455018475
96	0.020657835589543778
97	0.20047693868989178
98	0.9838981538483049
99	0.09656527406216013
100	0.04019100294647062
101	0.029049038185277307
102	0.02352250942683125
103	0.0023848122377374084
104	0.08903724340857806
105	0.8640747434825014
106	0.878215636550234
107	0.17894329980857737
108	0.20375781569034024
109	0.1336035702664359
110	0.11544347070631694
111	0.8230036250150273
112	0.0376642589146651
113	0.11733274450692358
114	0.7712627042813326
115	0.4369758436353279
116	0.34814444420779916
117	0.585268037678979
118	0.677334966787895
119	0.34253867592860265
120	0.2819105719970956
121	0.4299397258291108
122	0.4975723790934038
123	0.7111366461700386
124	0.9071954723294419
125	0.7712627042813326
126	0.7111366461700386
127	0.6556978921951105
128	0.6451399456130033
129	0.8640747434825014
130	0.4441271100328679
131	0.40291010336057753
132	0.2516299796562454
133	0.20047693868989178
134	0.7712627042813326
135	0.8925879504044915
136	0.9680555771461303
137	0.9071954723294419
138	0.2865241396118647
139	0.3057458946813797
140	0.34814444420779916
141	0.878215636550234
142	0.8925879504044915
143	0.9220420515895036
144	1.0
145	0.9524680951766464
146	0.9680555771461303
147	0.9838981538483049
148	0.34814444420779916
149	0.27737129133826205
150	0.27737129133826205
151	0.7227746524257325
152	0.746625162324361
153	0.5948461590153628
154	0.585268037678979
155	0.12933568132305814
156	0.14256649781436606
157	0.2516299796562454
158	0.3158350635019698
159	0.6996860333005861
160	0.8230036250150273
161	0.5758441417787756
162	0.33159647562093936
163	0.39003937264673083
164	0.3370231708678045
165	0.08077418408895645
166	0.6996860333005861
167	0.7712627042813326
168	0.7588439508744651
169	0.7712627042813326
170	0.9371316004437272
171	0.9220420515895036
172	0.8501615448993928
173	0.30082282132371635
174	0.2819105719970956
175	0.2865241396118647
176	0.10995622264422977
177	0.21392613224755636
178	0.4441271100328679
179	0.3964225068633076
180	0.40291010336057753
181	0.34814444420779916
182	0.6451399456130033
183	0.6144752151203824
184	0.6144752151203824
185	0.1314523061326923
186	0.1909478879208065
187	0.1231881100281487
188	0.10138426111191785
189	0.1252041276287828
190	0.2641873055176448
191	1.0
192	0.10995622264422977
193	0.10644373457266675
194	0.10644373457266675
195	0.10818572446379086
196	0.10304345090533237
197	0.1117556956623576
198	0.9838981538483049
199	0.9680555771461303
200	1.0
