1	1.0
2	0.19724888986614988
3	0.19724888986614988
4	0.19724888986614988
5	1.0
6	0.9524680951766598
7	0.9524680951766598
8	1.0
9	0.8501615448994048
10	0.06647744631284418
11	0.06435386265758217
12	0.06647744631284418
13	0.8501615448994048
14	0.8782156365502465
15	0.06647744631284418
16	0.048834539393112344
17	0.06331764666180247
18	0.17322705937262783
19	0.27737129133826594
20	0.2209853827589351
21	0.08077418408895759
22	0.10644373457266823
23	0.10818572446379239
24	0.09814559940423298
25	0.0876035794134446
26	0.1425664978143681
27	0.09348055211451997
28	0.8925879504044913
29	0.7227746524257325
30	0.8364723744993591
31	0.3008228213237163
32	0.11358461770178932
33	0.08343961441458082
34	0.17606198232518802
35	0.2209853827589351
36	0.12120455403276079
37	0.022771096439116737
38	0.25993340216897615
39	0.18787327440651988
40	0.0997517873372933
41	0.1314523061326923
42	0.10995622264422977
43	0.3538419528953351
44	0.3655182215245085
45	0.2912132099152615
46	0.2641873055176485
47	0.16769342093829617
48	0.14489964968096344
49	0.331596475620944
50	0.3538419528953351
51	0.8782156365502465
52	0.9371316004437404
53	0.8364723744993591
54	0.8640747434825014
55	0.7588439508744758
56	0.7712627042813325
57	0.6664286233595221
58	0.7588439508744758
59	0.9371316004437404
60	0.699686033300596
61	0.746625162324361
62	0.11544347070632022
63	0.05383022830539339
64	0.1272531380804732
65	0.3370231708678045
66	0.0965652740621615
67	0.18484816784601615
68	0.3715000583087311
69	0.6773349667878948
70	0.5758441417787756
71	0.5758441417787756
72	0.4739218161276131
73	0.41620554942555466
74	0.8097517472627709
75	0.9071954723294418
76	0.5309525138815142
77	0.4095038717012343
78	0.5396417421912961
79	0.45139540946972445
80	0.5574491330158785
81	0.5665719880005149
82	0.3210038175868557
83	0.331596475620944
84	0.3210038175868557
85	0.31074953590015464
86	0.026353155917208635
87	0.3715000583087311
88	0.7588439508744758
89	0.11544347070632022
90	0.03472803056127704
91	0.023522509426831248
92	0.019997932954225667
93	0.1314523061326923
94	0.9838981538483329
95	1.0
96	1.0
97	0.14027091400017713
98	0.03646109590141792
99	0.0019311058764015325
100	0.011147830387442765
101	0.0997517873372933
102	1.0
103	0.746625162324361
104	0.20375781569034018
105	0.012288234154010974
106	0.0020943793974174054
107	0.0034084033755650564
108	0.0001461770684557354
109	0.0008302591310470713
110	0.004419250868277018
111	0.0025038237499127474
112	0.0005904276939048732
113	3.738449210201162e-05
114	0.00024976089423135706
115	0.10995622264422977
116	1.0
117	1.0
118	1.0
119	1.0
120	1.0
121	1.0
122	1.0
123	0.10818572446379239
124	0.0003084413155953434
125	3.560753598154938e-05
126	0.0005809207180139167
127	0.0025038237499127474
128	0.004419250868277018
129	0.0007907953330514327
130	0.00012427412234719407
131	0.0023086307871880737
132	0.00018952954375246506
133	0.0015637163575655455
134	0.1314523061326923
135	0.6451399456130033
136	0.6773349667878948
137	0.6884197964379097
138	0.5139915422627579
139	0.5948461590153711
140	0.5309525138815142
141	0.4975723790934037
142	0.6347520014624477
143	0.6144752151203998
144	0.5224031981891458
145	0.6045810297425014
146	0.9680555771461302
147	0.7346031188276506
148	0.7967132492072908
149	0.4299397258291168
150	0.3900393726467363
151	0.466290799956401
152	0.305745894681384
153	0.04019100294647118
154	0.03472803056127704
155	0.03416884515602848
156	0.041517247454899237
157	0.15213071221465752
158	0.04019100294647118
159	0.004491573493650815
160	0.05651656845829405
161	0.4895605451959227
162	0.5852680376789872
163	0.29597901853585135
164	0.348144444207804
165	0.6884197964379097
166	0.3158350635019698
167	0.23581040555488308
168	0.0876035794134446
169	0.6556978921951198
170	0.5574491330158785
171	0.5574491330158785
172	0.9680555771461302
173	0.9838981538483329
174	0.9680555771461302
175	0.4095038717012343
176	0.2685108255202325
177	0.2685108255202325
178	0.9680555771461302
179	0.9838981538483329
180	0.9838981538483329
181	1.0
182	0.08077418408895759
183	0.07447719441285175
184	0.06647744631284418
185	0.6347520014624477
186	0.7588439508744758
187	0.6144752151203998
188	0.7111366461700487
189	0.5396417421912961
190	0.2209853827589351
191	0.2070923854195534
192	0.41620554942555466
193	0.6556978921951198
194	0.4739218161276131
195	1.0
196	0.2685108255202325
197	0.026353155917208635
198	0.02812108342598899
199	0.029524436113288616
200	0.05296346225090933
