1	0.9838981538483189
2	0.9680555771461302
3	0.9838981538483189
4	0.9524680951766463
5	0.9071954723294419
6	0.9371316004437406
7	0.9680555771461302
8	0.9838981538483189
9	0.9071954723294419
10	0.8925879504044915
11	0.8925879504044915
12	0.9680555771461302
13	0.46629079995640094
14	0.41620554942555466
15	0.8230036250150273
16	0.8501615448993928
17	0.7967132492072909
18	0.9071954723294419
19	0.019047393108381605
20	0.024298717947761457
21	0.043589121425845555
22	0.24757827243666986
23	0.878215636550234
24	0.07093715149650967
25	0.08480513362914895
26	0.02952443611328862
27	0.024298717947761457
28	0.24757827243666986
29	0.0013294115143323943
30	0.00035696138316949606
31	0.00528320002309943
32	0.011147830387442687
33	0.2516299796562454
34	0.19094788792080922
35	0.9071954723294419
36	0.8364723744993592
37	0.7111366461700385
38	0.8097517472627709
39	0.8501615448993928
40	0.8640747434825014
41	0.9838981538483189
42	0.7838846950415602
43	0.6664286233595221
44	0.677334966787895
45	0.7712627042813327
46	1.0
47	1.0
48	0.9838981538483189
49	0.9524680951766463
50	0.9071954723294419
51	0.9838981538483189
52	0.7712627042813327
53	0.8097517472627709
54	0.07093715149650967
55	0.08903724340857933
56	0.1117556956623576
57	0.5852680376789872
58	0.6045810297425014
59	0.04651334071458662
60	0.08619300005539274
61	0.007927630713798489
62	0.014690543918280223
63	0.10644373457266824
64	0.8640747434825014
65	0.8501615448993928
66	0.5484731728386688
67	0.1597226332147545
68	0.15715080394779135
69	0.24757827243666986
70	0.3370231708678045
71	0.22460188780169196
72	1.0
73	0.8640747434825014
74	0.8230036250150273
75	0.8230036250150273
76	0.9524680951766463
77	0.8097517472627709
78	0.17606198232518802
79	0.054711179297213405
80	0.06867110513305712
81	0.08903724340857933
82	0.22098538275893195
83	0.9838981538483189
84	0.7227746524257325
85	0.1380122933233906
86	0.16499324727369863
87	0.23581040555488308
88	0.9220420515895035
89	0.9371316004437406
90	0.8925879504044915
91	0.01567607357528464
92	0.022404439747548823
93	0.030007614098887928
94	1.0
95	0.9838981538483189
96	0.9838981538483189
97	0.9524680951766463
98	0.9838981538483189
99	0.10995622264422979
100	0.02168874285044938
101	0.027222771645920248
102	0.9220420515895035
103	0.8097517472627709
104	1.0
105	0.3057458946813841
106	0.23201342268367284
107	0.3596327033558797
108	0.878215636550234
109	0.878215636550234
110	0.8640747434825014
111	0.6556978921951105
112	0.7838846950415602
113	0.04804821315291625
114	0.051271575016962036
115	0.9220420515895035
116	0.007674387126047693
117	0.02168874285044938
118	0.02032520629905422
119	0.06647744631284419
120	0.9371316004437406
121	0.878215636550234
122	0.6245313223904277
123	0.46629079995640094
124	0.6664286233595221
125	0.8925879504044915
126	0.9838981538483189
127	0.9371316004437406
128	0.8230036250150273
129	0.9220420515895035
130	0.5224031981891458
131	0.3715000583087311
132	0.3262571601860513
133	0.2959790185358471
134	0.7588439508744759
135	0.7111366461700385
136	0.07209806342155672
137	0.023522509426831248
138	0.2685108255202325
139	0.03587400494469159
140	0.0050320794624388
141	0.008881624169591297
142	0.010113261253784716
143	0.04288725609875964
144	0.9680555771461302
145	0.9680555771461302
146	1.0
147	1.0
148	0.39642250686330754
149	0.36551822152450336
150	0.04084874312373918
151	0.677334966787895
152	0.003757077145472399
153	0.004951053693111541
154	0.005729890533725346
155	0.06979493239667438
156	0.14727098441461423
157	0.9838981538483189
158	0.9680555771461302
159	0.9838981538483189
160	0.8640747434825014
161	0.6347520014624387
162	0.3107495359001547
163	0.40291010336057753
164	0.5224031981891458
165	0.8230036250150273
166	0.9220420515895035
167	0.9220420515895035
168	0.9371316004437406
169	0.9838981538483189
170	0.9680555771461302
171	0.4739218161276064
172	0.3596327033558797
173	0.4587826572335522
174	0.9071954723294419
175	0.8364723744993592
176	0.746625162324361
177	0.23201342268367284
178	0.46629079995640094
179	0.3008228213237163
180	0.18787327440651988
181	0.21742711012397725
182	0.9071954723294419
183	0.7712627042813327
184	0.7111366461700385
185	0.7967132492072909
186	0.9838981538483189
187	0.9838981538483189
188	0.41620554942555466
189	0.40291010336057753
190	1.0
191	1.0
192	0.9838981538483189
193	0.9371316004437406
194	0.9371316004437406
195	0.9220420515895035
196	0.9680555771461302
197	0.9838981538483189
198	1.0
199	1.0
200	1.0
