1	0.8097517472627709
2	0.746625162324361
3	0.9071954723294418
4	0.6245313223904277
5	0.614475215120391
6	0.5758441417787837
7	0.4587826572335587
8	0.3775797899972509
9	0.823003625015039
10	0.5484731728386688
11	0.5484731728386688
12	0.5574491330158785
13	0.5309525138815067
14	0.00591896856853743
15	0.009950419076984445
16	0.04019100294647119
17	0.3775797899972509
18	0.0593369675525062
19	0.06867110513305615
20	0.10472979393476875
21	0.21392613224755938
22	0.3775797899972509
23	0.9371316004437271
24	0.9071954723294418
25	0.9071954723294418
26	0.8925879504044913
27	0.01843893512866384
28	0.009174704819918202
29	0.016458371314135432
30	0.025928821455018472
31	0.10138426111191785
32	0.9838981538483188
33	0.9838981538483188
34	0.9838981538483188
35	0.9838981538483188
36	0.9680555771461302
37	0.09814559940423159
38	0.03587400494469159
39	0.020325206299054217
40	0.017849913987938726
41	0.03202070454638286
42	0.01967592931444537
43	0.007191910689857811
44	0.005283200023099468
45	0.018142034232021265
46	0.019047393108381876
47	0.028121083425988992
48	0.9838981538483188
49	0.9838981538483188
50	0.9838981538483188
51	0.9838981538483188
52	0.9838981538483188
53	0.9838981538483188
54	0.010791719379643074
55	0.002759960588740112
56	0.010446984132459602
57	0.03954385360034535
58	0.04963373414423629
59	0.06331764666180247
60	0.9680555771461302
61	0.9680555771461302
62	0.7838846950415491
63	0.6773349667878948
64	0.2396695274125257
65	0.23201342268367284
66	0.614475215120391
67	0.9071954723294418
68	0.823003625015039
69	0.5574491330158785
70	0.49757237909340374
71	0.5224031981891384
72	0.6773349667878948
73	0.6556978921951104
74	0.35963270335588476
75	0.18484816784601352
76	0.07819389939674361
77	0.004871332588256415
78	0.07093715149650967
79	0.3425386759286075
80	0.3837590186752804
81	0.9220420515895167
82	0.34814444420780405
83	0.32100381758685564
84	0.06435386265758125
85	0.07947357060372963
86	0.05744148237014259
87	0.7838846950415491
88	0.6884197964379097
89	0.45139540946972445
90	0.35384195289533016
91	0.2729051014782441
92	0.22098538275893195
93	0.14256649781436806
94	0.3775797899972509
95	0.19094788792080922
96	0.18484816784601352
97	0.6451399456130124
98	0.5057153295259778
99	0.5396417421912962
100	0.823003625015039
101	0.6451399456130124
102	0.30082282132372057
103	0.305745894681384
104	0.31583506350196977
105	0.31074953590015464
106	0.466290799956401
107	0.4369758436353279
108	0.40291010336057753
109	0.4369758436353279
110	0.19094788792080922
111	0.10644373457266824
112	0.13145230613269043
113	0.9371316004437271
114	0.09501039487561765
115	0.028581295041563655
116	0.02390746372968351
117	0.03828064801966439
118	0.034168845156027985
119	0.04358912142584555
120	0.9838981538483188
121	0.9680555771461302
122	0.14489964968096344
123	0.034728030561276546
124	0.019047393108381876
125	0.017849913987938726
126	0.01248933551297767
127	0.01967592931444537
128	0.025100540218357226
129	0.9838981538483188
130	0.9071954723294418
131	0.9838981538483188
132	0.9838981538483188
133	0.9838981538483188
134	0.9838981538483188
135	0.8925879504044913
136	0.9680555771461302
137	0.02168874285044923
138	0.020657835589543483
139	0.02133951404984792
140	0.02133951404984792
141	0.007191910689857811
142	0.023522509426831584
143	0.12520412762878458
144	0.9838981538483188
145	0.9838981538483188
146	0.9838981538483188
147	0.9838981538483188
148	0.9680555771461302
149	0.02133951404984792
150	0.03361866366814549
151	0.031505112088109015
152	0.03254473486014822
153	0.04084874312373918
154	0.13579004060925667
155	0.16499324727369866
156	0.09049436982916183
157	0.13145230613269043
158	0.8364723744993591
159	0.6245313223904277
160	0.6451399456130124
161	0.5574491330158785
162	0.24359180518339563
163	0.35384195289533016
164	0.4587826572335587
165	0.4739218161276131
166	0.3425386759286075
167	0.5484731728386688
168	0.6996860333005861
169	0.9524680951766598
170	0.6773349667878948
171	0.5574491330158785
172	0.5309525138815067
173	0.26418730551764474
174	0.31074953590015464
175	0.44412711003286787
176	0.12520412762878458
177	0.14256649781436806
178	0.13579004060925667
179	0.12933568132305998
180	0.8501615448994049
181	0.9220420515895167
182	0.9371316004437271
183	0.9838981538483188
184	0.23581040555487973
185	0.15715080394779135
186	0.12933568132305998
187	0.12933568132305998
188	0.9071954723294418
189	0.16233655139003356
190	0.13579004060925667
191	0.08903724340857933
192	0.1099562226442282
193	0.5484731728386688
194	0.513991542262758
195	0.6451399456130124
196	0.7712627042813435
197	0.7967132492072908
198	0.7838846950415491
199	0.9220420515895167
200	0.9680555771461302
