1	0.9838981538483189
2	0.8640747434825137
3	0.7111366461700487
4	0.7111366461700487
5	0.7588439508744758
6	0.6664286233595317
7	0.10472979393477024
8	0.04727454821686481
9	0.05383022830539263
10	0.058381532829869284
11	0.8925879504045041
12	0.8782156365502339
13	0.9220420515895167
14	0.5224031981891384
15	0.46629079995640094
16	0.9371316004437271
17	0.2819105719970956
18	0.09348055211452132
19	0.027668282067045125
20	0.023522509426831418
21	0.2819105719970956
22	0.783884695041549
23	0.9680555771461302
24	0.783884695041549
25	0.11925293695084216
26	0.055606547367958434
27	0.09049436982916181
28	0.7111366461700487
29	0.783884695041549
30	0.8925879504045041
31	0.8782156365502339
32	0.8925879504045041
33	0.7227746524257325
34	0.9371316004437271
35	0.4587826572335587
36	0.13579004060925667
37	0.10304345090533383
38	0.0997517873372933
39	0.03416884515602799
40	0.0358740049446916
41	0.5057153295259778
42	0.8501615448994049
43	1.0
44	0.42301690250932045
45	0.3596327033558848
46	0.14968112689163354
47	0.1336035702664378
48	0.18484816784601354
49	0.5396417421912962
50	0.10138426111191928
51	0.031505112088109015
52	0.03828064801966439
53	0.08480513362914895
54	0.1972488898661499
55	0.9838981538483189
56	0.9838981538483189
57	0.9680555771461302
58	0.6996860333005861
59	0.6556978921951105
60	0.6884197964379097
61	0.5948461590153712
62	0.5948461590153712
63	0.7712627042813436
64	0.7712627042813436
65	0.9220420515895167
66	0.9680555771461302
67	0.9524680951766598
68	0.9371316004437271
69	0.9220420515895167
70	0.47392181612761314
71	0.017001473575159094
72	0.007309608887594927
73	0.019359110527732818
74	0.018740694914960117
75	0.023907463729683682
76	0.08077418408895759
77	0.9524680951766598
78	0.08903724340857931
79	0.03416884515602799
80	0.07947357060372963
81	0.9524680951766598
82	0.40950387170122843
83	0.5057153295259778
84	0.36551822152450336
85	0.03472803056127704
86	0.025511319561055724
87	0.08760357941344458
88	0.04219669209919026
89	0.06979493239667536
90	0.1732270593726278
91	0.06435386265758125
92	0.04804821315291624
93	0.1231881100281487
94	0.8782156365502339
95	0.8782156365502339
96	0.9838981538483189
97	0.9680555771461302
98	0.9371316004437271
99	0.1878732744065199
100	0.2004769386898946
101	0.1878732744065199
102	0.9524680951766598
103	0.9680555771461302
104	0.9680555771461302
105	1.0
106	1.0
107	1.0
108	1.0
109	0.9838981538483189
110	0.9838981538483189
111	0.9838981538483189
112	0.9371316004437271
113	0.9371316004437271
114	0.19094788792080922
115	0.16233655139003356
116	0.11544347070631857
117	0.9220420515895167
118	0.9371316004437271
119	0.8925879504045041
120	0.9524680951766598
121	0.9371316004437271
122	0.9371316004437271
123	0.12933568132305998
124	0.13579004060925667
125	0.17894329980857993
126	0.9524680951766598
127	0.823003625015039
128	0.018740694914960117
129	0.004074735137074952
130	0.0020943793974173906
131	0.7712627042813436
132	0.09656527406216149
133	0.1314523061326923
134	0.2729051014782441
135	0.22827757824649536
136	0.27737129133826594
137	0.0997517873372933
138	0.10644373457266824
139	0.5758441417787837
140	0.5665719880005149
141	0.020325206299054217
142	0.008597905811488907
143	0.07447719441285175
144	0.9838981538483189
145	0.9838981538483189
146	0.9838981538483189
147	0.4975723790934108
148	0.3315964756209441
149	0.1336035702664378
150	0.09656527406216149
151	0.06647744631284419
152	0.39642250686331315
153	0.16769342093829856
154	0.6556978921951105
155	0.9371316004437271
156	0.9220420515895167
157	0.9071954723294418
158	0.1231881100281487
159	0.06647744631284419
160	0.03705779481220461
161	0.01904739310838174
162	0.04883453939311235
163	0.9524680951766598
164	0.513991542262758
165	0.5574491330158785
166	0.21742711012398036
167	0.2516299796562454
168	0.42301690250932045
169	0.3315964756209441
170	0.08343961441458082
171	0.14489964968096344
172	0.05744148237014259
173	0.07693483325865721
174	0.1425664978143681
175	0.10138426111191928
176	0.12725313808047323
177	0.41620554942555466
178	0.23581040555488308
179	0.3425386759286075
180	0.9680555771461302
181	0.614475215120391
182	0.4587826572335587
183	0.6045810297425014
184	0.08209608258032047
185	0.03202070454638286
186	0.03890712455342853
187	0.049633734144236295
188	0.19407281858793526
189	0.6996860333005861
190	0.2209853827589351
191	0.21742711012398036
192	0.06647744631284419
193	0.037664258914665634
194	0.2912132099152615
195	0.23581040555488308
196	0.823003625015039
197	0.7588439508744758
198	0.7967132492073022
199	0.8782156365502339
200	0.9071954723294418
