1	0.823003625015039
2	0.7712627042813326
3	0.7967132492072908
4	0.9071954723294418
5	1.0
6	1.0
7	1.0
8	1.0
9	1.0
10	0.9524680951766463
11	0.9838981538483188
12	0.9680555771461301
13	0.9838981538483188
14	1.0
15	0.8925879504044913
16	0.9071954723294418
17	0.9524680951766463
18	0.6664286233595221
19	0.06540703669975811
20	0.01727970878760305
21	0.06647744631284418
22	0.0547111792972134
23	0.011515692539375738
24	0.034728030561276546
25	0.6245313223904276
26	0.4369758436353341
27	0.5758441417787755
28	0.8501615448993928
29	0.01567607357528453
30	0.010617952774480095
31	0.03254473486014822
32	0.08903724340857931
33	0.176061982325188
34	0.4230169025093204
35	0.9680555771461301
36	0.9371316004437403
37	0.9220420515895165
38	0.9680555771461301
39	0.29121320991526145
40	0.16499324727370096
41	0.24359180518339904
42	0.9838981538483188
43	0.2516299796562454
44	0.32625716018605594
45	0.9524680951766463
46	0.9371316004437403
47	0.9524680951766463
48	0.9680555771461301
49	0.6773349667878948
50	0.6245313223904276
51	0.09501039487561763
52	0.16499324727370096
53	0.6045810297425014
54	0.6556978921951198
55	0.6664286233595221
56	0.01727970878760305
57	0.019047393108381876
58	0.2685108255202325
59	0.4975723790934037
60	0.5574491330158785
61	0.6556978921951198
62	1.0
63	1.0
64	0.5396417421912961
65	0.4739218161276131
66	0.45878265723355866
67	0.3315964756209393
68	0.056516568458294045
69	0.062298115656567614
70	0.9680555771461301
71	1.0
72	1.0
73	0.9838981538483188
74	1.0
75	0.9524680951766463
76	0.9220420515895165
77	0.5852680376789872
78	0.6451399456130031
79	0.9524680951766463
80	0.25993340216897615
81	0.07327797408660716
82	0.021339514049848223
83	0.022043686905619336
84	0.04502749889045374
85	0.9524680951766463
86	0.9680555771461301
87	0.9838981538483188
88	0.9838981538483188
89	0.020325206299054217
90	0.020325206299054217
91	0.9838981538483188
92	1.0
93	1.0
94	1.0
95	1.0
96	1.0
97	0.02812108342598859
98	0.030007614098887924
99	1.0
100	1.0
101	1.0
102	1.0
103	0.026353155917208628
104	0.0027599605887400915
105	0.005198130749138925
106	0.03361866366814501
107	0.22098538275893195
108	0.8640747434825014
109	0.9220420515895165
110	0.9071954723294418
111	0.9838981538483188
112	1.0
113	0.12318811002815043
114	0.10472979393476875
115	0.20709238541955044
116	0.9838981538483188
117	0.9680555771461301
118	0.9220420515895165
119	0.809751747262771
120	0.8782156365502339
121	0.9371316004437403
122	1.0
123	1.0
124	1.0
125	0.9071954723294418
126	1.0
127	0.24359180518339904
128	0.176061982325188
129	0.176061982325188
130	1.0
131	1.0
132	0.45878265723355866
133	0.13801229332339057
134	0.030007614098887924
135	0.614475215120391
136	0.03529636723622752
137	0.0012060361066649748
138	0.21048152657828498
139	0.03416884515602848
140	0.014930959938100428
141	0.013766972933527003
142	0.7588439508744758
143	0.5396417421912961
144	1.0
145	0.37757978999725084
146	0.27737129133826594
147	0.3008228213237163
148	0.9838981538483188
149	1.0
150	1.0
151	1.0
152	0.9838981538483188
153	0.9838981538483188
154	0.9838981538483188
155	0.9838981538483188
156	0.28191057199709557
157	0.3107495359001546
158	0.42993972582911066
159	0.9371316004437403
160	0.9838981538483188
161	1.0
162	0.823003625015039
163	0.9838981538483188
164	0.9220420515895165
165	0.02390746372968385
166	0.013766972933527003
167	0.12725313808047323
168	0.005114431247540003
169	0.06030803830703579
170	0.27737129133826594
171	0.48167771661523795
172	0.48167771661523795
173	0.5309525138815068
174	1.0
175	0.9680555771461301
176	0.9680555771461301
177	0.9838981538483188
178	0.8364723744993591
179	0.7967132492072908
180	0.7588439508744758
181	0.7838846950415601
182	0.01517531045230748
183	0.038907124553427985
184	0.25993340216897615
185	0.2729051014782479
186	0.154620385880011
187	0.17322705937262783
188	0.9838981538483188
189	0.6347520014624477
190	0.18787327440651988
191	0.07569604040982106
192	0.21742711012398033
193	0.7838846950415601
194	0.9838981538483188
195	0.8640747434825014
196	0.7466251623243612
197	0.2641873055176485
198	0.22827757824649536
199	0.5309525138815068
200	1.0
