1	0.9524680951766462
2	0.836472374499359
3	0.7712627042813326
4	0.7588439508744758
5	0.7346031188276403
6	0.9071954723294419
7	0.9071954723294419
8	0.45878265723355216
9	0.2865241396118647
10	0.31583506350196977
11	0.3370231708678044
12	0.42301690250932045
13	0.5309525138815067
14	0.5224031981891384
15	0.45878265723355216
16	0.4513954094697244
17	0.5057153295259778
18	0.3425386759286026
19	0.48956054519591574
20	0.6245313223904277
21	0.20709238541955047
22	0.06331764666180247
23	0.018740694914959853
24	0.000308441315595339
25	0.00199482955523534
26	0.0022714575694317367
27	0.0006944888267967083
28	0.0018393167356805958
29	0.004009124378788865
30	1.0
31	0.014221262971401333
32	0.002671795240633363
33	0.0019000115066771077
34	0.0008438466194897108
35	0.007550815325235524
36	0.05044600800408382
37	1.0
38	1.0
39	1.0
40	1.0
41	1.0
42	1.0
43	1.0
44	0.054711179297213405
45	0.007076107650393088
46	0.0003628031842252282
47	0.001395754378613407
48	0.0035784961121798835
49	0.015932618141390686
50	0.005457537922228077
51	0.0030920881101849616
52	0.0019311058764015325
53	0.003299523896879402
54	0.0028976934794106937
55	0.00199482955523534
56	0.03361866366814501
57	0.1676934209382962
58	0.3775797899972509
59	0.9071954723294419
60	0.9220420515895035
61	0.36551822152450336
62	0.3775797899972509
63	0.836472374499359
64	0.746625162324361
65	0.809751747262771
66	0.836472374499359
67	0.836472374499359
68	0.6664286233595221
69	0.12933568132305814
70	0.16499324727369863
71	0.6451399456130033
72	0.566571988000515
73	0.47392181612760637
74	0.566571988000515
75	0.35384195289533016
76	0.5057153295259778
77	0.24757827243666986
78	0.14027091400017713
79	0.20047693868989172
80	0.5758441417787756
81	0.5852680376789788
82	0.5484731728386688
83	0.6556978921951104
84	0.7967132492072908
85	0.2557479945175683
86	0.17322705937262536
87	0.35963270335587966
88	0.6556978921951104
89	0.2685108255202325
90	0.2685108255202325
91	0.1972488898661499
92	0.39003937264673083
93	0.2685108255202325
94	0.5948461590153626
95	0.44412711003286787
96	0.48956054519591574
97	0.45878265723355216
98	0.6664286233595221
99	0.6245313223904277
100	0.7111366461700386
101	0.3775797899972509
102	0.2599334021689725
103	0.9220420515895035
104	0.008597905811488844
105	0.003757077145472426
106	0.0043480927706904
107	0.17043778391330164
108	0.09197534264619907
109	0.17043778391330164
110	0.04502749889045374
111	0.1972488898661499
112	0.2358104055548831
113	0.7227746524257325
114	0.7712627042813326
115	0.836472374499359
116	0.9524680951766462
117	0.9524680951766462
118	0.9071954723294419
119	0.8501615448993928
120	0.09656527406216012
121	0.034728030561276546
122	0.02133951404984792
123	0.176061982325188
124	0.6245313223904277
125	0.02722277164592025
126	0.03049869946550746
127	0.19407281858793252
128	0.01727970878760305
129	0.011147830387442765
130	0.783884695041549
131	0.10995622264422977
132	0.17043778391330164
133	0.5948461590153626
134	0.6045810297425014
135	0.746625162324361
136	0.4369758436353279
137	0.2246018878016919
138	0.07093715149650967
139	0.2729051014782441
140	0.27737129133826594
141	0.14027091400017713
142	0.2641873055176485
143	0.5309525138815067
144	0.836472374499359
145	0.8501615448993928
146	0.809751747262771
147	0.7712627042813326
148	0.2599334021689725
149	0.5139915422627507
150	0.3964225068633076
151	0.39003937264673083
152	0.38375901867527495
153	0.38375901867527495
154	0.46629079995640094
155	0.5574491330158785
156	0.35963270335587966
157	0.45878265723355216
158	0.1336035702664359
159	0.3370231708678044
160	0.5057153295259778
161	0.38375901867527495
162	0.35963270335587966
163	0.2557479945175683
164	0.33159647562093936
165	0.31074953590015464
166	0.5057153295259778
167	0.45878265723355216
168	0.6884197964379
169	0.17043778391330164
170	0.14027091400017713
171	0.16233655139003125
172	0.49757237909340374
173	0.5224031981891384
174	0.45878265723355216
175	0.8501615448993928
176	0.5574491330158785
177	0.5948461590153626
178	0.09049436982916054
179	0.3775797899972509
180	0.04502749889045374
181	0.00206065602257691
182	0.02390746372968351
183	0.12933568132305814
184	0.46629079995640094
185	0.5574491330158785
186	0.9680555771461301
187	0.6664286233595221
188	0.6144752151203824
189	0.5309525138815067
190	0.566571988000515
191	0.8230036250150272
192	0.3425386759286026
193	0.2685108255202325
194	0.37150005830873106
195	0.06331764666180247
196	0.0861930000553915
197	0.020995908477665633
198	0.02204368690561934
199	0.2729051014782441
200	0.6556978921951104
