1	0.9838981538483329
2	1.0
3	0.8782156365502464
4	0.8782156365502464
5	0.9838981538483329
6	1.0
7	0.2475782724366734
8	0.0622981156565685
9	0.0016153167178432671
10	0.002163490864431252
11	0.0014893899404870505
12	0.0032995238968794257
13	0.07947357060372963
14	0.0029933131400918323
15	0.002163490864431252
16	0.001008815885874014
17	0.01151569253937574
18	1.0
19	1.0
20	1.0
21	1.0
22	1.0
23	0.014453999040223764
24	0.0032995238968794257
25	0.004491573493650815
26	0.008057369233585078
27	0.6556978921951199
28	0.9371316004437404
29	0.9220420515895167
30	0.9220420515895167
31	0.9071954723294419
32	0.9680555771461302
33	0.9220420515895167
34	0.5396417421912962
35	0.48956054519592274
36	0.48167771661524483
37	0.48956054519592274
38	0.4162055494255547
39	0.35963270335588476
40	0.3655182215245085
41	0.8501615448994049
42	0.9680555771461302
43	0.9371316004437404
44	0.9680555771461302
45	0.6996860333005961
46	0.3775797899972509
47	0.3775797899972509
48	0.6996860333005961
49	0.24359180518339907
50	0.19407281858793526
51	0.008057369233585078
52	0.05383022830539263
53	0.49757237909341084
54	0.9680555771461302
55	0.05651656845829486
56	0.017562497419084444
57	0.020657835589543778
58	1.0
59	1.0
60	0.9838981538483329
61	1.0
62	1.0
63	1.0
64	1.0
65	1.0
66	0.01248933551297767
67	0.011895693606067884
68	0.03828064801966494
69	0.5396417421912962
70	0.04804821315291693
71	0.11544347070632022
72	0.13579004060925667
73	0.2641873055176486
74	0.331596475620944
75	1.0
76	0.8230036250150506
77	0.8364723744993592
78	0.9220420515895167
79	0.8364723744993592
80	0.8230036250150506
81	0.8782156365502464
82	0.809751747262771
83	0.9371316004437404
84	0.3057458946813841
85	0.4587826572335587
86	0.45139540946972445
87	0.08619300005539395
88	0.07209806342155876
89	0.0807741840889576
90	0.176061982325188
91	0.7346031188276507
92	0.8925879504045041
93	0.8640747434825014
94	0.8640747434825014
95	0.8501615448994049
96	0.34814444420780405
97	0.34814444420780405
98	0.3655182215245085
99	0.3655182215245085
100	0.9071954723294419
101	0.566571988000515
102	0.6556978921951199
103	0.7838846950415602
104	0.7466251623243612
105	0.7466251623243612
106	0.8364723744993592
107	0.8640747434825014
108	0.8640747434825014
109	0.513991542262758
110	0.5224031981891458
111	0.3900393726467364
112	0.2819105719970956
113	0.24359180518339907
114	0.25574799451756824
115	0.3370231708678045
116	0.31583506350196977
117	0.0030920881101849833
118	0.0009301706690873649
119	0.0010421053394971801
120	0.001008815885874014
121	0.061295000982726805
122	0.08760357941344458
123	0.164993247273701
124	0.08903724340857933
125	0.04430247303072529
126	0.007550815325235738
127	0.012288234154010976
128	0.022771096439116734
129	0.03202070454638332
130	0.4299397258291168
131	0.47392181612761314
132	0.0622981156565685
133	0.2599334021689762
134	0.9838981538483329
135	0.9838981538483329
136	0.9838981538483329
137	0.9838981538483329
138	0.8640747434825014
139	0.12318811002815043
140	0.19407281858793526
141	0.028121083425988992
142	0.03202070454638332
143	0.014690543918280431
144	0.009632558682416179
145	0.009477456704464872
146	0.05296346225090933
147	0.09656527406216286
148	0.13579004060925667
149	0.8364723744993592
150	0.9838981538483329
151	0.2773712913382699
152	0.059336967552506205
153	0.006739766775034991
154	0.00010227805318730246
155	0.0018694178137101955
156	0.0022348829091087233
157	0.0006723037820462407
158	0.0017805608241138534
159	0.0038810552143591303
160	1.0
161	0.013992274382953427
162	0.0024635075651007095
163	0.000976589844633953
164	8.281983227505338e-05
165	0.006739766775034991
166	0.04963373414423629
167	1.0
168	1.0
169	1.0
170	1.0
171	1.0
172	1.0
173	1.0
174	0.05296346225090933
175	0.006739766775034991
176	9.584799567368608e-05
177	0.0009453932456821844
178	0.0023464123579847473
179	0.013992274382953427
180	0.0038810552143591303
181	0.0018097003405784802
182	0.0006723037820462407
183	0.002198897168339217
184	0.0018694178137101955
185	0.00022293356467316156
186	0.00932485215470036
187	0.06540703669975813
188	0.28652413961186873
189	0.9838981538483329
190	1.0
191	0.7838846950415602
192	0.809751747262771
193	1.0
194	0.9838981538483329
195	0.9838981538483329
196	0.9838981538483329
197	1.0
198	0.9838981538483329
199	0.677334966787895
200	0.6996860333005961
