1	0.19407281858793526
2	0.19724888986614988
3	0.1030434509053353
4	0.12120455403276079
5	0.7712627042813435
6	0.012489335512977845
7	0.008881624169591422
8	0.04963373414423699
9	0.2070923854195534
10	0.18787327440652254
11	0.22460188780169513
12	0.010278768401209682
13	0.009632558682416177
14	0.7712627042813435
15	0.006419412822152425
16	0.23201342268367284
17	0.15715080394779135
18	0.008738613623635734
19	0.8097517472627824
20	0.566571988000523
21	0.7712627042813435
22	0.7111366461700588
23	0.7227746524257428
24	0.9524680951766598
25	1.0
26	1.0
27	0.1154434707063202
28	0.06030803830703579
29	0.04430247303072592
30	0.05651656845829486
31	0.06540703669975811
32	0.08343961441458081
33	0.17043778391330405
34	0.9371316004437404
35	0.836472374499359
36	0.7227746524257428
37	0.35963270335588476
38	0.38375901867528583
39	0.16499324727370096
40	0.9680555771461439
41	0.2139261322475624
42	0.1314523061326923
43	0.13360357026643968
44	0.12318811002815044
45	0.5396417421913038
46	0.06229811565656938
47	0.24757827243667338
48	0.46629079995640094
49	0.9220420515895166
50	0.4739218161276198
51	0.25574799451757185
52	0.06229811565656938
53	0.6045810297425099
54	0.5948461590153711
55	0.6045810297425099
56	0.6045810297425099
57	0.6556978921951198
58	0.9371316004437404
59	0.2070923854195534
60	0.45139540946973084
61	0.5309525138815142
62	1.0
63	0.566571988000523
64	0.020325206299054217
65	0.014453999040223764
66	0.0358740049446921
67	0.5484731728386766
68	0.9680555771461439
69	0.9838981538483328
70	0.5309525138815142
71	0.48167771661524483
72	0.03646109590141792
73	0.01619336115132821
74	0.01469054391828043
75	0.011704150977755774
76	0.05383022830539339
77	0.04963373414423699
78	0.043589121425846165
79	0.03000761409888835
80	0.002715520127955534
81	0.001994829555235368
82	0.0016686198147892286
83	0.10644373457266976
84	0.8782156365502464
85	0.8782156365502464
86	0.9524680951766598
87	0.836472374499359
88	0.7838846950415601
89	0.9220420515895166
90	0.836472374499359
91	0.8782156365502464
92	0.836472374499359
93	0.1293356813230618
94	0.17322705937263028
95	0.1314523061326923
96	0.07209806342155876
97	0.031505112088109015
98	0.01700147357515921
99	0.05838153282986845
100	0.06435386265758217
101	0.0612950009827268
102	0.04804821315291693
103	0.024696375181437503
104	0.029049038185277713
105	0.9680555771461439
106	0.9524680951766598
107	0.29121320991526145
108	0.2685108255202363
109	0.2685108255202363
110	0.25162997965624895
111	0.8782156365502464
112	0.8782156365502464
113	0.8782156365502464
114	0.9524680951766598
115	0.6884197964379195
116	0.3775797899972562
117	0.1472709844146142
118	0.09049436982916181
119	0.1030434509053353
120	0.15715080394779135
121	0.2729051014782479
122	0.4975723790934108
123	0.5139915422627652
124	0.7346031188276506
125	0.699686033300596
126	0.6045810297425099
127	0.836472374499359
128	0.9071954723294546
129	0.746625162324361
130	0.746625162324361
131	0.6884197964379195
132	0.7227746524257428
133	0.9838981538483328
134	0.18187177108593947
135	0.0020606560225769396
136	0.0007174059456835128
137	0.00027531100170731634
138	0.0013732801563434778
139	0.001206036106664975
140	0.00042674617124462746
141	0.17894329980858245
142	1.0
143	0.06030803830703579
144	0.0038185630603913942
145	0.08619300005539395
146	1.0
147	1.0
148	1.0
149	1.0
150	1.0
151	0.08343961441458081
152	0.0038185630603913942
153	0.0612950009827268
154	1.0
155	0.17894329980858245
156	0.0007532073245460798
157	0.0015137643410159801
158	0.0014654080128054768
159	0.000351213645895612
160	0.0009301706690873714
161	0.0016417519552458693
162	0.0876035794134446
163	0.8501615448994169
164	0.7588439508744865
165	0.6245313223904276
166	0.10138426111191928
167	0.2685108255202363
168	0.3538419528953351
169	0.8640747434825136
170	0.7588439508744865
171	0.5758441417787837
172	0.22460188780169513
173	0.18787327440652254
174	0.2139261322475624
175	0.8640747434825136
176	0.6451399456130124
177	0.19724888986614988
178	0.10472979393476875
179	0.13801229332339254
180	0.746625162324361
181	0.7967132492073021
182	0.25993340216897615
183	0.31583506350197427
184	0.836472374499359
185	0.8501615448994169
186	0.8501615448994169
187	0.9220420515895166
188	0.4299397258291168
189	0.29597901853585135
190	0.7967132492073021
191	0.3655182215245085
192	0.42301690250932644
193	0.5057153295259849
194	0.3900393726467363
195	0.31583506350197427
196	0.34814444420780405
197	0.3425386759286123
198	0.3655182215245085
199	0.46629079995640094
200	0.6884197964379195
