1	0.8925879504044913
2	0.96805557714613
3	0.6773349667878948
4	0.6996860333005959
5	0.7111366461700385
6	0.3900393726467363
7	0.49757237909340374
8	0.6996860333005959
9	0.9524680951766462
10	0.7227746524257325
11	0.08343961441457962
12	0.14489964968096136
13	0.09501039487561765
14	0.8782156365502338
15	0.1272531380804732
16	0.06979493239667436
17	0.08480513362914893
18	0.9220420515895034
19	0.4587826572335521
20	0.13360357026643585
21	0.9071954723294416
22	0.010617952774479944
23	0.02510054021835687
24	0.06435386265758034
25	0.9838981538483187
26	0.9838981538483187
27	0.07209806342155671
28	0.11175569566235757
29	1.0
30	0.1314523061326923
31	0.22827757824649536
32	0.8782156365502338
33	0.9524680951766462
34	0.6773349667878948
35	0.6556978921951104
36	0.46629079995640094
37	0.9371316004437404
38	0.0040747351370748934
39	0.0009004569039077772
40	0.00031348906834405315
41	0.00029858833578436176
42	0.0021988971683391855
43	0.008881624169591295
44	0.10995622264422976
45	1.0
46	0.96805557714613
47	1.0
48	1.0
49	1.0
50	0.96805557714613
51	0.11175569566235757
52	0.011515692539375736
53	0.005369661486237471
54	9.129215786581521e-05
55	0.00012030425723314001
56	0.010446984132459453
57	0.01700147357515921
58	0.836472374499359
59	0.34253867592860254
60	1.0
61	0.3964225068633075
62	0.3900393726467363
63	0.37757978999725084
64	0.9838981538483187
65	0.008738613623635485
66	0.0059189685685373875
67	0.009950419076984445
68	0.008881624169591295
69	0.10304345090533382
70	0.154620385880011
71	0.31583506350196977
72	0.37150005830873106
73	1.0
74	1.0
75	0.96805557714613
76	0.9524680951766462
77	0.9524680951766462
78	0.9371316004437404
79	1.0
80	1.0
81	0.031505112088108564
82	0.017279708787602804
83	0.9071954723294416
84	0.9071954723294416
85	0.0060158346119326845
86	0.0014418122384338215
87	0.0020943793974173754
88	0.024298717947761454
89	0.0047928951403666395
90	0.8501615448993927
91	0.9071954723294416
92	1.0
93	0.4095038717012226
94	0.3964225068633075
95	0.5665719880005068
96	0.9071954723294416
97	0.9371316004437404
98	1.0
99	1.0
100	0.6245313223904276
101	0.3538419528953301
102	0.4230169025093204
103	0.8925879504044913
104	1.0
105	1.0
106	0.9220420515895034
107	0.9838981538483187
108	0.0009765898446339528
109	0.0002089180882547865
110	0.0016417519552458224
111	0.012901465378461631
112	0.0069621692536538235
113	0.9838981538483187
114	0.9524680951766462
115	0.05471117929721339
116	0.04219669209918966
117	0.9524680951766462
118	0.6996860333005959
119	0.6245313223904276
120	0.013992274382953227
121	0.030007614098887494
122	0.9071954723294416
123	0.154620385880011
124	0.25162997965624534
125	0.9838981538483187
126	0.9838981538483187
127	0.96805557714613
128	0.96805557714613
129	0.9524680951766462
130	0.26418730551764474
131	0.16499324727369863
132	0.9371316004437404
133	0.07209806342155671
134	0.04651334071458661
135	0.009632558682416177
136	0.035874004944691076
137	0.11175569566235757
138	0.020657835589543774
139	0.008881624169591295
140	0.014453999040223557
141	0.14489964968096136
142	0.06435386265758034
143	0.11175569566235757
144	0.09197534264619775
145	0.37150005830873106
146	0.8782156365502338
147	0.03890712455342798
148	0.2396695274125223
149	0.836472374499359
150	0.09197534264619775
151	0.05383022830539186
152	0.9220420515895034
153	0.9071954723294416
154	0.01967592931444509
155	0.11544347070631857
156	0.08343961441457962
157	0.154620385880011
158	0.48167771661523795
159	0.9838981538483187
160	0.09348055211451997
161	0.03099782162027437
162	0.062298115656567614
163	0.02678443476505529
164	0.019997932954225667
165	0.019997932954225667
166	0.16233655139003125
167	0.09656527406216012
168	0.6773349667878948
169	0.48956054519591574
170	0.5948461590153626
171	0.9371316004437404
172	0.36551822152450325
173	0.20375781569034018
174	0.96805557714613
175	0.4230169025093204
176	0.5139915422627507
177	0.3538419528953301
178	0.37150005830873106
179	0.4441271100328678
180	0.9838981538483187
181	0.9371316004437404
182	0.9524680951766462
183	0.6664286233595221
184	0.8097517472627709
185	0.8501615448993927
186	0.746625162324361
187	0.31583506350196977
188	0.5484731728386609
189	0.1848481678460135
190	0.1472709844146121
191	0.6347520014624387
192	0.8640747434825012
193	0.49757237909340374
194	0.43697584363533404
195	0.6884197964378999
196	0.9371316004437404
197	0.9220420515895034
198	0.746625162324361
199	0.8925879504044913
200	0.9838981538483187
