1	0.4895605451959088
2	0.3837590186752749
3	0.3481444442077991
4	0.277371291338262
5	0.06867110513305516
6	0.042196692099189664
7	0.03890712455342798
8	0.015932618141390686
9	0.1676934209382962
10	0.3158350635019653
11	0.1676934209382962
12	0.1597226332147545
13	0.1314523061326904
14	0.07209806342155671
15	0.020995908477665633
16	0.004009124378788865
17	0.0023086307871880737
18	0.0059189685685373875
19	0.007309608887594823
20	0.007674387126047693
21	0.014690543918280221
22	0.9524680951766462
23	0.012901465378461631
24	0.014453999040223557
25	0.014221262971401331
26	0.010446984132459453
27	0.009026975134420663
28	0.007799981223697563
29	0.9220420515895035
30	0.8230036250150272
31	0.836472374499359
32	0.8230036250150272
33	0.8230036250150272
34	0.8230036250150272
35	0.8097517472627593
36	0.8230036250150272
37	0.9524680951766462
38	0.96805557714613
39	0.9524680951766462
40	0.96805557714613
41	0.9838981538483049
42	0.96805557714613
43	0.836472374499359
44	0.836472374499359
45	0.8640747434825012
46	0.9838981538483049
47	0.7838846950415379
48	0.7227746524257325
49	0.7111366461700386
50	0.6245313223904189
51	0.8230036250150272
52	0.9220420515895035
53	0.4299397258291107
54	0.2959790185358471
55	0.2729051014782402
56	0.2819105719970916
57	0.2865241396118646
58	0.3538419528953301
59	0.7712627042813325
60	0.5948461590153626
61	0.6045810297425013
62	0.7967132492072908
63	0.9371316004437271
64	0.9524680951766462
65	0.7838846950415379
66	0.8230036250150272
67	0.96805557714613
68	0.96805557714613
69	0.9371316004437271
70	0.9371316004437271
71	0.6664286233595221
72	0.6347520014624387
73	0.7967132492072908
74	0.1940728185879325
75	0.12318811002814693
76	0.04288725609875903
77	0.07327797408660716
78	0.2685108255202324
79	0.4299397258291107
80	0.9838981538483049
81	0.7967132492072908
82	0.7967132492072908
83	0.9220420515895035
84	0.96805557714613
85	0.9220420515895035
86	0.9524680951766462
87	0.07693483325865612
88	0.006739766775034798
89	0.017279708787602804
90	0.0472745482168648
91	0.06647744631284323
92	0.05471117929721262
93	0.05127157501696057
94	0.5948461590153626
95	0.8925879504044915
96	0.9220420515895035
97	0.9838981538483049
98	0.9838981538483049
99	0.9838981538483049
100	0.9838981538483049
101	0.6144752151203823
102	0.01874069491495985
103	0.01311260248634491
104	0.01079171937964292
105	0.01567607357528453
106	0.01967592931444509
107	0.007927630713798489
108	0.052963462250909324
109	0.9371316004437271
110	0.9371316004437271
111	0.9524680951766462
112	0.9524680951766462
113	0.96805557714613
114	0.9371316004437271
115	0.9371316004437271
116	0.96805557714613
117	0.004951053693111541
118	0.005198130749138888
119	0.00015598350155572295
120	0.0005809207180139167
121	0.005283200023099393
122	0.00742923325854893
123	0.0059189685685373875
124	0.0060158346119326
125	0.005729890533725346
126	0.0009925720876842845
127	0.0005019589204015528
128	0.002346412357984714
129	0.0190473931083816
130	0.07327797408660716
131	0.11358461770178932
132	0.9838981538483049
133	0.11175569566235759
134	0.20709238541954753
135	0.40291010336057753
136	0.6347520014624387
137	0.5396417421912961
138	0.4162055494255487
139	0.4299397258291107
140	0.6451399456130031
141	0.5948461590153626
142	0.9524680951766462
143	0.18187177108593688
144	0.1496811268916314
145	0.08077418408895644
146	0.04288725609875903
147	0.007927630713798489
148	0.11733274450692356
149	0.9371316004437271
150	0.05933696755250536
151	0.028581295041563655
152	0.042196692099189664
153	0.07693483325865612
154	0.9220420515895035
155	0.2320134226836695
156	0.2599334021689725
157	0.9524680951766462
158	0.9524680951766462
159	0.9524680951766462
160	0.96805557714613
161	0.9524680951766462
162	0.96805557714613
163	0.22098538275893193
164	0.1940728185879325
165	0.9220420515895035
166	0.056516568458294045
167	0.007191910689857809
168	0.02204368690561934
169	0.07209806342155671
170	0.96805557714613
171	0.16499324727369863
172	0.02812108342598859
173	0.014690543918280221
174	0.026353155917208628
175	0.09656527406216012
176	0.09975178733729187
177	0.6045810297425013
178	0.26418730551764474
179	0.5309525138815067
180	0.3837590186752749
181	0.4162055494255487
182	0.746625162324361
183	0.6347520014624387
184	0.8230036250150272
185	0.012693727967806403
186	0.0028976934794106525
187	0.016458371314135432
188	0.6664286233595221
189	0.9838981538483049
190	0.9838981538483049
191	0.3655182215244981
192	0.35963270335587966
193	0.35963270335587966
194	0.3655182215244981
195	0.40950387170122265
196	0.48167771661523795
197	0.9838981538483049
198	0.9838981538483049
199	0.9838981538483049
200	0.9838981538483049
