1	0.9838981538483258
2	0.9371316004437339
3	0.9838981538483258
4	0.21742711012398033
5	0.043589121425845555
6	0.04651334071458695
7	0.12933568132305998
8	0.40950387170123137
9	0.7712627042813435
10	0.6045810297425013
11	0.2912132099152615
12	0.5574491330158785
13	0.823003625015039
14	0.34814444420780405
15	0.34814444420780405
16	0.4739218161276098
17	0.7588439508744703
18	0.9838981538483258
19	0.9524680951766531
20	0.823003625015039
21	0.699686033300591
22	0.3315964756209417
23	0.09975178733729258
24	0.31074953590015464
25	0.7111366461700436
26	0.6664286233595221
27	0.9371316004437339
28	0.9680555771461301
29	0.3715000583087311
30	0.3964225068633103
31	0.48956054519591924
32	0.823003625015039
33	0.9838981538483258
34	0.9838981538483258
35	0.9524680951766531
36	0.7712627042813435
37	0.7588439508744703
38	0.9220420515895166
39	0.9838981538483258
40	1.0
41	1.0
42	0.9838981538483258
43	0.9371316004437339
44	0.746625162324361
45	0.6773349667878901
46	0.6347520014624433
47	0.40291010336057753
48	0.5758441417787756
49	0.8097517472627709
50	0.07209806342155774
51	0.16233655139003356
52	0.1818717710859382
53	0.09501039487561765
54	0.14727098441461314
55	0.5574491330158785
56	0.6773349667878901
57	0.6773349667878901
58	0.5948461590153626
59	0.6556978921951152
60	0.9071954723294353
61	0.8925879504044913
62	0.9680555771461301
63	0.9220420515895166
64	0.7227746524257325
65	0.699686033300591
66	0.06129500098272637
67	0.0376642589146651
68	0.030997821620274594
69	0.32625716018605355
70	0.3315964756209417
71	0.8364723744993591
72	1.0
73	0.03828064801966466
74	0.1013842611119193
75	0.03416884515602847
76	0.031505112088108564
77	0.9371316004437339
78	1.0
79	0.10304345090533458
80	0.109956222644229
81	0.13579004060925862
82	0.060308038307035794
83	0.4299397258291108
84	0.8925879504044913
85	0.8925879504044913
86	0.8925879504044913
87	0.8501615448993988
88	0.7712627042813435
89	0.746625162324361
90	0.9371316004437339
91	0.7111366461700436
92	0.8364723744993591
93	0.8640747434825014
94	0.09197534264619843
95	0.12318811002814957
96	0.08209608258032106
97	0.31583506350196755
98	0.9371316004437339
99	0.8097517472627709
100	0.7967132492072908
101	0.8364723744993591
102	0.2599334021689762
103	0.08343961441458023
104	0.052963462250909324
105	0.1818717710859382
106	0.8097517472627709
107	0.7712627042813435
108	0.9838981538483258
109	0.699686033300591
110	0.6884197964379097
111	0.3008228213237163
112	0.21392613224755788
113	0.20375781569034165
114	0.3900393726467363
115	0.5852680376789829
116	0.49757237909340374
117	0.49757237909340374
118	0.5948461590153626
119	0.8364723744993591
120	0.9371316004437339
121	0.7967132492072908
122	0.8501615448993988
123	0.8925879504044913
124	0.8364723744993591
125	0.9838981538483258
126	0.8782156365502402
127	0.9524680951766531
128	1.0
129	0.4739218161276098
130	0.4587826572335619
131	0.9680555771461301
132	0.9838981538483258
133	0.9371316004437339
134	0.7838846950415547
135	0.8097517472627709
136	0.6773349667878901
137	0.27737129133826594
138	0.18484816784601485
139	0.7111366461700436
140	0.7227746524257325
141	0.9071954723294353
142	0.8364723744993591
143	0.9220420515895166
144	0.4162055494255547
145	0.4299397258291108
146	0.40950387170123137
147	0.3837590186752777
148	0.6347520014624433
149	0.1013842611119193
150	0.444127110032871
151	0.31074953590015464
152	0.239669527412524
153	0.5758441417787756
154	0.20047693868989178
155	0.2819105719970956
156	0.3655182215245059
157	0.42301690250931745
158	0.20375781569034165
159	0.42301690250931745
160	0.5396417421912961
161	0.2557479945175664
162	0.24757827243667163
163	0.21742711012398033
164	0.3315964756209417
165	0.210481526578285
166	0.3370231708678045
167	0.7111366461700436
168	0.7838846950415547
169	0.9371316004437339
170	0.9680555771461301
171	0.6045810297425013
172	0.27737129133826594
173	0.1972488898661485
174	0.05651656845829405
175	0.09814559940423298
176	0.1496811268916314
177	0.6045810297425013
178	0.5484731728386727
179	0.2209853827589335
180	0.31583506350196755
181	0.5309525138815105
182	0.32100381758685337
183	0.11358461770178933
184	0.18484816784601485
185	0.18787327440651988
186	0.05838153282986845
187	0.08480513362914895
188	0.07093715149650967
189	0.08903724340857869
190	0.08343961441458023
191	1.0
192	0.9220420515895166
193	0.09348055211451997
194	0.015175310452307482
195	0.009174704819918202
196	0.011704150977755524
197	0.9220420515895166
198	0.9838981538483258
199	0.9680555771461301
200	0.9680555771461301
