1	0.9220420515895167
2	0.8925879504044915
3	0.566571988000507
4	0.5396417421913039
5	0.1425664978143681
6	0.4369758436353341
7	0.06540703669975813
8	0.03646109590141792
9	0.4816777166152449
10	0.10995622264422979
11	0.1081857244637924
12	0.5057153295259778
13	0.5057153295259778
14	0.7346031188276404
15	0.7466251623243612
16	0.8364723744993592
17	0.9371316004437404
18	0.8640747434825137
19	0.6245313223904277
20	0.5574491330158786
21	0.25574799451756824
22	0.04084874312373918
23	0.19094788792080924
24	0.0330773411179359
25	0.02429871794776146
26	0.1972488898661471
27	0.7227746524257428
28	0.7712627042813436
29	0.06979493239667438
30	0.06229811565656762
31	0.20047693868989175
32	0.23581040555488308
33	0.19407281858793526
34	0.823003625015039
35	0.758843950874465
36	0.6245313223904277
37	0.783884695041549
38	0.7111366461700386
39	0.758843950874465
40	0.8364723744993592
41	0.8097517472627825
42	0.7466251623243612
43	0.7111366461700386
44	0.5852680376789872
45	0.5057153295259778
46	0.32625716018605594
47	0.1472709844146142
48	0.21392613224755938
49	0.18484816784601354
50	0.18484816784601354
51	0.28652413961186873
52	0.7111366461700386
53	0.6884197964379098
54	0.6664286233595222
55	0.15213071221465968
56	0.24757827243666988
57	0.1472709844146142
58	0.1336035702664359
59	0.1972488898661471
60	0.15462038588001104
61	0.11358461770179094
62	0.28652413961186873
63	0.3837590186752804
64	0.12725313808047323
65	0.15213071221465968
66	0.4587826572335587
67	0.4095038717012285
68	0.3900393726467364
69	0.8925879504044915
70	0.32100381758685564
71	0.2819105719970956
72	0.18787327440651988
73	0.16499324727369863
74	0.15213071221465968
75	0.277371291338266
76	0.823003625015039
77	0.7227746524257428
78	0.4230169025093205
79	0.32100381758685564
80	0.2912132099152615
81	0.4369758436353341
82	0.9524680951766463
83	0.08343961441457964
84	0.01445399904022356
85	0.012901465378461817
86	0.012693727967806583
87	0.03254473486014822
88	1.0
89	0.9838981538483189
90	1.0
91	1.0
92	1.0
93	0.9838981538483189
94	0.020325206299054217
95	0.000580920718013925
96	0.000393477915242362
97	0.002851035264810493
98	0.07569604040982214
99	0.8501615448993928
100	0.3158350635019698
101	0.210481526578285
102	0.210481526578285
103	0.4816777166152449
104	0.7346031188276404
105	0.6144752151203912
106	0.03705779481220461
107	0.07327797408660718
108	0.0807741840889576
109	0.07569604040982214
110	0.11358461770179094
111	0.22460188780169194
112	0.35384195289533016
113	0.8364723744993592
114	0.823003625015039
115	0.60458102974251
116	0.015423659850313087
117	0.029049038185277303
118	0.15213071221465968
119	0.4895605451959158
120	0.023907463729683512
121	0.0876035794134446
122	0.3837590186752804
123	0.35384195289533016
124	0.699686033300596
125	0.1676934209382962
126	0.054711179297213405
127	0.3158350635019698
128	0.05560654736795765
129	0.041517247454898654
130	0.04219669209919026
131	0.04502749889045439
132	0.041517247454898654
133	0.010791719379643076
134	0.16233655139003358
135	0.9220420515895167
136	0.9371316004437404
137	0.9371316004437404
138	0.9524680951766463
139	0.14489964968096347
140	0.009026975134420792
141	0.02168874285044923
142	0.05296346225091009
143	0.05211065273008481
144	0.038907124553427985
145	0.02429871794776146
146	0.8640747434825137
147	0.783884695041549
148	0.7111366461700386
149	0.03705779481220461
150	0.04651334071458662
151	0.1081857244637924
152	0.8501615448993928
153	0.823003625015039
154	0.7712627042813436
155	0.878215636550234
156	0.878215636550234
157	0.878215636550234
158	0.1425664978143681
159	0.098145599404233
160	0.1212045540327608
161	0.8364723744993592
162	0.45139540946972445
163	0.3900393726467364
164	0.49757237909340374
165	0.8364723744993592
166	0.783884695041549
167	0.8640747434825137
168	0.6664286233595222
169	0.5396417421913039
170	0.16233655139003358
171	0.09501039487561766
172	0.04219669209919026
173	0.07209806342155774
174	0.36551822152450336
175	0.5852680376789872
176	0.60458102974251
177	0.9071954723294419
178	0.5574491330158786
179	0.04804821315291625
180	0.0330773411179359
181	0.3596327033558848
182	0.41620554942555466
183	0.677334966787895
184	0.968055577146144
185	0.968055577146144
186	0.9524680951766463
187	0.5948461590153628
188	0.06647744631284325
189	0.058381532829868465
190	0.1472709844146142
191	0.677334966787895
192	0.5309525138815068
193	0.513991542262758
194	0.5057153295259778
195	0.3900393726467364
196	0.5852680376789872
197	0.1252041276287828
198	0.013545299253376993
199	0.019997932954225667
200	0.7227746524257428
