1	0.9838981538483187
2	0.9838981538483187
3	0.9838981538483187
4	0.9838981538483187
5	0.96805557714613
6	0.9838981538483187
7	0.96805557714613
8	0.9838981538483187
9	0.9838981538483187
10	0.9838981538483187
11	0.9838981538483187
12	0.9524680951766596
13	0.937131600443727
14	0.9838981538483187
15	0.96805557714613
16	0.96805557714613
17	0.96805557714613
18	0.9838981538483187
19	0.9071954723294416
20	0.9220420515895166
21	0.8640747434825012
22	0.7227746524257324
23	0.8230036250150389
24	0.5057153295259776
25	0.513991542262758
26	0.892587950404504
27	0.004074735137074952
28	0.0003084413155953434
29	0.001351167810542859
30	0.009950419076984443
31	0.009950419076984443
32	0.011330268629776647
33	0.015932618141390686
34	0.10472979393476875
35	0.9838981538483187
36	0.018438935128663837
37	0.0104469841324596
38	0.010278768401209682
39	0.009950419076984443
40	0.1380122933233906
41	0.9838981538483187
42	0.07569604040982107
43	0.019359110527732544
44	0.019359110527732544
45	0.041517247454899237
46	0.20047693868989458
47	0.9524680951766596
48	0.9524680951766596
49	0.9220420515895166
50	0.3655182215245033
51	0.3900393726467308
52	0.4975723790934037
53	0.937131600443727
54	0.8501615448994048
55	0.23581040555488306
56	0.24359180518339557
57	0.25574799451756824
58	0.1909478879208092
59	0.25574799451756824
60	0.7712627042813435
61	0.7346031188276403
62	0.7227746524257324
63	0.796713249207302
64	0.09814559940423158
65	0.05838153282986845
66	0.045764390058399614
67	0.06030803830703579
68	0.24757827243666983
69	0.4895605451959158
70	0.3538419528953351
71	0.3262571601860513
72	0.892587950404504
73	0.892587950404504
74	0.2959790185358471
75	0.04883453939311235
76	0.05651656845829485
77	0.0512715750169613
78	0.1099562226442282
79	0.9220420515895166
80	0.9220420515895166
81	0.892587950404504
82	0.9838981538483187
83	0.21048152657828498
84	0.030007614098887924
85	0.04288725609875964
86	0.96805557714613
87	0.3315964756209393
88	0.001225773320081767
89	0.0010253255196467582
90	0.00035121364589560703
91	0.006214348384488034
92	0.006739766775034894
93	0.0004780998567717995
94	0.12933568132305998
95	0.8501615448994048
96	0.7111366461700486
97	0.5057153295259776
98	0.25574799451756824
99	0.16499324727369863
100	0.045764390058399614
101	0.022043686905619336
102	0.027668282067045125
103	0.011515692539375575
104	0.03202070454638285
105	0.96805557714613
106	0.96805557714613
107	0.9838981538483187
108	0.0547111792972134
109	0.03954385360034534
110	0.03890712455342798
111	0.06540703669975811
112	0.05044600800408453
113	0.09197534264619776
114	0.6556978921951104
115	0.5574491330158785
116	0.4895605451959158
117	0.96805557714613
118	0.7346031188276403
119	0.0046397888713085094
120	0.0022714575694317367
121	0.005546852487609636
122	0.004141419638950831
123	0.0010941104954322928
124	0.0019000115066771074
125	0.0036965812672960833
126	0.3370231708678044
127	0.9838981538483187
128	0.055606547367958434
129	0.03202070454638285
130	0.21392613224755938
131	0.10644373457266823
132	0.02635315591720863
133	0.002715520127955534
134	0.0053696614862373945
135	0.005729890533725346
136	0.025511319561055356
137	0.34814444420780405
138	0.9838981538483187
139	0.9838981538483187
140	0.9838981538483187
141	0.9838981538483187
142	0.9838981538483187
143	0.9524680951766596
144	0.34814444420780405
145	0.02812108342598899
146	0.003194122510301083
147	0.0032995238968794487
148	0.010113261253784643
149	0.04084874312373917
150	0.11175569566235917
151	0.9838981538483187
152	0.1272531380804732
153	0.005729890533725346
154	0.006419412822152334
155	0.011147830387442765
156	0.01756249741908444
157	0.9838981538483187
158	0.10304345090533383
159	0.013112602486345094
160	0.0046397888713085094
161	0.0021634908644312515
162	0.00441925086827708
163	0.006419412822152334
164	0.00032913340607583133
165	0.04804821315291624
166	0.9071954723294416
167	0.8230036250150389
168	0.809751747262771
169	0.4029101033605775
170	0.4816777166152448
171	0.07093715149650967
172	0.045764390058399614
173	0.154620385880011
174	0.9524680951766596
175	0.892587950404504
176	0.8230036250150389
177	0.809751747262771
178	0.10818572446379238
179	0.20709238541955044
180	0.8782156365502338
181	0.0675653735631387
182	0.09197534264619776
183	0.9071954723294416
184	0.937131600443727
185	0.8782156365502338
186	0.9071954723294416
187	0.07327797408660612
188	0.11733274450692356
189	0.96805557714613
190	0.18787327440651988
191	0.08343961441458081
192	0.7227746524257324
193	0.796713249207302
194	0.8230036250150389
195	0.796713249207302
196	0.10472979393476875
197	0.1099562226442282
198	0.176061982325188
199	0.96805557714613
200	0.9838981538483187
