1	0.8925879504044916
2	0.7111366461700386
3	0.7346031188276403
4	0.8640747434825137
5	0.9220420515895167
6	0.043589121425845555
7	0.02204368690561934
8	0.020995908477665935
9	0.022404439747549146
10	0.02204368690561934
11	0.028121083425988992
12	0.9524680951766463
13	0.1676934209382962
14	0.12725313808047412
15	0.23201342268367284
16	0.9371316004437406
17	0.07209806342155826
18	0.019675929314445093
19	0.019359110527732686
20	0.04502749889045438
21	0.07819389939674361
22	0.09501039487561833
23	0.44412711003287103
24	0.7227746524257428
25	0.5484731728386728
26	0.8097517472627825
27	0.7712627042813436
28	0.5224031981891458
29	0.513991542262758
30	0.7346031188276403
31	0.3107495359001547
32	0.3775797899972509
33	0.566571988000511
34	0.49757237909340374
35	0.9071954723294419
36	0.277371291338266
37	0.23966952741252573
38	0.22460188780169196
39	0.23966952741252573
40	0.22098538275893356
41	0.11358461770179014
42	0.12318811002814957
43	0.04576439005840027
44	0.02314375359893911
45	0.13360357026643685
46	0.594846159015367
47	0.1521307122146586
48	0.08619300005539333
49	0.1154434707063194
50	0.49757237909340374
51	0.8364723744993591
52	0.8501615448993928
53	0.878215636550234
54	0.878215636550234
55	0.1818717710859395
56	0.09501039487561833
57	0.06979493239667438
58	0.07947357060372907
59	0.8925879504044916
60	0.1496811268916325
61	0.08343961441458023
62	0.09656527406216149
63	0.058381532829868465
64	0.11358461770179014
65	0.8925879504044916
66	0.17322705937262783
67	0.1314523061326923
68	0.1878732744065199
69	0.19094788792081058
70	0.3315964756209417
71	0.9524680951766463
72	0.9220420515895167
73	0.9220420515895167
74	0.2819105719970956
75	0.2865241396118708
76	0.9220420515895167
77	0.1878732744065199
78	0.11175569566235839
79	0.1154434707063194
80	0.1154434707063194
81	0.1252041276287828
82	1.0
83	1.0
84	0.22827757824649703
85	0.1704377839133029
86	0.09975178733729259
87	0.277371291338266
88	0.7967132492072909
89	0.47392181612760975
90	0.5057153295259778
91	0.9524680951766463
92	0.9371316004437406
93	0.8925879504044916
94	0.31583506350196755
95	0.2685108255202325
96	0.3775797899972509
97	0.9371316004437406
98	0.9371316004437406
99	0.9371316004437406
100	0.9071954723294419
101	0.436975843635331
102	0.40291010336057753
103	0.3315964756209417
104	0.8640747434825137
105	0.8925879504044916
106	0.8925879504044916
107	0.7838846950415603
108	0.40291010336057753
109	0.466290799956401
110	0.3210038175868557
111	0.17894329980857865
112	0.7588439508744758
113	0.22460188780169196
114	0.22460188780169196
115	0.9838981538483189
116	0.9071954723294419
117	0.20047693868989178
118	0.19724888986614852
119	0.1252041276287828
120	0.015423659850313085
121	0.047274548216865483
122	0.7346031188276403
123	0.08480513362915015
124	0.0890372434085787
125	0.9524680951766463
126	0.9220420515895167
127	0.6556978921951199
128	0.5396417421913039
129	0.5224031981891458
130	0.5396417421913039
131	0.5396417421913039
132	0.5484731728386728
133	0.6045810297425014
134	0.466290799956401
135	0.5057153295259778
136	0.47392181612760975
137	0.7466251623243612
138	0.7588439508744758
139	0.7967132492072909
140	0.7712627042813436
141	0.677334966787895
142	0.0876035794134446
143	0.004871332588256381
144	0.004419250868277081
145	0.04651334071458695
146	0.020657835589543632
147	0.004715720680195349
148	0.06647744631284372
149	0.9220420515895167
150	0.19094788792081058
151	0.16499324727369982
152	0.20047693868989178
153	0.968055577146144
154	1.0
155	0.9838981538483189
156	0.021339514049848227
157	0.020657835589543632
158	0.022404439747549146
159	0.019675929314445093
160	0.002671795240633401
161	0.013992274382953527
162	0.7838846950415603
163	0.7111366461700386
164	0.3262571601860536
165	0.40291010336057753
166	0.44412711003287103
167	0.8364723744993591
168	0.9524680951766463
169	0.9524680951766463
170	0.6144752151203955
171	0.6245313223904279
172	0.6045810297425014
173	0.8925879504044916
174	0.7588439508744758
175	0.677334966787895
176	0.878215636550234
177	0.7838846950415603
178	0.7838846950415603
179	0.968055577146144
180	0.9071954723294419
181	0.8640747434825137
182	0.9524680951766463
183	0.0028051283336035173
184	8.837588257170863e-05
185	0.00020891808825478653
186	0.001395754378613427
187	0.04963373414423594
188	0.9524680951766463
189	1.0
190	1.0
191	1.0
192	1.0
193	1.0
194	1.0
195	0.00601583461193273
196	0.0033535217887888137
197	0.0024238405452939554
198	0.0025447997235481428
199	0.00779998122369762
200	1.0
