1	0.41620554942555466
2	0.1231881100281487
3	0.07693483325865721
4	0.9071954723294419
5	0.0744771944128507
6	0.027222771645920248
7	0.018740694914959853
8	0.05296346225090933
9	0.9524680951766463
10	0.9371316004437404
11	0.9524680951766463
12	1.0
13	1.0
14	1.0
15	0.05651656845829405
16	0.05838153282986846
17	0.06540703669975813
18	0.07569604040982214
19	0.9524680951766463
20	0.1231881100281487
21	0.17894329980857737
22	0.44412711003286787
23	0.9371316004437404
24	0.9838981538483189
25	0.9838981538483189
26	0.9371316004437404
27	0.9371316004437404
28	0.481677716615238
29	0.030007614098887924
30	0.023522509426831248
31	0.019675929314445093
32	0.02766828206704513
33	0.9838981538483189
34	0.9838981538483189
35	0.11358461770179094
36	0.12933568132305998
37	0.1252041276287828
38	0.25574799451756824
39	0.25574799451756824
40	0.2599334021689762
41	0.2599334021689762
42	0.03828064801966494
43	0.034728030561276546
44	0.2516299796562454
45	0.017562497419084194
46	0.01445399904022356
47	0.029049038185277303
48	0.04804821315291625
49	0.746625162324361
50	0.7712627042813435
51	0.8925879504044915
52	0.7838846950415491
53	0.7712627042813435
54	0.029524436113288616
55	0.22827757824649536
56	0.006631244087325165
57	0.005823662247270163
58	0.00707610765039319
59	1.0
60	0.7346031188276402
61	0.7227746524257325
62	0.007191910689857912
63	0.03254473486014822
64	0.25574799451756824
65	0.2599334021689762
66	0.2729051014782441
67	0.054711179297213405
68	0.1878732744065199
69	0.2435918051833991
70	0.4369758436353341
71	0.699686033300596
72	0.6556978921951104
73	0.21742711012398033
74	0.21742711012398033
75	0.1117556956623576
76	0.1597226332147545
77	0.699686033300596
78	0.699686033300596
79	0.7712627042813435
80	0.4739218161276064
81	0.060308038307035794
82	0.003408403375565008
83	8.017420053217135e-05
84	0.0003084413155953434
85	3.9250125323177046e-05
86	0.0011302145468318698
87	0.0011302145468318698
88	4.847180071652265e-05
89	0.003092088110184961
90	0.04651334071458662
91	1.0
92	1.0
93	1.0
94	0.04651334071458662
95	0.0030422997831473205
96	5.089073425344814e-05
97	0.0011302145468318698
98	0.0011302145468318698
99	4.469303857690011e-05
100	5.7014812075813265e-05
101	0.0061142859028680595
102	0.0028051283336034973
103	0.0336186636681455
104	0.1272531380804732
105	0.09814559940423298
106	0.08619300005539272
107	0.02812108342598859
108	0.010113261253784644
109	0.0032995238968794023
110	0.0012458335400746532
111	0.5057153295259778
112	0.5852680376789788
113	0.11544347070631858
114	0.23201342268367284
115	0.9220420515895166
116	1.0
117	1.0
118	0.9838981538483189
119	0.05560654736795765
120	0.04963373414423558
121	0.5574491330158786
122	0.5396417421912962
123	0.015175310452307482
124	0.019997932954225667
125	0.04883453939311236
126	0.08903724340857806
127	0.18187177108593947
128	0.4299397258291107
129	0.758843950874465
130	0.8925879504044915
131	0.9838981538483189
132	0.9838981538483189
133	0.07327797408660716
134	0.07693483325865721
135	0.012693727967806583
136	0.00742923325854893
137	0.006316048424505998
138	0.07327797408660716
139	0.09197534264619776
140	0.9371316004437404
141	0.9371316004437404
142	0.9838981538483189
143	0.09501039487561765
144	0.014690543918280223
145	0.012288234154010974
146	0.003408403375565008
147	0.0032995238968794023
148	0.005729890533725346
149	0.029049038185277303
150	0.9071954723294419
151	0.8782156365502339
152	0.8640747434825137
153	0.9071954723294419
154	0.7111366461700386
155	0.5665719880005069
156	0.513991542262758
157	0.5309525138815068
158	0.7227746524257325
159	0.7227746524257325
160	0.6664286233595222
161	0.677334966787895
162	0.31583506350196977
163	0.31074953590015464
164	0.16769342093829617
165	0.23201342268367284
166	0.35384195289533016
167	0.4587826572335587
168	0.7227746524257325
169	0.7346031188276402
170	0.699686033300596
171	0.5758441417787837
172	0.44412711003286787
173	0.4299397258291107
174	0.41620554942555466
175	0.23201342268367284
176	0.1252041276287828
177	0.513991542262758
178	0.40950387170122843
179	0.24757827243666988
180	0.2959790185358472
181	0.7967132492072909
182	0.8364723744993591
183	0.9838981538483189
184	0.9838981538483189
185	0.21392613224755636
186	0.10995622264422977
187	0.1357900406092586
188	0.9838981538483189
189	0.08619300005539272
190	0.08343961441457963
191	0.06867110513305615
192	0.06435386265758125
193	0.4587826572335587
194	0.9220420515895166
195	0.9524680951766463
196	0.9680555771461302
197	0.9680555771461302
198	0.9838981538483189
199	1.0
200	1.0
