1	0.3837590186752749
2	0.36551822152449814
3	0.9371316004437272
4	0.9838981538483049
5	0.907195472329429
6	0.9838981538483049
7	0.9838981538483049
8	0.11733274450692356
9	0.029524436113288612
10	0.032544734860148215
11	0.1336035702664359
12	1.0
13	0.07569604040982107
14	0.022404439747548667
15	0.030997821620274372
16	0.06647744631284323
17	0.9680555771461301
18	0.9680555771461301
19	0.13801229332339057
20	0.03705779481220408
21	0.022404439747548667
22	0.1336035702664359
23	0.9838981538483049
24	0.035296367236227526
25	0.024298717947761457
26	0.9838981538483049
27	0.9680555771461301
28	0.9838981538483049
29	1.0
30	1.0
31	0.045764390058399614
32	0.03646109590141792
33	0.9838981538483049
34	0.10995622264422822
35	0.006524468815236717
36	0.03705779481220408
37	0.16233655139003125
38	1.0
39	0.035296367236227526
40	0.00381856306039134
41	0.000803736982286617
42	0.029524436113288612
43	0.9680555771461301
44	0.12120455403275907
45	0.01814203423202126
46	0.040191002946470614
47	0.1117556956623576
48	1.0
49	1.0
50	0.9838981538483049
51	0.9371316004437272
52	0.9680555771461301
53	0.9524680951766463
54	0.8501615448993928
55	0.6996860333005861
56	0.8230036250150273
57	0.6045810297424927
58	0.3837590186752749
59	0.35384195289533016
60	0.3210038175868511
61	0.481677716615238
62	1.0
63	1.0
64	0.0861930000553915
65	0.03202070454638241
66	0.019047393108381605
67	0.05744148237014178
68	0.0007410792960859089
69	5.343038208960523e-05
70	0.0004704015664329126
71	2.5321823716297998e-05
72	0.00021581208061492
73	0.3057458946813797
74	1.0
75	1.0
76	1.0
77	1.0
78	1.0
79	0.9838981538483049
80	0.32625716018604667
81	0.00023405882653928812
82	0.000650827425746295
83	0.0007410792960859089
84	0.02204368690561934
85	0.022404439747548667
86	0.9524680951766463
87	0.06435386265758035
88	0.030007614098887497
89	0.0376642589146651
90	0.027668282067044733
91	0.7346031188276299
92	0.7967132492072908
93	0.7712627042813325
94	0.907195472329429
95	0.7838846950415379
96	0.7838846950415379
97	0.907195472329429
98	0.8782156365502214
99	0.5948461590153626
100	0.47392181612760637
101	0.47392181612760637
102	0.8640747434825014
103	0.9680555771461301
104	0.006524468815236717
105	0.0028976934794106525
106	0.002759960588740092
107	0.002851035264810493
108	0.00742923325854893
109	0.14727098441461212
110	0.8097517472627594
111	0.052963462250908575
112	0.039543853600344785
113	0.008738613623635485
114	0.005823662247270162
115	0.006316048424505909
116	0.019675929314445093
117	1.0
118	0.1940728185879325
119	0.23201342268366953
120	1.0
121	1.0
122	1.0
123	1.0
124	1.0
125	0.9371316004437272
126	0.24359180518339563
127	0.2599334021689725
128	0.015175310452307267
129	0.014930959938100216
130	0.007076107650393089
131	0.009632558682416041
132	0.02678443476505491
133	0.16499324727369863
134	0.8925879504044915
135	0.1571508039477891
136	0.00719191068985781
137	0.0031426912410505493
138	0.002027475656329842
139	0.0016153167178432329
140	0.004715720680195249
141	0.6144752151203824
142	0.8097517472627594
143	0.22098538275893195
144	0.21742711012397728
145	0.28191057199709163
146	0.9220420515895036
147	0.9220420515895036
148	0.3370231708678045
149	0.10995622264422822
150	0.6045810297424927
151	0.04084874312373918
152	0.045764390058399614
153	0.21392613224755636
154	0.40950387170122265
155	0.41620554942555466
156	0.39642250686330754
157	0.907195472329429
158	0.3057458946813797
159	0.17043778391329922
160	0.2865241396118647
161	0.8364723744993472
162	0.8501615448993928
163	0.7111366461700385
164	0.8364723744993472
165	0.6144752151203824
166	0.6556978921951011
167	0.9680555771461301
168	0.5484731728386611
169	0.6144752151203824
170	0.05560654736795764
171	0.0037570771454723726
172	0.3715000583087311
173	0.8501615448993928
174	0.16769342093829617
175	0.08903724340857806
176	0.09656527406216012
177	0.39642250686330754
178	0.40950387170122265
179	0.43697584363532166
180	1.0
181	0.17043778391329922
182	0.24359180518339563
183	0.6664286233595222
184	0.9680555771461301
185	0.451395409469718
186	0.12318811002814868
187	0.481677716615238
188	0.466290799956401
189	0.5139915422627507
190	1.0
191	0.2396695274125223
192	0.2599334021689725
193	1.0
194	0.07209806342155671
195	0.05471117929721263
196	0.6773349667878853
197	0.6884197964379001
198	0.7111366461700385
199	1.0
200	1.0
