1	0.9838981538483189
2	0.9371316004437404
3	0.8782156365502464
4	0.8501615448993928
5	0.4739218161276131
6	0.4369758436353341
7	0.7967132492072909
8	0.9371316004437404
9	0.009632558682416177
10	0.012693727967806583
11	0.03202070454638332
12	0.2912132099152615
13	0.7838846950415601
14	0.5948461590153626
15	0.12725313808047503
16	0.00947745670446487
17	0.0003399943286790733
18	0.00032383375060782415
19	0.0005185228330395549
20	0.00024976089423135706
21	0.0005019589204015528
22	0.0016686198147892288
23	0.19094788792080922
24	1.0
25	1.0
26	1.0
27	0.19094788792080922
28	0.0015637163575655678
29	0.00038090849033419806
30	3.3915041970280715e-05
31	0.00030347484098480504
32	3.3915041970280715e-05
33	0.0002665163506524535
34	0.005369661486237472
35	0.12120455403276079
36	0.1081857244637924
37	0.2516299796562454
38	0.0330773411179359
39	0.03416884515602848
40	0.8230036250150389
41	0.677334966787895
42	0.5948461590153626
43	0.6347520014624477
44	0.32100381758685564
45	0.2599334021689762
46	0.045764390058400266
47	0.055606547367958434
48	0.0744771944128507
49	0.9524680951766462
50	0.9524680951766462
51	0.14027091400017713
52	0.10304345090533384
53	0.1732270593726278
54	0.18484816784601354
55	0.19094788792080922
56	0.6664286233595221
57	0.8501615448993928
58	0.8640747434825137
59	0.9524680951766462
60	0.34814444420780405
61	0.272905101478248
62	0.2641873055176485
63	0.9220420515895166
64	0.8925879504044913
65	0.9838981538483189
66	0.9220420515895166
67	0.8925879504044913
68	0.9220420515895166
69	0.9220420515895166
70	0.9524680951766462
71	0.3425386759286075
72	0.3425386759286075
73	0.1972488898661499
74	0.04883453939311236
75	0.02168874285044923
76	0.03361866366814549
77	0.02766828206704513
78	0.03416884515602848
79	0.9838981538483189
80	0.9680555771461439
81	0.03361866366814549
82	0.01248933551297767
83	0.22098538275893512
84	0.2641873055176485
85	0.3425386759286075
86	0.8925879504044913
87	0.4739218161276131
88	0.37150005830873106
89	0.06647744631284419
90	0.04219669209919026
91	0.03646109590141792
92	0.034728030561276546
93	0.05838153282986846
94	0.6347520014624477
95	0.8501615448993928
96	0.6556978921951199
97	0.4095038717012285
98	0.34814444420780405
99	0.38375901867528034
100	0.18187177108593947
101	0.34814444420780405
102	0.7346031188276403
103	0.4029101033605775
104	0.8925879504044913
105	0.20047693868989175
106	0.2819105719970956
107	0.05383022830539262
108	0.01170415097775544
109	0.2819105719970956
110	0.03646109590141792
111	0.098145599404233
112	0.6884197964379098
113	0.5396417421913039
114	0.9680555771461439
115	0.8640747434825137
116	0.8640747434825137
117	0.8640747434825137
118	0.677334966787895
119	0.45139540946972445
120	0.09049436982916183
121	0.03254473486014822
122	0.09501039487561899
123	0.23201342268367284
124	0.2139261322475594
125	0.2959790185358471
126	0.7712627042813435
127	0.7111366461700386
128	0.6996860333005961
129	0.7712627042813435
130	0.7967132492072909
131	0.24359180518339907
132	0.3370231708678045
133	0.2641873055176485
134	0.4029101033605775
135	0.8364723744993591
136	1.0
137	0.9838981538483189
138	0.9680555771461439
139	0.5309525138815068
140	0.37150005830873106
141	0.3596327033558848
142	0.4029101033605775
143	0.9838981538483189
144	0.7967132492072909
145	0.3425386759286075
146	0.28652413961186873
147	0.3370231708678045
148	0.272905101478248
149	0.2685108255202324
150	0.2819105719970956
151	0.37757978999725095
152	0.3008228213237163
153	0.1878732744065199
154	0.05211065273008481
155	0.07947357060372963
156	0.017562497419084194
157	0.026784434765055293
158	0.6347520014624477
159	0.42301690250932045
160	0.7712627042813435
161	0.7712627042813435
162	0.7712627042813435
163	0.7346031188276403
164	0.9524680951766462
165	0.7712627042813435
166	0.7111366461700386
167	0.20047693868989175
168	0.16233655139003356
169	0.09049436982916183
170	0.2685108255202324
171	0.17606198232518802
172	0.6347520014624477
173	0.8782156365502464
174	0.6884197964379098
175	0.7111366461700386
176	0.5484731728386688
177	0.5484731728386688
178	0.272905101478248
179	0.14027091400017713
180	0.24359180518339907
181	0.6045810297425014
182	0.6451399456130124
183	0.5948461590153626
184	0.5852680376789872
185	0.6996860333005961
186	0.5057153295259778
187	0.31074953590015464
188	0.3057458946813884
189	0.31074953590015464
190	0.3596327033558848
191	0.34814444420780405
192	0.22098538275893512
193	0.2396695274125257
194	0.3370231708678045
195	0.7588439508744758
196	0.9371316004437404
197	0.9524680951766462
198	0.9680555771461439
199	0.9838981538483189
200	1.0
