1	0.176061982325188
2	0.06540703669975767
3	0.05933696755250621
4	0.37150005830872845
5	0.39003937264673083
6	0.4895605451959158
7	0.9524680951766531
8	0.8640747434825075
9	0.771262704281338
10	0.8640747434825075
11	0.771262704281338
12	0.566571988000515
13	0.566571988000515
14	0.3837590186752777
15	0.677334966787895
16	0.9838981538483119
17	0.9838981538483119
18	0.9680555771461302
19	0.7466251623243558
20	0.6884197964379049
21	0.7346031188276403
22	0.15715080394779135
23	0.4095038717012285
24	0.4662907999563977
25	0.9071954723294419
26	0.8501615448993988
27	0.6664286233595269
28	0.6556978921951105
29	0.771262704281338
30	0.8230036250150332
31	0.9838981538483119
32	0.9838981538483119
33	0.9680555771461302
34	0.9680555771461302
35	0.176061982325188
36	0.11358461770178932
37	0.05127157501696131
38	0.008057369233584964
39	0.0017236818362313254
40	0.001589307136566294
41	0.002715520127955515
42	0.0008037369822866172
43	7.888324788986942e-05
44	0.004009124378788865
45	1.0
46	0.09348055211452064
47	0.0018097003405784804
48	4.188325877026423e-05
49	0.00021581208061492154
50	0.1231881100281487
51	1.0
52	1.0
53	1.0
54	0.1231881100281487
55	0.00021581208061492154
56	2.532182371629818e-05
57	0.0028051283336034973
58	0.09501039487561765
59	0.9838981538483119
60	0.004009124378788865
61	9.584799567368608e-05
62	0.0008168904262529228
63	0.002759960588740112
64	0.0016417519552458344
65	8.837588257170863e-05
66	0.0047157206801952825
67	0.03828064801966439
68	0.07947357060372964
69	0.14489964968096242
70	0.9838981538483119
71	0.9220420515895101
72	0.8782156365502339
73	0.8640747434825075
74	0.9524680951766531
75	0.9838981538483119
76	0.9838981538483119
77	0.9838981538483119
78	0.9680555771461302
79	0.22827757824649536
80	0.23201342268367117
81	0.210481526578285
82	0.6144752151203867
83	0.8925879504044977
84	0.7111366461700436
85	0.809751747262771
86	0.8925879504044977
87	0.8364723744993473
88	0.771262704281338
89	0.7967132492072965
90	0.5574491330158746
91	0.3837590186752777
92	0.42301690250932045
93	0.8782156365502339
94	0.8782156365502339
95	0.8501615448993988
96	0.9680555771461302
97	0.8230036250150332
98	0.8230036250150332
99	0.7111366461700436
100	0.8501615448993988
101	0.9524680951766531
102	0.7967132492072965
103	0.9680555771461302
104	0.6045810297425014
105	0.2037578156903402
106	0.23966952741252404
107	0.3964225068633104
108	0.8640747434825075
109	0.771262704281338
110	0.7967132492072965
111	0.9680555771461302
112	0.771262704281338
113	0.9680555771461302
114	0.7346031188276403
115	0.6884197964379049
116	0.8782156365502339
117	0.1231881100281487
118	0.04883453939311201
119	0.031505112088108786
120	0.04151724745489895
121	0.9680555771461302
122	0.9680555771461302
123	0.026784434765055293
124	0.007076107650393139
125	0.0043480927706904
126	0.004141419638950832
127	0.013545299253376896
128	0.33159647562093697
129	0.9838981538483119
130	0.7227746524257325
131	0.10644373457266824
132	0.03954385360034535
133	0.045027498890454064
134	0.030997821620274594
135	0.031505112088108786
136	0.08077418408895702
137	0.9838981538483119
138	0.9838981538483119
139	0.9838981538483119
140	0.14027091400017716
141	0.014690543918280325
142	0.012693727967806493
143	0.011704150977755524
144	0.024696375181437153
145	0.11733274450692358
146	0.07093715149650967
147	0.011330268629776567
148	0.008597905811488721
149	0.012090370898187259
150	0.0076743871260476935
151	0.016458371314135432
152	0.9524680951766531
153	0.9371316004437271
154	0.040848743123738894
155	0.05651656845829446
156	0.08209608258032049
157	0.15715080394779135
158	0.9371316004437271
159	0.7111366461700436
160	0.44412711003287103
161	0.6451399456130079
162	0.7227746524257325
163	0.9524680951766531
164	0.9680555771461302
165	0.6045810297425014
166	0.566571988000515
167	0.9524680951766531
168	0.03202070454638286
169	0.06331764666180247
170	0.03890712455342826
171	0.05838153282986887
172	0.3370231708678045
173	0.9680555771461302
174	0.9838981538483119
175	0.9838981538483119
176	0.3596327033558822
177	0.07947357060372964
178	0.02133951404984792
179	0.01843893512866384
180	0.02510054021835705
181	0.7967132492072965
182	0.6451399456130079
183	0.771262704281338
184	0.4369758436353278
185	0.17322705937262659
186	0.3158350635019698
187	0.9524680951766531
188	0.9071954723294419
189	0.9524680951766531
190	0.9838981538483119
191	0.9071954723294419
192	0.8230036250150332
193	0.35384195289533266
194	0.26851082552023436
195	0.2729051014782441
196	0.3008228213237184
197	0.40291010336057753
198	0.5484731728386688
199	0.7227746524257325
200	0.9838981538483119
