1	0.6347520014624477
2	0.5852680376789872
3	0.5852680376789872
4	0.9071954723294418
5	0.3655182215245085
6	0.2320134226836728
7	0.1154434707063202
8	0.02678443476505567
9	0.007076107650393189
10	0.0004131140110991192
11	5.3430382089605976e-05
12	0.0006198923584893025
13	0.0005270086451646011
14	5.172357937089251e-05
15	0.0011487109132294635
16	0.0009301706690873714
17	0.0009925720876843127
18	0.34253867592860743
19	1.0
20	1.0
21	1.0
22	0.34253867592860743
23	0.0007655338325415709
24	0.0009453932456821844
25	0.001351167810542859
26	0.0004780998567717995
27	0.0005623635409531144
28	0.0006300371192533686
29	5.08907342534474e-05
30	8.148628007745243e-05
31	0.005637628717885406
32	0.03646109590141792
33	0.1135846177017893
34	0.11175569566235917
35	0.16233655139003356
36	0.6773349667878948
37	0.3655182215245085
38	0.3655182215245085
39	0.40291010336057753
40	0.5484731728386766
41	0.37150005830873634
42	0.5665719880005149
43	0.6144752151203998
44	0.6045810297425013
45	0.809751747262771
46	0.809751747262771
47	0.40291010336057753
48	0.26851082552023625
49	0.272905101478248
50	0.22098538275893506
51	0.22098538275893506
52	0.1272531380804732
53	0.2396695274125257
54	0.1909478879208092
55	0.20709238541955338
56	0.2396695274125257
57	0.28191057199709557
58	0.7346031188276507
59	0.9680555771461301
60	0.9680555771461301
61	0.9838981538483328
62	0.9524680951766598
63	0.9524680951766598
64	0.6144752151203998
65	0.8501615448994048
66	0.14968112689163354
67	0.19407281858793524
68	0.1909478879208092
69	0.21392613224755938
70	0.029524436113288612
71	0.00673976677503499
72	0.746625162324361
73	0.04963373414423628
74	0.04288725609876024
75	0.03361866366814549
76	0.04651334071458727
77	0.22098538275893506
78	0.7346031188276507
79	0.8782156365502464
80	0.6773349667878948
81	0.20709238541955338
82	0.11175569566235917
83	0.5396417421912961
84	0.6045810297425013
85	0.34253867592860743
86	0.3900393726467363
87	0.6556978921951198
88	0.6884197964379195
89	0.8230036250150506
90	0.31583506350196977
91	0.26851082552023625
92	0.3370231708678045
93	0.9071954723294418
94	0.4587826572335652
95	0.3900393726467363
96	0.6144752151203998
97	0.014453999040223764
98	0.015423659850313085
99	0.34814444420780405
100	0.35384195289533515
101	0.4230169025093204
102	0.3262571601860559
103	0.6451399456130031
104	0.6556978921951198
105	0.6556978921951198
106	0.6144752151203998
107	0.6045810297425013
108	0.41620554942555466
109	0.35384195289533515
110	0.34814444420780405
111	0.34253867592860743
112	0.34814444420780405
113	0.9838981538483328
114	0.44412711003287414
115	0.4895605451959227
116	0.9680555771461301
117	0.062298115656568495
118	0.022404439747548983
119	0.06979493239667536
120	0.22460188780169194
121	0.21742711012398033
122	0.4739218161276131
123	0.28191057199709557
124	0.08480513362914893
125	0.24757827243667338
126	0.39642250686331315
127	0.272905101478248
128	0.18187177108593947
129	0.1546203858800132
130	0.4230169025093204
131	0.5484731728386766
132	0.5309525138815143
133	0.5224031981891458
134	0.513991542262758
135	0.4895605451959227
136	0.481677716615238
137	0.28191057199709557
138	0.29597901853585135
139	0.49757237909341073
140	0.46629079995640094
141	0.6664286233595221
142	0.08077418408895759
143	0.015175310452307697
144	0.01700147357515921
145	0.02314375359893927
146	0.062298115656568495
147	0.9838981538483328
148	0.9838981538483328
149	0.05211065273008555
150	0.05383022830539339
151	0.9838981538483328
152	0.03828064801966493
153	0.03000761409888792
154	0.0547111792972134
155	0.2773712913382699
156	0.9838981538483328
157	1.0
158	1.0
159	0.9838981538483328
160	0.28652413961186873
161	0.055606547367958434
162	0.010113261253784787
163	0.01700147357515921
164	0.015676073575284753
165	0.01189569360606805
166	0.9524680951766598
167	0.9680555771461301
168	0.06435386265758217
169	0.02812108342598899
170	0.029049038185277713
171	0.02390746372968385
172	0.11733274450692356
173	0.6664286233595221
174	0.4230169025093204
175	0.3596327033558847
176	0.4587826572335652
177	0.25993340216897615
178	0.17894329980857993
179	0.28191057199709557
180	0.46629079995640094
181	0.0472745482168648
182	0.019675929314445093
183	0.5396417421912961
184	0.5396417421912961
185	0.5484731728386766
186	0.6451399456130031
187	0.8640747434825012
188	0.8925879504044913
189	0.13801229332339257
190	0.03049869946550789
191	0.26851082552023625
192	0.31074953590015464
193	0.09197534264619907
194	0.17043778391330164
195	0.4299397258291168
196	0.44412711003287414
197	0.37150005830873634
198	0.3370231708678045
199	0.37757978999725084
200	0.7346031188276507
