1	0.5396417421912962
2	0.3837590186752776
3	0.3900393726467308
4	0.46629079995639433
5	0.9838981538483118
6	0.9524680951766531
7	0.7466251623243504
8	0.7712627042813325
9	0.7712627042813325
10	0.9524680951766531
11	0.6664286233595221
12	0.6884197964379049
13	0.7111366461700435
14	0.17322705937262659
15	0.17322705937262659
16	0.7588439508744703
17	0.9838981538483118
18	0.9838981538483118
19	0.8230036250150331
20	0.7712627042813325
21	0.444127110032871
22	0.45139540946972445
23	0.9838981538483118
24	0.3964225068633103
25	0.3262571601860513
26	0.03766425891466536
27	0.03202070454638286
28	0.32100381758685337
29	0.3262571601860513
30	0.19724888986614852
31	0.23581040555488142
32	0.6664286233595221
33	0.8925879504044913
34	0.9680555771461301
35	0.7466251623243504
36	0.7227746524257325
37	0.6884197964379049
38	0.7712627042813325
39	0.9838981538483118
40	0.9838981538483118
41	0.9838981538483118
42	0.9838981538483118
43	0.9680555771461301
44	0.9838981538483118
45	0.2685108255202325
46	0.29121320991525734
47	0.3107495359001525
48	0.26418730551764663
49	0.8501615448993988
50	0.9371316004437271
51	0.9680555771461301
52	0.9838981538483118
53	0.8230036250150331
54	0.8097517472627709
55	0.8782156365502276
56	0.5665719880005109
57	0.014690543918280221
58	0.04576439005839962
59	0.06129500098272593
60	0.21742711012397725
61	0.7967132492072965
62	0.4162055494255517
63	0.5139915422627543
64	0.207092385419549
65	0.09049436982916054
66	0.03954385360034535
67	0.07209806342155722
68	0.2516299796562454
69	0.699686033300586
70	0.7111366461700435
71	0.029524436113288612
72	0.038907124553428256
73	0.025511319561055356
74	0.02099590847766578
75	0.004209195456615581
76	0.08209608258032047
77	0.010446984132459527
78	0.2729051014782441
79	0.28191057199709557
80	0.31583506350196755
81	0.6347520014624431
82	0.8364723744993472
83	0.7227746524257325
84	0.8364723744993472
85	0.9371316004437271
86	0.7588439508744703
87	0.5309525138815105
88	0.8230036250150331
89	0.9838981538483118
90	0.9838981538483118
91	0.9680555771461301
92	0.9524680951766531
93	0.7227746524257325
94	0.5758441417787796
95	0.7227746524257325
96	0.9371316004437271
97	0.29121320991525734
98	0.004348092770690369
99	0.0032995238968794257
100	0.18787327440651988
101	0.9371316004437271
102	0.5948461590153669
103	0.09814559940423159
104	0.016458371314135432
105	0.01700147357515897
106	0.02133951404984792
107	0.019675929314445093
108	0.15972263321475563
109	0.9680555771461301
110	0.9838981538483118
111	0.7588439508744703
112	0.5574491330158706
113	0.6144752151203867
114	0.9838981538483118
115	0.06129500098272593
116	0.06030803830703536
117	1.0
118	0.9838981538483118
119	0.9071954723294353
120	0.9071954723294353
121	0.05127157501696131
122	0.05651656845829405
123	0.9524680951766531
124	0.9371316004437271
125	0.9524680951766531
126	0.9838981538483118
127	0.9524680951766531
128	0.9524680951766531
129	0.9838981538483118
130	0.9680555771461301
131	0.9838981538483118
132	0.9838981538483118
133	0.9838981538483118
134	0.8501615448993988
135	0.17894329980857865
136	0.11733274450692355
137	0.04219669209918966
138	0.03000761409888771
139	0.07093715149650967
140	0.6347520014624431
141	0.6773349667878948
142	0.7712627042813325
143	0.1314523061326923
144	0.032544734860147986
145	0.09348055211451997
146	0.9838981538483118
147	0.9680555771461301
148	0.9680555771461301
149	0.8925879504044913
150	0.699686033300586
151	0.2557479945175664
152	0.2685108255202325
153	0.2599334021689725
154	0.8640747434825012
155	0.8501615448993988
156	0.8230036250150331
157	0.8364723744993472
158	0.9371316004437271
159	0.23201342268367117
160	0.8230036250150331
161	0.14968112689163246
162	0.1546203858800099
163	0.10818572446379163
164	0.8097517472627709
165	0.8230036250150331
166	0.15715080394779135
167	0.07209806342155722
168	0.14489964968096242
169	0.3538419528953326
170	0.3964225068633103
171	0.7466251623243504
172	0.7967132492072965
173	0.7466251623243504
174	0.8097517472627709
175	0.7227746524257325
176	0.734603118827635
177	0.7588439508744703
178	0.12933568132305906
179	0.1818717710859369
180	0.19094788792080783
181	0.09814559940423159
182	0.4230169025093174
183	0.8097517472627709
184	0.07947357060372907
185	0.08480513362914895
186	0.08077418408895702
187	0.7712627042813325
188	0.21742711012397725
189	0.4587826572335554
190	0.1314523061326923
191	0.0654070366997572
192	0.03202070454638286
193	0.033618663668145254
194	0.17606198232518802
195	0.29597901853584924
196	0.21048152657828498
197	0.8097517472627709
198	0.9838981538483118
199	0.7712627042813325
200	0.8364723744993472
