1	0.9680555771461301
2	0.937131600443727
3	0.8640747434825012
4	0.8364723744993472
5	0.937131600443727
6	0.8640747434825012
7	0.8364723744993472
8	0.823003625015039
9	0.9524680951766463
10	0.9524680951766463
11	0.937131600443727
12	0.46629079995639433
13	0.13579004060925667
14	0.11544347070631857
15	0.1380122933233906
16	0.21392613224755935
17	0.21392613224755935
18	0.2320134226836728
19	0.8364723744993472
20	0.1173327445069219
21	0.937131600443727
22	0.32100381758685564
23	0.2685108255202324
24	0.27290510147824404
25	0.9680555771461301
26	0.23966952741252232
27	0.22098538275893195
28	0.937131600443727
29	0.9680555771461301
30	0.758843950874465
31	0.5309525138815068
32	0.6773349667878853
33	0.09975178733729187
34	0.012901465378461631
35	0.016727718463300126
36	0.017849913987938726
37	0.014453999040223556
38	0.025511319561055356
39	0.06647744631284323
40	0.23581040555487973
41	0.9524680951766463
42	0.9071954723294289
43	0.9838981538483189
44	0.9220420515895166
45	0.9838981538483189
46	0.25162997965624534
47	0.07947357060372849
48	0.021688742850449225
49	0.01354529925337699
50	0.022771096439116734
51	0.011895693606067882
52	0.019359110527732544
53	0.8364723744993472
54	0.3158350635019653
55	0.19407281858793526
56	0.19724888986614708
57	0.33702317086779965
58	0.9220420515895166
59	0.699686033300586
60	0.8364723744993472
61	0.823003625015039
62	0.7111366461700385
63	0.6773349667878853
64	0.6664286233595221
65	0.9838981538483189
66	0.45878265723355866
67	0.41620554942555466
68	0.37757978999724556
69	0.451395409469718
70	0.823003625015039
71	0.8097517472627594
72	0.9220420515895166
73	0.9680555771461301
74	0.1571508039477891
75	0.05838153282986845
76	0.9680555771461301
77	0.00963255868241604
78	0.0027155201279554955
79	0.010791719379643072
80	0.010617952774480095
81	0.010791719379643072
82	0.01619336115132798
83	0.02858129504156365
84	0.022404439747548983
85	0.02678443476505529
86	0.19407281858793526
87	0.002163490864431221
88	0.0019311058764015323
89	0.00495105369311154
90	0.007429233258548931
91	0.008459463654885604
92	0.03202070454638286
93	0.03254473486014822
94	0.34814444420780405
95	0.9838981538483189
96	1.0
97	1.0
98	1.0
99	0.33702317086779965
100	0.6556978921951104
101	0.3655182215245033
102	0.031505112088108564
103	0.007799981223697564
104	0.005729890533725345
105	0.0032463954707180544
106	0.0017805608241138404
107	0.0022348829091086756
108	0.18787327440651988
109	0.9838981538483189
110	0.9680555771461301
111	0.12120455403276077
112	0.03099782162027437
113	0.019047393108381605
114	0.06979493239667438
115	0.9838981538483189
116	0.9071954723294289
117	0.9524680951766463
118	0.10304345090533383
119	0.03828064801966439
120	0.002805128333603497
121	0.002163490864431221
122	0.052110652730084805
123	0.9680555771461301
124	0.9838981538483189
125	0.9838981538483189
126	0.9838981538483189
127	0.05560654736795764
128	0.0022714575694317367
129	0.00206065602257691
130	0.03099782162027437
131	0.0472745482168648
132	0.8782156365502338
133	0.9680555771461301
134	0.06867110513305613
135	0.019359110527732544
136	0.03202070454638286
137	0.13360357026643588
138	0.0063160484245059975
139	0.0018694178137101689
140	0.011895693606067882
141	0.015932618141390686
142	0.01567607357528453
143	0.011704150977755439
144	0.010968329737619126
145	0.0008438466194896989
146	0.007927630713798602
147	0.9680555771461301
148	0.08209608258032047
149	0.1425664978143681
150	0.9680555771461301
151	0.09197534264619776
152	0.1173327445069219
153	0.09049436982916181
154	0.9680555771461301
155	0.9220420515895166
156	0.937131600443727
157	0.9524680951766463
158	0.09197534264619776
159	0.07947357060372849
160	0.10644373457266672
161	0.03307734111793543
162	0.012288234154010974
163	0.012288234154010974
164	0.012090370898187257
165	0.017279708787602804
166	0.05838153282986845
167	0.1597226332147545
168	0.9680555771461301
169	0.1380122933233906
170	0.03099782162027437
171	0.009790198959862089
172	0.013766972933526805
173	0.006631244087325071
174	0.005637628717885326
175	0.01311260248634491
176	0.2320134226836728
177	0.6664286233595221
178	0.5309525138815068
179	0.6556978921951104
180	0.8097517472627594
181	0.7712627042813435
182	0.7111366461700385
183	0.937131600443727
184	0.937131600443727
185	0.19724888986614708
186	0.19407281858793526
187	0.9071954723294289
188	0.16233655139003125
189	0.12933568132305998
190	0.22098538275893195
191	0.937131600443727
192	0.1272531380804732
193	0.8640747434825012
194	0.11925293695084045
195	0.1380122933233906
196	0.17043778391330164
197	0.1760619823251855
198	0.18484816784601354
199	0.22827757824649536
200	0.5057153295259705
