1	0.9371316004437404
2	0.8782156365502464
3	0.9371316004437404
4	0.9680555771461439
5	0.9838981538483328
6	1.0
7	0.9371316004437404
8	0.9524680951766462
9	0.9680555771461439
10	0.699686033300596
11	0.6664286233595221
12	0.6664286233595221
13	0.8782156365502464
14	0.9524680951766462
15	0.9220420515895166
16	0.9838981538483328
17	0.6451399456130124
18	0.5396417421913038
19	0.5396417421913038
20	0.7712627042813435
21	0.9371316004437404
22	0.9680555771461439
23	0.9220420515895166
24	0.21742711012398033
25	0.18787327440651988
26	0.22827757824649858
27	0.699686033300596
28	0.4739218161276131
29	0.6664286233595221
30	0.6045810297425099
31	0.41620554942555466
32	0.5948461590153626
33	0.5948461590153626
34	0.7111366461700486
35	0.836472374499359
36	0.8501615448994048
37	0.8501615448994048
38	0.5574491330158785
39	0.3775797899972509
40	0.3596327033558847
41	0.6664286233595221
42	0.27737129133826594
43	0.585268037678987
44	0.08619300005539272
45	0.2641873055176485
46	0.30574589468138835
47	0.9071954723294546
48	0.32625716018605594
49	0.20709238541955047
50	0.07819389939674361
51	0.0290490381852773
52	0.6556978921951198
53	0.1496811268916314
54	0.29597901853585135
55	0.2912132099152615
56	0.2641873055176485
57	0.37150005830873106
58	0.38375901867528034
59	0.9680555771461439
60	0.37150005830873106
61	0.16233655139003356
62	0.39642250686331315
63	0.46629079995640094
64	0.9220420515895166
65	0.699686033300596
66	0.6144752151203909
67	0.7111366461700486
68	0.7967132492072908
69	0.9071954723294546
70	0.8925879504044913
71	0.8640747434825136
72	0.2320134226836728
73	0.1425664978143701
74	0.32100381758685564
75	0.2729051014782479
76	0.9838981538483328
77	0.1496811268916314
78	0.06129500098272679
79	0.0675653735631387
80	0.06540703669975813
81	0.9524680951766462
82	0.9524680951766462
83	0.8925879504044913
84	0.9071954723294546
85	0.7588439508744756
86	0.746625162324361
87	0.9524680951766462
88	0.9680555771461439
89	0.01700147357515921
90	0.005546852487609715
91	0.00414141963895089
92	0.03954385360034534
93	0.045027498890454376
94	0.11544347070631857
95	0.9680555771461439
96	0.9680555771461439
97	1.0
98	1.0
99	0.9838981538483328
100	0.9838981538483328
101	0.13360357026643777
102	0.045764390058400266
103	0.03049869946550789
104	0.020657835589543774
105	0.025511319561055717
106	0.015932618141390912
107	0.9371316004437404
108	0.9680555771461439
109	0.8097517472627824
110	0.7227746524257427
111	0.8925879504044913
112	0.8925879504044913
113	0.04288725609876024
114	0.0370577948122046
115	0.05127157501696203
116	0.13801229332339254
117	0.7712627042813435
118	0.9371316004437404
119	0.8925879504044913
120	0.3370231708678045
121	0.19407281858793524
122	0.1425664978143701
123	0.09501039487561899
124	0.05383022830539262
125	0.05838153282986845
126	0.6884197964379096
127	0.13360357026643777
128	0.34814444420780405
129	0.1972488898661499
130	0.08903724340857931
131	0.34814444420780405
132	0.1972488898661499
133	0.1789432998085799
134	0.17043778391330405
135	0.12318811002815043
136	0.24359180518339907
137	0.04358912142584555
138	0.176061982325188
139	0.6884197964379096
140	0.03890712455342798
141	0.04804821315291692
142	0.022771096439116734
143	0.40950387170123426
144	1.0
145	0.00487133258825638
146	0.0037570771454724524
147	0.003578496112179884
148	0.0014893899404870396
149	0.008189230970776996
150	0.013112602486344908
151	0.002128654667381627
152	0.004639788871308575
153	0.018438935128663837
154	0.32625716018605594
155	0.9838981538483328
156	0.9838981538483328
157	1.0
158	1.0
159	1.0
160	1.0
161	0.31074953590015464
162	0.029524436113288612
163	0.002851035264810513
164	0.0013957543786134268
165	0.0019000115066771211
166	1.0
167	0.008459463654885604
168	0.0013957543786134268
169	0.002384812237737442
170	0.002805128333603517
171	0.006015834611932771
172	0.9371316004437404
173	0.6664286233595221
174	0.6773349667878948
175	0.7712627042813435
176	0.7967132492072908
177	0.7712627042813435
178	0.6773349667878948
179	0.24757827243667338
180	0.29597901853585135
181	0.210481526578285
182	0.7227746524257427
183	0.823003625015039
184	0.9680555771461439
185	0.9680555771461439
186	0.46629079995640094
187	0.3775797899972509
188	0.585268037678987
189	0.37150005830873106
190	0.23581040555488308
191	0.24359180518339907
192	0.2246018878016919
193	0.8782156365502464
194	0.3315964756209393
195	0.22827757824649858
196	0.22827757824649858
197	0.24757827243667338
198	0.38375901867528034
199	0.9071954723294546
200	0.9838981538483328
