1	0.1878732744065199
2	0.08343961441457963
3	0.8501615448993928
4	0.9220420515895166
5	0.9220420515895166
6	1.0
7	0.27290510147824404
8	0.1972488898661471
9	0.8364723744993591
10	0.5665719880005069
11	0.1818717710859395
12	0.12725313808047323
13	0.7227746524257325
14	0.6245313223904277
15	0.5758441417787837
16	0.5852680376789788
17	0.6045810297425013
18	0.5948461590153626
19	0.823003625015039
20	0.809751747262771
21	0.8501615448993928
22	0.758843950874465
23	0.4369758436353279
24	0.42301690250931445
25	0.052963462250909324
26	0.002463507565100692
27	0.0034084033755650083
28	0.3900393726467363
29	0.9680555771461301
30	0.9680555771461301
31	0.5574491330158785
32	0.5574491330158785
33	0.5758441417787837
34	0.1878732744065199
35	0.15715080394779135
36	0.1472709844146121
37	0.17894329980857737
38	0.2685108255202325
39	0.2959790185358471
40	0.2819105719970956
41	0.2819105719970956
42	0.09197534264619776
43	0.18484816784601354
44	0.5396417421912962
45	0.5224031981891458
46	0.5309525138815067
47	0.8364723744993591
48	0.8501615448993928
49	0.9524680951766463
50	0.9838981538483188
51	0.9838981538483188
52	0.5852680376789788
53	0.5758441417787837
54	0.008459463654885606
55	0.010446984132459454
56	0.025928821455018472
57	0.5665719880005069
58	0.7712627042813435
59	0.6884197964379097
60	0.783884695041549
61	0.9838981538483188
62	0.9524680951766463
63	0.9371316004437404
64	1.0
65	0.059336967552506205
66	0.00206065602257691
67	0.002759960588740092
68	0.0017805608241138406
69	0.002851035264810493
70	0.006739766775034894
71	0.05651656845829405
72	0.012489335512977493
73	0.002671795240633401
74	0.001962709116638142
75	0.018438935128663837
76	1.0
77	1.0
78	1.0
79	0.020657835589543778
80	0.004074735137074894
81	0.002671795240633401
82	0.011515692539375738
83	0.4299397258291107
84	0.9524680951766463
85	0.6045810297425013
86	0.0376642589146651
87	0.009632558682416041
88	0.015175310452307482
89	0.00010227805318730173
90	0.0006099109471022964
91	0.03705779481220407
92	0.9371316004437404
93	0.9838981538483188
94	0.9838981538483188
95	0.8364723744993591
96	0.7466251623243612
97	0.7967132492072908
98	0.9680555771461301
99	0.7227746524257325
100	0.7227746524257325
101	0.15715080394779135
102	0.08619300005539274
103	0.07947357060372963
104	0.2685108255202325
105	0.9838981538483188
106	0.03529636723622752
107	0.0001585362275004046
108	5.889621776044657e-05
109	5.5193506809930345e-05
110	0.0015893071365663052
111	0.011515692539375738
112	1.0
113	1.0
114	1.0
115	1.0
116	1.0
117	0.011895693606068052
118	0.0015893071365663052
119	6.183537071603721e-05
120	1.6336119975154778e-05
121	0.00010738213038866319
122	0.03416884515602848
123	1.0
124	0.2819105719970956
125	0.12725313808047323
126	0.1314523061326923
127	0.2037578156903402
128	0.9071954723294418
129	0.9371316004437404
130	0.8782156365502339
131	0.823003625015039
132	0.7712627042813435
133	0.9524680951766463
134	0.44412711003286787
135	0.40291010336057753
136	0.5057153295259778
137	0.02390746372968351
138	0.017562497419084194
139	0.08343961441457963
140	1.0
141	0.054711179297213405
142	0.038907124553427985
143	0.11358461770179093
144	1.0
145	1.0
146	1.0
147	1.0
148	0.9838981538483188
149	0.1252041276287828
150	0.06540703669975813
151	0.045027498890454376
152	0.059336967552506205
153	0.0612950009827268
154	0.014221262971401534
155	0.24359180518339907
156	0.5758441417787837
157	0.9680555771461301
158	0.9524680951766463
159	0.8925879504044915
160	0.9071954723294418
161	0.9371316004437404
162	0.8640747434825136
163	0.809751747262771
164	0.9524680951766463
165	0.4299397258291107
166	0.210481526578285
167	0.23201342268367284
168	0.22827757824649536
169	0.6884197964379097
170	0.6347520014624387
171	0.5665719880005069
172	0.6347520014624387
173	0.5665719880005069
174	0.7967132492072908
175	0.7967132492072908
176	0.6045810297425013
177	0.15462038588001104
178	0.1818717710859395
179	0.17322705937262783
180	0.3370231708678045
181	0.34814444420780405
182	0.8640747434825136
183	0.8782156365502339
184	0.8640747434825136
185	0.9838981538483188
186	0.9220420515895166
187	0.24359180518339907
188	0.1496811268916314
189	0.11544347070631857
190	0.1252041276287828
191	0.12318811002814868
192	0.05651656845829405
193	0.03202070454638286
194	0.04219669209918966
195	0.07327797408660716
196	0.0376642589146651
197	0.07209806342155774
198	0.23966952741252232
199	0.27290510147824404
200	1.0
