1	0.809751747262771
2	0.7588439508744704
3	0.8782156365502403
4	0.7111366461700437
5	0.7967132492072909
6	0.7712627042813326
7	0.9838981538483259
8	0.9838981538483259
9	0.277371291338266
10	0.305745894681384
11	0.8230036250150332
12	0.8230036250150332
13	0.8230036250150332
14	0.07569604040982161
15	0.042196692099189664
16	0.0004859241323929736
17	0.001025325519646751
18	0.000650827425746295
19	0.006739766775034895
20	0.10138426111191857
21	0.10818572446379163
22	0.13145230613269135
23	0.03646109590141766
24	0.029524436113288616
25	0.033077341117935664
26	0.0024238405452939554
27	0.04288725609875964
28	0.23581040555488145
29	0.9680555771461301
30	0.9838981538483259
31	1.0
32	0.2819105719970956
33	0.05211065273008481
34	0.0014654080128054456
35	0.00250382374991273
36	0.010968329737619126
37	0.06129500098272637
38	0.13579004060925765
39	0.5396417421912962
40	1.0
41	0.5396417421912962
42	0.13145230613269135
43	0.0358740049446916
44	0.022404439747548983
45	0.02204368690561934
46	0.011704150977755524
47	0.02635315591720863
48	0.1425664978143671
49	0.9371316004437338
50	0.9524680951766532
51	0.8782156365502403
52	0.9680555771461301
53	0.9838981538483259
54	0.3837590186752777
55	0.3837590186752777
56	0.9838981538483259
57	0.9371316004437338
58	0.9524680951766532
59	0.9524680951766532
60	0.9220420515895101
61	0.9524680951766532
62	0.9838981538483259
63	0.9371316004437338
64	0.9680555771461301
65	0.7712627042813326
66	0.6773349667878901
67	0.6245313223904277
68	0.688419796437905
69	0.9220420515895101
70	0.9071954723294353
71	0.8925879504044916
72	0.9838981538483259
73	0.9371316004437338
74	0.9680555771461301
75	0.8501615448993989
76	0.8230036250150332
77	0.8925879504044916
78	0.9220420515895101
79	0.7838846950415547
80	0.7712627042813326
81	0.9371316004437338
82	0.9680555771461301
83	0.7346031188276351
84	0.7111366461700437
85	0.7967132492072909
86	0.7111366461700437
87	0.7838846950415547
88	0.9680555771461301
89	0.9071954723294353
90	0.6347520014624433
91	0.8501615448993989
92	0.8501615448993989
93	0.6347520014624433
94	0.41620554942555466
95	0.7346031188276351
96	0.2557479945175683
97	0.210481526578285
98	0.9220420515895101
99	0.22098538275893354
100	0.017279708787602925
101	0.0004859241323929736
102	0.00016917178699911117
103	0.0004198747700494186
104	0.0005443991622033087
105	0.012489335512977581
106	0.019675929314445093
107	0.2641873055176467
108	0.9524680951766532
109	0.9524680951766532
110	0.9220420515895101
111	0.210481526578285
112	0.019359110527732683
113	0.010968329737619126
114	0.08077418408895702
115	0.08209608258032106
116	0.08077418408895702
117	0.0009151932040789138
118	0.01493095993810043
119	0.13579004060925765
120	0.8925879504044916
121	0.24359180518339738
122	0.436975843635331
123	0.5574491330158786
124	0.481677716615238
125	0.3837590186752777
126	0.305745894681384
127	0.2037578156903402
128	0.22460188780169196
129	0.7967132492072909
130	0.29121320991525945
131	0.6347520014624433
132	0.239669527412524
133	0.22098538275893354
134	0.239669527412524
135	0.481677716615238
136	0.8925879504044916
137	0.9524680951766532
138	0.8640747434825015
139	0.8364723744993591
140	0.8230036250150332
141	0.7967132492072909
142	0.8501615448993989
143	0.8230036250150332
144	0.7712627042813326
145	0.5396417421912962
146	0.5309525138815105
147	0.566571988000511
148	1.0
149	1.0
150	0.8230036250150332
151	0.35384195289533266
152	0.28652413961186673
153	0.40291010336057753
154	0.15213071221465752
155	0.6451399456130033
156	0.19724888986614855
157	0.40291010336057753
158	0.45139540946972445
159	0.29121320991525945
160	0.19724888986614855
161	0.14968112689163143
162	0.24359180518339738
163	0.6347520014624433
164	0.9371316004437338
165	0.8640747434825015
166	0.9680555771461301
167	0.7838846950415547
168	0.7712627042813326
169	0.9071954723294353
170	1.0
171	0.9838981538483259
172	0.9838981538483259
173	0.5309525138815105
174	0.39642250686331043
175	0.8364723744993591
176	0.9220420515895101
177	0.5309525138815105
178	0.7111366461700437
179	0.8640747434825015
180	0.6045810297425014
181	0.7227746524257326
182	0.7346031188276351
183	0.9838981538483259
184	1.0
185	1.0
186	1.0
