1	0.8640747434825012
2	0.19724888986614847
3	0.04358912142584555
4	0.007309608887594823
5	0.002384812237737442
6	0.0010253255196467437
7	0.00015347187921147326
8	0.0044192508682770176
9	0.9838981538483189
10	0.9524680951766462
11	0.8925879504044913
12	0.2396695274125223
13	0.12120455403275991
14	0.09501039487561697
15	0.07209806342155774
16	0.09348055211451997
17	1.0
18	0.05296346225090895
19	0.013112602486344908
20	0.00755081532523563
21	0.007799981223697563
22	0.012489335512977581
23	0.013545299253376991
24	1.0
25	1.0
26	0.01967592931444509
27	0.0045650797047264175
28	0.0030422997831473205
29	0.005283200023099468
30	0.7466251623243558
31	0.8640747434825012
32	0.8640747434825012
33	0.9838981538483189
34	0.96805557714613
35	0.9371316004437271
36	0.96805557714613
37	0.9838981538483189
38	0.8925879504044913
39	0.6773349667878901
40	0.6773349667878901
41	0.6451399456130031
42	0.8782156365502338
43	1.0
44	1.0
45	0.20375781569034165
46	0.0020606560225769105
47	0.02390746372968368
48	0.7967132492072909
49	0.2396695274125223
50	0.07569604040982053
51	0.06756537356313774
52	0.96805557714613
53	0.96805557714613
54	0.9838981538483189
55	0.9838981538483189
56	0.04084874312373888
57	0.04502749889045374
58	0.21392613224755633
59	1.0
60	0.21048152657828348
61	0.18187177108593816
62	0.17606198232518674
63	0.9838981538483189
64	0.96805557714613
65	0.9838981538483189
66	0.9838981538483189
67	0.8925879504044913
68	0.9071954723294289
69	0.8925879504044913
70	0.9838981538483189
71	1.0
72	1.0
73	0.9838981538483189
74	0.96805557714613
75	0.8925879504044913
76	0.8640747434825012
77	0.9220420515895166
78	0.06979493239667436
79	0.022404439747548664
80	0.02469637518143698
81	0.7967132492072909
82	0.8501615448993928
83	0.47392181612760637
84	0.5852680376789829
85	0.9524680951766462
86	1.0
87	1.0
88	0.5665719880005109
89	0.4587826572335587
90	0.7712627042813325
91	0.6884197964379097
92	0.062298115656567614
93	0.07209806342155774
94	0.19094788792080783
95	0.9838981538483189
96	0.8782156365502338
97	0.7227746524257274
98	0.6664286233595221
99	0.7967132492072909
100	0.809751747262771
101	0.836472374499359
102	0.8640747434825012
103	0.2174271101239788
104	0.13579004060925765
105	0.11544347070631857
106	0.2320134226836728
107	0.823003625015039
108	0.8501615448993928
109	0.9524680951766462
110	0.26418730551764663
111	0.20047693868989175
112	0.12933568132305998
113	0.12933568132305998
114	0.16499324727369863
115	0.3481444442078016
116	0.9524680951766462
117	0.9524680951766462
118	0.96805557714613
119	0.35963270335587966
120	0.1380122933233906
121	0.12120455403275991
122	0.12318811002814867
123	0.09348055211451997
124	0.10818572446379239
125	0.8782156365502338
126	0.8925879504044913
127	0.9524680951766462
128	0.3837590186752749
129	0.2685108255202325
130	0.2396695274125223
131	0.33702317086780204
132	0.9838981538483189
133	0.3210038175868511
134	0.11925293695084045
135	0.05044600800408382
136	0.04727454821686447
137	0.12318811002814867
138	0.13145230613269135
139	0.17043778391330042
140	0.5948461590153626
141	0.7227746524257274
142	0.7227746524257274
143	0.46629079995639766
144	0.11733274450692271
145	0.24757827243666988
146	0.2320134226836728
147	0.7346031188276402
148	0.9838981538483189
149	0.9838981538483189
150	0.9838981538483189
151	0.9838981538483189
152	0.40291010336057465
153	0.15213071221465643
154	0.07209806342155774
155	0.12520412762878277
156	0.6773349667878901
157	0.9838981538483189
158	0.9838981538483189
159	0.9838981538483189
160	0.13145230613269135
161	0.09348055211451997
162	0.0769348332586572
163	0.026784434765055293
164	0.032544734860148215
165	0.10995622264422898
166	0.0781938993967436
167	0.0061142859028680595
168	0.0026287744047198904
169	0.0036965812672960317
170	0.01967592931444509
171	1.0
172	0.013545299253376991
173	0.0035208757183271744
174	0.005637628717885325
175	0.0053696614862374335
176	0.013327194928720539
177	0.06331764666180202
178	0.09975178733729187
179	0.0664774463128437
180	0.022404439747548664
181	0.05127157501696167
182	0.19724888986614847
183	0.9838981538483189
184	0.011515692539375656
185	0.00755081532523563
186	0.003944570074838652
187	0.0023464123579847473
188	0.00641941282215238
189	0.04288725609875964
190	0.19724888986614847
191	0.08619300005539272
192	0.21048152657828348
193	0.3107495359001546
194	1.0
195	1.0
196	1.0
197	0.3107495359001546
198	0.21048152657828348
199	0.21392613224755633
200	1.0
