1	1.0
2	1.0
3	1.0
4	1.0
5	0.9838981538483189
6	0.9680555771461301
7	0.758843950874465
8	0.2516299796562454
9	0.39003937264673083
10	0.15715080394779135
11	0.5057153295259705
12	0.36551822152449814
13	0.2912132099152574
14	0.3057458946813797
15	0.35384195289533016
16	0.6664286233595221
17	0.7466251623243612
18	0.5758441417787756
19	0.6773349667878852
20	0.8230036250150273
21	0.907195472329429
22	0.6884197964379001
23	0.7466251623243612
24	0.783884695041549
25	0.907195472329429
26	0.8230036250150273
27	0.7111366461700386
28	0.7111366461700386
29	0.2685108255202325
30	0.17043778391329922
31	0.154620385880011
32	0.20047693868989175
33	0.1909478879208065
34	0.029049038185277303
35	0.009026975134420792
36	0.01593261814139069
37	0.06229811565656762
38	0.20709238541955047
39	0.8782156365502339
40	0.9524680951766463
41	0.9524680951766463
42	0.9524680951766463
43	0.3481444442078041
44	0.22460188780169194
45	0.007550815325235631
46	0.007550815325235631
47	0.2037578156903373
48	0.04084874312373918
49	0.010446984132459454
50	0.007429233258548931
51	0.029049038185277303
52	0.37150005830873106
53	0.6144752151203824
54	0.6144752151203824
55	0.25574799451756464
56	0.11733274450692356
57	0.11175569566235759
58	0.03646109590141792
59	0.06331764666180247
60	0.06030803830703493
61	0.5057153295259705
62	0.6773349667878852
63	0.6347520014624387
64	0.4587826572335522
65	0.042196692099189664
66	0.03529636723622752
67	0.03150511208810857
68	0.03307734111793543
69	0.012090370898187257
70	0.01700147357515921
71	0.9524680951766463
72	0.9524680951766463
73	0.9680555771461301
74	0.9220420515895036
75	0.8501615448993928
76	0.8230036250150273
77	0.8501615448993928
78	0.907195472329429
79	0.9680555771461301
80	0.907195472329429
81	0.9371316004437272
82	0.9371316004437272
83	0.9680555771461301
84	0.8640747434825014
85	0.9680555771461301
86	0.09197534264619778
87	0.038907124553427985
88	0.02168874285044923
89	0.01672771846329989
90	0.015423659850312866
91	0.10818572446379085
92	0.11925293695084047
93	0.23581040555487973
94	0.20709238541955047
95	0.1380122933233906
96	0.16233655139003125
97	0.04963373414423559
98	0.09049436982916054
99	0.36551822152449814
100	0.4299397258291108
101	0.4587826572335522
102	0.7346031188276403
103	0.6884197964379001
104	0.8501615448993928
105	0.5948461590153626
106	0.5758441417787756
107	0.7712627042813326
108	0.758843950874465
109	0.08343961441457963
110	0.000661478449980534
111	0.0002378892831781565
112	0.0057298905337253465
113	0.009950419076984445
114	0.022771096439116737
115	0.1099562226442282
116	1.0
117	0.04804821315291556
118	0.002198897168339186
119	5.257005429737361e-05
120	0.000308441315595339
121	0.00011092558415419738
122	0.0025447997235481246
123	0.00020555412133940168
124	0.006739766775034895
125	0.045027498890453745
126	0.1732270593726278
127	1.0
128	1.0
129	1.0
130	1.0
131	1.0
132	1.0
133	1.0
134	1.0
135	0.9524680951766463
136	0.18484816784601354
137	0.05744148237014259
138	0.019359110527732544
139	0.013766972933527003
140	0.0025447997235481246
141	0.00010913947746386115
142	0.000308441315595339
143	5.172357937089178e-05
144	0.002198897168339186
145	0.04804821315291556
146	0.12120455403275907
147	0.019675929314445093
148	0.0062143483844879464
149	0.001962709116638114
150	0.0005270086451645937
151	0.005114431247540003
152	0.16233655139003125
153	0.9524680951766463
154	0.9524680951766463
155	0.9220420515895036
156	0.8925879504044916
157	0.8501615448993928
158	0.907195472329429
159	0.28191057199709163
160	0.14027091400017716
161	0.09197534264619778
162	0.13360357026643588
163	0.8097517472627594
164	0.20047693868989175
165	0.27737129133826594
166	0.2599334021689762
167	0.7967132492072908
168	0.0029451152724262264
169	0.0005533084497353649
170	0.008057369233584964
171	0.06030803830703493
172	0.04651334071458661
173	0.061295000982725924
174	0.9524680951766463
175	0.9524680951766463
176	0.9524680951766463
177	0.9524680951766463
178	0.9524680951766463
179	0.9371316004437272
180	0.07209806342155671
181	0.06030803830703493
182	0.06647744631284325
183	0.06647744631284325
184	0.061295000982725924
185	0.0036370594844428446
186	0.35384195289533016
187	0.3057458946813797
188	0.36551822152449814
189	0.3425386759286026
190	0.1878732744065199
191	0.13579004060925667
192	0.10472979393476876
193	0.33159647562093936
194	0.26418730551764474
195	0.1818717710859369
196	0.2599334021689762
197	0.7111366461700386
198	0.2516299796562454
199	0.4299397258291108
200	0.6451399456130033
