1	0.6884197964379096
2	0.8364723744993472
3	0.3008228213237163
4	0.24757827243666986
5	0.16499324727369863
6	0.1272531380804732
7	0.04576439005839962
8	0.1252041276287828
9	0.14489964968096344
10	0.6045810297425014
11	0.513991542262758
12	0.513991542262758
13	0.6347520014624387
14	0.6347520014624387
15	0.6347520014624387
16	0.809751747262771
17	0.7967132492072908
18	0.8925879504044913
19	0.6773349667878948
20	0.5852680376789788
21	0.6245313223904276
22	0.07947357060372963
23	0.04651334071458662
24	0.09501039487561765
25	0.10818572446379239
26	0.08760357941344458
27	0.09814559940423158
28	0.08903724340857933
29	0.10138426111191785
30	0.9371316004437271
31	0.2641873055176448
32	0.2516299796562454
33	0.9071954723294418
34	0.7111366461700385
35	0.48167771661524483
36	0.7111366461700385
37	0.7346031188276402
38	0.746625162324361
39	0.9524680951766463
40	0.8640747434825136
41	0.8501615448993927
42	0.8782156365502338
43	0.783884695041549
44	0.8364723744993472
45	0.8925879504044913
46	0.2599334021689762
47	0.23966952741252567
48	0.8782156365502338
49	0.15715080394779135
50	0.15213071221465752
51	0.11544347070631857
52	0.06979493239667438
53	0.061295000982725924
54	0.06867110513305613
55	0.15972263321475674
56	0.20375781569034018
57	0.8782156365502338
58	0.8364723744993472
59	0.8364723744993472
60	0.23201342268367284
61	0.1380122933233906
62	0.1789432998085799
63	0.08619300005539272
64	0.12933568132305998
65	0.10644373457266823
66	0.15715080394779135
67	0.5309525138815068
68	0.6245313223904276
69	0.8640747434825136
70	0.40950387170122843
71	0.15213071221465752
72	0.11544347070631857
73	0.11544347070631857
74	0.13579004060925667
75	0.9680555771461302
76	0.9680555771461302
77	0.9838981538483189
78	0.9838981538483189
79	0.9524680951766463
80	0.09814559940423158
81	0.05744148237014259
82	0.07209806342155774
83	0.1760619823251855
84	0.2599334021689762
85	0.07327797408660612
86	0.0034084033755650083
87	0.04727454821686481
88	0.1272531380804732
89	0.14027091400017713
90	0.6451399456130124
91	0.9524680951766463
92	0.9524680951766463
93	0.305745894681384
94	0.2819105719970916
95	0.8501615448993927
96	0.7967132492072908
97	0.7967132492072908
98	0.1972488898661471
99	0.11175569566235759
100	0.1789432998085799
101	0.9680555771461302
102	0.6996860333005861
103	0.09656527406216149
104	0.01593261814139069
105	0.011704150977755607
106	0.030997821620274372
107	0.14027091400017713
108	0.08077418408895759
109	0.009790198959862089
110	0.0029933131400917898
111	0.013766972933527001
112	0.04219669209919026
113	0.27737129133826594
114	0.2641873055176448
115	0.24757827243666986
116	0.23581040555487973
117	0.02390746372968351
118	0.031505112088109015
119	0.03361866366814549
120	0.03646109590141791
121	0.08480513362914895
122	1.0
123	1.0
124	1.0
125	0.1336035702664378
126	0.008597905811488721
127	0.004141419638950831
128	0.010791719379643074
129	0.008189230970776996
130	0.012090370898187257
131	0.026784434765055293
132	0.018142034232021265
133	0.03202070454638286
134	0.001751890507660249
135	0.0008302591310470712
136	0.022404439747548986
137	0.07569604040982214
138	0.9838981538483189
139	0.1252041276287828
140	0.0769348332586572
141	0.08077418408895759
142	0.09975178733729187
143	0.18787327440651988
144	0.9524680951766463
145	0.8640747434825136
146	0.8782156365502338
147	0.6773349667878948
148	0.6996860333005861
149	0.6451399456130124
150	0.5758441417787837
151	0.9071954723294418
152	0.5309525138815068
153	0.6451399456130124
154	0.3425386759286075
155	0.6347520014624387
156	0.513991542262758
157	0.9071954723294418
158	0.16499324727369863
159	0.18484816784601352
160	0.9071954723294418
161	0.9371316004437271
162	0.9071954723294418
163	0.07819389939674361
164	0.11733274450692356
165	0.10472979393476875
166	0.11175569566235759
167	0.031505112088109015
168	0.6245313223904276
169	0.13145230613269043
170	0.0020606560225769396
171	0.0020606560225769396
172	0.005283200023099469
173	0.050446008004084525
174	0.9838981538483189
175	0.031505112088109015
176	0.00021934392271274688
177	0.0010088158858739995
178	0.001206036106664975
179	0.0010253255196467585
180	0.21392613224755938
181	1.0
182	1.0
183	1.0
184	1.0
185	0.21392613224755938
186	0.001225773320081767
187	0.001225773320081767
188	0.0010421053394971728
189	0.00018647776819776457
190	0.031505112088109015
191	1.0
192	0.04019100294647119
193	0.005032079462438764
194	0.0018393167356806218
195	0.0019000115066771077
196	0.31583506350196533
197	0.9524680951766463
198	0.8364723744993472
199	0.9680555771461302
200	0.9680555771461302
