1	0.8364723744993531
2	0.40950387170123137
3	0.14489964968096344
4	0.6773349667878902
5	0.42301690250931745
6	0.40291010336057753
7	0.4162055494255547
8	0.8640747434825014
9	0.7712627042813325
10	0.8097517472627652
11	0.823003625015039
12	0.15462038588001104
13	0.2209853827589335
14	0.13579004060925667
15	0.007309608887594823
16	0.006214348384488035
17	0.7346031188276403
18	0.3262571601860536
19	0.13360357026643685
20	0.11733274450692356
21	0.11733274450692356
22	0.7227746524257326
23	0.7227746524257326
24	0.9071954723294354
25	0.7967132492072908
26	0.10472979393476876
27	0.22827757824649375
28	0.17894329980857737
29	0.21048152657828348
30	0.8640747434825014
31	0.15972263321475563
32	0.07947357060372906
33	0.05211065273008481
34	0.10138426111191785
35	0.17043778391330044
36	0.9680555771461301
37	0.17043778391330044
38	0.1272531380804723
39	0.17894329980857737
40	0.2557479945175664
41	0.22460188780169194
42	0.30574589468138186
43	0.11175569566235759
44	0.11175569566235759
45	0.11544347070631858
46	0.11544347070631858
47	0.0047157206801952825
48	0.0021634908644312368
49	0.026353155917208635
50	0.3837590186752777
51	0.8782156365502402
52	1.0
53	1.0
54	0.49757237909340374
55	0.14027091400017716
56	0.002715520127955515
57	0.002715520127955515
58	0.004074735137074894
59	0.0053696614862374335
60	0.1192529369508413
61	0.1425664978143671
62	0.12933568132305998
63	0.7111366461700386
64	0.04883453939311235
65	0.014690543918280221
66	0.05383022830539263
67	0.2912132099152594
68	0.2912132099152594
69	0.004209195456615611
70	0.0016417519552458344
71	0.0009301706690873647
72	0.060308038307034934
73	1.0
74	1.0
75	1.0
76	1.0
77	1.0
78	1.0
79	0.06229811565656763
80	0.0013957543786134073
81	0.00015853622750040347
82	0.002628774404719928
83	0.983898153848319
84	0.7466251623243612
85	0.6884197964379
86	0.6451399456130033
87	0.17043778391330044
88	0.15972263321475563
89	0.7712627042813325
90	0.7838846950415547
91	0.6884197964379
92	0.6884197964379
93	0.4895605451959193
94	0.09197534264619842
95	0.09049436982916054
96	0.3837590186752777
97	0.40950387170123137
98	0.6884197964379
99	0.6664286233595221
100	0.9371316004437338
101	0.983898153848319
102	0.9680555771461301
103	0.9524680951766463
104	0.9071954723294354
105	0.9071954723294354
106	0.9680555771461301
107	0.6347520014624433
108	0.6347520014624433
109	0.5948461590153626
110	0.9220420515895166
111	0.9071954723294354
112	0.6451399456130033
113	0.5139915422627507
114	0.566571988000511
115	0.3964225068633104
116	0.24359180518339735
117	0.10138426111191785
118	0.1732270593726278
119	0.5396417421912962
120	0.3837590186752777
121	0.8640747434825014
122	0.8925879504044915
123	0.983898153848319
124	0.9680555771461301
125	0.8925879504044915
126	0.8501615448993989
127	0.7838846950415547
128	0.7346031188276403
129	0.28191057199709363
130	0.1972488898661485
131	0.566571988000511
132	0.6347520014624433
133	0.983898153848319
134	1.0
135	0.8501615448993989
136	0.6664286233595221
137	0.6347520014624433
138	0.7227746524257326
139	0.566571988000511
140	0.823003625015039
141	0.6045810297424971
142	0.0876035794134446
143	0.13801229332339157
144	0.6556978921951151
145	0.5309525138815105
146	0.49757237909340374
