1	0.03828064801966466
2	0.03049869946550778
3	0.6556978921951173
4	0.07819389939674387
5	0.37757978999725084
6	0.9838981538483258
7	0.1818717710859388
8	0.07819389939674387
9	0.09975178733729292
10	0.6144752151203933
11	0.34253867592860743
12	0.02429871794776154
13	0.0435891214258457
14	0.10304345090533419
15	0.2037578156903409
16	0.23581040555488306
17	0.07327797408660716
18	0.04151724745489909
19	0.048048213152916415
20	0.2037578156903409
21	0.20047693868989316
22	0.1571508039477919
23	0.1789432998085799
24	0.8501615448994048
25	0.8640747434825073
26	0.9838981538483258
27	0.3262571601860547
28	0.06331764666180291
29	0.03705779481220459
30	0.04430247303072529
31	0.07327797408660716
32	0.1818717710859388
33	0.14027091400017763
34	0.2037578156903409
35	0.6245313223904276
36	0.2685108255202353
37	0.25993340216897615
38	0.272905101478246
39	0.2865241396118687
40	0.9220420515895132
41	0.9838981538483258
42	0.8782156365502402
43	0.8640747434825073
44	0.22827757824649614
45	0.15213071221465857
46	0.11175569566235838
47	0.09501039487561798
48	0.836472374499359
49	0.9680555771461369
50	0.4162055494255561
51	0.22460188780169352
52	0.24757827243667158
53	0.5309525138815123
54	0.7588439508744758
55	0.6451399456130078
56	0.6245313223904276
57	0.5574491330158804
58	0.8782156365502402
59	0.5309525138815123
60	0.29121320991526045
61	0.24359180518339818
62	0.272905101478246
63	0.5309525138815123
64	0.6451399456130078
65	0.08077418408895759
66	0.03416884515602835
67	0.030007614098887924
68	0.06229811565656827
69	0.9680555771461369
70	0.42993972582911527
71	0.1336035702664373
72	0.13579004060925762
73	0.11358461770179012
74	0.1336035702664373
75	0.6996860333005934
76	0.07819389939674387
77	0.35963270335588343
78	0.9838981538483258
79	0.5396417421912999
80	0.47392181612761136
81	0.4662907999564009
82	0.20047693868989316
83	0.3964225068633103
84	0.6556978921951173
85	0.15972263321475674
86	0.37757978999725084
87	0.9838981538483258
88	0.3262571601860547
89	0.28191057199709657
90	0.27737129133826693
91	0.47392181612761136
92	0.9371316004437371
93	0.9838981538483258
94	0.9838981538483258
95	0.48167771661524306
96	0.2685108255202353
97	0.24359180518339818
98	0.25574799451756824
99	0.8925879504044945
100	0.34814444420780283
101	0.40950387170122987
102	0.4230169025093204
103	0.36551822152450586
104	0.451395409469726
105	0.6664286233595245
106	0.15972263321475674
107	0.12318811002815
108	0.12933568132305995
109	0.23966952741252484
110	0.9838981538483258
111	1.0
112	1.0
