1	0.9524680951766463
2	0.7588439508744759
3	0.7712627042813436
4	0.809751747262771
5	0.31583506350196755
6	0.3715000583087311
7	0.8640747434825137
8	0.8782156365502339
9	0.9838981538483189
10	0.9680555771461439
11	0.15972263321475563
12	0.1676934209382962
13	0.24359180518339735
14	0.4029101033605775
15	0.4587826572335587
16	0.3900393726467336
17	0.48167771661523806
18	0.9371316004437406
19	0.9220420515895167
20	0.1252041276287828
21	0.12725313808047412
22	0.6884197964379097
23	0.11358461770179012
24	0.27290510147824604
25	0.1972488898661485
26	0.22460188780169196
27	0.5224031981891422
28	0.8925879504044915
29	0.9371316004437406
30	0.4975723790934038
31	0.1972488898661485
32	0.210481526578285
33	0.41620554942555466
34	0.6347520014624433
35	0.5665719880005109
36	0.6664286233595222
37	0.614475215120391
38	0.6664286233595222
39	0.6664286233595222
40	0.5057153295259742
41	0.16233655139003356
42	0.2641873055176467
43	0.436975843635331
44	0.7838846950415602
45	0.7466251623243612
46	0.7838846950415602
47	0.7838846950415602
48	0.6996860333005911
49	0.7588439508744759
50	0.823003625015039
51	0.8925879504044915
52	0.7111366461700437
53	0.20709238541955047
54	0.13360357026643685
55	0.2685108255202325
56	0.7712627042813436
57	0.585268037678983
58	0.585268037678983
59	0.6773349667878901
60	0.7111366461700437
61	0.9071954723294418
62	0.7967132492072909
63	0.6245313223904277
64	0.6884197964379097
65	0.9220420515895167
66	0.8782156365502339
67	0.9838981538483189
68	0.2685108255202325
69	0.05838153282986845
70	0.016727718463300248
71	0.003578496112179884
72	0.00024178242661366994
73	0.0005101736581558145
74	1.9849390061746404e-05
75	2.050439099815247e-05
76	0.0007907953330514272
77	0.000803736982286617
78	9.741658249768639e-05
79	0.03307734111793567
80	1.0
81	0.004491573493650784
82	0.002544799723548125
83	0.0050320794624388
84	0.03307734111793567
85	1.0
86	1.0
87	0.9838981538483189
88	1.0
89	1.0
90	1.0
91	1.0
92	1.0
93	0.026784434765055484
94	0.005114431247540004
95	0.0025038237499127296
96	0.004141419638950832
97	1.0
98	0.03202070454638309
99	9.901083980761668e-05
100	0.000803736982286617
101	0.0007907953330514272
102	2.050439099815247e-05
103	2.01742324488663e-05
104	0.0005101736581558145
105	7.636336806318933e-05
106	0.004951053693111611
107	0.01727970878760293
108	0.051271575016961675
109	0.1818717710859382
110	0.7712627042813436
111	0.6996860333005911
112	0.5396417421912962
113	0.31583506350196755
114	0.2599334021689762
115	0.5665719880005109
116	0.6245313223904277
117	0.823003625015039
118	0.7712627042813436
119	0.6556978921951152
120	0.3900393726467336
121	0.4029101033605775
122	0.44412711003286787
123	0.6884197964379097
124	0.5484731728386727
125	0.6773349667878901
126	0.585268037678983
127	0.7712627042813436
128	0.6556978921951152
129	0.5665719880005109
130	0.5224031981891422
131	0.2516299796562454
132	0.1496811268916314
133	0.19094788792081058
134	0.5224031981891422
135	0.7466251623243612
136	0.41620554942555466
137	0.436975843635331
138	0.513991542262758
139	0.5484731728386727
140	0.8925879504044915
141	0.27290510147824604
142	0.1425664978143671
143	0.228277578246497
144	0.436975843635331
145	0.42301690250931745
146	0.44412711003286787
147	0.45139540946972445
148	0.2396695274125223
149	0.31074953590015464
150	0.35384195289533266
151	0.7838846950415602
152	0.5484731728386727
153	0.5396417421912962
154	0.41620554942555466
155	0.38375901867528045
156	0.585268037678983
157	0.7838846950415602
158	0.48167771661523806
159	0.42301690250931745
160	0.4975723790934038
161	0.6245313223904277
162	0.6347520014624433
163	0.8925879504044915
164	0.9371316004437406
165	0.3964225068633104
166	0.28191057199709363
167	0.19094788792081058
168	0.048048213152916595
169	0.06129500098272637
170	0.14027091400017713
171	0.2557479945175701
172	0.6773349667878901
173	0.9680555771461439
174	0.8364723744993591
175	0.7227746524257325
176	0.7466251623243612
177	0.7588439508744759
178	0.29597901853584924
179	0.5665719880005109
180	0.4587826572335587
181	0.4587826572335587
182	0.48167771661523806
183	0.22460188780169196
184	0.2557479945175701
185	0.23201342268367284
186	0.42301690250931745
187	0.44412711003286787
188	0.9524680951766463
189	0.20047693868989175
190	0.2641873055176467
191	0.7227746524257325
192	0.8782156365502339
193	0.28652413961186873
194	0.20709238541955047
195	0.09501039487561697
196	0.11358461770179012
197	0.17606198232518674
198	0.7712627042813436
199	0.9524680951766463
200	1.0
